2.383700
2.442300
2.488600
2.522200
2.544100
2.555900
2.559900
2.558600
2.554000
2.547900
2.541200
2.533900
2.525900
2.516100
2.503800
2.488100
2.468600
2.445400
2.419500
2.392300
2.366000
2.342600
2.324200
2.312600
2.308700
2.313100
2.325200
2.343500
2.366100
2.390300
2.413100
2.431900
2.444500
2.449400
2.445600
2.433000
2.411800
2.382500
2.346200
2.304100
2.257400
2.207600
2.156000
2.103800
2.052100
2.001500
1.952400
1.904400
1.856600
1.807800
1.755900
1.698800
1.634100
1.559300
1.472100
1.370600
1.253800
1.121400
0.974200
0.813800
0.642900
0.465000
0.284300
0.105500
-0.066000
-0.224600
-0.364500
-0.480500
-0.568200
-0.624300
-0.646900
-0.635200
-0.589400
-0.510900
-0.401500
-0.263600
-0.100200
0.085000
0.287800
0.502700
0.723800
0.945100
1.160800
1.366300
1.557900
1.733200
1.890900
2.030200
2.151600
2.256200
2.345800
2.422700
2.488900
2.545900
2.594200
2.633600
2.663400
2.682100
2.688500
2.681100
2.658800
2.621200
2.568200
2.500300
2.418600
2.324500
2.219900
2.106700
1.986500
1.860600
1.729200
1.591800
1.446800
1.291900
1.124300
0.941200
0.740700
0.522200
0.286700
0.037000
-0.222100
-0.485000
-0.744600
-0.993400
-1.224200
-1.430100
-1.605700
-1.747400
-1.854200
-1.927300
-1.970300
-1.988400
-1.987700
-1.974900
-1.956000
-1.936300
-1.919700
-1.908000
-1.901300
-1.897600
-1.893200
-1.883300
-1.862100
-1.824400
-1.765300
-1.681700
-1.572000
-1.436800
-1.278700
-1.101700
-0.910800
-0.711100
-0.507000
-0.302100
-0.098900
0.101100
0.297000
0.487800
0.672500
0.849200
1.015500
1.168100
1.303800
1.419100
1.511000
1.577800
1.618500
1.633700
1.625000
1.594700
1.545600
1.480900
1.403400
1.315800
1.220700
1.120500
1.017500
0.913700
0.811500
0.712800
0.619100
0.531800
0.451400
0.378000
0.310900
0.248800
0.189700
0.131300
0.071000
0.006500
-0.064400
-0.142900
-0.229300
-0.322900
-0.422300
-0.525900
-0.632100
-0.740200
-0.850100
-0.962400
-1.078200
-1.198400
-1.324100
-1.455700
-1.592900
-1.735000
-1.880800
-2.028900
-2.178000
-2.326700
-2.473900
-2.619000
-2.761400
-2.901100
-3.038900
-3.176100
-3.314600
-3.456700
-3.604600
-3.759800
-3.922800
-4.092700
-4.266900
-4.442100
-4.614000
-4.778500
-4.931600
-5.070400
-5.192700
-5.296700
-5.381400
-5.446400
-5.491200
-5.516200
-5.521800
-5.508900
-5.478500
-5.432000
-5.370700
-5.296300
-5.210300
-5.114700
-5.011400
-4.902600
-4.790500
-4.677200
-4.564800
-4.454800
-4.348100
-4.245100
-4.145300
-4.047800
-3.951300
-3.854100
-3.754500
-3.650800
-3.541800
-3.426500
-3.304700
-3.176900
-3.044100
-2.908200
-2.771100
-2.635000
-2.501800
-2.373100
-2.250000
-2.132700
-2.021100
-1.914100
-1.810300
-1.707800
-1.604400
-1.498200
-1.387500
-1.271200
-1.149000
-1.021000
-0.888400
-0.752500
-0.615000
-0.477400
-0.341000
-0.206400
-0.074000
0.055800
0.183200
0.307600
0.428200
0.544000
0.653900
0.756600
0.851400
0.938000
1.016600
1.087800
1.152400
1.211300
1.265100
1.314200
1.358500
1.397600
1.431000
1.458100
1.478300
1.491400
1.497100
1.495500
1.487000
1.472400
1.452500
1.428700
1.402300
1.374400
1.346400
1.318800
1.292100
1.266100
1.240000
1.212900
1.183500
1.150400
1.112600
1.069400
1.020300
0.965300
0.904600
0.838500
0.767300
0.690900
0.609200
0.521800
0.428000
0.326900
0.217700
0.099800
-0.027300
-0.163900
-0.309700
-0.463900
-0.625000
-0.791300
-0.960400
-1.129800
-1.296500
-1.457500
-1.609800
-1.750600
-1.877000
-1.986900
-2.078100
-2.149300
-2.199500
-2.228200
-2.235900
-2.223300
-2.191600
-2.142400
-2.077500
-1.998700
-1.908100
-1.807300
-1.698300
-1.582700
-1.461900
-1.337100
-1.209200
-1.079200
-0.947800
-0.816000
-0.685100
-0.556800
-0.432900
-0.315300
-0.205100
-0.103100
-0.008800
0.078600
0.160800
0.239200
0.315200
0.389400
0.461600
0.530900
0.595300
0.652900
0.702000
0.741700
0.772500
0.796700
0.817700
0.840200
0.869600
0.911000
0.969300
1.048400
1.150900
1.277900
1.429000
1.602200
1.794100
2.000400
2.216100
2.436400
2.657100
2.875200
3.089500
3.300400
3.510100
3.721800
3.939800
4.167800
4.409200
4.665400
4.936100
5.218300
5.507300
5.796900
6.080400
6.350900
6.602700
6.831000
7.031900
7.202600
7.340700
7.444400
7.512000
7.542200
7.533500
7.485300
7.396800
7.268700
7.102800
6.903100
6.676000
6.430400
6.176500
5.923900
5.679900
5.447900
5.226800
5.011100
4.791900
4.557400
4.294500
3.989300
3.628700
3.201400
2.699000
2.117900
1.459800
0.734100
-0.041800
-0.844400
-1.646500
-2.421700
-3.148800
-3.814400
-4.412900
-4.945600
-5.418900
-5.842400
-6.226800
-6.582500
-6.917900
-7.238300
-7.544400
-7.832100
-8.092900
-8.314700
-8.484500
-8.590200
-8.623000
-8.579100
-8.460700
-8.276500
-8.041200
-7.773200
-7.491000
-7.210400
-6.941200
-6.686000
-6.440400
-6.194000
-5.931500
-5.634300
-5.282300
-4.855200
-4.335000
-3.708100
-2.967500
-2.116400
-1.170300
-0.156100
0.892900
1.944100
2.971400
3.958100
4.895400
5.777700
6.599200
7.352600
8.029400
8.621600
9.122800
9.530100
9.844300
10.069200
10.211500
10.279300
10.281700
10.228000
10.127600
9.990100
9.824800
9.640900
9.446800
9.249600
9.054900
8.866000
8.684400
8.509700
8.340200
8.173300
8.005500
7.833500
7.653500
7.462100
7.255700
7.031000
6.784900
6.515500
6.222000
5.905700
5.570000
5.220600
4.864900
4.511500
4.168600
3.843600
3.542600
3.269300
3.025800
2.812500
2.628700
2.472400
2.341400
2.232900
2.143800
2.070800
2.010300
1.958400
1.910800
1.862600
1.808600
1.742700
1.658300
1.548600
1.406400
1.224600
0.997100
0.719500
0.390100
0.010900
-0.411600
-0.866600
-1.340200
-1.816800
-2.281200
-2.720800
-3.126400
-3.492700
-3.818200
-4.104200
-4.353700
-4.570900
-4.760300
-4.925700
-5.070300
-5.196100
-5.304100
-5.393400
-5.462200
-5.507300
-5.524700
-5.509400
-5.456700
-5.362200
-5.222800
-5.037300
-4.807300
-4.537600
-4.236100
-3.913500
-3.582500
-3.256500
-2.948600
-2.670200
-2.430000
-2.234200
-2.085900
-1.985700
-1.931600
-1.920100
-1.946000
-2.002700
-2.083400
-2.180500
-2.286600
-2.395100
-2.500300
-2.597600
-2.684200
-2.758200
-2.818800
-2.865600
-2.898400
-2.916700
-2.919800
-2.906100
-2.873700
-2.820400
-2.743500
-2.640900
-2.511400
-2.355300
-2.175300
-1.977000
-1.769000
-1.562800
-1.371400
-1.208000
-1.084300
-1.008800
-0.985200
-1.012700
-1.085700
-1.194900
-1.328700
-1.474000
-1.618200
-1.749600
-1.858600
-1.938000
-1.983100
-1.992100
-1.965700
-1.906600
-1.819900
-1.712400
-1.591900
-1.467000
-1.346300
-1.238000
-1.149000
-1.085400
-1.051400
-1.050400
-1.084000
-1.152000
-1.253000
-1.383100
-1.536900
-1.707400
-1.886600
-2.066500
-2.240000
-2.401000
-2.545600
-2.670800
-2.775400
-2.858300
-2.919300
-2.958200
-2.974700
-2.968900
-2.941000
-2.891400
-2.821300
-2.732800
-2.628500
-2.512000
-2.387700
-2.260600
-2.136400
-2.020700
-1.918800
-1.835400
-1.773500
-1.734700
-1.718700
-1.722700
-1.742600
-1.772300
-1.805200
-1.833800
-1.851300
-1.851000
-1.827600
-1.777000
-1.696900
-1.586600
-1.447100
-1.281300
-1.093200
-0.887500
-0.669600
-0.444900
-0.218800
0.003300
0.216500
0.416900
0.600800
0.765700
0.909900
1.032600
1.133500
1.213200
1.272700
1.313000
1.335700
1.342000
1.333200
1.310300
1.274000
1.225300
1.164700
1.093500
1.013600
0.927400
0.838700
0.751500
0.670300
0.599500
0.543000
0.503800
0.483700
0.483300
0.502000
0.537700
0.587600
0.647900
0.714100
0.781900
0.846600
0.904300
0.951300
0.984900
1.002900
1.004400
0.989100
0.958200
0.914300
0.861200
0.804400
0.750100
0.704900
0.675600
0.668100
0.687300
0.736900
0.819400
0.936300
1.088300
1.275300
1.496600
1.749800
2.030800
2.333100
2.646900
2.960200
3.259500
3.531900
3.766300
3.954900
4.093500
4.181300
4.220400
4.215100
4.171200
4.095200
3.993700
3.872700
3.737200
3.590800
3.435800
3.273100
3.102900
2.924900
2.738700
2.544600
2.343500
2.137200
1.928100
1.719400
1.514000
1.315000
1.124600
0.944900
0.777100
0.622600
0.481900
0.355200
0.242300
0.142200
0.053400
-0.025900
-0.098000
-0.165200
-0.229100
-0.291500
-0.353400
-0.415100
-0.476300
-0.536400
-0.593600
-0.645900
-0.691000
-0.725900
-0.747600
-0.752800
-0.738600
-0.702300
-0.641900
-0.556400
-0.446600
-0.314500
-0.164200
-0.001300
0.167300
0.334400
0.493500
0.638800
0.766800
0.875400
0.964200
1.034200
1.087200
1.125600
1.151900
1.168600
1.178100
1.182600
1.183600
1.182700
1.180800
1.178800
1.177200
1.176400
1.176700
1.178500
1.182100
1.187700
1.195500
1.205500
1.217200
1.229700
1.241600
1.250900
1.255300
1.251900
1.237900
1.210200
1.166100
1.103700
1.021600
0.919800
0.799600
0.663900
0.517100
0.365500
0.216300
0.077700
-0.041900
-0.134300
-0.191900
-0.208600
-0.179600
-0.102500
0.022500
0.192200
0.401000
0.640700
0.901500
1.173400
1.446900
1.714000
1.968300
2.205600
2.423200
2.619700
2.794700
2.948800
3.082500
3.196900
3.292900
3.371200
3.432000
3.475400
3.501000
3.508200
3.496500
3.465200
3.413900
3.342100
3.249700
3.136700
3.003700
2.851700
2.682600
2.499000
2.304600
2.103200
1.898600
1.693900
1.491000
1.290600
1.092000
0.893400
0.692100
0.485300
0.270100
0.043900
-0.194700
-0.446300
-0.709500
-0.981000
-1.255700
-1.526500
-1.785400
-2.024400
-2.236300
-2.416200
-2.561500
-2.671900
-2.749300
-2.797000
-2.819500
-2.821700
-2.809000
-2.786300
-2.758500
-2.729900
-2.703800
-2.682600
-2.667700
-2.659400
-2.656700
-2.657800
-2.660300
-2.661300
-2.658100
-2.648500
-2.631100
-2.605300
-2.571400
-2.530600
-2.484500
-2.435100
-2.384700
-2.335800
-2.290700
-2.251700
-2.221000
-2.200500
-2.191600
-2.195000
-2.210800
-2.238300
-2.275700
-2.320300
-2.368400
-2.415900
-2.458000
-2.490500
-2.509100
-2.510300
-2.490900
-2.448100
-2.378900
-2.280700
-2.150500
-1.985600
-1.783700
-1.542800
-1.262100
-0.941700
-0.583500
-0.191600
0.227100
0.663400
1.105000
1.538900
1.951800
2.332200
2.670800
2.961400
3.200400
3.387000
3.522800
3.611200
3.657300
3.667300
3.647800
3.606200
3.549600
3.484600
3.417600
3.353800
3.297500
3.251700
3.218200
3.197300
3.188400
3.189200
3.197100
3.208600
3.220000
3.227400
3.227400
3.216600
3.192200
3.151300
3.090700
3.007100
2.896300
2.753200
2.572700
2.349900
2.081100
1.765600
1.406400
1.010800
0.590400
0.159500
-0.266000
-0.671300
-1.043300
-1.372600
-1.653900
-1.885800
-2.070800
-2.213900
-2.321500
-2.400200
-2.456000
-2.493700
-2.516500
-2.526400
-2.523800
-2.508300
-2.478600
-2.433400
-2.371400
-2.291600
-2.194000
-2.079200
-1.948900
-1.805900
-1.653500
-1.495700
-1.336500
-1.180100
-1.029900
-0.888500
-0.757900
-0.639300
-0.533200
-0.439800
-0.358800
-0.290000
-0.232900
-0.187300
-0.152700
-0.129000
-0.116100
-0.114200
-0.123400
-0.143400
-0.174200
-0.215200
-0.265400
-0.323900
-0.389600
-0.461500
-0.539300
-0.623100
-0.713900
-0.813900
-0.925500
-1.052000
-1.196800
-1.362900
-1.552100
-1.764700
-1.999000
-2.250800
-2.514400
-2.783100
-3.049900
-3.308700
-3.554500
-3.782900
-3.990000
-4.171900
-4.324700
-4.444700
-4.528600
-4.574000
-4.579300
-4.544400
-4.469800
-4.357400
-4.209400
-4.028700
-3.818300
-3.581400
-3.321400
-3.042300
-2.749300
-2.448700
-2.148700
-1.858800
-1.589000
-1.348600
-1.145400
-0.984600
-0.868800
-0.798500
-0.772300
-0.787700
-0.841400
-0.929700
-1.048600
-1.193800
-1.360500
-1.543900
-1.738600
-1.939100
-2.140200
-2.336900
-2.525000
-2.701300
-2.863500
-3.010400
-3.141800
-3.258100
-3.360400
-3.450100
-3.528400
-3.596500
-3.655200
-3.705100
-3.746400
-3.779600
-3.805100
-3.823700
-3.836400
-3.844800
-3.850800
-3.856500
-3.864300
-3.876300
-3.894100
-3.919000
-3.951400
-3.990800
-4.036200
-4.085900
-4.137800
-4.190000
-4.240300
-4.287000
-4.328900
-4.364800
-4.394200
-4.416700
-4.432300
-4.441000
-4.442900
-4.438400
-4.427800
-4.411200
-4.389200
-4.362400
-4.331500
-4.297700
-4.262500
-4.227800
-4.195700
-4.168600
-4.148600
-4.137500
-4.136600
-4.146300
-4.166100
-4.194800
-4.230700
-4.271400
-4.314300
-4.356700
-4.395900
-4.429600
-4.455100
-4.470200
-4.472100
-4.457900
-4.423700
-4.364700
-4.275200
-4.148700
-3.978200
-3.757300
-3.480500
-3.145100
-2.752500
-2.309200
-1.827500
-1.323000
-0.811900
-0.308400
0.177100
0.639200
1.074300
1.479900
1.853300
2.190800
2.489000
2.745000
2.958400
3.131400
3.268500
3.376500
3.463100
3.537100
3.607000
3.680700
3.764600
3.862900
3.976800
4.104400
4.240900
4.379200
4.511200
4.629100
4.726800
4.800100
4.847200
4.868000
4.864300
4.839000
4.795800
4.738800
4.672300
4.600400
4.526900
4.454900
4.386800
4.324000
4.266900
4.215200
4.167700
4.122900
4.079000
4.034200
3.987200
3.937000
3.883500
3.827000
3.769000
3.711300
3.656400
3.607000
3.565800
3.535100
3.516200
3.509700
3.514400
3.528100
3.546800
3.565700
3.578900
3.579800
3.562100
3.519500
3.446500
3.338900
3.194700
3.014000
2.800100
2.559100
2.299600
2.032400
1.769400
1.522300
1.302400
1.119700
0.982300
0.896200
0.864600
