0.000000	0.878100
0.690002	0.449700
1.380003	0.070100
2.070005	-0.254200
2.760006	-0.519800
3.450008	-0.725400
4.140010	-0.871700
4.830011	-0.960900
5.520013	-0.996300
6.210014	-0.981200
6.900016	-0.919300
7.590018	-0.814300
8.280019	-0.670100
8.970021	-0.491700
9.660022	-0.284900
10.350024	-0.056600
11.040026	0.184600
11.730027	0.430000
12.420029	0.670700
13.110030	0.898600
13.800032	1.107100
14.490034	1.291400
15.180035	1.448700
15.870037	1.577500
16.560038	1.677900
17.250040	1.751000
17.940042	1.798700
18.630043	1.823600
19.320045	1.829000
20.010046	1.818700
20.700048	1.796900
21.390049	1.768000
22.080051	1.736300
22.770053	1.705900
23.460054	1.680200
24.150056	1.661800
24.840057	1.652600
25.530059	1.653200
26.220061	1.663700
26.910062	1.683300
27.600064	1.710800
28.290065	1.744400
28.980067	1.782100
29.670069	1.821600
30.360070	1.859900
31.050072	1.894200
31.740073	1.920700
32.430075	1.935300
33.120077	1.933500
33.810078	1.910200
34.500080	1.860300
35.190081	1.778600
35.880083	1.660700
36.570085	1.503800
37.260086	1.306900
37.950088	1.072400
38.640089	0.806000
39.330091	0.517200
40.020093	0.218800
40.710094	-0.074000
41.400096	-0.345500
42.090097	-0.580300
42.780099	-0.765200
43.470101	-0.889300
44.160102	-0.945300
44.850104	-0.928600
45.540105	-0.838100
46.230107	-0.676300
46.920109	-0.449400
47.610110	-0.167700
48.300112	0.154100
48.990113	0.498700
49.680115	0.846700
50.370117	1.179500
51.060118	1.481000
51.750120	1.739300
52.440121	1.947200
53.130123	2.101800
53.820125	2.203800
54.510126	2.256700
55.200128	2.265900
55.890129	2.238200
56.580131	2.181000
57.270132	2.101900
57.960134	2.008500
58.650136	1.907400
59.340137	1.804300
60.030139	1.703600
60.720140	1.608300
61.410142	1.520500
62.100144	1.441100
62.790145	1.370000
63.480147	1.306600
64.170148	1.249600
64.860150	1.197300
65.550152	1.147600
66.240153	1.098100
66.930155	1.046100
67.620156	0.989100
68.310158	0.924200
69.000160	0.849100
69.690161	0.761100
70.380163	0.658200
71.070164	0.538900
71.760166	0.402100
72.450168	0.248100
73.140169	0.078300
73.830171	-0.104400
74.520172	-0.295900
75.210174	-0.491100
75.900176	-0.684300
76.590177	-0.870100
77.280179	-1.044300
77.970180	-1.203600
78.660182	-1.346300
79.350184	-1.471800
80.040185	-1.580500
80.730187	-1.673400
81.420188	-1.751700
82.110190	-1.816700
82.800192	-1.869800
83.490193	-1.912200
84.180195	-1.944800
84.870196	-1.968400
85.560198	-1.983900
86.250200	-1.991900
86.940201	-1.993300
87.630203	-1.989100
88.320204	-1.980500
89.010206	-1.969100
89.700208	-1.956400
90.390209	-1.944500
91.080211	-1.935400
91.770212	-1.930800
92.460214	-1.932500
93.150215	-1.941700
93.840217	-1.959300
94.530219	-1.986100
95.220220	-2.022300
95.910222	-2.067900
96.600223	-2.122700
97.290225	-2.186000
97.980227	-2.256600
98.670228	-2.333000
99.360230	-2.413100
100.050231	-2.494700
100.740233	-2.575300
101.430235	-2.652500
102.120236	-2.724000
102.810238	-2.787900
103.500239	-2.842500
104.190241	-2.886400
104.880243	-2.918300
105.570244	-2.937200
106.260246	-2.942500
106.950247	-2.934100
107.640249	-2.912300
108.330251	-2.878100
109.020252	-2.833100
109.710254	-2.779600
110.400255	-2.720000
111.090257	-2.657000
111.780259	-2.592900
112.470260	-2.529200
113.160262	-2.466900
113.850263	-2.406200
114.540265	-2.346200
115.230267	-2.285700
115.920268	-2.223400
116.610270	-2.158100
117.300271	-2.089100
117.990273	-2.016500
118.680275	-1.940900
119.370276	-1.863800
120.060278	-1.786300
120.750279	-1.709500
121.440281	-1.633600
122.130283	-1.558400
122.820284	-1.482500
123.510286	-1.404100
124.200287	-1.321500
124.890289	-1.232500
125.580291	-1.135600
126.270292	-1.029900
126.960294	-0.915000
127.650295	-0.791300
128.340297	-0.659400
129.030298	-0.520500
129.720300	-0.375500
130.410302	-0.225800
131.100303	-0.072900
131.790305	0.081100
132.480306	0.233300
133.170308	0.380000
133.860310	0.516700
134.550311	0.638600
135.240313	0.741100
135.930314	0.820000
136.620316	0.871500
137.310318	0.892900
138.000319	0.881700
138.690321	0.835600
139.380322	0.753000
140.070324	0.632100
140.760326	0.471600
141.450327	0.270600
142.140329	0.029500
142.830330	-0.250100
143.520332	-0.564400
144.210334	-0.906400
144.900335	-1.266000
145.590337	-1.630300
146.280338	-1.984600
146.970340	-2.314500
147.660342	-2.607500
148.350343	-2.854900
149.040345	-3.052000
149.730346	-3.198200
150.420348	-3.295800
151.110350	-3.349500
151.800351	-3.365200
152.490353	-3.349300
153.180354	-3.307900
153.870356	-3.247000
154.560358	-3.171700
155.250359	-3.086200
155.940361	-2.994000
156.630362	-2.897900
157.320364	-2.799800
158.010366	-2.701500
158.700367	-2.604300
159.390369	-2.509200
160.080370	-2.417300
160.770372	-2.329400
161.460374	-2.245800
162.150375	-2.166300
162.840377	-2.090300
163.530378	-2.016200
164.220380	-1.942100
164.910381	-1.865500
165.600383	-1.784100
166.290385	-1.695400
166.980386	-1.597500
167.670388	-1.489300
168.360389	-1.370400
169.050391	-1.241100
169.740393	-1.102700
170.430394	-0.956700
171.120396	-0.804700
171.810397	-0.648400
172.500399	-0.489100
173.190401	-0.327800
173.880402	-0.165100
174.570404	-0.001700
175.260405	0.162000
175.950407	0.325400
176.640409	0.487400
177.330410	0.646600
178.020412	0.800800
178.710413	0.947000
179.400415	1.082100
180.090417	1.202500
180.780418	1.304800
181.470420	1.386800
182.160421	1.447700
182.850423	1.488200
183.540425	1.511500
184.230426	1.521900
184.920428	1.525500
185.610429	1.528600
186.300431	1.537300
186.990433	1.557000
187.680434	1.591300
188.370436	1.642100
189.060437	1.708900
189.750439	1.789100
190.440441	1.878100
191.130442	1.970100
191.820444	2.058900
192.510445	2.138700
193.200447	2.205000
193.890449	2.255100
194.580450	2.287900
195.270452	2.304300
195.960453	2.306300
196.650455	2.297000
197.340457	2.280300
198.030458	2.260400
198.720460	2.241500
199.410461	2.228000
200.100463	2.223900
200.790464	2.233100
201.480466	2.259000
202.170468	2.304300
202.860469	2.371300
203.550471	2.460900
204.240472	2.573000
204.930474	2.705600
205.620476	2.855200
206.310477	3.016600
207.000479	3.183600
207.690480	3.349300
208.380482	3.507500
209.070484	3.652500
209.760485	3.780000
210.450487	3.886800
211.140488	3.970900
211.830490	4.030500
212.520492	4.064700
213.210493	4.072500
213.900495	4.053300
214.590496	4.006600
215.280498	3.932500
215.970500	3.832000
216.660501	3.706600
217.350503	3.559700
218.040504	3.395300
218.730506	3.219000
219.420508	3.036900
220.110509	2.855600
220.800511	2.680900
221.490512	2.518100
222.180514	2.370700
222.870516	2.241100
223.560517	2.130100
224.250519	2.037600
224.940520	1.962600
225.630522	1.903800
226.320524	1.859600
227.010525	1.828500
227.700527	1.809400
228.390528	1.801400
229.080530	1.803900
229.770532	1.816700
230.460533	1.839700
231.150535	1.872800
231.840536	1.916100
232.530538	1.969500
233.220540	2.032400
233.910541	2.104000
234.600543	2.183100
235.290544	2.267600
235.980546	2.354900
236.670547	2.441700
237.360549	2.523900
238.050551	2.596700
238.740552	2.655600
239.430554	2.695800
240.120555	2.713800
240.810557	2.707100
241.500559	2.674800
242.190560	2.617900
242.880562	2.538900
243.570563	2.441400
244.260565	2.330100
244.950567	2.210000
245.640568	2.085700
246.330570	1.961700
247.020571	1.841300
247.710573	1.727400
248.400575	1.621600
249.090576	1.524700
249.780578	1.436600
250.470579	1.356500
251.160581	1.283100
251.850583	1.214700
252.540584	1.149400
253.230586	1.085100
253.920587	1.020200
254.610589	0.953200
255.300591	0.882900
255.990592	0.808800
256.680594	0.730700
257.370595	0.648700
258.060597	0.563400
258.750599	0.475600
259.440600	0.386400
260.130602	0.296800
260.820603	0.208500
261.510605	0.122900
262.200607	0.042200
262.890608	-0.031100
263.580610	-0.094900
264.270611	-0.146500
264.960613	-0.184000
265.650615	-0.206000
266.340616	-0.212400
267.030618	-0.204500
267.720619	-0.184900
268.410621	-0.157800
269.100623	-0.127900
269.790624	-0.100700
270.480626	-0.081800
271.170627	-0.075700
271.860629	-0.086500
272.550631	-0.116800
273.240632	-0.167600
273.930634	-0.238700
274.620635	-0.327700
275.310637	-0.430800
276.000638	-0.542500
276.690640	-0.656400
277.380642	-0.765900
278.070643	-0.865200
278.760645	-0.950100
279.450646	-1.018600
280.140648	-1.070600
280.830650	-1.107600
281.520651	-1.131600
282.210653	-1.144900
282.900654	-1.148600
283.590656	-1.143000
284.280658	-1.126700
284.970659	-1.096800
285.660661	-1.049200
286.350662	-0.979300
287.040664	-0.882300
287.730666	-0.754300
288.420667	-0.593600
289.110669	-0.401300
289.800670	-0.181800
290.490672	0.056500
291.180674	0.303400
291.870675	0.546900
292.560677	0.775900
293.250678	0.981400
293.940680	1.157800
294.630682	1.303100
295.320683	1.418500
296.010685	1.507800
296.700686	1.575900
297.390688	1.628000
298.080690	1.668700
298.770691	1.701500
299.460693	1.728300
300.150694	1.749400
300.840696	1.764300
301.530698	1.771100
302.220699	1.767800
302.910701	1.752000
303.600702	1.721000
304.290704	1.672700
304.980706	1.605100
305.670707	1.516800
306.360709	1.407400
307.050710	1.277500
307.740712	1.129200
308.430714	0.965900
309.120715	0.792200
309.810717	0.613800
310.500718	0.436000
311.190720	0.264200
311.880721	0.102300
312.570723	-0.046700
313.260725	-0.182100
313.950726	-0.304200
314.640728	-0.414900
315.330729	-0.517500
316.020731	-0.616000
316.710733	-0.714600
317.400734	-0.817300
318.090736	-0.927400
318.780737	-1.047100
319.470739	-1.177000
320.160741	-1.315900
320.850742	-1.461200
321.540744	-1.608900
322.230745	-1.753800
322.920747	-1.890900
323.610749	-2.015100
324.300750	-2.122700
324.990752	-2.211300
325.680753	-2.280700
326.370755	-2.332400
327.060757	-2.369600
327.750758	-2.396600
328.440760	-2.418200
329.130761	-2.439000
329.820763	-2.462400
330.510765	-2.491000
331.200766	-2.525300
331.890768	-2.564800
332.580769	-2.607200
333.270771	-2.649500
333.960773	-2.687700
334.650774	-2.717800
335.340776	-2.735900
336.030777	-2.738800
336.720779	-2.724300
337.410781	-2.691200
338.100782	-2.639400
338.790784	-2.569600
339.480785	-2.482900
340.170787	-2.380500
340.860789	-2.263600
341.550790	-2.133000
342.240792	-1.989200
342.930793	-1.832800
343.620795	-1.664700
344.310797	-1.486300
345.000798	-1.300200
345.690800	-1.110300
346.380801	-0.921500
347.070803	-0.739800
347.760804	-0.571200
348.450806	-0.421300
349.140808	-0.294500
349.830809	-0.193800
350.520811	-0.120500
351.210812	-0.074500
351.900814	-0.054400
352.590816	-0.057700
353.280817	-0.081500
353.970819	-0.122300
354.660820	-0.176500
355.350822	-0.240500
356.040824	-0.310500
356.730825	-0.383100
357.420827	-0.454800
358.110828	-0.522600
358.800830	-0.584000
359.490832	-0.636700
360.180833	-0.678900
360.870835	-0.709300
361.560836	-0.726500
362.250838	-0.729600
362.940840	-0.717300
363.630841	-0.688800
364.320843	-0.643200
365.010844	-0.580000
365.700846	-0.499700
366.390848	-0.403700
367.080849	-0.295400
367.770851	-0.179600
368.460852	-0.063700
369.150854	0.043800
369.840856	0.133400
370.530857	0.195400
371.220859	0.221500
371.910860	0.205300
372.600862	0.143300
373.290864	0.034900
373.980865	-0.117100
374.670867	-0.307100
375.360868	-0.526800
376.050870	-0.766300
376.740872	-1.015300
377.430873	-1.264200
378.120875	-1.504600
378.810876	-1.730200
379.500878	-1.936400
380.190880	-2.120600
380.880881	-2.281800
381.570883	-2.420300
382.260884	-2.537500
382.950886	-2.635700
383.640887	-2.717800
384.330889	-2.786600
385.020891	-2.845100
385.710892	-2.896000
386.400894	-2.941700
387.090895	-2.984300
387.780897	-3.025400
388.470899	-3.066400
389.160900	-3.107900
389.850902	-3.150300
390.540903	-3.193300
391.230905	-3.236000
391.920907	-3.277400
392.610908	-3.316100
393.300910	-3.350800
393.990911	-3.380200
394.680913	-3.403100
395.370915	-3.418600
396.060916	-3.426200
396.750918	-3.425400
397.440919	-3.416100
398.130921	-3.398300
398.820923	-3.372100
399.510924	-3.337900
400.200926	-3.296100
400.890927	-3.247300
401.580929	-3.192200
402.270931	-3.131800
402.960932	-3.067300
403.650934	-3.000000
404.340935	-2.931400
405.030937	-2.862900
405.720939	-2.795800
406.410940	-2.731000
407.100942	-2.669300
407.790943	-2.610700
408.480945	-2.555000
409.170947	-2.501500
409.860948	-2.449300
410.550950	-2.397400
411.240951	-2.344600
411.930953	-2.290300
412.620955	-2.233900
413.310956	-2.175300
414.000958	-2.114900
414.690959	-2.053000
415.380961	-1.990200
416.070963	-1.927000
416.760964	-1.863600
417.450966	-1.799900
418.140967	-1.735600
418.830969	-1.669600
419.520970	-1.601100
420.210972	-1.529000
420.900974	-1.452100
421.590975	-1.370000
422.280977	-1.282600
422.970978	-1.191000
423.660980	-1.096700
424.350982	-1.002300
425.040983	-0.910700
425.730985	-0.824900
426.420986	-0.747000
427.110988	-0.678300
427.800990	-0.618600
428.490991	-0.566800
429.180993	-0.520200
429.870994	-0.475800
430.560996	-0.430200
431.250998	-0.379800
431.940999	-0.321900
432.631001	-0.254500
433.321002	-0.177200
434.011004	-0.090500
434.701006	0.003600
435.391007	0.101900
436.081009	0.201400
436.771010	0.298600
437.461012	0.390800
438.151014	0.476100
438.841015	0.553100
439.531017	0.621600
440.221018	0.681600
440.911020	0.734000
441.601022	0.779800
442.291023	0.820400
442.981025	0.857000
443.671026	0.891000
444.361028	0.923600
445.051030	0.955600
445.741031	0.987700
446.431033	1.020100
447.121034	1.052800
447.811036	1.085300
448.501038	1.116800
449.191039	1.146300
449.881041	1.173000
450.571042	1.195900
451.261044	1.214200
451.951046	1.227500
452.641047	1.235400
453.331049	1.238000
454.021050	1.235400
454.711052	1.227800
455.401053	1.215600
456.091055	1.199000
456.781057	1.178300
457.471058	1.153500
458.161060	1.124500
458.851061	1.090900
459.541063	1.052300
460.231065	1.007900
460.921066	0.956800
461.611068	0.898000
462.301069	0.830400
462.991071	0.753300
463.681073	0.666100
464.371074	0.568600
465.061076	0.461100
465.751077	0.344500
466.441079	0.220200
467.131081	0.090100
467.821082	-0.043900
468.511084	-0.179800
469.201085	-0.315800
469.891087	-0.450300
470.581089	-0.582200
471.271090	-0.710800
471.961092	-0.835700
472.651093	-0.957100
473.341095	-1.075300
474.031097	-1.190700
474.721098	-1.303800
475.411100	-1.414800
476.101101	-1.523500
476.791103	-1.629200
477.481105	-1.730200
478.171106	-1.824300
478.861108	-1.908500
479.551109	-1.979600
480.241111	-2.034300
480.931113	-2.069700
481.621114	-2.083600
482.311116	-2.075000
483.001117	-2.043900
483.691119	-1.991800
484.381121	-1.921100
485.071122	-1.835600
485.761124	-1.739600
486.451125	-1.637700
487.141127	-1.534000
487.831129	-1.431800
488.521130	-1.333200
489.211132	-1.238900
489.901133	-1.148500
490.591135	-1.060500
491.281136	-0.973100
491.971138	-0.884100
492.661140	-0.791500
493.351141	-0.694100
494.041143	-0.591000
494.731144	-0.482200
495.421146	-0.368700
496.111148	-0.252200
496.801149	-0.135500
497.491151	-0.022000
498.181152	0.084400
498.871154	0.179500
499.561156	0.259500
500.251157	0.321100
500.941159	0.362100
501.631160	0.381700
502.321162	0.380700
503.011164	0.361800
503.701165	0.329200
504.391167	0.289200
505.081168	0.249300
505.771170	0.218700
506.461172	0.207000
507.151173	0.224400
507.841175	0.280900
508.531176	0.385300
509.221178	0.544900
509.911180	0.764200
510.601181	1.044600
511.291183	1.383300
511.981184	1.772300
512.671186	2.198500
513.361188	2.644800
514.051189	3.092000
514.741191	3.521700
515.431192	3.918800
516.121194	4.273300
516.811196	4.580200
517.501197	4.839300
518.191199	5.053600
518.881200	5.228500
519.571202	5.371000
520.261204	5.488700
520.951205	5.589100
521.641207	5.679600
522.331208	5.766700
523.021210	5.855700
523.711212	5.950600
524.401213	6.053900
525.091215	6.165900
525.781216	6.285100
526.471218	6.408100
527.161220	6.530100
527.851221	6.644900
528.541223	6.746500
529.231224	6.828900
529.921226	6.887300
530.611227	6.918000
531.301229	6.918600
531.991231	6.888000
532.681232	6.826300
533.371234	6.734800
534.061235	6.616000
534.751237	6.473600
535.441239	6.312600
536.131240	6.138200
536.821242	5.956000
537.511243	5.771100
538.201245	5.587000
538.891247	5.405700
539.581248	5.226700
540.271250	5.047200
540.961251	4.862000
541.651253	4.663500
542.341255	4.442300
543.031256	4.187500
543.721258	3.887700
544.411259	3.531900
545.101261	3.110400
545.791263	2.616900
546.481264	2.049400
547.171266	1.412300
547.861267	0.717000
548.551269	-0.017300
549.241271	-0.765700
549.931272	-1.501700
550.621274	-2.201100
551.311275	-2.846500
552.001277	-3.428300
552.691279	-3.944300
553.381280	-4.397500
554.071282	-4.794600
554.761283	-5.144300
555.451285	-5.455300
556.141287	-5.735800
556.831288	-5.991900
557.521290	-6.227800
558.211291	-6.444800
558.901293	-6.641900
559.591295	-6.815900
560.281296	-6.962500
560.971298	-7.076600
561.661299	-7.154300
562.351301	-7.192700
563.041303	-7.191300
563.731304	-7.152200
564.421306	-7.079700
565.111307	-6.979800
565.801309	-6.859800
566.491310	-6.727000
567.181312	-6.588000
567.871314	-6.448200
568.561315	-6.310700
569.251317	-6.176200
569.941318	-6.042800
570.631320	-5.905500
571.321322	-5.756800
572.011323	-5.586600
572.701325	-5.382900
573.391326	-5.132200
574.081328	-4.821000
574.771330	-4.436700
575.461331	-3.969200
576.151333	-3.412800
576.841334	-2.767800
577.531336	-2.041100
578.221338	-1.245000
578.911339	-0.393300
579.601341	0.500500
580.291342	1.425500
580.981344	2.371600
581.671346	3.326900
582.361347	4.275900
583.051349	5.199500
583.741350	6.075000
584.431352	6.879600
585.121354	7.593400
585.811355	8.201900
586.501357	8.697700
587.191358	9.081100
587.881360	9.358200
588.571362	9.539000
589.261363	9.635000
589.951365	9.658200
590.641366	9.620400
591.331368	9.532200
592.021370	9.403200
592.711371	9.241600
593.401373	9.054100
594.091374	8.846000
594.781376	8.621500
595.471378	8.383700
596.161379	8.135100
596.851381	7.877900
597.541382	7.614400
598.231384	7.346900
598.921386	7.078500
599.611387	6.812300
600.301389	6.551700
600.991390	6.299200
601.681392	6.056900
602.371393	5.825200
603.061395	5.603800
603.751397	5.391300
604.441398	5.186400
605.131400	4.988100
605.821401	4.796700
606.511403	4.613900
607.201405	4.442000
607.891406	4.284400
608.581408	4.143700
609.271409	4.021700
609.961411	3.918600
610.651413	3.832700
611.341414	3.760900
612.031416	3.698700
612.721417	3.641000
613.411419	3.582500
614.101421	3.518000
614.791422	3.443200
615.481424	3.354200
616.171425	3.248200
616.861427	3.123200
617.551429	2.977900
618.241430	2.812000
618.931432	2.625500
619.621433	2.418800
620.311435	2.192600
621.001437	1.947000
621.691438	1.682000
622.381440	1.397100
623.071441	1.091200
623.761443	0.763300
624.451445	0.412100
625.141446	0.036900
625.831448	-0.362100
626.521449	-0.783700
627.211451	-1.224700
627.901453	-1.679800
628.591454	-2.142000
629.281456	-2.602500
629.971457	-3.051800
630.661459	-3.479700
631.351461	-3.877200
632.041462	-4.236400
632.731464	-4.551600
633.421465	-4.819000
634.111467	-5.036800
634.801469	-5.204800
635.491470	-5.323500
636.181472	-5.394100
636.871473	-5.418100
637.561475	-5.397200
638.251476	-5.333200
638.941478	-5.228200
639.631480	-5.084800
640.321481	-4.906100
641.011483	-4.696300
641.701484	-4.460100
642.391486	-4.203400
643.081488	-3.933000
643.771489	-3.656800
644.461491	-3.383400
645.151492	-3.121600
645.841494	-2.879600
646.531496	-2.664600
647.221497	-2.481400
647.911499	-2.333100
648.601500	-2.220300
649.291502	-2.142000
649.981504	-2.095800
650.671505	-2.078200
651.361507	-2.084800
652.051508	-2.110600
652.741510	-2.150100
653.431512	-2.198000
654.121513	-2.248800
654.811515	-2.297800
655.501516	-2.340800
656.191518	-2.374900
656.881520	-2.398000
657.571521	-2.409000
658.261523	-2.407800
658.951524	-2.395000
659.641526	-2.371400
660.331528	-2.338100
661.021529	-2.295600
661.711531	-2.244400
662.401532	-2.184100
663.091534	-2.114200
663.781536	-2.034300
664.471537	-1.943700
665.161539	-1.842600
665.851540	-1.731800
666.541542	-1.613100
667.231544	-1.489500
667.921545	-1.365400
668.611547	-1.245800
669.301548	-1.136700
669.991550	-1.044000
670.681552	-0.973100
671.371553	-0.928500
672.061555	-0.913800
672.751556	-0.930800
673.441558	-0.980500
674.131559	-1.062300
674.821561	-1.174300
675.511563	-1.313300
676.201564	-1.475000
676.891566	-1.653800
677.581567	-1.843100
678.271569	-2.036100
678.961571	-2.225500
679.651572	-2.404600
680.341574	-2.567000
681.031575	-2.707400
681.721577	-2.821300
682.411579	-2.905700
683.101580	-2.959000
683.791582	-2.981600
684.481583	-2.975600
685.171585	-2.945100
685.861587	-2.895700
686.551588	-2.834600
687.241590	-2.769300
687.931591	-2.707500
688.621593	-2.656300
689.311595	-2.621500
690.001596	-2.607100
690.691598	-2.615000
691.381599	-2.645100
692.071601	-2.695200
692.761603	-2.761300
693.451604	-2.838600
694.141606	-2.921400
694.831607	-3.004400
695.521609	-3.083100
696.211611	-3.153700
696.901612	-3.213900
697.591614	-3.262200
698.281615	-3.298000
698.971617	-3.321400
699.661619	-3.332900
700.351620	-3.332900
701.041622	-3.322100
701.731623	-3.300900
702.421625	-3.269300
703.111627	-3.227400
703.801628	-3.175200
704.491630	-3.112400
705.181631	-3.039200
705.871633	-2.956000
706.561635	-2.863400
707.251636	-2.762900
707.941638	-2.656500
708.631639	-2.546700
709.321641	-2.436500
710.011642	-2.329100
710.701644	-2.227700
711.391646	-2.135200
712.081647	-2.053200
712.771649	-1.982400
713.461650	-1.922000
714.151652	-1.869900
714.841654	-1.823000
715.531655	-1.777700
716.221657	-1.730400
716.911658	-1.678300
717.601660	-1.619400
718.291662	-1.553100
718.981663	-1.479800
719.671665	-1.400900
720.361666	-1.318400
721.051668	-1.234000
721.741670	-1.149000
722.431671	-1.064000
723.121673	-0.978400
723.811674	-0.890900
724.501676	-0.799600
725.191678	-0.702800
725.881679	-0.599800
726.571681	-0.490400
727.261682	-0.376300
727.951684	-0.260100
728.641686	-0.145500
729.331687	-0.036300
730.021689	0.063500
730.711690	0.151100
731.401692	0.224400
732.091694	0.282600
732.781695	0.326200
733.471697	0.356700
734.161698	0.376300
734.851700	0.388000
735.541702	0.394700
736.231703	0.399500
736.921705	0.404900
737.611706	0.412800
738.301708	0.424300
738.991710	0.439800
739.681711	0.459100
740.371713	0.481500
741.061714	0.506200
741.751716	0.532600
742.441718	0.560200
743.131719	0.589000
743.821721	0.619300
744.511722	0.651400
745.201724	0.686100
745.891725	0.723500
746.581727	0.763500
747.271729	0.805600
747.961730	0.848500
748.651732	0.890800
749.341733	0.930900
750.031735	0.967200
750.721737	0.998500
751.411738	1.024200
752.101740	1.044400
752.791741	1.060300
753.481743	1.073900
754.171745	1.087900
754.861746	1.106000
755.551748	1.131900
756.241749	1.169500
756.931751	1.222700
757.621753	1.294700
758.311754	1.388500
759.001756	1.506800
759.691757	1.651200
760.381759	1.822900
761.071761	2.021400
761.761762	2.244800
762.451764	2.488600
763.141765	2.746000
763.831767	3.007700
764.521769	3.263100
765.211770	3.501100
765.901772	3.711900
766.591773	3.887600
767.281775	4.023100
767.971777	4.116100
768.661778	4.166700
769.351780	4.176900
770.041781	4.149900
770.731783	4.090400
771.421785	4.003600
772.111786	3.895200
772.801788	3.771000
773.491789	3.636000
774.181791	3.494400
774.871793	3.348700
775.561794	3.200200
776.251796	3.048600
776.941797	2.892700
777.631799	2.730600
778.321801	2.560900
779.011802	2.382700
779.701804	2.196600
780.391805	2.004500
781.081807	1.810100
781.771808	1.617800
782.461810	1.432200
783.151812	1.257800
783.841813	1.098000
784.531815	0.955300
785.221816	0.830900
785.911818	0.725200
786.601820	0.637700
787.291821	0.567100
787.981823	0.511500
788.671824	0.468200
789.361826	0.434000
790.051828	0.405700
790.741829	0.379300
791.431831	0.351200
792.121832	0.318100
792.811834	0.276700
793.501836	0.224600
794.191837	0.160000
794.881839	0.081700
795.571840	-0.010300
796.261842	-0.114900
796.951844	-0.229900
797.641845	-0.351600
798.331847	-0.475400
799.021848	-0.595500
799.711850	-0.705800
800.401852	-0.799900
801.091853	-0.871600
801.781855	-0.915100
802.471856	-0.925400
803.161858	-0.897900
803.851860	-0.829000
804.541861	-0.716200
805.231863	-0.558400
805.921864	-0.356800
806.611866	-0.115200
807.301868	0.158700
807.991869	0.454200
808.681871	0.757700
809.371872	1.055000
810.061874	1.332900
810.751876	1.581300
811.441877	1.793700
812.131879	1.967400
812.821880	2.102300
813.511882	2.200800
814.201884	2.266300
814.891885	2.303500
815.581887	2.317200
816.271888	2.312400
816.961890	2.293700
817.651892	2.265600
818.341893	2.232100
819.031895	2.196600
819.721896	2.162000
820.411898	2.130700
821.101899	2.104400
821.791901	2.084000
822.481903	2.070000
823.171904	2.062000
823.861906	2.058800
824.551907	2.059000
825.241909	2.060400
825.931911	2.060600
826.621912	2.056800
827.311914	2.046400
828.001915	2.026700
828.691917	1.995000
829.381919	1.949400
830.071920	1.888400
830.761922	1.811200
831.451923	1.717700
832.141925	1.608600
832.831927	1.485300
833.521928	1.350200
834.211930	1.206300
834.901931	1.057500
835.591933	0.908600
836.281935	0.765400
836.971936	0.633800
837.661938	0.520200
838.351939	0.430600
839.041941	0.370500
839.731943	0.344900
840.421944	0.357200
841.111946	0.410000
841.801947	0.503600
842.491949	0.637000
843.181951	0.806300
843.871952	1.006100
844.561954	1.228400
845.251955	1.464600
845.941957	1.705300
846.631959	1.941900
847.321960	2.167200
848.011962	2.375700
848.701963	2.563600
849.391965	2.728800
850.081967	2.870500
850.771968	2.989000
851.461970	3.085100
852.151971	3.159700
852.841973	3.214000
853.531975	3.249000
854.221976	3.265200
854.911978	3.263100
855.601979	3.243200
856.291981	3.205900
856.981982	3.152000
857.671984	3.082800
858.361986	3.000100
859.051987	2.906300
859.741989	2.804100
860.431990	2.696900
861.121992	2.588300
861.811994	2.481800
862.501995	2.380400
863.191997	2.286500
863.881998	2.201300
864.572000	2.124500
865.262002	2.054700
865.952003	1.988800
866.642005	1.922900
867.332006	1.852000
868.022008	1.770600
868.712010	1.672800
869.402011	1.553200
870.092013	1.406900
870.782014	1.230400
871.472016	1.022400
872.162018	0.783600
872.852019	0.517300
873.542021	0.228800
874.232022	-0.074500
874.922024	-0.385000
875.612026	-0.694400
876.302027	-0.995100
876.992029	-1.281000
877.682030	-1.546900
878.372032	-1.789700
879.062034	-2.007300
879.752035	-2.198800
880.442037	-2.364400
881.132038	-2.505000
881.822040	-2.621800
882.512042	-2.716700
883.202043	-2.792100
883.892045	-2.850700
884.582046	-2.895500
885.272048	-2.930100
885.962050	-2.958000
886.652051	-2.983000
887.342053	-3.008900
888.032054	-3.039100
888.722056	-3.076500
889.412058	-3.123200
890.102059	-3.179900
890.792061	-3.246000
891.482062	-3.319000
892.172064	-3.394700
892.862065	-3.467300
893.552067	-3.530100
894.242069	-3.575800
894.932070	-3.597800
895.622072	-3.590700
896.312073	-3.551300
897.002075	-3.478900
897.692077	-3.375700
898.382078	-3.246800
899.072080	-3.099900
899.762081	-2.944100
900.452083	-2.789100
901.142085	-2.643600
901.832086	-2.514700
902.522088	-2.407200
903.212089	-2.323400
903.902091	-2.263600
904.592093	-2.226100
905.282094	-2.207900
905.972096	-2.204400
906.662097	-2.209800
907.352099	-2.217600
908.042101	-2.220300
908.732102	-2.210300
909.422104	-2.180000
910.112105	-2.122900
910.802107	-2.033300
911.492109	-1.907200
912.182110	-1.742000
912.872112	-1.536700
913.562113	-1.291800
914.252115	-1.009200
914.942117	-0.692200
915.632118	-0.345800
916.322120	0.024100
917.012121	0.409700
917.702123	0.802000
918.392125	1.190700
919.082126	1.565200
919.772128	1.914900
920.462129	2.230400
921.152131	2.504400
921.842133	2.732300
922.532134	2.912300
923.222136	3.045600
923.912137	3.136100
924.602139	3.189600
925.292141	3.213300
925.982142	3.215400
926.672144	3.203800
927.362145	3.185700
928.052147	3.167600
928.742148	3.154300
929.432150	3.149200
930.122152	3.154300
930.812153	3.169800
931.502155	3.194900
932.192156	3.227800
932.882158	3.266000
933.572160	3.307000
934.262161	3.348200
934.952163	3.387400
935.642164	3.422600
936.332166	3.452500
937.022168	3.475500
937.712169	3.490300
938.402171	3.494900
939.092172	3.486800
939.782174	3.462500
940.472176	3.417500
941.162177	3.345900
941.852179	3.240900
942.542180	3.094600
943.232182	2.899300
943.922184	2.647400
944.612185	2.333300
945.302187	1.954700
945.992188	1.514100
946.682190	1.020300
947.372192	0.489000
948.062193	-0.058000
948.752195	-0.596400
949.442196	-1.102100
950.132198	-1.555100
950.822200	-1.942000
951.512201	-2.256600
952.202203	-2.498700
952.892204	-2.672600
953.582206	-2.785600
954.272208	-2.846200
954.962209	-2.863300
955.652211	-2.845100
956.342212	-2.799300
957.032214	-2.732400
957.722216	-2.649700
958.412217	-2.555400
959.102219	-2.452700
959.792220	-2.344100
960.482222	-2.230900
961.172224	-2.114100
961.862225	-1.993900
962.552227	-1.870300
963.242228	-1.743300
963.932230	-1.613000
964.622231	-1.480200
965.312233	-1.346400
966.002235	-1.213800
966.692236	-1.084900
967.382238	-0.962400
968.072239	-0.848700
968.762241	-0.745400
969.452243	-0.653200
970.142244	-0.572300
970.832246	-0.502200
971.522247	-0.442500
972.212249	-0.392700
972.902251	-0.352800
973.592252	-0.322800
974.282254	-0.303300
974.972255	-0.294500
975.662257	-0.296800
976.352259	-0.309700
977.042260	-0.332200
977.732262	-0.362100
978.422263	-0.396200
979.112265	-0.430300
979.802267	-0.459500
980.492268	-0.478700
981.182270	-0.483400
981.872271	-0.470300
982.562273	-0.438200
983.252275	-0.388000
983.942276	-0.323200
984.632278	-0.248700
985.322279	-0.170800
986.012281	-0.096300
986.702283	-0.032000
987.392284	0.015700
988.082286	0.040800
988.772287	0.038100
989.462289	0.003300
990.152291	-0.067600
990.842292	-0.176800
991.532294	-0.325200
992.222295	-0.511600
992.912297	-0.732600
993.602299	-0.982600
994.292300	-1.253400
994.982302	-1.535800
995.672303	-1.819500
996.362305	-2.094300
997.052307	-2.351300
997.742308	-2.582600
998.432310	-2.782400
999.122311	-2.946700
999.812313	-3.073200
1000.502314	-3.160900
1001.192316	-3.210100
1001.882318	-3.221700
1002.572319	-3.197100
1003.262321	-3.137700
1003.952322	-3.045100
1004.642324	-2.921000
1005.332326	-2.767700
1006.022327	-2.587800
1006.712329	-2.385300
1007.402330	-2.165700
1008.092332	-1.936000
1008.782334	-1.704600
1009.472335	-1.480600
1010.162337	-1.272900
1010.852338	-1.089000
1011.542340	-0.934800
1012.232342	-0.814000
1012.922343	-0.728500
1013.612345	-0.678200
1014.302346	-0.662100
1014.992348	-0.678200
1015.682350	-0.723600
1016.372351	-0.795300
1017.062353	-0.889600
1017.752354	-1.002200
1018.442356	-1.128600
1019.132358	-1.263600
1019.822359	-1.402000
1020.512361	-1.538500
1021.202362	-1.668400
1021.892364	-1.787900
1022.582366	-1.894600
1023.272367	-1.987400
1023.962369	-2.066400
1024.652370	-2.133000
1025.342372	-2.189400
