2.243900
2.200300
2.127300
2.033900
1.928700
1.819400
1.712600
1.613500
1.525600
1.450700
1.388600
1.337700
1.294800
1.255700
1.215600
1.169700
1.113600
1.043400
0.956400
0.850700
0.725900
0.582800
0.423300
0.250700
0.069200
-0.116200
-0.300400
-0.478500
-0.646000
-0.799600
-0.937000
-1.057100
-1.159600
-1.245400
-1.315700
-1.372200
-1.416700
-1.451300
-1.478100
-1.499100
-1.516200
-1.531300
-1.545900
-1.561500
-1.579400
-1.600700
-1.626400
-1.657500
-1.694800
-1.739300
-1.791700
-1.852600
-1.922400
-2.001100
-2.088600
-2.184100
-2.286600
-2.395100
-2.508100
-2.624200
-2.741900
-2.859700
-2.975700
-3.088500
-3.196100
-3.296700
-3.388500
-3.469900
-3.539700
-3.596700
-3.640400
-3.670500
-3.687000
-3.690100
-3.680300
-3.658000
-3.623800
-3.578200
-3.521900
-3.455400
-3.378900
-3.293200
-3.198500
-3.095600
-2.985600
-2.870000
-2.751200
-2.632400
-2.517000
-2.408800
-2.311000
-2.225700
-2.153500
-2.093600
-2.043400
-1.999000
-1.955900
-1.908800
-1.852600
-1.782800
-1.695700
-1.589100
-1.462600
-1.317400
-1.155800
-0.981300
-0.797100
-0.606300
-0.411300
-0.213900
-0.015800
0.181000
0.374100
0.560100
0.735100
0.895000
1.035500
1.152800
1.243500
1.304400
1.332000
1.322900
1.273500
1.179900
1.038400
0.846100
0.601600
0.306400
-0.034500
-0.411300
-0.809900
-1.213200
-1.603700
-1.966400
-2.290400
-2.569900
-2.803600
-2.993600
-3.143800
-3.259400
-3.345400
-3.406600
-3.447300
-3.471100
-3.481200
-3.479900
-3.469400
-3.451100
-3.425900
-3.394400
-3.356500
-3.311600
-3.258800
-3.197000
-3.124700
-3.040800
-2.944200
-2.834400
-2.711600
-2.576700
-2.431500
-2.278500
-2.120500
-1.960900
-1.802900
-1.649700
-1.504100
-1.368300
-1.244400
-1.133600
-1.037200
-0.956200
-0.891800
-0.845300
-0.818700
-0.813800
-0.832200
-0.875300
-0.943100
-1.034400
-1.146200
-1.273900
-1.411100
-1.550200
-1.682700
-1.799800
-1.893500
-1.956500
-1.983000
-1.969300
-1.913500
-1.816300
-1.681000
-1.513200
-1.320800
-1.113100
-0.899800
-0.690100
-0.491500
-0.309500
-0.147200
-0.005300
0.116900
0.222200
0.314100
0.397000
0.475500
0.554700
0.638900
0.732000
0.837100
0.955900
1.089000
1.235200
1.392300
1.556800
1.724400
1.890900
2.052300
2.205300
2.347900
2.478400
2.596600
2.702300
2.796000
2.878500
2.950700
3.013700
3.069300
3.119100
3.165800
3.211900
3.260700
3.315300
3.378700
3.453600
3.542100
3.645800
3.765100
3.899400
4.046700
4.203900
4.366300
4.528700
4.685800
4.832300
4.964300
5.079000
5.175200
5.252700
5.312600
5.356300
5.385800
5.403200
5.410600
5.409900
5.403000
5.391500
5.376900
5.360400
5.343200
5.326000
5.309600
5.294600
5.281200
5.269400
5.259000
5.249100
5.238600
5.225600
5.207700
5.181900
5.144500
5.091100
5.017400
4.918400
4.789900
4.628000
4.430500
4.197300
3.930700
3.636600
3.323600
3.002500
2.685000
2.381700
2.101200
1.848900
1.627700
1.437800
1.278100
1.146600
1.040500
0.957100
0.893500
0.846800
0.814400
0.793600
0.781900
0.776800
0.775900
0.777200
0.778500
0.778100
0.774600
0.766800
0.754000
0.735700
0.711700
0.682000
0.646600
0.605500
0.558700
0.506100
0.447700
0.383700
0.314100
0.239700
0.161100
0.079600
-0.003600
-0.087000
-0.169400
-0.249500
-0.326300
-0.398900
-0.466100
-0.526900
-0.579400
-0.621300
-0.649600
-0.661000
-0.652000
-0.619300
-0.560500
-0.474000
-0.360100
-0.220400
-0.058600
0.119700
0.307700
0.497500
0.681000
0.851000
1.001900
1.130200
1.234700
1.316200
1.377500
1.422500
1.456100
1.483000
1.507700
1.533200
1.561300
1.592400
1.625400
1.658400
1.688900
1.714200
1.731800
1.739100
1.734000
1.714400
1.678800
1.626100
1.555500
1.467200
1.361900
1.241100
1.106600
0.960600
0.805400
0.642800
0.474200
0.300200
0.120800
-0.064700
-0.257800
-0.459900
-0.672300
-0.895700
-1.129900
-1.372600
-1.620000
-1.866400
-2.104900
-2.328300
-2.530300
-2.705900
-2.852600
-2.969900
-3.059600
-3.125200
-3.171500
-3.203500
-3.226200
-3.243600
-3.259100
-3.274200
-3.289600
-3.304100
-3.315800
-3.321800
-3.318800
-3.303300
-3.272300
-3.223200
-3.154500
-3.065200
-2.955500
-2.826700
-2.680700
-2.519900
-2.347100
-2.165100
-1.976300
-1.782600
-1.586100
-1.388500
-1.192100
-0.999700
-0.815100
-0.642400
-0.486300
-0.351100
-0.240700
-0.157300
-0.102200
-0.074800
-0.073300
-0.094800
-0.135400
-0.191100
-0.257500
-0.330400
-0.406000
-0.481200
-0.553300
-0.620400
-0.681300
-0.735100
-0.781600
-0.820800
-0.852900
-0.878700
-0.898700
-0.914000
-0.925700
-0.935000
-0.943500
-0.952600
-0.963900
-0.978900
-0.999100
-1.025700
-1.060000
-1.103200
-1.156300
-1.220000
-1.294900
-1.381400
-1.479500
-1.588900
-1.708900
-1.838100
-1.975000
-2.117400
-2.262600
-2.407800
-2.550200
-2.687000
-2.815900
-2.935000
-3.043400
-3.140500
-3.226800
-3.303100
-3.370800
-3.431400
-3.486700
-3.538000
-3.586800
-3.634100
-3.680400
-3.725600
-3.769200
-3.809900
-3.845800
-3.874300
-3.892300
-3.896200
-3.882600
-3.848100
-3.790000
-3.706700
-3.598300
-3.466600
-3.315400
-3.150000
-2.977100
-2.803200
-2.634500
-2.476100
-2.331700
-2.203800
-2.094000
-2.002800
-1.930400
-1.876200
-1.839400
-1.818600
-1.812200
-1.818100
-1.833800
-1.856500
-1.883100
-1.910600
-1.936200
-1.957400
-1.972600
-1.980700
-1.980800
-1.972100
-1.953700
-1.924200
-1.881900
-1.825000
-1.751600
-1.660200
-1.550000
-1.421300
-1.275800
-1.116500
-0.948100
-0.776400
-0.608000
-0.449500
-0.307400
-0.187100
-0.092400
-0.025400
0.014000
0.028600
0.022900
0.003600
-0.021300
-0.043500
-0.055000
-0.049500
-0.022700
0.026500
0.096700
0.183800
0.282300
0.385800
0.488000
0.583900
0.669200
0.741200
0.798300
0.839800
0.865800
0.876400
0.872600
0.855200
0.825400
0.784500
0.733900
0.675500
0.611100
0.542800
0.473100
0.404300
0.339100
0.280000
0.229000
0.187900
0.157700
0.138300
0.128900
0.127900
0.132900
0.141400
0.150600
0.158300
0.162500
0.161600
0.154600
0.140900
0.119700
0.090700
0.053200
0.006400
-0.050200
-0.117400
-0.195800
-0.285300
-0.385700
-0.496200
-0.615900
-0.743300
-0.876900
-1.015200
-1.156500
-1.299400
-1.442400
-1.584100
-1.722700
-1.856600
-1.983900
-2.102800
-2.211500
-2.308300
-2.391800
-2.460700
-2.514000
-2.551100
-2.571200
-2.574100
-2.559600
-2.527600
-2.478400
-2.412600
-2.331000
-2.234400
-2.124100
-2.001200
-1.866700
-1.721400
-1.566000
-1.401200
-1.228300
-1.048900
-0.865800
-0.682200
-0.502200
-0.329700
-0.168200
-0.020600
0.111100
0.226100
0.323600
0.403600
0.466000
0.511300
0.540300
0.554400
0.555500
0.546500
0.531000
0.513200
0.497600
0.488800
0.491200
0.508400
0.543600
0.599000
0.676000
0.775300
0.896600
1.039400
1.202200
1.383300
1.580500
1.791400
2.013500
2.244300
2.481900
2.724400
2.970600
3.219300
3.469400
3.720000
3.970500
4.220500
4.470100
4.719200
4.967500
5.213800
5.456000
5.691700
5.917900
6.132200
6.332600
6.518100
6.688300
6.842900
6.981200
7.101800
7.202300
7.279600
7.330500
7.351300
7.339400
7.292700
7.210200
7.092000
6.939700
6.755300
6.541600
6.300000
6.030700
5.731000
5.394900
5.013600
4.576100
4.070300
3.485300
2.813400
2.053100
1.212300
0.310400
-0.623100
-1.552200
-2.440900
-3.259600
-3.989900
-4.624600
-5.166000
-5.623300
-6.009200
-6.338300
-6.625400
-6.884400
-7.127000
-7.362600
-7.596900
-7.831800
-8.064200
-8.286300
-8.485700
-8.647300
-8.755300
-8.796500
-8.762000
-8.650100
-8.466300
-8.223200
-7.938100
-7.630100
-7.316900
-7.012200
-6.723900
-6.454000
-6.199200
-5.951300
-5.698900
-5.427500
-5.120900
-4.761300
-4.330900
-3.812500
-3.191100
-2.455500
-1.599900
-0.624900
0.460800
1.639900
2.885000
4.158500
5.415000
6.606100
7.687700
8.626500
9.403500
10.014500
10.465500
10.769100
10.941100
10.998800
10.959600
10.840300
10.657200
10.426100
10.162700
9.882300
9.599100
9.324900
9.068800
8.836000
8.628200
8.443900
8.279500
8.130100
7.990100
7.854100
7.716800
7.573500
7.419700
7.251400
7.064700
6.856000
6.621800
6.360000
6.069800
5.753200
5.415000
5.062800
4.706300
4.355800
4.020600
3.707700
3.420900
3.160900
2.926200
2.713100
2.517400
2.334800
2.161800
1.996400
1.838000
1.687000
1.544600
1.412000
1.289200
1.175300
1.067400
0.961400
0.851800
0.732100
0.595100
0.433400
0.239500
0.007100
-0.268800
-0.590600
-0.957500
-1.364700
-1.803900
-2.263400
-2.729700
-3.188700
-3.627400
-4.034900
-4.403100
-4.727100
-5.005100
-5.237500
-5.426500
-5.575000
-5.686000
-5.762200
-5.805800
-5.817700
-5.798200
-5.746700
-5.662200
-5.543900
-5.391300
-5.204900
-4.986900
-4.741500
-4.475000
-4.195400
-3.912000
-3.634500
-3.372100
-3.133300
-2.924900
-2.752100
-2.618500
-2.525900
-2.474200
-2.461600
-2.484800
-2.538900
-2.617700
-2.714400
-2.821600
-2.932300
-3.040300
-3.140600
-3.229300
-3.303900
-3.362700
-3.404700
-3.429100
-3.434800
-3.420800
-3.385700
-3.327900
-3.246000
-3.139100
-3.007000
-2.851100
-2.674100
-2.480400
-2.276200
-2.068900
-1.866600
-1.678000
-1.511300
-1.373500
-1.270000
-1.203900
-1.175700
-1.183200
-1.222100
-1.286200
-1.368000
-1.459100
-1.550900
-1.635000
-1.703900
-1.751600
-1.773800
-1.768500
-1.736200
-1.679800
-1.604100
-1.515900
-1.422800
-1.332900
-1.253800
-1.192000
-1.153300
-1.142000
-1.161300
-1.213000
-1.297800
-1.415000
-1.561800
-1.733700
-1.924100
-2.124700
-2.326300
-2.520000
-2.698200
-2.855100
-2.987300
-3.093300
-3.173100
-3.227600
-3.258100
-3.266100
-3.252700
-3.219000
-3.166400
-3.096200
-3.010700
-2.912500
-2.805500
-2.693600
-2.581300
-2.472500
-2.370900
-2.278800
-2.197700
-2.127500
-2.067100
-2.013900
-1.964200
-1.913700
-1.857000
-1.789000
-1.704900
-1.601000
-1.475200
-1.327200
-1.159100
-0.974800
-0.779500
-0.579100
-0.379000
-0.183900
0.002500
0.178100
0.341300
0.491300
0.628300
0.752600
0.864800
0.966100
1.057500
1.140200
1.215400
1.284000
1.346800
1.404400
1.457000
1.504600
1.546900
1.583600
1.614100
1.638100
1.655200
1.665200
1.668300
1.664800
1.655300
1.640800
1.622800
1.603100
1.583500
1.566100
1.552800
1.544900
1.543100
1.547600
1.557200
1.570400
1.584600
1.596900
1.604000
1.602700
1.589900
1.563000
1.520400
1.461400
1.386700
1.298200
1.199300
1.094400
0.988700
0.888300
0.799000
0.726400
0.675700
0.651000
0.655700
0.692200
0.762300
0.867400
1.008300
1.185300
1.397900
1.644000
1.919600
2.217900
2.529400
2.842500
3.144000
3.421400
3.663800
3.863400
4.015500
4.118900
4.174900
4.186400
4.157900
4.093900
3.998900
3.876900
3.730900
3.563300
3.375700
3.169600
2.946700
2.709100
2.459900
2.202600
1.941200
1.679600
1.421800
1.171000
0.929900
0.700600
0.484800
0.283800
0.098500
-0.070400
-0.222800
-0.358800
-0.479000
-0.584100
-0.675100
-0.752800
-0.818100
-0.871500
-0.913700
-0.944800
-0.965400
-0.975900
-0.976900
-0.969100
-0.953300
-0.930400
-0.901100
-0.865900
-0.825000
-0.778400
-0.725500
-0.665200
-0.596500
-0.518100
-0.429300
-0.330000
-0.221300
-0.105500
0.013900
0.132900
0.246900
0.352000
0.445300
0.525000
0.590800
0.643700
0.685500
0.718600
0.745800
0.769700
0.792600
0.816600
0.843100
0.872600
0.905400
0.941000
0.978600
1.017200
1.056000
1.093800
1.130100
1.164100
1.194900
1.221700
1.243300
1.258100
1.264100
1.259000
1.240300
1.205300
1.151900
1.078000
0.982600
0.865300
0.726700
0.568200
0.391700
0.199700
-0.004900
-0.219100
-0.438900
-0.659400
-0.874300
-1.075900
-1.255200
-1.402500
-1.507200
-1.559400
-1.550100
-1.472000
-1.320600
-1.095000
-0.799000
-0.442000
-0.038500
0.392600
0.831100
1.257800
1.657300
2.019200
2.338500
2.614000
2.847600
3.042300
3.202100
3.330600
3.430800
3.505100
3.554500
3.579800
3.580700
3.556800
3.507400
3.432100
3.330900
3.204900
3.056100
2.888400
2.706600
2.516700
2.324900
2.136500
1.955600
1.784500
1.623300
1.470200
1.321800
1.173000
1.018200
0.851300
0.666300
0.458400
0.224000
-0.038100
-0.326900
-0.637500
-0.962200
-1.290500
-1.610800
-1.911800
-2.184200
-2.421300
-2.619600
-2.778300
-2.898900
-2.984700
-3.040000
-3.069800
-3.078900
-3.072100
-3.053400
-3.025800
-2.991500
-2.951800
-2.907300
-2.858100
-2.804200
-2.745600
-2.682700
-2.616000
-2.546600
-2.475700
-2.404700
-2.335000
-2.268200
-2.205800
-2.149200
-2.100100
-2.059900
-2.030500
-2.013700
-2.011500
-2.025900
-2.058600
-2.110700
-2.182400
-2.272600
-2.378300
-2.495200
-2.616700
-2.735200
-2.841900
-2.927700
-2.983400
-2.999900
-2.968700
-2.882100
-2.733300
-2.517000
-2.230500
-1.874300
-1.452600
-0.974200
-0.451600
0.100100
0.664700
1.226300
1.770600
2.285700
2.762300
3.193500
3.574600
3.902500
4.175900
4.394800
4.560500
4.675500
4.742900
4.767000
4.752500
4.704400
4.628300
4.529700
4.414200
4.287500
4.154800
4.021200
3.891300
3.768900
3.657100
3.557800
3.472100
3.399700
3.339600
3.289700
3.247700
3.210700
3.175800
3.140000
3.100900
3.056300
3.004300
2.943500
2.873000
2.792400
2.701700
2.601300
2.492300
2.375800
2.253900
2.129000
2.004100
1.883200
1.771400
1.674900
1.601000
1.557000
1.548600
