0.000000	-1.720700
0.690008	-1.761500
1.380015	-1.823100
2.070023	-1.901200
2.760031	-1.990800
3.450039	-2.086400
4.140046	-2.182500
4.830054	-2.273900
5.520062	-2.356300
6.210070	-2.426000
6.900077	-2.480300
7.590085	-2.517100
8.280093	-2.535300
8.970101	-2.534000
9.660108	-2.512900
10.350116	-2.472300
11.040124	-2.412900
11.730131	-2.336100
12.420139	-2.243900
13.110147	-2.138900
13.800155	-2.024200
14.490162	-1.903500
15.180170	-1.780400
15.870178	-1.658800
16.560186	-1.542300
17.250193	-1.434400
17.940201	-1.338300
18.630209	-1.256800
19.320217	-1.191800
20.010224	-1.144800
20.700232	-1.116200
21.390240	-1.105700
22.080247	-1.112100
22.770255	-1.133600
23.460263	-1.167500
24.150271	-1.210700
24.840278	-1.259600
25.530286	-1.310800
26.220294	-1.361100
26.910302	-1.407800
27.600309	-1.449200
28.290317	-1.484400
28.980325	-1.513500
29.670333	-1.537300
30.360340	-1.557200
31.050348	-1.574900
31.740356	-1.592500
32.430364	-1.612000
33.120371	-1.635100
33.810379	-1.663400
34.500387	-1.698300
35.190394	-1.740400
35.880402	-1.790000
36.570410	-1.847000
37.260418	-1.910800
37.950425	-1.980200
38.640433	-2.054000
39.330441	-2.130600
40.020449	-2.208100
40.710456	-2.284400
41.400464	-2.356800
42.090472	-2.422300
42.780480	-2.477400
43.470487	-2.518100
44.160495	-2.540300
44.850503	-2.539700
45.540510	-2.512300
46.230518	-2.454500
46.920526	-2.363200
47.610534	-2.236000
48.300541	-2.071000
48.990549	-1.866900
49.680557	-1.623300
50.370565	-1.340500
51.060572	-1.019400
51.750580	-0.661900
52.440588	-0.270100
53.130596	0.153400
53.820603	0.605600
54.510611	1.082300
55.200619	1.577100
55.890626	2.080700
56.580634	2.580800
57.270642	3.063400
57.960650	3.514400
58.650657	3.922700
59.340665	4.280900
60.030673	4.586800
60.720681	4.842700
61.410688	5.053900
62.100696	5.227900
62.790704	5.372900
63.480712	5.497600
64.170719	5.610000
64.860727	5.717000
65.550735	5.824000
66.240742	5.935000
66.930750	6.052400
67.620758	6.176900
68.310766	6.307900
69.000773	6.443800
69.690781	6.581900
70.380789	6.718800
71.070797	6.851000
71.760804	6.974700
72.450812	7.086400
73.140820	7.182800
73.830828	7.261800
74.520835	7.321600
75.210843	7.361100
75.900851	7.379800
76.590859	7.377700
77.280866	7.355100
77.970874	7.312400
78.660882	7.250500
79.350889	7.170600
80.040897	7.074000
80.730905	6.962600
81.420913	6.838400
82.110920	6.703700
82.800928	6.561000
83.490936	6.412200
84.180944	6.259000
84.870951	6.102000
85.560959	5.941100
86.250967	5.775100
86.940975	5.602300
87.630982	5.420900
88.320990	5.229500
89.010998	5.028000
89.701005	4.817800
90.391013	4.602800
91.081021	4.388800
91.771029	4.182900
92.461036	3.992800
93.151044	3.824900
93.841052	3.683500
94.531060	3.570300
95.221067	3.484600
95.911075	3.423500
96.601083	3.382800
97.291091	3.358100
97.981098	3.344800
98.671106	3.338700
99.361114	3.336500
100.051121	3.335600
100.741129	3.334400
101.431137	3.332100
102.121145	3.328700
102.811152	3.324400
103.501160	3.319900
104.191168	3.315900
104.881176	3.313200
105.571183	3.312100
106.261191	3.313100
106.951199	3.315900
107.641207	3.320300
108.331214	3.325400
109.021222	3.329700
109.711230	3.331100
110.401237	3.326700
111.091245	3.312500
111.781253	3.283700
112.471261	3.234400
113.161268	3.157700
113.851276	3.046000
114.541284	2.891300
115.231292	2.685800
115.921299	2.422600
116.611307	2.096700
117.301315	1.706800
117.991323	1.256500
118.681330	0.755700
119.371338	0.220700
120.061346	-0.327200
120.751353	-0.864400
121.441361	-1.368400
122.131369	-1.821100
122.821377	-2.210700
123.511384	-2.532300
124.201392	-2.787000
124.891400	-2.980900
125.581408	-3.122400
126.271415	-3.221800
126.961423	-3.289200
127.651431	-3.334100
128.341439	-3.364600
129.031446	-3.386700
129.721454	-3.404500
130.411462	-3.419900
131.101470	-3.433200
131.791477	-3.443500
132.481485	-3.449300
133.171493	-3.448800
133.861500	-3.440400
134.551508	-3.422900
135.241516	-3.395500
135.931524	-3.358100
136.621531	-3.311200
137.311539	-3.256200
138.001547	-3.195000
138.691555	-3.129800
139.381562	-3.062900
140.071570	-2.996400
140.761578	-2.931400
141.451586	-2.868700
142.141593	-2.807900
142.831601	-2.748100
143.521609	-2.687900
144.211616	-2.625800
144.901624	-2.559900
145.591632	-2.488800
146.281640	-2.410900
146.971647	-2.325200
147.661655	-2.230900
148.351663	-2.127900
149.041671	-2.016300
149.731678	-1.897200
150.421686	-1.772200
151.111694	-1.643500
151.801702	-1.514100
152.491709	-1.388000
153.181717	-1.269800
153.871725	-1.165100
154.561732	-1.079800
155.251740	-1.020000
155.941748	-0.991500
156.631756	-0.998700
157.321763	-1.044800
158.011771	-1.130400
158.701779	-1.253600
159.391787	-1.410000
160.081794	-1.592300
160.771802	-1.791400
161.461810	-1.996400
162.151818	-2.196100
162.841825	-2.379800
163.531833	-2.538200
164.221841	-2.664300
164.911848	-2.753300
165.601856	-2.802700
166.291864	-2.812500
166.981872	-2.784300
167.671879	-2.721900
168.361887	-2.630400
169.051895	-2.516700
169.741903	-2.388700
170.431910	-2.255400
171.121918	-2.125800
171.811926	-2.009100
172.501934	-1.913100
173.191941	-1.844600
173.881949	-1.808700
174.571957	-1.808200
175.261964	-1.844700
175.951972	-1.917300
176.641980	-2.023900
177.331988	-2.160500
178.021995	-2.321700
178.712003	-2.501200
179.402011	-2.691700
180.092019	-2.886300
180.782026	-3.078400
181.472034	-3.262700
182.162042	-3.435500
182.852050	-3.595000
183.542057	-3.740900
184.232065	-3.874200
184.922073	-3.996600
185.612081	-4.109700
186.302088	-4.214900
186.992096	-4.312200
187.682104	-4.400900
188.372111	-4.479000
189.062119	-4.544000
189.752127	-4.593200
190.442135	-4.624500
191.132142	-4.636500
191.822150	-4.628500
192.512158	-4.600400
193.202166	-4.552700
193.892173	-4.485400
194.582181	-4.398500
195.272189	-4.291100
195.962197	-4.161300
196.652204	-4.006500
197.342212	-3.823200
198.032220	-3.607500
198.722227	-3.355500
199.412235	-3.064700
200.102243	-2.734100
200.792251	-2.366100
201.482258	-1.966500
202.172266	-1.545000
202.862274	-1.114000
203.552282	-0.687100
204.242289	-0.276800
204.932297	0.106500
205.622305	0.456300
206.312313	0.768800
207.002320	1.043200
207.692328	1.280300
208.382336	1.482500
209.072343	1.653200
209.762351	1.796900
210.452359	1.919000
211.142367	2.025700
211.832374	2.124400
212.522382	2.223000
213.212390	2.329800
213.902398	2.452900
214.592405	2.600000
215.282413	2.777300
215.972421	2.989200
216.662429	3.237600
217.352436	3.520500
218.042444	3.832000
218.732452	4.161900
219.422459	4.496500
220.112467	4.820500
220.802475	5.118600
221.492483	5.377200
222.182490	5.585600
222.872498	5.736000
223.562506	5.823200
224.252514	5.843700
224.942521	5.796000
225.632529	5.679500
226.322537	5.495500
227.012545	5.247000
227.702552	4.939600
228.392560	4.582200
229.082568	4.187400
229.772576	3.771000
230.462583	3.350600
231.152591	2.943500
231.842599	2.565000
232.532606	2.226500
233.222614	1.934800
233.912622	1.692200
234.602630	1.497000
235.292637	1.344600
235.982645	1.228600
236.672653	1.141700
237.362661	1.076500
238.052668	1.026600
238.742676	0.986000
239.432684	0.950200
240.122692	0.915400
240.812699	0.879200
241.502707	0.839900
242.192715	0.796300
242.882722	0.747900
243.572730	0.694000
244.262738	0.633900
244.952746	0.566600
245.642753	0.490000
246.332761	0.401700
247.022769	0.298000
247.712777	0.175200
248.402784	0.029100
249.092792	-0.143700
249.782800	-0.345200
250.472808	-0.575900
251.162815	-0.833000
251.852823	-1.110800
252.542831	-1.400800
253.232838	-1.692800
253.922846	-1.975800
254.612854	-2.239600
255.302862	-2.475200
255.992869	-2.676100
256.682877	-2.837900
257.372885	-2.958400
258.062893	-3.037300
258.752900	-3.075700
259.442908	-3.075800
260.132916	-3.040500
260.822924	-2.973400
261.512931	-2.878600
262.202939	-2.760400
262.892947	-2.623600
263.582954	-2.473300
264.272962	-2.314900
264.962970	-2.153100
265.652978	-1.992700
266.342985	-1.837300
267.032993	-1.690000
267.723001	-1.552900
268.413009	-1.427400
269.103016	-1.314200
269.793024	-1.213300
270.483032	-1.124300
271.173040	-1.046300
271.863047	-0.977900
272.553055	-0.917300
273.243063	-0.862400
273.933070	-0.811200
274.623078	-0.761000
275.313086	-0.709200
276.003094	-0.653000
276.693101	-0.589400
277.383109	-0.515200
278.073117	-0.427400
278.763125	-0.323200
279.453132	-0.200500
280.143140	-0.057900
280.833148	0.104400
281.523156	0.284000
282.213163	0.476300
282.903171	0.674500
283.593179	0.869400
284.283187	1.051100
284.973194	1.209100
285.663202	1.333900
286.353210	1.417500
287.043217	1.453400
287.733225	1.437400
288.423233	1.367100
289.113241	1.242200
289.803248	1.064800
290.493256	0.838900
291.183264	0.570300
291.873272	0.266000
292.563279	-0.067400
293.253287	-0.424200
293.943295	-0.800700
294.633303	-1.194500
295.323310	-1.604400
296.013318	-2.029800
296.703326	-2.469300
297.393333	-2.919800
298.083341	-3.375700
298.773349	-3.827900
299.463357	-4.265200
300.153364	-4.675300
300.843372	-5.047500
301.533380	-5.373800
302.223388	-5.649700
302.913395	-5.874100
303.603403	-6.047900
304.293411	-6.172900
304.983419	-6.251000
305.673426	-6.283300
306.363434	-6.269600
307.053442	-6.208800
307.743449	-6.098300
308.433457	-5.934800
309.123465	-5.715200
309.813473	-5.437300
310.503480	-5.101400
311.193488	-4.711600
311.883496	-4.276900
312.573504	-3.810600
313.263511	-3.329500
313.953519	-2.851000
314.643527	-2.390900
315.333535	-1.960800
316.023542	-1.568400
316.713550	-1.216600
317.403558	-0.905400
318.093565	-0.632400
318.783573	-0.394300
319.473581	-0.187000
320.163589	-0.006500
320.853596	0.150500
321.543604	0.287200
322.233612	0.406300
322.923620	0.510300
323.613627	0.601500
324.303635	0.682200
324.993643	0.754800
325.683651	0.821600
326.373658	0.885000
327.063666	0.947700
327.753674	1.012100
328.443681	1.080900
329.133689	1.156300
329.823697	1.240500
330.513705	1.335000
331.203712	1.440700
331.893720	1.557800
332.583728	1.685400
333.273736	1.821900
333.963743	1.965000
334.653751	2.111900
335.343759	2.259600
336.033767	2.405400
336.723774	2.547200
337.413782	2.683000
338.103790	2.811500
338.793798	2.931100
339.483805	3.040500
340.173813	3.137800
340.863821	3.220900
341.553828	3.287600
342.243836	3.335300
342.933844	3.361800
343.623852	3.365100
344.313859	3.343500
345.003867	3.296200
345.693875	3.223200
346.383883	3.125200
347.073890	3.003900
347.763898	2.862000
348.453906	2.702600
349.143914	2.529200
349.833921	2.345200
350.523929	2.153200
351.213937	1.954700
351.903944	1.750700
352.593952	1.541100
353.283960	1.326000
353.973968	1.106100
354.663975	0.883200
355.353983	0.660100
356.043991	0.441200
356.733999	0.230900
357.424006	0.034000
358.114014	-0.145900
358.804022	-0.306000
359.494030	-0.444600
360.184037	-0.560200
360.874045	-0.651200
361.564053	-0.715600
362.254060	-0.750800
362.944068	-0.753900
363.634076	-0.722000
364.324084	-0.653000
365.014091	-0.545400
365.704099	-0.399400
366.394107	-0.216600
367.084115	-0.000500
367.774122	0.243300
368.464130	0.506700
369.154138	0.780000
369.844146	1.052400
370.534153	1.313200
371.224161	1.553200
371.914169	1.765100
372.604176	1.944600
373.294184	2.089900
373.984192	2.201700
374.674200	2.282700
375.364207	2.336900
376.054215	2.369500
376.744223	2.386300
377.434231	2.393000
378.124238	2.395400
378.814246	2.398300
379.504254	2.405900
380.194262	2.421200
380.884269	2.446400
381.574277	2.482300
382.264285	2.529000
382.954293	2.585800
383.644300	2.651200
384.334308	2.723200
385.024316	2.799900
385.714323	2.878800
386.404331	2.957900
387.094339	3.035300
387.784347	3.109300
388.474354	3.178400
389.164362	3.241200
389.854370	3.296500
390.544378	3.343200
391.234385	3.380300
391.924393	3.406900
392.614401	3.422800
393.304409	3.427900
393.994416	3.422700
394.684424	3.408000
395.374432	3.384900
396.064439	3.354500
396.754447	3.317900
397.444455	3.276100
398.134463	3.229500
398.824470	3.178300
399.514478	3.122100
400.204486	3.060300
400.894494	2.992000
401.584501	2.916300
402.274509	2.832800
402.964517	2.741100
403.654525	2.642300
404.344532	2.538100
405.034540	2.431400
405.724548	2.326100
406.414555	2.226600
407.104563	2.137300
407.794571	2.061800
408.484579	2.003000
409.174586	1.962200
409.864594	1.939500
410.554602	1.934000
411.244610	1.943900
411.934617	1.966600
412.624625	1.999100
413.314633	2.037800
414.004641	2.078900
414.694648	2.118400
415.384656	2.152100
416.074664	2.176200
416.764671	2.187000
417.454679	2.181600
418.144687	2.157500
418.834695	2.113500
419.524702	2.049200
420.214710	1.965200
420.904718	1.863600
421.594726	1.746900
422.284733	1.618600
422.974741	1.482000
423.664749	1.340100
424.354757	1.195000
425.044764	1.047700
425.734772	0.898300
426.424780	0.746000
427.114787	0.589600
427.804795	0.427800
428.494803	0.259700
429.184811	0.085300
429.874818	-0.094700
430.564826	-0.278000
431.254834	-0.461200
431.944842	-0.639700
432.634849	-0.808500
433.324857	-0.962400
434.014865	-1.097000
434.704873	-1.209100
435.394880	-1.296600
436.084888	-1.358800
436.774896	-1.395900
437.464904	-1.408700
438.154911	-1.398900
438.844919	-1.368400
439.534927	-1.319700
440.224934	-1.255700
440.914942	-1.179700
441.604950	-1.095400
442.294958	-1.006500
442.984965	-0.916500
443.674973	-0.828500
444.364981	-0.744700
445.054989	-0.666800
445.744996	-0.595700
446.435004	-0.531800
447.125012	-0.475200
447.815020	-0.425800
448.505027	-0.383900
449.195035	-0.349800
449.885043	-0.324300
450.575050	-0.308900
451.265058	-0.305500
451.955066	-0.317000
452.645074	-0.346800
453.335081	-0.399600
454.025089	-0.480600
454.715097	-0.596000
455.405105	-0.752100
456.095112	-0.954900
456.785120	-1.209700
457.475128	-1.519300
458.165136	-1.883300
458.855143	-2.297000
459.545151	-2.750600
460.235159	-3.229400
460.925166	-3.714700
461.615174	-4.186100
462.305182	-4.624400
462.995190	-5.013800
463.685197	-5.343600
464.375205	-5.609200
465.065213	-5.810700
465.755221	-5.951900
466.445228	-6.038900
467.135236	-6.078500
467.825244	-6.077500
468.515252	-6.042200
469.205259	-5.977800
469.895267	-5.888100
470.585275	-5.776200
471.275282	-5.643900
471.965290	-5.492900
472.655298	-5.324300
473.345306	-5.139400
474.035313	-4.940000
474.725321	-4.727900
475.415329	-4.505200
476.105337	-4.273000
476.795344	-4.031300
477.485352	-3.778600
478.175360	-3.511700
478.865368	-3.226600
479.555375	-2.919600
480.245383	-2.588000
480.935391	-2.232100
481.625398	-1.855000
482.315406	-1.463500
483.005414	-1.068000
483.695422	-0.682000
484.385429	-0.321300
485.075437	-0.002600
485.765445	0.258300
486.455453	0.448100
487.145460	0.557100
487.835468	0.579900
488.525476	0.515900
489.215484	0.369300
489.905491	0.148500
490.595499	-0.133800
491.285507	-0.462000
491.975515	-0.818500
492.665522	-1.184800
493.355530	-1.542900
494.045538	-1.876400
494.735545	-2.171500
495.425553	-2.417600
496.115561	-2.607900
496.805569	-2.738700
497.495576	-2.809600
498.185584	-2.822700
498.875592	-2.782500
499.565600	-2.695400
500.255607	-2.569000
500.945615	-2.412200
501.635623	-2.234300
502.325631	-2.044000
503.015638	-1.849200
503.705646	-1.655400
504.395654	-1.466100
505.085661	-1.282100
505.775669	-1.102000
506.465677	-0.923000
507.155685	-0.741100
507.845692	-0.552000
508.535700	-0.351500
509.225708	-0.136400
509.915716	0.096000
510.605723	0.347100
511.295731	0.617000
511.985739	0.905100
512.675747	1.209100
513.365754	1.525100
514.055762	1.847100
514.745770	2.166400
515.435777	2.472900
516.125785	2.755800
516.815793	3.005600
517.505801	3.215300
518.195808	3.381200
518.885816	3.502700
519.575824	3.581800
520.265832	3.622500
520.955839	3.630200
521.645847	3.611000
522.335855	3.571400
523.025863	3.517800
523.715870	3.456200
524.405878	3.391900
525.095886	3.329600
525.785893	3.272900
526.475901	3.224600
527.165909	3.186500
527.855917	3.159400
528.545924	3.142700
529.235932	3.135300
529.925940	3.134700
530.615948	3.138000
531.305955	3.141800
531.995963	3.142600
532.685971	3.137500
533.375979	3.124200
534.065986	3.101300
534.755994	3.068600
535.446002	3.026400
536.136010	2.975600
536.826017	2.917200
537.516025	2.851700
538.206033	2.779300
538.896040	2.699500
539.586048	2.611300
540.276056	2.513000
540.966064	2.402800
541.656071	2.278700
542.346079	2.138700
543.036087	1.981300
543.726095	1.805900
544.416102	1.612700
545.106110	1.403200
545.796118	1.180500
546.486126	0.948500
547.176133	0.712300
547.866141	0.477000
548.556149	0.246900
549.246156	0.024800
549.936164	-0.188800
550.626172	-0.395700
551.316180	-0.600300
552.006187	-0.807900
552.696195	-1.025100
553.386203	-1.258200
554.076211	-1.512500
554.766218	-1.791200
555.456226	-2.094600
556.146234	-2.420000
556.836242	-2.761100
557.526249	-3.109500
558.216257	-3.455800
558.906265	-3.790800
559.596272	-4.106900
560.286280	-4.398600
560.976288	-4.662400
561.666296	-4.896500
562.356303	-5.100700
563.046311	-5.275600
563.736319	-5.422700
564.426327	-5.543700
565.116334	-5.640900
565.806342	-5.716200
566.496350	-5.771900
567.186358	-5.809800
567.876365	-5.831700
568.566373	-5.839100
569.256381	-5.833400
569.946388	-5.816200
570.636396	-5.788800
571.326404	-5.752700
572.016412	-5.709100
572.706419	-5.659500
573.396427	-5.605000
574.086435	-5.546600
574.776443	-5.485200
575.466450	-5.421400
576.156458	-5.355400
576.846466	-5.287300
577.536474	-5.216900
578.226481	-5.144200
578.916489	-5.068900
579.606497	-4.990800
580.296504	-4.909600
580.986512	-4.825400
581.676520	-4.737800
582.366528	-4.646400
583.056535	-4.550600
583.746543	-4.449500
584.436551	-4.342000
585.126559	-4.226800
585.816566	-4.102800
586.506574	-3.969200
587.196582	-3.825900
587.886590	-3.673000
588.576597	-3.511800
589.266605	-3.343900
589.956613	-3.171000
590.646621	-2.995100
591.336628	-2.817800
592.026636	-2.640300
592.716644	-2.463700
593.406651	-2.288800
594.096659	-2.116500
594.786667	-1.948600
595.476675	-1.786700
596.166682	-1.633500
596.856690	-1.491500
597.546698	-1.363100
598.236706	-1.250400
598.926713	-1.155200
599.616721	-1.078800
600.306729	-1.022200
600.996737	-0.986300
601.686744	-0.972200
602.376752	-0.981200
603.066760	-1.015200
603.756767	-1.076500
604.446775	-1.168600
605.136783	-1.295200
605.826791	-1.460700
606.516798	-1.669100
607.206806	-1.923800
607.896814	-2.226000
608.586822	-2.574000
609.276829	-2.962100
609.966837	-3.380400
610.656845	-3.815300
611.346853	-4.251800
612.036860	-4.675100
612.726868	-5.072500
613.416876	-5.434500
614.106883	-5.754700
614.796891	-6.029400
615.486899	-6.256300
616.176907	-6.434300
616.866914	-6.562600
617.556922	-6.640900
618.246930	-6.669100
618.936938	-6.647300
619.626945	-6.575400
620.316953	-6.452600
621.006961	-6.277500
621.696969	-6.047300
622.386976	-5.758700
623.076984	-5.407300
623.766992	-4.989200
624.456999	-4.502200
625.147007	-3.947200
625.837015	-3.330100
626.527023	-2.662800
627.217030	-1.962300
627.907038	-1.249500
628.597046	-0.546100
629.287054	0.128900
629.977061	0.762000
630.667069	1.346800
631.357077	1.884600
632.047085	2.383400
632.737092	2.855800
633.427100	3.317000
634.117108	3.781400
634.807115	4.260900
635.497123	4.761800
636.187131	5.282900
636.877139	5.816000
637.567146	6.346600
638.257154	6.856900
638.947162	7.329700
639.637170	7.751100
640.327177	8.112100
641.017185	8.408400
641.707193	8.639600
642.397201	8.807500
643.087208	8.914800
643.777216	8.964100
644.467224	8.957600
645.157232	8.896500
645.847239	8.781900
646.537247	8.615100
647.227255	8.398100
647.917262	8.134200
648.607270	7.827700
649.297278	7.483900
649.987286	7.108500
650.677293	6.707300
651.367301	6.286300
652.057309	5.852600
652.747317	5.414800
653.437324	4.983500
654.127332	4.571100
654.817340	4.190000
655.507348	3.851800
656.197355	3.565400
656.887363	3.336200
657.577371	3.166800
658.267378	3.056800
658.957386	3.003700
659.647394	3.003700
660.337402	3.051600
661.027409	3.141100
661.717417	3.264700
662.407425	3.413400
663.097433	3.577400
663.787440	3.746300
664.477448	3.909800
665.167456	4.058800
665.857464	4.185800
666.547471	4.285500
667.237479	4.354800
667.927487	4.392700
668.617494	4.399500
669.307502	4.376800
669.997510	4.326600
670.687518	4.250700
671.377525	4.151000
672.067533	4.029100
672.757541	3.886000
673.447549	3.722700
674.137556	3.540500
674.827564	3.341000
675.517572	3.126900
676.207580	2.902000
676.897587	2.671900
677.587595	2.443300
678.277603	2.223900
678.967610	2.021300
679.657618	1.842800
680.347626	1.693500
681.037634	1.576600
681.727641	1.492800
682.417649	1.440200
683.107657	1.415200
683.797665	1.412400
684.487672	1.425600
685.177680	1.448200
685.867688	1.473300
686.557696	1.494800
687.247703	1.506800
687.937711	1.504500
688.627719	1.484500
689.317727	1.444100
690.007734	1.382000
690.697742	1.298100
691.387750	1.192900
692.077757	1.067400
692.767765	0.923100
693.457773	0.761700
694.147781	0.585700
694.837788	0.398000
695.527796	0.202200
696.217804	0.002600
696.907812	-0.195900
697.597819	-0.388100
698.287827	-0.569300
698.977835	-0.734800
699.667843	-0.881400
700.357850	-1.007300
701.047858	-1.112400
701.737866	-1.198800
702.427873	-1.270400
703.117881	-1.332200
703.807889	-1.390600
704.497897	-1.452400
705.187904	-1.524500
705.877912	-1.613700
706.567920	-1.725600
707.257928	-1.865100
707.947935	-2.034700
708.637943	-2.235100
709.327951	-2.463900
710.017959	-2.716400
710.707966	-2.985700
711.397974	-3.264100
712.087982	-3.543600
712.777989	-3.817700
713.467997	-4.081500
714.158005	-4.332000
714.848013	-4.567500
715.538020	-4.787100
716.228028	-4.990100
716.918036	-5.175700
717.608044	-5.343000
718.298051	-5.491400
718.988059	-5.620700
719.678067	-5.731100
720.368075	-5.823400
721.058082	-5.898200
721.748090	-5.956100
722.438098	-5.997100
723.128105	-6.020400
723.818113	-6.024500
724.508121	-6.007600
725.198129	-5.967200
725.888136	-5.901400
726.578144	-5.809000
727.268152	-5.690500
727.958160	-5.547900
728.648167	-5.385200
729.338175	-5.207200
730.028183	-5.019000
730.718191	-4.825000
731.408198	-4.628100
732.098206	-4.430000
732.788214	-4.231000
733.478221	-4.031000
734.168229	-3.829500
734.858237	-3.626700
735.548245	-3.423200
736.238252	-3.220500
736.928260	-3.020500
737.618268	-2.825100
738.308276	-2.635700
738.998283	-2.452800
739.688291	-2.275600
740.378299	-2.101900
741.068307	-1.928100
741.758314	-1.749000
742.448322	-1.558400
743.138330	-1.349100
743.828338	-1.113400
744.518345	-0.843300
745.208353	-0.530800
745.898361	-0.168200
746.588368	0.251400
747.278376	0.733400
747.968384	1.279400
748.658392	1.885800
749.348399	2.540700
750.038407	3.223700
750.728415	3.908800
751.418423	4.568800
752.108430	5.180700
752.798438	5.729400
753.488446	6.207900
754.178454	6.615800
754.868461	6.957600
755.558469	7.240100
756.248477	7.471200
756.938484	7.658400
757.628492	7.807700
758.318500	7.923600
759.008508	8.008700
759.698515	8.063600
760.388523	8.087300
761.078531	8.077500
761.768539	8.030700
762.458546	7.942500
763.148554	7.808700
763.838562	7.625300
764.528570	7.389800
765.218577	7.101400
765.908585	6.762200
766.598593	6.377000
767.288600	5.952800
767.978608	5.498100
768.668616	5.021800
769.358624	4.532800
770.048631	4.039700
770.738639	3.550700
771.428647	3.074200
772.118655	2.618500
772.808662	2.191600
773.498670	1.800800
774.188678	1.452100
774.878686	1.150200
775.568693	0.897700
776.258701	0.695500
776.948709	0.542000
777.638716	0.433500
778.328724	0.363600
779.018732	0.323100
779.708740	0.300500
780.398747	0.281600
781.088755	0.250400
781.778763	0.189600
782.468771	0.081300
783.158778	-0.091200
783.848786	-0.342300
784.538794	-0.682300
785.228802	-1.114600
785.918809	-1.634400
786.608817	-2.228200
787.298825	-2.874000
787.988833	-3.544900
788.678840	-4.212400
789.368848	-4.850500
790.058856	-5.438500
790.748863	-5.962000
791.438871	-6.412100
792.128879	-6.784600
792.818887	-7.078900
