0.000000	-8.259600
0.690001	-8.320300
1.380001	-8.342700
2.070002	-8.324500
2.760002	-8.264200
3.450003	-8.161700
4.140003	-8.018100
4.830004	-7.835500
5.520004	-7.618000
6.210005	-7.370600
6.900005	-7.099900
7.590006	-6.813900
8.280006	-6.522000
8.970007	-6.234300
9.660007	-5.961300
10.350008	-5.712400
11.040009	-5.495000
11.730009	-5.313300
12.420010	-5.168000
13.110010	-5.055600
13.800011	-4.969700
14.490011	-4.900900
15.180012	-4.838300
15.870012	-4.770300
16.560013	-4.685200
17.250013	-4.572500
17.940014	-4.423600
18.630014	-4.232700
19.320015	-3.997900
20.010015	-3.721900
20.700016	-3.412000
21.390016	-3.080500
22.080017	-2.742700
22.770018	-2.414800
23.460018	-2.111700
24.150019	-1.845400
24.840019	-1.623800
25.530020	-1.451300
26.220020	-1.328800
26.910021	-1.255300
27.600021	-1.228000
28.290022	-1.243400
28.980022	-1.297400
29.670023	-1.385200
30.360023	-1.502200
31.050024	-1.643400
31.740024	-1.803600
32.430025	-1.978100
33.120026	-2.161700
33.810026	-2.349400
34.500027	-2.536000
35.190027	-2.716400
35.880028	-2.885500
36.570028	-3.038900
37.260029	-3.173100
37.950029	-3.285200
38.640030	-3.373300
39.330030	-3.436500
40.020031	-3.474300
40.710031	-3.486900
41.400032	-3.475200
42.090032	-3.440600
42.780033	-3.384900
43.470033	-3.310500
44.160034	-3.219900
44.850035	-3.116000
45.540035	-3.001600
46.230036	-2.879600
46.920036	-2.752700
47.610037	-2.623600
48.300037	-2.494400
48.990038	-2.366800
49.680038	-2.241700
50.370039	-2.119100
51.060039	-1.998200
51.750040	-1.877400
52.440040	-1.754700
53.130041	-1.627600
53.820041	-1.493400
54.510042	-1.349800
55.200043	-1.194100
55.890043	-1.024600
56.580044	-0.839900
57.270044	-0.639800
57.960045	-0.425000
58.650045	-0.197400
59.340046	0.040100
60.030046	0.283700
60.720047	0.528400
61.410047	0.768800
62.100048	1.000900
62.790048	1.221500
63.480049	1.428600
64.170049	1.621300
64.860050	1.799600
65.550050	1.964900
66.240051	2.118800
66.930052	2.263500
67.620052	2.400900
68.310053	2.532800
69.000053	2.660700
69.690054	2.785600
70.380054	2.908100
71.070055	3.027800
71.760055	3.143500
72.450056	3.253400
73.140056	3.355500
73.830057	3.448200
74.520057	3.530400
75.210058	3.601300
75.900058	3.660800
76.590059	3.709200
77.280060	3.747200
77.970060	3.775600
78.660061	3.795700
79.350061	3.809300
80.040062	3.818400
80.730062	3.825500
81.420063	3.832500
82.110063	3.841200
82.800064	3.853100
83.490064	3.868800
84.180065	3.888900
84.870065	3.913200
85.560066	3.941300
86.250066	3.972600
86.940067	4.006100
87.630068	4.041000
88.320068	4.076700
89.010069	4.112300
89.700069	4.147200
90.390070	4.181000
91.080070	4.213000
91.770071	4.242600
92.460071	4.269100
93.150072	4.291800
93.840072	4.309900
94.530073	4.322700
95.220073	4.329500
95.910074	4.329700
96.600074	4.323000
97.290075	4.309400
97.980075	4.288700
98.670076	4.261500
99.360077	4.228000
100.050077	4.188900
100.740078	4.145000
101.430078	4.097100
102.120079	4.046200
102.810079	3.993300
103.500080	3.939600
104.190080	3.886100
104.880081	3.833800
105.570081	3.783400
106.260082	3.735700
106.950082	3.690800
107.640083	3.648900
108.330083	3.610100
109.020084	3.574100
109.710085	3.540700
110.400085	3.509500
111.090086	3.479800
111.780086	3.451200
112.470087	3.422800
113.160087	3.394000
113.850088	3.364100
114.540088	3.332700
115.230089	3.299900
115.920089	3.266200
116.610090	3.232500
117.300090	3.200000
117.990091	3.170100
118.680091	3.144100
119.370092	3.123300
120.060092	3.108600
120.750093	3.100700
121.440094	3.099900
122.130094	3.106200
122.820095	3.119100
123.510095	3.137700
124.200096	3.160800
124.890096	3.186700
125.580097	3.213400
126.270097	3.239100
126.960098	3.262100
127.650098	3.281000
128.340099	3.295000
129.030099	3.303600
129.720100	3.306700
130.410100	3.304700
131.100101	3.298000
131.790102	3.287200
132.480102	3.272900
133.170103	3.255900
133.860103	3.236900
134.550104	3.216500
135.240104	3.195400
135.930105	3.174100
136.620105	3.152700
137.310106	3.131200
138.000106	3.108900
138.690107	3.084500
139.380107	3.056000
140.070108	3.020300
140.760108	2.973300
141.450109	2.910200
142.140109	2.825500
142.830110	2.713200
143.520111	2.568000
144.210111	2.385000
144.900112	2.161100
145.590112	1.895000
146.280113	1.587200
146.970113	1.240300
147.660114	0.858100
148.350114	0.445800
149.040115	0.010000
149.730115	-0.441400
150.420116	-0.899500
151.110116	-1.354200
151.800117	-1.794700
152.490117	-2.210300
153.180118	-2.590500
153.870119	-2.926100
154.560119	-3.210000
155.250120	-3.437500
155.940120	-3.606400
156.630121	-3.716700
157.320121	-3.769700
158.010122	-3.767800
158.700122	-3.714000
159.390123	-3.612000
160.080123	-3.466200
160.770124	-3.282400
161.460124	-3.067700
162.150125	-2.830900
162.840125	-2.581800
163.530126	-2.331000
164.220127	-2.088500
164.910127	-1.863400
165.600128	-1.663200
166.290128	-1.493800
166.980129	-1.359700
167.670129	-1.264200
168.360130	-1.209700
169.050130	-1.197700
169.740131	-1.228100
170.430131	-1.299600
171.120132	-1.408600
171.810132	-1.549400
172.500133	-1.714300
173.190133	-1.894100
173.880134	-2.079400
174.570134	-2.261100
175.260135	-2.432000
175.950136	-2.586800
176.640136	-2.722700
177.330137	-2.838900
178.020137	-2.936300
178.710138	-3.017100
179.400138	-3.084100
180.090139	-3.140000
180.780139	-3.187700
181.470140	-3.229400
182.160140	-3.266200
182.850141	-3.298200
183.540141	-3.324400
184.230142	-3.342500
184.920142	-3.348900
185.610143	-3.339800
186.300144	-3.310700
186.990144	-3.257000
187.680145	-3.174900
188.370145	-3.061100
189.060146	-2.913500
189.750146	-2.731900
190.440147	-2.518300
191.130147	-2.277000
191.820148	-2.014900
192.510148	-1.740100
193.200149	-1.461700
193.890149	-1.188000
194.580150	-0.925600
195.270150	-0.679200
195.960151	-0.450900
196.650151	-0.240800
197.340152	-0.048000
198.030153	0.130200
198.720153	0.296100
199.410154	0.452300
200.100154	0.600800
200.790155	0.742600
201.480155	0.877900
202.170156	1.006000
202.860156	1.125300
203.550157	1.234100
204.240157	1.330400
204.930158	1.412700
205.620158	1.480100
206.310159	1.532200
207.000159	1.569200
207.690160	1.591700
208.380161	1.600700
209.070161	1.597500
209.760162	1.583200
210.450162	1.559000
211.140163	1.525800
211.830163	1.484400
212.520164	1.435100
213.210164	1.377700
213.900165	1.311900
214.590165	1.236900
215.280166	1.151600
215.970166	1.054900
216.660167	0.945700
217.350167	0.823000
218.040168	0.686200
218.730168	0.534800
219.420169	0.369200
220.110170	0.190300
220.800170	0.000300
221.490171	-0.197600
222.180171	-0.398400
222.870172	-0.596000
223.560172	-0.782800
224.250173	-0.951200
224.940173	-1.093900
225.630174	-1.204800
226.320174	-1.279400
227.010175	-1.315200
227.700175	-1.311800
228.390176	-1.270600
229.080176	-1.194800
229.770177	-1.089300
230.460178	-0.960300
231.150178	-0.815300
231.840179	-0.661900
232.530179	-0.508100
233.220180	-0.360700
233.910180	-0.225500
234.600181	-0.106900
235.290181	-0.007300
235.980182	0.072300
236.670182	0.131900
237.360183	0.172500
238.050183	0.195800
238.740184	0.204100
239.430184	0.200000
240.120185	0.186500
240.810186	0.166600
241.500186	0.143700
242.190187	0.121000
242.880187	0.101900
243.570188	0.089700
244.260188	0.087300
244.950189	0.097600
245.640189	0.122700
246.330190	0.164100
247.020190	0.222400
247.710191	0.297200
248.400191	0.386500
249.090192	0.487300
249.780192	0.595800
250.470193	0.707000
251.160193	0.816000
251.850194	0.917700
252.540195	1.007300
253.230195	1.080700
253.920196	1.133800
254.610196	1.163400
255.300197	1.166200
255.990197	1.139000
256.680198	1.079000
257.370198	0.983500
258.060199	0.850200
258.750199	0.677600
259.440200	0.465600
260.130200	0.215600
260.820201	-0.068700
261.510201	-0.381200
262.200202	-0.713800
262.890203	-1.056100
263.580203	-1.397000
264.270204	-1.725200
264.960204	-2.030700
265.650205	-2.305300
266.340205	-2.542900
267.030206	-2.739900
267.720206	-2.894400
268.410207	-3.006900
269.100207	-3.079100
269.790208	-3.114200
270.480208	-3.116500
271.170209	-3.091200
271.860209	-3.043900
272.550210	-2.980700
273.240210	-2.907500
273.930211	-2.829700
274.620212	-2.752000
275.310212	-2.678200
276.000213	-2.611100
276.690213	-2.552700
277.380214	-2.504300
278.070214	-2.466500
278.760215	-2.439600
279.450215	-2.423500
280.140216	-2.417800
280.830216	-2.421800
281.520217	-2.434600
282.210217	-2.454900
282.900218	-2.481000
283.590218	-2.511200
284.280219	-2.543600
284.970220	-2.576000
285.660220	-2.606600
286.350221	-2.633900
287.040221	-2.656900
287.730222	-2.674900
288.420222	-2.688300
289.110223	-2.697800
289.800223	-2.704700
290.490224	-2.710900
291.180224	-2.718600
291.870225	-2.729900
292.560225	-2.747100
293.250226	-2.772500
293.940226	-2.807800
294.630227	-2.854700
295.320227	-2.914000
296.010228	-2.986500
296.700229	-3.072200
297.390229	-3.170500
298.080230	-3.280100
298.770230	-3.398400
299.460231	-3.521700
300.150231	-3.644800
300.840232	-3.760700
301.530232	-3.860400
302.220233	-3.933900
302.910233	-3.969600
303.600234	-3.956200
304.290234	-3.882600
304.980235	-3.739700
305.670235	-3.521100
306.360236	-3.224100
307.050237	-2.850900
307.740237	-2.409100
308.430238	-1.912100
309.120238	-1.378400
309.810239	-0.829600
310.500239	-0.287400
311.190240	0.228900
311.880240	0.705700
312.570241	1.134600
313.260241	1.512600
313.950242	1.840900
314.640242	2.122900
315.330243	2.363500
316.020243	2.567500
316.710244	2.739900
317.400245	2.885300
318.090245	3.007800
318.780246	3.111500
319.470246	3.199700
320.160247	3.275700
320.850247	3.342100
321.540248	3.401300
322.230248	3.455100
322.920249	3.505300
323.610249	3.553000
324.300250	3.599000
324.990250	3.644000
325.680251	3.688200
326.370251	3.731900
327.060252	3.774800
327.750252	3.816600
328.440253	3.856900
329.130254	3.895200
329.820254	3.930800
330.510255	3.963000
331.200255	3.991200
331.890256	4.014700
332.580256	4.032900
333.270257	4.045400
333.960257	4.051600
334.650258	4.051400
335.340258	4.044600
336.030259	4.031500
336.720259	4.012300
337.410260	3.987600
338.100260	3.958200
338.790261	3.925100
339.480262	3.889300
340.170262	3.851900
340.860263	3.813900
341.550263	3.776500
342.240264	3.740300
342.930264	3.706200
343.620265	3.674600
344.310265	3.646200
345.000266	3.621200
345.690266	3.600200
346.380267	3.583600
347.070267	3.572200
347.760268	3.567100
348.450268	3.569300
349.140269	3.580500
349.830269	3.602100
350.520270	3.635800
351.210271	3.682900
351.900271	3.744600
352.590272	3.821100
353.280272	3.911900
353.970273	4.015200
354.660273	4.128000
355.350274	4.245400
356.040274	4.360900
356.730275	4.466600
357.420275	4.552700
358.110276	4.609000
358.800276	4.624600
359.490277	4.589400
360.180277	4.495200
360.870278	4.335900
361.560279	4.109500
362.250279	3.818000
362.940280	3.468500
363.630280	3.072800
364.320281	2.646500
365.010281	2.206200
365.700282	1.768100
366.390282	1.345200
367.080283	0.946100
367.770283	0.575200
368.460284	0.233100
369.150284	-0.082200
369.840285	-0.373700
370.530285	-0.644700
371.220286	-0.898000
371.910286	-1.136000
372.600287	-1.361100
373.290288	-1.575500
373.980288	-1.782100
374.670289	-1.984100
375.360289	-2.184900
376.050290	-2.387800
376.740290	-2.595300
377.430291	-2.808900
378.120291	-3.028700
378.810292	-3.253400
379.500292	-3.479800
380.190293	-3.703800
380.880293	-3.920400
381.570294	-4.124600
382.260294	-4.312300
382.950295	-4.480800
383.640296	-4.628600
384.330296	-4.755900
385.020297	-4.863900
385.710297	-4.954500
386.400298	-5.030200
387.090298	-5.093500
387.780299	-5.146500
388.470299	-5.191100
389.160300	-5.228700
389.850300	-5.259600
390.540301	-5.283500
391.230301	-5.299300
391.920302	-5.304800
392.610302	-5.297200
393.300303	-5.272900
393.990304	-5.228100
394.680304	-5.158900
395.370305	-5.062000
396.060305	-4.935500
396.750306	-4.779500
397.440306	-4.597100
398.130307	-4.395000
398.820307	-4.183400
399.510308	-3.975000
400.200308	-3.783600
400.890309	-3.621700
401.580309	-3.499100
402.270310	-3.421300
402.960310	-3.388900
403.650311	-3.397400
404.340311	-3.438300
405.030312	-3.500200
405.720313	-3.569800
406.410313	-3.634700
407.100314	-3.683900
407.790314	-3.709400
408.480315	-3.706700
409.170315	-3.674900
409.860316	-3.616000
410.550316	-3.534300
411.240317	-3.435300
411.930317	-3.325300
412.620318	-3.210000
413.310318	-3.094500
414.000319	-2.983000
414.690319	-2.878400
415.380320	-2.782600
416.070321	-2.696600
416.760321	-2.620600
417.450322	-2.554200
418.140322	-2.496600
418.830323	-2.446400
419.520323	-2.402400
420.210324	-2.363400
420.900324	-2.328400
421.590325	-2.296400
422.280325	-2.267100
422.970326	-2.240300
423.660326	-2.216200
424.350327	-2.195000
425.040327	-2.177100
425.730328	-2.162300
426.420328	-2.150500
427.110329	-2.140900
427.800330	-2.132700
428.490330	-2.124500
429.180331	-2.114600
429.870331	-2.101700
430.560332	-2.084000
431.250332	-2.060400
431.940333	-2.029700
432.630333	-1.991400
433.320334	-1.945100
434.010334	-1.891100
434.700335	-1.829800
435.390335	-1.761600
436.080336	-1.687100
436.770336	-1.606600
437.460337	-1.520100
438.150338	-1.427400
438.840338	-1.327900
439.530339	-1.221000
440.220339	-1.105900
440.910340	-0.982300
441.600340	-0.850100
442.290341	-0.710100
442.980341	-0.563500
443.670342	-0.412300
444.360342	-0.258900
445.050343	-0.106400
445.740343	0.042200
446.430344	0.184000
447.120344	0.316200
447.810345	0.437000
448.500345	0.545400
449.190346	0.641300
449.880347	0.725700
450.570347	0.800000
451.260348	0.866400
451.950348	0.927000
452.640349	0.984300
453.330349	1.040000
454.020350	1.095300
454.710350	1.150600
455.400351	1.204900
456.090351	1.256200
456.780352	1.301300
457.470352	1.335800
458.160353	1.354500
458.850353	1.351600
459.540354	1.321400
460.230355	1.258400
460.920355	1.157900
461.610356	1.016500
462.300356	0.832700
462.990357	0.607300
463.680357	0.344400
464.370358	0.051100
465.060358	-0.261800
465.750359	-0.581900
466.440359	-0.895900
467.130360	-1.192100
467.820360	-1.461800
468.510361	-1.700200
469.200361	-1.906000
469.890362	-2.080600
470.580363	-2.227400
471.270363	-2.350200
471.960364	-2.453200
472.650364	-2.539700
473.340365	-2.611900
474.030365	-2.670400
474.720366	-2.714400
475.410366	-2.741000
476.100367	-2.746200
476.790367	-2.724600
477.480368	-2.670300
478.170368	-2.577200
478.860369	-2.439900
479.550369	-2.254100
480.240370	-2.017700
480.930370	-1.730800
481.620371	-1.396900
482.310372	-1.023600
483.000372	-0.622400
483.690373	-0.208500
484.380373	0.201100
485.070374	0.590200
485.760374	0.945200
486.450375	1.256700
487.140375	1.520300
487.830376	1.735500
488.520376	1.905000
489.210377	2.033400
489.900377	2.126300
490.590378	2.189600
491.280378	2.228600
491.970379	2.248500
492.660380	2.253400
493.350380	2.247100
494.040381	2.232600
494.730381	2.212300
495.420382	2.188300
496.110382	2.162400
496.800383	2.136000
497.490383	2.110500
498.180384	2.086900
498.870384	2.065900
499.560385	2.048200
500.250385	2.034100
500.940386	2.024000
501.630386	2.017800
502.320387	2.015500
503.010387	2.016900
503.700388	2.021700
504.390389	2.029500
505.080389	2.040000
505.770390	2.052400
506.460390	2.066400
507.150391	2.081400
507.840391	2.096900
508.530392	2.112600
509.220392	2.128100
509.910393	2.143200
510.600393	2.158000
511.290394	2.172400
511.980394	2.186600
512.670395	2.200500
513.360395	2.214200
514.050396	2.227800
514.740397	2.241000
515.430397	2.253700
516.120398	2.265500
516.810398	2.276100
517.500399	2.285000
518.190399	2.291800
518.880400	2.296300
519.570400	2.297900
520.260401	2.296600
520.950401	2.292200
521.640402	2.284300
522.330402	2.272800
523.020403	2.257100
523.710403	2.236600
524.400404	2.210300
525.090404	2.177200
525.780405	2.135900
526.470406	2.085000
527.160406	2.023200
527.850407	1.949300
528.540407	1.862900
529.230408	1.763800
529.920408	1.653100
530.610409	1.532200
531.300409	1.403500
531.990410	1.269600
532.680410	1.132800
533.370411	0.995100
534.060411	0.857600
534.750412	0.720500
535.440412	0.583100
536.130413	0.444200
536.820414	0.302200
537.510414	0.155600
538.200415	0.003500
538.890415	-0.153700
539.580416	-0.314600
540.270416	-0.476400
540.960417	-0.635000
541.650417	-0.785600
542.340418	-0.923600
543.030418	-1.044700
543.720419	-1.145800
544.410419	-1.225100
545.100420	-1.282200
545.790420	-1.317200
546.480421	-1.331000
547.170422	-1.324300
547.860422	-1.297700
548.550423	-1.251400
549.240423	-1.185100
549.930424	-1.099200
550.620424	-0.994700
551.310425	-0.873900
552.000425	-0.741000
552.690426	-0.601700
553.380426	-0.462500
554.070427	-0.329900
554.760427	-0.209500
555.450428	-0.105200
556.140428	-0.018400
556.830429	0.051100
557.520429	0.104900
558.210430	0.145600
558.900431	0.176100
559.590431	0.199100
560.280432	0.216700
560.970432	0.230600
561.660433	0.242200
562.350433	0.252200
563.040434	0.261100
563.730434	0.269100
564.420435	0.276300
565.110435	0.282500
565.800436	0.287000
566.490436	0.289300
567.180437	0.288400
567.870437	0.283400
568.560438	0.273000
569.250439	0.255900
569.940439	0.230400
570.630440	0.194200
571.320440	0.144800
572.010441	0.078800
572.700441	-0.007600
573.390442	-0.118600
574.080442	-0.258400
574.770443	-0.430800
575.460443	-0.638100
576.150444	-0.880700
576.840444	-1.155600
577.530445	-1.456700
578.220445	-1.774100
578.910446	-2.095800
579.600446	-2.408600
580.290447	-2.700600
580.980448	-2.962000
581.670448	-3.186500
582.360449	-3.370600
583.050449	-3.513800
583.740450	-3.617300
584.430450	-3.683500
585.120451	-3.715200
585.810451	-3.715300
586.500452	-3.686300
587.190452	-3.630400
587.880453	-3.549500
588.570453	-3.445100
589.260454	-3.319000
589.950454	-3.173200
590.640455	-3.009800
591.330456	-2.831700
592.020456	-2.641700
592.710457	-2.442500
593.400457	-2.236400
594.090458	-2.025500
594.780458	-1.811100
595.470459	-1.594800
596.160459	-1.378300
596.850460	-1.163800
597.540460	-0.954100
598.230461	-0.751900
598.920461	-0.559600
599.610462	-0.378800
600.300462	-0.210700
600.990463	-0.055400
601.680463	0.087400
602.370464	0.218000
603.060465	0.336500
603.750465	0.443100
604.440466	0.537800
605.130466	0.620400
605.820467	0.691200
606.510467	0.750500
607.200468	0.799000
607.890468	0.837800
608.580469	0.868400
609.270469	0.892200
609.960470	0.910800
610.650470	0.925600
611.340471	0.937800
612.030471	0.948000
612.720472	0.956300
613.410473	0.962500
614.100473	0.965900
614.790474	0.965500
615.480474	0.960100
616.170475	0.948600
616.860475	0.930200
617.550476	0.904600
618.240476	0.872000
618.930477	0.833100
619.620477	0.789200
620.310478	0.742100
621.000478	0.693900
621.690479	0.647000
622.380479	0.603700
623.070480	0.566300
623.760480	0.536400
624.450481	0.514600
625.140482	0.500700
625.830482	0.493800
626.520483	0.491700
627.210483	0.492100
627.900484	0.492000
628.590484	0.488400
629.280485	0.477900
629.970485	0.457200
630.660486	0.422800
631.350486	0.371600
632.040487	0.300300
632.730487	0.206700
633.420488	0.089300
634.110488	-0.051800
634.800489	-0.214800
635.490490	-0.395800
636.180490	-0.589000
636.870491	-0.787100
637.560491	-0.982100
638.250492	-1.165500
638.940492	-1.330100
639.630493	-1.470100
640.320493	-1.582100
641.010494	-1.665500
641.700494	-1.722300
642.390495	-1.756900
643.080495	-1.775700
643.770496	-1.785700
644.460496	-1.793700
645.150497	-1.805100
645.840498	-1.822700
646.530498	-1.846600
647.220499	-1.874000
647.910499	-1.899500
648.600500	-1.916400
649.290500	-1.917800
649.980501	-1.897400
650.670501	-1.851200
651.360502	-1.777500
652.050502	-1.677400
652.740503	-1.554200
653.430503	-1.413000
654.120504	-1.259600
654.810504	-1.100100
655.500505	-0.939900
656.190505	-0.783700
656.880506	-0.635000
657.570507	-0.496100
658.260507	-0.368100
658.950508	-0.251100
659.640508	-0.144400
660.330509	-0.046400
661.020509	0.044500
661.710510	0.130200
662.400510	0.212600
663.090511	0.293300
663.780511	0.373700
664.470512	0.454800
665.160512	0.536800
665.850513	0.619500
666.540513	0.702400
667.230514	0.784200
667.920515	0.863400
668.610515	0.938400
669.300516	1.007500
669.990516	1.068900
670.680517	1.120800
671.370517	1.161500
672.060518	1.188900
672.750518	1.201000
673.440519	1.195400
674.130519	1.169700
674.820520	1.121200
675.510520	1.047600
676.200521	0.947300
676.890521	0.819600
677.580522	0.665600
678.270522	0.488600
678.960523	0.294600
679.650524	0.091600
680.340524	-0.110800
681.030525	-0.302800
681.720525	-0.475700
682.410526	-0.622700
683.100526	-0.739400
683.790527	-0.823900
684.480527	-0.876100
685.170528	-0.897700
685.860528	-0.891600
686.550529	-0.861200
687.240529	-0.810100
687.930530	-0.741900
688.620530	-0.659500
689.310531	-0.565500
690.000532	-0.462000
690.690532	-0.350600
691.380533	-0.232600
692.070533	-0.109600
692.760534	0.016700
693.450534	0.144300
694.140535	0.270400
694.830535	0.392700
695.520536	0.508600
696.210536	0.616400
696.900537	0.715100
697.590537	0.804200
698.280538	0.884000
698.970538	0.955000
699.660539	1.017800
700.350539	1.072900
701.040540	1.120800
701.730541	1.161900
702.420541	1.196500
703.110542	1.224700
703.800542	1.246800
704.490543	1.262900
705.180543	1.273300
705.870544	1.278100
706.560544	1.277600
707.250545	1.272400
707.940545	1.263100
708.630546	1.250800
709.320546	1.236500
710.010547	1.221900
710.700547	1.208300
711.390548	1.197400
712.080549	1.190800
712.770549	1.189900
713.460550	1.196200
714.150550	1.210700
714.840551	1.234400
715.530551	1.267600
716.220552	1.310500
716.910552	1.362800
717.600553	1.423800
718.290553	1.492800
718.980554	1.569300
719.670554	1.652600
720.360555	1.742500
721.050555	1.838600
721.740556	1.940700
722.430557	2.048200
723.120557	2.159800
723.810558	2.273700
724.500558	2.387400
725.190559	2.498100
725.880559	2.602800
726.570560	2.698600
727.260560	2.783100
727.950561	2.854800
728.640561	2.912700
729.330562	2.956700
730.020562	2.987200
730.710563	3.005200
731.400563	3.012300
732.090564	3.010100
732.780564	3.000600
733.470565	2.985600
734.160566	2.967100
734.850566	2.946700
735.540567	2.925800
736.230567	2.905700
736.920568	2.887100
737.610568	2.870800
738.300569	2.857000
738.990569	2.846000
739.680570	2.837500
740.370570	2.831400
741.060571	2.827600
741.750571	2.825700
742.440572	2.825700
743.130572	2.827600
743.820573	2.831400
744.510574	2.837100
745.200574	2.844600
745.890575	2.853800
746.580575	2.864600
747.270576	2.876600
747.960576	2.889300
748.650577	2.902200
749.340577	2.914900
750.030578	2.926700
750.720578	2.937200
751.410579	2.945700
752.100579	2.951900
752.790580	2.955600
753.480580	2.956500
754.170581	2.954700
754.860581	2.950400
755.550582	2.944000
756.240583	2.935900
756.930583	2.926800
757.620584	2.917100
758.310584	2.907300
759.000585	2.897700
759.690585	2.888500
760.380586	2.879400
761.070586	2.870300
761.760587	2.860700
762.450587	2.850200
763.140588	2.838400
763.830588	2.824400
764.520589	2.807500
765.210589	2.786700
765.900590	2.760500
766.590591	2.727000
767.280591	2.684200
767.970592	2.629200
768.660592	2.559500
769.350593	2.472300
770.040593	2.365600
770.730594	2.238100
771.420594	2.089900
772.110595	1.922600
772.800595	1.739400
773.490596	1.544900
774.180596	1.344600
774.870597	1.144500
775.560597	0.950600
776.250598	0.768500
776.940598	0.602600
777.630599	0.456300
778.320600	0.331200
779.010600	0.227600
779.700601	0.144000
780.390601	0.077300
781.080602	0.023300
781.770602	-0.023300
782.460603	-0.068300
783.150603	-0.118000
783.840604	-0.178100
784.530604	-0.253300
785.220605	-0.347300
785.910605	-0.461500
786.600606	-0.595400
787.290606	-0.746000
787.980607	-0.908600
788.670608	-1.077000
789.360608	-1.244600
790.050609	-1.405400
790.740609	-1.554400
791.430610	-1.688300
792.120610	-1.804800
792.810611	-1.903100
