0.000000	2.891600
0.690001	2.670100
1.380003	2.461300
2.070004	2.265300
2.760005	2.080700
3.450007	1.905300
4.140008	1.735500
4.830009	1.567200
5.520010	1.395500
6.210012	1.215800
6.900013	1.023600
7.590014	0.815100
8.280016	0.587500
8.970017	0.339600
9.660018	0.072100
10.350020	-0.212700
11.040021	-0.510100
11.730022	-0.814200
12.420024	-1.118100
13.110025	-1.414700
13.800026	-1.697000
14.490028	-1.959100
15.180029	-2.196100
15.870030	-2.404200
16.560031	-2.581600
17.250033	-2.728100
17.940034	-2.845100
18.630035	-2.935700
19.320037	-3.004100
20.010038	-3.055400
20.700039	-3.095200
21.390041	-3.129100
22.080042	-3.162200
22.770043	-3.199000
23.460045	-3.242900
24.150046	-3.296000
24.840047	-3.358900
25.530049	-3.431000
26.220050	-3.510500
26.910051	-3.594700
27.600052	-3.680000
28.290054	-3.762700
28.980055	-3.838700
29.670056	-3.904400
30.360058	-3.956600
31.050059	-3.992600
31.740060	-4.010600
32.430062	-4.009600
33.120063	-3.989800
33.810064	-3.952400
34.500066	-3.899800
35.190067	-3.835400
35.880068	-3.763600
36.570070	-3.688900
37.260071	-3.615800
37.950072	-3.548300
38.640073	-3.489500
39.330075	-3.442000
40.020076	-3.407000
40.710077	-3.384500
41.400079	-3.373300
42.090080	-3.370700
42.780081	-3.372900
43.470083	-3.375300
44.160084	-3.372500
44.850085	-3.359600
45.540087	-3.331600
46.230088	-3.284800
46.920089	-3.216200
47.610091	-3.124500
48.300092	-3.009700
48.990093	-2.873700
49.680094	-2.719700
50.370096	-2.552300
51.060097	-2.377300
51.750098	-2.200400
52.440100	-2.027600
53.130101	-1.864200
53.820102	-1.714500
54.510104	-1.582000
55.200105	-1.468800
55.890106	-1.376500
56.580108	-1.305300
57.270109	-1.255100
57.960110	-1.225200
58.650112	-1.214600
59.340113	-1.222100
60.030114	-1.246300
60.720115	-1.285800
61.410117	-1.338700
62.100118	-1.403100
62.790119	-1.476800
63.480121	-1.557200
64.170122	-1.641800
64.860123	-1.727700
65.550125	-1.812200
66.240126	-1.892700
66.930127	-1.967000
67.620129	-2.032900
68.310130	-2.089000
69.000131	-2.134100
69.690133	-2.167600
70.380134	-2.189300
71.070135	-2.199300
71.760136	-2.197900
72.450138	-2.185600
73.140139	-2.162800
73.830140	-2.129800
74.520142	-2.086600
75.210143	-2.032900
75.900144	-1.967900
76.590146	-1.890500
77.280147	-1.799200
77.970148	-1.692100
78.660150	-1.567400
79.350151	-1.423200
80.040152	-1.257900
80.730154	-1.071000
81.420155	-0.862900
82.110156	-0.635800
82.800157	-0.393300
83.490159	-0.140900
84.180160	0.115200
84.870161	0.367900
85.560163	0.610600
86.250164	0.836800
86.940165	1.040900
87.630167	1.218300
88.320168	1.365400
89.010169	1.480300
89.700171	1.561700
90.390172	1.610000
91.080173	1.625800
91.770175	1.610500
92.460176	1.565800
93.150177	1.493600
93.840178	1.396000
94.530180	1.275600
95.220181	1.135100
95.910182	0.977900
96.600184	0.807900
97.290185	0.629300
97.980186	0.446900
98.670188	0.265600
99.360189	0.090300
100.050190	-0.075300
100.740192	-0.228000
101.430193	-0.365600
102.120194	-0.487400
102.810196	-0.593600
103.500197	-0.685400
104.190198	-0.764500
104.880199	-0.833300
105.570201	-0.894200
106.260202	-0.949900
106.950203	-1.002700
107.640205	-1.054900
108.330206	-1.108000
109.020207	-1.163300
109.710209	-1.221500
110.400210	-1.282700
111.090211	-1.347000
111.780213	-1.413900
112.470214	-1.483100
113.160215	-1.553800
113.850217	-1.624800
114.540218	-1.694300
115.230219	-1.759500
115.920220	-1.816600
116.610222	-1.861200
117.300223	-1.887500
117.990224	-1.889700
118.680226	-1.861100
119.370227	-1.795900
120.060228	-1.688600
120.750230	-1.535800
121.440231	-1.336300
122.130232	-1.092500
122.820234	-0.810400
123.510235	-0.499900
124.200236	-0.173000
124.890238	0.157100
125.580239	0.477700
126.270240	0.778500
126.960241	1.051300
127.650243	1.291100
128.340244	1.495700
129.030245	1.666000
129.720247	1.805000
130.410248	1.917600
131.100249	2.009400
131.790251	2.085800
132.480252	2.151400
133.170253	2.209600
133.860255	2.262300
134.550256	2.310200
135.240257	2.353300
135.930259	2.390700
136.620260	2.421900
137.310261	2.446400
138.000262	2.464700
138.690264	2.478100
139.380265	2.488700
140.070266	2.498700
140.760268	2.510500
141.450269	2.526000
142.140270	2.546500
142.830272	2.572100
143.520273	2.602300
144.210274	2.636000
144.900276	2.671700
145.590277	2.707800
146.280278	2.742700
146.970280	2.774900
147.660281	2.803200
148.350282	2.826100
149.040283	2.842300
149.730285	2.850200
150.420286	2.848000
151.110287	2.833300
151.800289	2.803500
152.490290	2.755700
153.180291	2.686600
153.870293	2.593500
154.560294	2.473800
155.250295	2.326200
155.940297	2.150900
156.630298	1.949600
157.320299	1.726400
158.010301	1.486900
158.700302	1.238400
159.390303	0.988800
160.080304	0.745500
160.770306	0.515500
161.460307	0.304200
162.150308	0.115500
162.840310	-0.048700
163.530311	-0.187600
164.220312	-0.301700
164.910314	-0.392800
165.600315	-0.463100
166.290316	-0.515400
166.980318	-0.552600
167.670319	-0.577400
168.360320	-0.592800
169.050322	-0.601500
169.740323	-0.605800
170.430324	-0.608200
171.120325	-0.610700
171.810327	-0.615400
172.500328	-0.624000
173.190329	-0.638100
173.880331	-0.659000
174.570332	-0.687300
175.260333	-0.723100
175.950335	-0.765700
176.640336	-0.813400
177.330337	-0.863300
178.020339	-0.911900
178.710340	-0.955600
179.400341	-0.990600
180.090342	-1.014100
180.780344	-1.024400
181.470345	-1.020800
182.160346	-1.003900
182.850348	-0.974900
183.540349	-0.935900
184.230350	-0.888700
184.920352	-0.835200
185.610353	-0.776600
186.300354	-0.713700
186.990356	-0.646600
187.680357	-0.575200
188.370358	-0.499300
189.060360	-0.418800
189.750361	-0.334400
190.440362	-0.246800
191.130363	-0.157300
191.820365	-0.067100
192.510366	0.022700
193.200367	0.111200
193.890369	0.197700
194.580370	0.281300
195.270371	0.361900
195.960373	0.438800
196.650374	0.511400
197.340375	0.579100
198.030377	0.641200
198.720378	0.697200
199.410379	0.746700
200.100381	0.789200
200.790382	0.824700
201.480383	0.853400
202.170384	0.875300
202.860386	0.891000
203.550387	0.900500
204.240388	0.904000
204.930390	0.901100
205.620391	0.891200
206.310392	0.873100
207.000394	0.844900
207.690395	0.804500
208.380396	0.749000
209.070398	0.675500
209.760399	0.580700
210.450400	0.461400
211.140402	0.315000
211.830403	0.139700
212.520404	-0.064900
213.210405	-0.297200
213.900407	-0.553400
214.590408	-0.827600
215.280409	-1.112200
215.970411	-1.398600
216.660412	-1.677700
217.350413	-1.941400
218.040415	-2.182300
218.730416	-2.395000
219.420417	-2.575500
220.110419	-2.721800
220.800420	-2.833200
221.490421	-2.910600
222.180423	-2.955000
222.870424	-2.968400
223.560425	-2.952300
224.250426	-2.908600
224.940428	-2.838900
225.630429	-2.744900
226.320430	-2.628400
227.010432	-2.491700
227.700433	-2.337700
228.390434	-2.169400
229.080436	-1.990700
229.770437	-1.804900
230.460438	-1.615300
231.150440	-1.424000
231.840441	-1.232300
232.530442	-1.040000
233.220444	-0.846600
233.910445	-0.650400
234.600446	-0.449900
235.290447	-0.243600
235.980449	-0.030100
236.670450	0.191400
237.360451	0.421200
238.050453	0.659400
238.740454	0.905200
239.430455	1.157200
240.120457	1.413200
240.810458	1.670500
241.500459	1.925300
242.190461	2.173400
242.880462	2.410400
243.570463	2.631700
244.260465	2.833000
244.950466	3.011000
245.640467	3.163400
246.330468	3.289400
247.020470	3.390100
247.710471	3.467700
248.400472	3.526000
249.090474	3.569400
249.780475	3.602600
250.470476	3.630300
251.160478	3.656800
251.850479	3.685200
252.540480	3.718000
253.230482	3.756000
253.920483	3.798900
254.610484	3.844500
255.300486	3.889600
255.990487	3.929200
256.680488	3.956900
257.370489	3.965300
258.060491	3.945900
258.750492	3.889900
259.440493	3.788100
260.130495	3.631900
260.820496	3.413000
261.510497	3.123900
262.200499	2.757800
262.890500	2.309100
263.580501	1.774000
264.270503	1.152200
264.960504	0.449200
265.650505	-0.321300
266.340507	-1.136600
267.030508	-1.966500
267.720509	-2.778200
268.410510	-3.541300
269.100512	-4.231800
269.790513	-4.834000
270.480514	-5.339700
271.170516	-5.747000
271.860517	-6.059400
272.550518	-6.283300
273.240520	-6.427000
273.930521	-6.499200
274.620522	-6.507800
275.310524	-6.459600
276.000525	-6.359700
276.690526	-6.212300
277.380528	-6.020500
278.070529	-5.787700
278.760530	-5.517900
279.450531	-5.217100
280.140533	-4.892500
280.830534	-4.552700
281.520535	-4.206200
282.210537	-3.860500
282.900538	-3.521000
283.590539	-3.190900
284.280541	-2.871100
284.970542	-2.560900
285.660543	-2.258700
286.350545	-1.962800
287.040546	-1.671900
287.730547	-1.386100
288.420549	-1.107500
289.110550	-0.839200
289.800551	-0.585700
290.490552	-0.351200
291.180554	-0.139500
291.870555	0.046900
292.560556	0.207000
293.250558	0.341500
293.940559	0.451900
294.630560	0.541400
295.320562	0.613600
296.010563	0.672800
296.700564	0.723500
297.390566	0.770200
298.080567	0.817000
298.770568	0.867800
299.460570	0.925600
300.150571	0.993000
300.840572	1.071600
301.530573	1.162400
302.220575	1.265600
302.910576	1.380600
303.600577	1.505800
304.290579	1.638900
304.980580	1.776600
305.670581	1.914500
306.360583	2.047900
307.050584	2.171100
307.740585	2.278500
308.430587	2.364500
309.120588	2.424400
309.810589	2.454100
310.500591	2.451000
311.190592	2.414000
311.880593	2.343600
312.570594	2.242000
313.260596	2.112700
313.950597	1.960100
314.640598	1.789400
315.330600	1.606200
316.020601	1.415700
316.710602	1.223300
317.400604	1.033900
318.090605	0.852000
318.780606	0.681500
319.470608	0.525700
320.160609	0.387500
320.850610	0.269000
321.540612	0.172100
322.230613	0.097800
322.920614	0.047400
323.610615	0.021600
324.300617	0.020400
324.990618	0.043700
325.680619	0.090600
326.370621	0.159300
327.060622	0.247300
327.750623	0.351600
328.440625	0.468600
329.130626	0.594200
329.820627	0.724700
330.510629	0.856600
331.200630	0.987300
331.890631	1.115300
332.580633	1.239900
333.270634	1.361000
333.960635	1.479400
334.650636	1.595800
335.340638	1.710800
336.030639	1.824700
336.720640	1.937500
337.410642	2.048400
338.100643	2.156700
338.790644	2.261000
339.480646	2.360400
340.170647	2.453700
340.860648	2.540500
341.550650	2.620300
342.240651	2.693300
342.930652	2.759400
343.620654	2.818900
344.310655	2.871600
345.000656	2.917300
345.690657	2.955000
346.380659	2.983700
347.070660	3.001500
347.760661	3.006400
348.450663	2.995900
349.140664	2.967300
349.830665	2.917700
350.520667	2.844500
351.210668	2.745600
351.900669	2.619700
352.590671	2.466800
353.280672	2.288700
353.970673	2.088800
354.660674	1.872600
355.350676	1.646500
356.040677	1.417700
356.730678	1.193300
357.420680	0.979500
358.110681	0.782000
358.800682	0.605000
359.490684	0.452200
360.180685	0.326900
360.870686	0.232100
361.560688	0.171200
362.250689	0.147800
362.940690	0.166200
363.630692	0.231200
364.320693	0.347900
365.010694	0.520700
365.700695	0.752900
366.390697	1.045400
367.080698	1.395600
367.770699	1.796300
368.460701	2.236000
369.150702	2.698900
369.840703	3.167100
370.530705	3.622600
371.220706	4.049500
371.910707	4.436200
372.600709	4.775700
373.290710	5.065400
373.980711	5.306800
374.670713	5.503900
375.360714	5.661900
376.050715	5.786900
376.740716	5.884600
377.430718	5.960600
378.120719	6.019800
378.810720	6.066300
379.500722	6.103500
380.190723	6.134500
380.880724	6.161300
381.570726	6.185800
382.260727	6.209200
382.950728	6.232300
383.640730	6.255700
384.330731	6.279500
385.020732	6.304100
385.710734	6.329300
386.400735	6.355200
387.090736	6.381700
387.780737	6.408800
388.470739	6.436200
389.160740	6.463400
389.850741	6.489700
390.540743	6.514100
391.230744	6.535100
391.920745	6.551000
392.610747	6.559500
393.300748	6.557800
393.990749	6.542500
394.680751	6.509500
395.370752	6.454000
396.060753	6.370300
396.750755	6.252600
397.440756	6.095000
398.130757	5.892100
398.820758	5.640000
399.510760	5.336500
400.200761	4.981800
400.890762	4.578400
401.580764	4.131600
402.270765	3.648500
402.960766	3.137800
403.650768	2.609500
404.340769	2.074000
405.030770	1.542100
405.720772	1.024200
406.410773	0.529600
407.100774	0.066700
407.790776	-0.358800
408.480777	-0.743200
409.170778	-1.085500
409.860779	-1.387100
410.550781	-1.651800
411.240782	-1.884300
411.930783	-2.089400
412.620785	-2.271800
413.310786	-2.434000
414.000787	-2.577100
414.690789	-2.699500
415.380790	-2.798000
416.070791	-2.867800
416.760793	-2.903900
417.450794	-2.902000
418.140795	-2.859100
418.830797	-2.774900
419.520798	-2.652200
420.210799	-2.496500
420.900800	-2.316300
421.590802	-2.122000
422.280803	-1.924700
422.970804	-1.735000
423.660806	-1.561900
424.350807	-1.412000
425.040808	-1.289500
425.730810	-1.196200
426.420811	-1.132200
427.110812	-1.095800
427.800814	-1.084400
428.490815	-1.094100
429.180816	-1.120600
429.870818	-1.158900
430.560819	-1.203800
431.250820	-1.250200
431.940821	-1.293200
432.630823	-1.328400
433.320824	-1.352100
434.010825	-1.361400
434.700827	-1.354000
435.390828	-1.328700
436.080829	-1.285400
436.770831	-1.225000
437.460832	-1.149800
438.150833	-1.063100
438.840835	-0.969700
439.530836	-0.874900
440.220837	-0.784200
440.910839	-0.702600
441.600840	-0.634100
442.290841	-0.581400
442.980842	-0.545800
443.670844	-0.526900
444.360845	-0.523300
445.050846	-0.532100
445.740848	-0.549600
446.430849	-0.571100
447.120850	-0.591400
447.810852	-0.604900
448.500853	-0.606000
449.190854	-0.589700
449.880856	-0.551900
450.570857	-0.489700
451.260858	-0.401900
451.950860	-0.289400
452.640861	-0.155100
453.330862	-0.004800
454.020863	0.153600
454.710865	0.309300
455.400866	0.450000
456.090867	0.561700
456.780869	0.630800
457.470870	0.645100
458.160871	0.595700
458.850873	0.478500
459.540874	0.295100
460.230875	0.053500
460.920877	-0.233700
461.610878	-0.550100
462.300879	-0.879100
462.990881	-1.205800
463.680882	-1.519300
464.370883	-1.813500
465.060884	-2.086700
465.750886	-2.340500
466.440887	-2.578500
467.130888	-2.804200
467.820890	-3.020000
468.510891	-3.225800
469.200892	-3.418900
469.890894	-3.594400
470.580895	-3.745700
471.270896	-3.866000
471.960898	-3.949600
472.650899	-3.992400
473.340900	-3.992200
474.030902	-3.948600
474.720903	-3.863300
475.410904	-3.738600
476.100905	-3.578300
476.790907	-3.386600
477.480908	-3.169300
478.170909	-2.933400
478.860911	-2.687800
479.550912	-2.442700
480.240913	-2.208600
480.930915	-1.995300
481.620916	-1.810500
482.310917	-1.659000
483.000919	-1.543400
483.690920	-1.463600
484.380921	-1.418200
485.070923	-1.405300
485.760924	-1.422200
486.450925	-1.466500
487.140926	-1.536100
487.830928	-1.628500
488.520929	-1.741600
489.210930	-1.872500
489.900932	-2.018000
490.590933	-2.173600
491.280934	-2.334100
491.970936	-2.493100
492.660937	-2.644100
493.350938	-2.780600
494.040940	-2.897200
494.730941	-2.989900
495.420942	-3.056300
496.110944	-3.095600
496.800945	-3.108500
497.490946	-3.096400
498.180947	-3.061300
498.870949	-3.005700
499.560950	-2.931900
500.250951	-2.842600
500.940953	-2.739900
501.630954	-2.626400
502.320955	-2.504400
503.010957	-2.376100
503.700958	-2.244100
504.390959	-2.110800
505.080961	-1.978500
505.770962	-1.849800
506.460963	-1.726900
507.150965	-1.611700
507.840966	-1.505600
508.530967	-1.409700
509.220968	-1.324100
509.910970	-1.248600
510.600971	-1.182300
511.290972	-1.123700
511.980974	-1.071100
512.670975	-1.022500
513.360976	-0.975700
514.050978	-0.928700
514.740979	-0.879300
515.430980	-0.825900
516.120982	-0.767000
516.810983	-0.701500
517.500984	-0.628800
518.190986	-0.548600
518.880987	-0.460900
519.570988	-0.365900
520.260989	-0.263800
520.950991	-0.155000
521.640992	-0.039600
522.330993	0.082400
523.020995	0.211200
523.710996	0.347500
524.400997	0.491700
525.090999	0.644400
525.781000	0.805700
526.471001	0.975700
527.161003	1.153900
527.851004	1.339800
528.541005	1.532700
529.231006	1.731500
529.921008	1.935200
530.611009	2.142100
531.301010	2.349800
531.991012	2.554900
532.681013	2.753200
533.371014	2.939600
534.061016	3.108900
534.751017	3.256100
535.441018	3.376800
536.131020	3.468000
536.821021	3.527800
537.511022	3.555800
538.201024	3.552400
538.891025	3.519300
539.581026	3.459100
540.271027	3.375100
540.961029	3.271400
541.651030	3.152200
542.341031	3.021900
543.031033	2.884400
543.721034	2.742900
544.411035	2.599800
545.101037	2.456700
545.791038	2.314800
546.481039	2.175000
547.171041	2.037900
547.861042	1.904200
548.551043	1.774600
549.241045	1.650000
549.931046	1.531400
550.621047	1.420100
551.311048	1.317100
552.001050	1.223300
552.691051	1.138600
553.381052	1.061900
554.071054	0.990600
554.761055	0.921200
555.451056	0.849200
556.141058	0.769500
556.831059	0.677300
557.521060	0.568100
558.211062	0.439200
558.901063	0.289600
559.591064	0.121700
560.281066	-0.059700
560.971067	-0.245900
561.661068	-0.426100
562.351069	-0.588100
563.041071	-0.719800
563.731072	-0.810000
564.421073	-0.849700
565.111075	-0.832400
565.801076	-0.754100
566.491077	-0.613800
567.181079	-0.413200
567.871080	-0.157900
568.561081	0.142800
569.251083	0.475700
569.941084	0.824700
570.631085	1.171800
571.321087	1.500300
572.011088	1.795900
572.701089	2.048400
573.391090	2.251300
574.081092	2.401800
574.771093	2.499600
575.461094	2.545900
576.151096	2.542900
576.841097	2.493700
577.531098	2.401800
578.221100	2.271500
578.911101	2.107400
579.601102	1.915200
580.291104	1.700600
580.981105	1.469600
581.671106	1.226900
582.361108	0.976300
583.051109	0.720100
583.741110	0.459400
584.431111	0.195300
585.121113	-0.071300
585.811114	-0.338300
586.501115	-0.602800
587.191117	-0.862300
587.881118	-1.115100
588.571119	-1.360700
589.261121	-1.600100
589.951122	-1.835100
590.641123	-2.068100
591.331125	-2.300700
592.021126	-2.534000
592.711127	-2.767600
593.401129	-2.999700
594.091130	-3.226400
594.781131	-3.441700
595.471132	-3.637500
596.161134	-3.804100
596.851135	-3.931600
597.541136	-4.010400
598.231138	-4.033300
598.921139	-3.995400
599.611140	-3.895300
600.301142	-3.734800
600.991143	-3.518500
601.681144	-3.253700
602.371146	-2.949900
603.061147	-2.618800
603.751148	-2.273600
604.441150	-1.928600
605.131151	-1.598500
605.821152	-1.296900
606.511153	-1.035500
607.201155	-0.822100
607.891156	-0.660600
608.581157	-0.550500
609.271159	-0.487300
609.961160	-0.463900
610.651161	-0.471100
611.341163	-0.499300
612.031164	-0.539000
612.721165	-0.582000
613.411167	-0.621700
614.101168	-0.653700
614.791169	-0.675800
615.481171	-0.687900
616.171172	-0.691700
616.861173	-0.690100
617.551174	-0.687100
618.241176	-0.686800
618.931177	-0.693700
619.621178	-0.711900
620.311180	-0.745400
621.001181	-0.797900
621.691182	-0.872700
622.381184	-0.972800
623.071185	-1.100700
623.761186	-1.258400
624.451188	-1.447200
625.141189	-1.667500
625.831190	-1.918700
626.521192	-2.198900
627.211193	-2.505000
627.901194	-2.831700
628.591195	-3.172500
629.281197	-3.519000
629.971198	-3.861500
630.661199	-4.189200
631.351201	-4.490800
632.041202	-4.755100
632.731203	-4.971300
633.421205	-5.129600
634.111206	-5.222000
634.801207	-5.242200
635.491209	-5.186000
636.181210	-5.051200
636.871211	-4.837400
637.561213	-4.546700
638.251214	-4.183400
638.941215	-3.754900
639.631216	-3.271900
640.321218	-2.748800
641.011219	-2.203000
641.701220	-1.654500
642.391222	-1.124200
643.081223	-0.632600
643.771224	-0.197900
644.461226	0.165500
645.151227	0.447600
645.841228	0.643900
646.531230	0.755300
647.221231	0.787500
647.911232	0.750600
648.601234	0.657900
649.291235	0.523800
649.981236	0.362400
650.671237	0.186600
651.361239	0.006100
652.051240	-0.171800
652.741241	-0.343000
653.431243	-0.505400
654.121244	-0.659000
654.811245	-0.804700
655.501247	-0.943400
656.191248	-1.076300
656.881249	-1.203400
657.571251	-1.324500
658.261252	-1.438400
658.951253	-1.543500
659.641255	-1.638200
660.331256	-1.720600
661.021257	-1.789200
661.711258	-1.842300
662.401260	-1.878100
663.091261	-1.894800
663.781262	-1.890200
664.471264	-1.861800
665.161265	-1.806900
665.851266	-1.722600
666.541268	-1.606500
667.231269	-1.456600
667.921270	-1.272200
668.611272	-1.054700
669.301273	-0.807500
669.991274	-0.536900
670.681276	-0.251500
671.371277	0.038500
672.061278	0.321800
672.751279	0.588000
673.441281	0.828000
674.131282	1.035000
674.821283	1.205100
675.511285	1.337000
676.201286	1.431600
676.891287	1.491200
677.581289	1.518900
678.271290	1.518200
678.961291	1.492500
679.651293	1.445000
680.341294	1.378300
681.031295	1.294700
681.721297	1.195900
682.411298	1.083400
683.101299	0.958500
683.791300	0.822200
684.481302	0.675700
685.171303	0.520300
685.861304	0.357800
686.551306	0.190700
687.241307	0.021600
687.931308	-0.146200
688.621310	-0.309000
689.311311	-0.463800
690.001312	-0.608000
690.691314	-0.740100
691.381315	-0.860000
692.071316	-0.968800
692.761318	-1.068900
693.451319	-1.163600
694.141320	-1.256300
694.831321	-1.350800
695.521323	-1.450000
696.211324	-1.556300
696.901325	-1.671100
697.591327	-1.794400
698.281328	-1.925300
698.971329	-2.061400
699.661331	-2.199700
700.351332	-2.336600
701.041333	-2.468300
701.731335	-2.591200
702.421336	-2.701900
703.111337	-2.797700
703.801338	-2.876500
704.491340	-2.937100
705.181341	-2.979400
705.871342	-3.004300
706.561344	-3.013700
707.251345	-3.010500
707.941346	-2.998100
708.631348	-2.979800
709.321349	-2.958800
710.011350	-2.937600
710.701352	-2.917600
711.391353	-2.899500
712.081354	-2.882900
712.771356	-2.866600
713.461357	-2.848500
714.151358	-2.825800
714.841359	-2.795000
715.531361	-2.752000
716.221362	-2.692100
716.911363	-2.610100
717.601365	-2.500100
718.291366	-2.356300
718.981367	-2.172700
719.671369	-1.944000
720.361370	-1.665800
721.051371	-1.335500
721.741373	-0.953300
722.431374	-0.523700
723.121375	-0.056300
723.811377	0.434400
724.501378	0.929900
725.191379	1.410100
725.881380	1.856900
726.571382	2.256400
727.261383	2.600900
727.951384	2.889000
728.641386	3.124800
729.331387	3.316800
730.021388	3.476300
730.711390	3.616100
731.401391	3.749400
732.091392	3.888800
732.781394	4.044900
733.471395	4.226000
734.161396	4.436500
734.851398	4.676400
735.541399	4.940900
736.231400	5.221500
736.921401	5.506800
737.611403	5.784900
738.301404	6.045300
738.991405	6.279600
739.681407	6.482700
740.371408	6.652000
741.061409	6.787400
741.751411	6.890100
742.441412	6.962700
743.131413	7.008200
743.821415	7.030000
744.511416	7.031400
745.201417	7.015900
745.891419	6.986500
746.581420	6.946500
747.271421	6.899000
747.961422	6.847200
748.651424	6.794800
749.341425	6.745800
750.031426	6.704700
750.721428	6.676200
751.411429	6.665700
752.101430	6.677800
752.791432	6.716600
753.481433	6.784800
754.171434	6.882900
754.861436	7.009000
755.551437	7.159000
756.241438	7.326900
756.931440	7.505500
757.621441	7.687400
758.311442	7.865200
759.001443	8.032500
759.691445	8.183400
760.381446	8.312200
761.071447	8.413100
761.761449	8.479100
762.451450	8.501900
763.141451	8.471100
763.831453	8.374300
764.521454	8.197100
765.211455	7.923400
765.901457	7.536800
766.591458	7.021800
767.281459	6.366000
767.971461	5.563200
768.661462	4.616500
769.351463	3.541700
770.041464	2.371500
770.731466	1.153000
771.421467	-0.057500
772.111468	-1.209700
772.801470	-2.265500
773.491471	-3.202400
774.181472	-4.010500
774.871474	-4.689300
775.561475	-5.244400
776.251476	-5.685100
776.941478	-6.023100
777.631479	-6.270700
778.321480	-6.440800
779.011482	-6.545900
779.701483	-6.597500
780.391484	-6.606300
781.081485	-6.581500
781.771487	-6.531200
782.461488	-6.462100
783.151489	-6.380000
783.841491	-6.289700
784.531492	-6.195100
785.221493	-6.099100
785.911495	-6.003500
786.601496	-5.909300
787.291497	-5.816100
787.981499	-5.722800
788.671500	-5.627500
789.361501	-5.527800
790.051503	-5.421100
790.741504	-5.304900
791.431505	-5.177100
792.121506	-5.036300
792.811508	-4.882200
