0.000000	1.077900
0.690000	0.996300
1.380001	0.913900
2.070001	0.827400
2.760002	0.733500
3.450002	0.629600
4.140003	0.513800
4.830003	0.385400
5.520004	0.245200
6.210004	0.095200
6.900005	-0.061100
7.590005	-0.219400
8.280006	-0.374700
8.970006	-0.522300
9.660007	-0.657700
10.350007	-0.777500
11.040008	-0.879100
11.730008	-0.960800
12.420009	-1.022000
13.110009	-1.063000
13.800010	-1.084600
14.490010	-1.088700
15.180011	-1.077700
15.870011	-1.054500
16.560012	-1.022400
17.250012	-0.985000
17.940013	-0.945800
18.630013	-0.907800
19.320014	-0.873700
20.010014	-0.845700
20.700015	-0.825200
21.390015	-0.812700
22.080016	-0.808300
22.770016	-0.811300
23.460017	-0.820400
24.150017	-0.834000
24.840018	-0.850000
25.530018	-0.866000
26.220019	-0.879700
26.910019	-0.888700
27.600020	-0.890800
28.290020	-0.884100
28.980021	-0.866700
29.670021	-0.837600
30.360022	-0.796000
31.050022	-0.741600
31.740023	-0.675200
32.430023	-0.598200
33.120024	-0.512900
33.810024	-0.422500
34.500025	-0.330800
35.190025	-0.242100
35.880026	-0.160500
36.570026	-0.089900
37.260027	-0.033300
37.950027	0.006800
38.640028	0.028900
39.330028	0.032400
40.020029	0.017100
40.710029	-0.016200
41.400030	-0.066500
42.090030	-0.132000
42.780030	-0.210800
43.470031	-0.300500
44.160031	-0.398300
44.850032	-0.501700
45.540032	-0.607900
46.230033	-0.714600
46.920033	-0.819200
47.610034	-0.919700
48.300034	-1.014100
48.990035	-1.100600
49.680035	-1.177800
50.370036	-1.244400
51.060036	-1.299400
51.750037	-1.342000
52.440037	-1.371800
53.130038	-1.388800
53.820038	-1.393000
54.510039	-1.385200
55.200039	-1.366100
55.890040	-1.336700
56.580040	-1.298400
57.270041	-1.252300
57.960041	-1.199700
58.650042	-1.141700
59.340042	-1.079500
60.030043	-1.014300
60.720043	-0.947300
61.410044	-0.879800
62.100044	-0.813200
62.790045	-0.749100
63.480045	-0.689100
64.170046	-0.634400
64.860046	-0.586000
65.550047	-0.544300
66.240047	-0.508800
66.930048	-0.478700
67.620048	-0.452100
68.310049	-0.427000
69.000049	-0.400700
69.690050	-0.370300
70.380050	-0.332900
71.070051	-0.285500
71.760051	-0.225600
72.450052	-0.150500
73.140052	-0.058400
73.830053	0.052200
74.520053	0.182600
75.210054	0.332900
75.900054	0.502900
76.590055	0.691200
77.280055	0.895600
77.970056	1.112800
78.660056	1.339100
79.350057	1.570300
80.040057	1.802500
80.730058	2.032000
81.420058	2.255600
82.110059	2.470400
82.800059	2.673100
83.490060	2.860400
84.180060	3.028400
84.870061	3.173800
85.560061	3.293500
86.250061	3.385300
86.940062	3.448100
87.630062	3.481800
88.320063	3.487100
89.010063	3.465100
89.700064	3.417800
90.390064	3.347400
91.080065	3.256300
91.770065	3.147300
92.460066	3.023600
93.150066	2.888000
93.840067	2.743600
94.530067	2.593100
95.220068	2.438700
95.910068	2.282400
96.600069	2.125800
97.290069	1.970400
97.980070	1.817200
98.670070	1.667400
99.360071	1.522100
100.050071	1.382500
100.740072	1.249700
101.430072	1.125000
102.120073	1.009300
102.810073	0.903500
103.500074	0.807700
104.190074	0.721600
104.880075	0.644300
105.570075	0.574500
106.260076	0.510300
106.950076	0.450200
107.640077	0.392100
108.330077	0.334600
109.020078	0.276400
109.710078	0.216800
110.400079	0.155500
111.090079	0.093200
111.780080	0.031000
112.470080	-0.029300
113.160081	-0.086100
113.850081	-0.137300
114.540082	-0.180900
115.230082	-0.215700
115.920083	-0.240200
116.610083	-0.253700
117.300084	-0.255200
117.990084	-0.243900
118.680085	-0.219000
119.370085	-0.179200
120.060086	-0.123200
120.750086	-0.049700
121.440087	0.042200
122.130087	0.153200
122.820088	0.282700
123.510088	0.428700
124.200089	0.587000
124.890089	0.751700
125.580090	0.914300
126.270090	1.065200
126.960091	1.193300
127.650091	1.287800
128.340091	1.338600
129.030092	1.337300
129.720092	1.277900
130.410093	1.157400
131.100093	0.976500
131.790094	0.740000
132.480094	0.456800
133.170095	0.139500
133.860095	-0.196600
134.550096	-0.535700
135.240096	-0.862100
135.930097	-1.162900
136.620097	-1.428000
137.310098	-1.650900
138.000098	-1.828300
138.690099	-1.959400
139.380099	-2.045200
140.070100	-2.088400
140.760100	-2.092700
141.450101	-2.062600
142.140101	-2.002900
142.830102	-1.918600
143.520102	-1.814700
144.210103	-1.695600
144.900103	-1.565500
145.590104	-1.428300
146.280104	-1.287700
146.970105	-1.147600
147.660105	-1.012000
148.350106	-0.885400
149.040106	-0.772300
149.730107	-0.677500
150.420107	-0.605600
151.110108	-0.560600
151.800108	-0.546300
152.490109	-0.565900
153.180109	-0.622000
153.870110	-0.716500
154.560110	-0.850400
155.250111	-1.023200
155.940111	-1.232600
156.630112	-1.473700
157.320112	-1.739200
158.010113	-2.019500
158.700113	-2.304000
159.390114	-2.582000
160.080114	-2.844200
160.770115	-3.083500
161.460115	-3.295200
162.150116	-3.476600
162.840116	-3.626500
163.530117	-3.744700
164.220117	-3.831400
164.910118	-3.887400
165.600118	-3.913600
166.290119	-3.911100
166.980119	-3.882000
167.670120	-3.828700
168.360120	-3.754500
169.050121	-3.663500
169.740121	-3.559800
170.430122	-3.447800
171.120122	-3.331600
171.810122	-3.214600
172.500123	-3.099600
173.190123	-2.988700
173.880124	-2.883100
174.570124	-2.783500
175.260125	-2.689800
175.950125	-2.601900
176.640126	-2.519300
177.330126	-2.441500
178.020127	-2.368400
178.710127	-2.299800
179.400128	-2.235800
180.090128	-2.176800
180.780129	-2.122900
181.470129	-2.074200
182.160130	-2.030800
182.850130	-1.992300
183.540131	-1.958200
184.230131	-1.927700
184.920132	-1.900000
185.610132	-1.874100
186.300133	-1.849000
186.990133	-1.823800
187.680134	-1.797700
188.370134	-1.769900
189.060135	-1.740000
189.750135	-1.707400
190.440136	-1.672000
191.130136	-1.633400
191.820137	-1.591800
192.510137	-1.547200
193.200138	-1.499900
193.890138	-1.450400
194.580139	-1.399300
195.270139	-1.346800
195.960140	-1.293000
196.650140	-1.237400
197.340141	-1.178300
198.030141	-1.113200
198.720142	-1.038100
199.410142	-0.947900
200.100143	-0.836000
200.790143	-0.695000
201.480144	-0.516600
202.170144	-0.292600
202.860145	-0.015100
203.550145	0.321600
204.240146	0.721000
204.930146	1.182000
205.620147	1.698600
206.310147	2.259200
207.000148	2.846900
207.690148	3.441000
208.380149	4.018900
209.070149	4.559100
209.760150	5.042600
210.450150	5.455500
211.140151	5.788500
211.830151	6.037200
212.520152	6.200900
213.210152	6.282100
213.900152	6.285100
214.590153	6.215800
215.280153	6.081300
215.970154	5.890400
216.660154	5.652700
217.350155	5.379500
218.040155	5.083300
218.730156	4.777500
219.420156	4.476100
220.110157	4.192300
220.800157	3.937900
221.490158	3.721800
222.180158	3.549900
222.870159	3.424200
223.560159	3.343800
224.250160	3.304500
224.940160	3.299800
225.630161	3.321800
226.320161	3.361400
227.010162	3.409500
227.700162	3.457600
228.390163	3.498800
229.080163	3.527900
229.770164	3.541500
230.460164	3.538100
231.150165	3.517500
231.840165	3.480500
232.530166	3.428600
233.220166	3.364100
233.910167	3.289000
234.600167	3.206100
235.290168	3.117900
235.980168	3.027200
236.670169	2.936600
237.360169	2.848500
238.050170	2.765200
238.740170	2.688000
239.430171	2.618200
240.120171	2.556100
240.810172	2.501800
241.500172	2.454800
242.190173	2.414500
242.880173	2.379800
243.570174	2.349800
244.260174	2.322900
244.950175	2.297800
245.640175	2.272800
246.330176	2.245900
247.020176	2.215100
247.710177	2.178200
248.400177	2.132900
249.090178	2.077300
249.780178	2.009600
250.470179	1.928700
251.160179	1.834000
251.850180	1.726100
252.540180	1.606200
253.230181	1.476300
253.920181	1.339000
254.610182	1.196700
255.300182	1.051600
255.990183	0.905000
256.680183	0.757200
257.370183	0.606800
258.060184	0.451100
258.750184	0.286200
259.440185	0.107600
260.130185	-0.089200
260.820186	-0.308000
261.510186	-0.550700
262.200187	-0.816800
262.890187	-1.102800
263.580188	-1.402300
264.270188	-1.706400
264.960189	-2.004900
265.650189	-2.287700
266.340190	-2.546200
267.030190	-2.774700
267.720191	-2.970600
268.410191	-3.134600
269.100192	-3.269500
269.790192	-3.379600
270.480193	-3.469700
271.170193	-3.544400
271.860194	-3.607400
272.550194	-3.661700
273.240195	-3.709100
273.930195	-3.751100
274.620196	-3.788800
275.310196	-3.823000
276.000197	-3.854900
276.690197	-3.885700
277.380198	-3.917100
278.070198	-3.950800
278.760199	-3.988800
279.450199	-4.032700
280.140200	-4.084000
280.830200	-4.143800
281.520201	-4.212500
282.210201	-4.289700
282.900202	-4.374300
283.590202	-4.464300
284.280203	-4.556800
284.970203	-4.648200
285.660204	-4.734500
286.350204	-4.811300
287.040205	-4.874200
287.730205	-4.919300
288.420206	-4.943000
289.110206	-4.942700
289.800207	-4.916900
290.490207	-4.864900
291.180208	-4.787300
291.870208	-4.685200
292.560209	-4.560700
293.250209	-4.416000
293.940210	-4.253400
294.630210	-4.075100
295.320211	-3.883000
296.010211	-3.678600
296.700212	-3.463100
297.390212	-3.237700
298.080213	-3.004000
298.770213	-2.764000
299.460213	-2.521000
300.150214	-2.279100
300.840214	-2.044100
301.530215	-1.822200
302.220215	-1.620000
302.910216	-1.443400
303.600216	-1.296700
304.290217	-1.182600
304.980217	-1.101500
305.670218	-1.052200
306.360218	-1.032000
307.050219	-1.036800
307.740219	-1.061900
308.430220	-1.101700
309.120220	-1.150500
309.810221	-1.202400
310.500221	-1.251300
311.190222	-1.291400
311.880222	-1.316700
312.570223	-1.321200
313.260223	-1.298900
313.950224	-1.244100
314.640224	-1.151000
315.330225	-1.014600
316.020225	-0.831100
316.710226	-0.598600
317.400226	-0.317600
318.090227	0.007900
318.780227	0.371500
319.470228	0.765800
320.160228	1.182900
320.850229	1.616600
321.540229	2.062100
322.230230	2.515900
322.920230	2.974800
323.610231	3.435200
324.300231	3.893100
324.990232	4.343400
325.680232	4.780500
326.370233	5.197200
327.060233	5.585400
327.750234	5.936400
328.440234	6.241600
329.130235	6.493900
329.820235	6.687500
330.510236	6.818900
331.200236	6.886300
331.890237	6.888600
332.580237	6.825700
333.270238	6.698000
333.960238	6.506600
334.650239	6.253500
335.340239	5.942200
336.030240	5.577700
336.720240	5.166000
337.410241	4.714100
338.100241	4.229300
338.790242	3.719200
339.480242	3.191100
340.170243	2.653500
340.860243	2.115700
341.550243	1.588500
342.240244	1.083900
342.930244	0.614000
343.620245	0.190000
344.310245	-0.179400
345.000246	-0.488200
345.690246	-0.733400
346.380247	-0.914700
347.070247	-1.033800
347.760248	-1.093900
348.450248	-1.098900
349.140249	-1.053600
349.830249	-0.962800
350.520250	-0.832100
351.210250	-0.667800
351.900251	-0.476800
352.590251	-0.267300
353.280252	-0.048200
353.970252	0.171500
354.660253	0.383800
355.350253	0.581500
356.040254	0.759500
356.730254	0.914300
357.420255	1.044100
358.110255	1.148400
358.800256	1.227800
359.490256	1.283900
360.180257	1.319700
360.870257	1.338700
361.560258	1.345700
362.250258	1.346200
362.940259	1.346000
363.630259	1.351000
364.320260	1.366300
365.010260	1.396100
365.700261	1.442800
366.390261	1.507100
367.080262	1.587900
367.770262	1.682600
368.460263	1.787200
369.150263	1.897200
369.840264	2.008100
370.530264	2.115600
371.220265	2.215600
371.910265	2.304800
372.600266	2.379800
373.290266	2.437500
373.980267	2.474400
374.670267	2.486400
375.360268	2.468900
376.050268	2.416900
376.740269	2.324900
377.430269	2.187700
378.120270	2.000800
378.810270	1.761500
379.500271	1.469800
380.190271	1.129700
380.880272	0.749800
381.570272	0.343800
382.260273	-0.070200
382.950273	-0.472200
383.640274	-0.841600
384.330274	-1.160600
385.020274	-1.414900
385.710275	-1.595100
386.400275	-1.696000
387.090276	-1.715600
387.780276	-1.654800
388.470277	-1.517100
389.160277	-1.308400
389.850278	-1.037100
390.540278	-0.714800
391.230279	-0.355700
391.920279	0.023400
392.610280	0.404600
393.300280	0.770200
393.990281	1.103800
394.680281	1.392600
395.370282	1.627500
396.060282	1.803700
396.750283	1.920700
397.440283	1.981400
398.130284	1.991500
398.820284	1.958600
399.510285	1.891800
400.200285	1.800800
400.890286	1.695400
401.580286	1.584700
402.270287	1.476400
402.960287	1.376600
403.650288	1.289500
404.340288	1.217400
405.030289	1.160900
405.720289	1.119300
406.410290	1.090900
407.100290	1.073200
407.790291	1.062900
408.480291	1.056100
409.170292	1.049000
409.860292	1.037000
410.550293	1.015700
411.240293	0.980700
411.930294	0.927600
412.620294	0.852500
413.310295	0.752300
414.000295	0.624500
414.690296	0.468600
415.380296	0.285500
416.070297	0.078800
416.760297	-0.145800
417.450298	-0.381200
418.140298	-0.619000
418.830299	-0.851300
419.520299	-1.071600
420.210300	-1.275100
420.900300	-1.459000
421.590301	-1.622100
422.280301	-1.764400
422.970302	-1.886900
423.660302	-1.990900
424.350303	-2.077900
425.040303	-2.149700
425.730304	-2.208200
426.420304	-2.255200
427.110304	-2.292800
427.800305	-2.322500
428.490305	-2.346000
429.180306	-2.364400
429.870306	-2.378600
430.560307	-2.388900
431.250307	-2.395500
431.940308	-2.398300
432.630308	-2.397000
433.320309	-2.391700
434.010309	-2.382600
434.700310	-2.370300
435.390310	-2.356000
436.080311	-2.341400
436.770311	-2.328300
437.460312	-2.318900
438.150312	-2.315200
438.840313	-2.319000
439.530313	-2.331500
440.220314	-2.353400
440.910314	-2.384800
441.600315	-2.425200
442.290315	-2.473400
442.980316	-2.527900
443.670316	-2.586700
444.360317	-2.647700
445.050317	-2.708900
445.740318	-2.767900
446.430318	-2.822700
447.120319	-2.871100
447.810319	-2.911600
448.500320	-2.942500
449.190320	-2.962900
449.880321	-2.972400
450.570321	-2.971000
451.260322	-2.959400
451.950322	-2.938800
452.640323	-2.910500
453.330323	-2.876000
454.020324	-2.836400
454.710324	-2.792700
455.400325	-2.744900
456.090325	-2.692600
456.780326	-2.635100
457.470326	-2.570800
458.160327	-2.498300
458.850327	-2.416000
459.540328	-2.322700
460.230328	-2.217800
460.920329	-2.101200
461.610329	-1.973800
462.300330	-1.837500
462.990330	-1.694600
463.680331	-1.548000
464.370331	-1.400700
465.060332	-1.255100
465.750332	-1.113200
466.440333	-0.975600
467.130333	-0.842200
467.820334	-0.711500
468.510334	-0.581400
469.200335	-0.449400
469.890335	-0.312900
470.580335	-0.169900
471.270336	-0.018900
471.960336	0.140500
472.650337	0.307800
473.340337	0.481300
474.030338	0.658200
474.720338	0.834900
475.410339	1.007000
476.100339	1.169400
476.790340	1.317200
477.480340	1.444900
478.170341	1.547200
478.860341	1.619000
479.550342	1.655100
480.240342	1.650300
480.930343	1.599600
481.620343	1.498100
482.310344	1.341600
483.000344	1.126800
483.690345	0.852500
484.380345	0.520100
485.070346	0.134800
485.760346	-0.293900
486.450347	-0.751800
487.140347	-1.220800
487.830348	-1.680500
488.520348	-2.111400
489.210349	-2.497000
489.900349	-2.825900
490.590350	-3.092400
491.280350	-3.295700
491.970351	-3.439400
492.660351	-3.529500
493.350352	-3.573600
494.040352	-3.580400
494.730353	-3.558100
495.420353	-3.514500
496.110354	-3.456100
496.800354	-3.388300
497.490355	-3.314500
498.180355	-3.236900
498.870356	-3.156300
499.560356	-3.072400
500.250357	-2.984500
500.940357	-2.891300
501.630358	-2.791700
502.320358	-2.685300
503.010359	-2.572100
503.700359	-2.453100
504.390360	-2.329700
505.080360	-2.203700
505.770361	-2.076500
506.460361	-1.948400
507.150362	-1.819000
507.840362	-1.686700
508.530363	-1.549100
509.220363	-1.403500
509.910364	-1.247900
510.600364	-1.080900
511.290365	-0.902500
511.980365	-0.714200
512.670365	-0.519000
513.360366	-0.321000
514.050366	-0.124400
514.740367	0.066500
515.430367	0.248400
516.120368	0.418800
516.810368	0.576500
517.500369	0.720900
518.190369	0.852100
518.880370	0.970600
519.570370	1.077100
520.260371	1.172400
520.950371	1.257300
521.640372	1.332300
522.330372	1.397800
523.020373	1.453900
523.710373	1.500600
524.400374	1.538100
525.090374	1.566700
525.780375	1.587400
526.470375	1.601900
527.160376	1.612800
527.850376	1.622900
528.540377	1.635900
529.230377	1.655200
529.920378	1.684500
530.610378	1.726600
531.300379	1.783700
531.990379	1.856900
532.680380	1.945800
533.370380	2.048700
534.060381	2.161900
534.750381	2.280700
535.440382	2.399300
536.130382	2.511700
536.820383	2.612700
537.510383	2.698000
538.200384	2.765000
538.890384	2.812900
539.580385	2.842500
540.270385	2.855700
540.960386	2.855700
541.650386	2.846400
542.340387	2.832000
543.030387	2.817100
543.720388	2.806000
544.410388	2.802500
545.100389	2.809900
545.790389	2.830200
546.480390	2.864600
547.170390	2.913000
547.860391	2.974300
548.550391	3.046400
549.240392	3.126600
549.930392	3.211500
550.620393	3.297400
551.310393	3.380700
552.000394	3.457700
552.690394	3.524900
553.380395	3.579200
554.070395	3.617900
554.760395	3.638800
555.450396	3.640100
556.140396	3.620600
556.830397	3.580000
557.520397	3.518700
558.210398	3.438200
558.900398	3.341100
559.590399	3.230700
560.280399	3.111700
560.970400	2.988800
561.660400	2.867200
562.350401	2.751300
563.040401	2.644900
563.730402	2.550600
564.420402	2.469700
565.110403	2.402500
565.800403	2.348700
566.490404	2.307100
567.180404	2.276500
567.870405	2.255300
568.560405	2.242400
569.250406	2.236300
569.940406	2.236300
570.630407	2.241400
571.320407	2.251100
572.010408	2.264900
572.700408	2.282200
573.390409	2.302400
574.080409	2.324500
574.770410	2.347200
575.460410	2.369000
576.150411	2.388200
576.840411	2.402900
577.530412	2.411500
578.220412	2.412700
578.910413	2.405400
579.600413	2.389400
580.290414	2.364800
580.980414	2.332300
581.670415	2.292700
582.360415	2.247000
583.050416	2.196400
583.740416	2.141800
584.430417	2.084100
585.120417	2.024100
585.810418	1.962600
586.500418	1.900200
587.190419	1.837700
587.880419	1.775700
588.570420	1.714900
589.260420	1.655900
589.950421	1.599300
590.640421	1.546000
591.330422	1.496600
592.020422	1.451800
592.710423	1.412500
593.400423	1.379000
594.090424	1.351800
594.780424	1.330900
595.470425	1.316100
596.160425	1.306400
596.850426	1.300800
597.540426	1.297400
598.230426	1.294000
598.920427	1.287800
599.610427	1.275500
600.300428	1.253600
600.990428	1.218400
601.680429	1.166600
602.370429	1.095600
603.060430	1.004200
603.750430	0.893000
604.440431	0.764600
605.130431	0.623600
605.820432	0.476200
606.510432	0.328900
607.200433	0.188400
607.890433	0.060200
608.580434	-0.051300
609.270434	-0.143900
609.960435	-0.216600
610.650435	-0.270100
611.340436	-0.306400
612.030436	-0.328800
612.720437	-0.341400
613.410437	-0.348700
614.100438	-0.355600
614.790438	-0.366400
615.480439	-0.384900
616.170439	-0.413800
616.860440	-0.454600
617.550440	-0.507000
618.240441	-0.569300
618.930441	-0.638300
619.620442	-0.709900
620.310442	-0.779800
621.000443	-0.844200
621.690443	-0.900600
622.380444	-0.947800
623.070444	-0.986200
623.760445	-1.017300
624.450445	-1.043400
625.140446	-1.066400
625.830446	-1.087900
626.520447	-1.108500
627.210447	-1.127200
627.900448	-1.141700
628.590448	-1.148500
629.280449	-1.142800
629.970449	-1.119300
630.660450	-1.072400
631.350450	-0.997000
632.040451	-0.889100
632.730451	-0.746700
633.420452	-0.570000
634.110452	-0.362000
634.800453	-0.129000
635.490453	0.120300
636.180454	0.375200
636.870454	0.624300
637.560455	0.857500
638.250455	1.066600
638.940456	1.246400
639.630456	1.395100
640.320456	1.512900
641.010457	1.602000
641.700457	1.665300
642.390458	1.705900
643.080458	1.726700
643.770459	1.729900
644.460459	1.717000
645.150460	1.688600
645.840460	1.644700
646.530461	1.584700
647.220461	1.507400
647.910462	1.411500
648.600462	1.295900
649.290463	1.160000
649.980463	1.004300
650.670464	0.830400
651.360464	0.641200
652.050465	0.441000
652.740465	0.234800
653.430466	0.028000
654.120466	-0.174000
654.810467	-0.366800
655.500467	-0.546500
656.190468	-0.710700
656.880468	-0.858500
657.570469	-0.989800
658.260469	-1.106000
658.950470	-1.209300
659.640470	-1.302200
660.330471	-1.387400
661.020471	-1.467500
661.710472	-1.544300
662.400472	-1.618900
663.090473	-1.691500
663.780473	-1.761800
664.470474	-1.829000
665.160474	-1.892100
665.850475	-1.950500
666.540475	-2.003800
667.230476	-2.051900
667.920476	-2.095600
668.610477	-2.135800
669.300477	-2.174000
669.990478	-2.211700
670.680478	-2.250400
671.370479	-2.291300
672.060479	-2.335000
672.750480	-2.381500
673.440480	-2.430100
674.130481	-2.479100
674.820481	-2.526100
675.510482	-2.568400
676.200482	-2.602800
676.890483	-2.626100
677.580483	-2.635500
678.270484	-2.628700
678.960484	-2.603800
679.650485	-2.559800
680.340485	-2.496400
681.030486	-2.413900
681.720486	-2.313100
682.410487	-2.195400
683.100487	-2.062200
683.790487	-1.915300
684.480488	-1.756000
685.170488	-1.585800
685.860489	-1.405600
686.550489	-1.216700
687.240490	-1.020500
687.930490	-0.819200
688.620491	-0.615900
689.310491	-0.415000
690.000492	-0.221700
690.690492	-0.041200
691.380493	0.121500
692.070493	0.262800
692.760494	0.380200
693.450494	0.473000
694.140495	0.541800
694.830495	0.588400
695.520496	0.615300
696.210496	0.625900
696.900497	0.623800
697.590497	0.613600
698.280498	0.600000
698.970498	0.588100
699.660499	0.582800
700.350499	0.589100
701.040500	0.610700
701.730500	0.650700
702.420501	0.710200
703.110501	0.788900
703.800502	0.884600
704.490502	0.993700
705.180503	1.111300
705.870503	1.232000
706.560504	1.350200
707.250504	1.460500
707.940505	1.557700
708.630505	1.637300
709.320506	1.694700
710.010506	1.725400
710.700507	1.725100
711.390507	1.689600
712.080508	1.614900
712.770508	1.497800
713.460509	1.336200
714.150509	1.129500
714.840510	0.879600
715.530510	0.591000
716.220511	0.271300
716.910511	-0.069400
717.600512	-0.419400
718.290512	-0.766200
718.980513	-1.098600
719.670513	-1.407400
720.360514	-1.686100
721.050514	-1.931300
721.740515	-2.142300
722.430515	-2.320500
723.120516	-2.468600
723.810516	-2.590100
724.500517	-2.689100
725.190517	-2.769400
725.880517	-2.834800
726.570518	-2.888600
727.260518	-2.933700
727.950519	-2.972700
728.640519	-3.007200
729.330520	-3.038600
730.020520	-3.067900
730.710521	-3.095400
731.400521	-3.121000
732.090522	-3.144500
732.780522	-3.165100
733.470523	-3.182400
734.160523	-3.195500
734.850524	-3.204000
735.540524	-3.207700
736.230525	-3.206500
736.920525	-3.200600
737.610526	-3.190200
738.300526	-3.175600
738.990527	-3.157200
739.680527	-3.135100
740.370528	-3.109700
741.060528	-3.081200
741.750529	-3.049700
742.440529	-3.015200
743.130530	-2.977800
743.820530	-2.937600
744.510531	-2.894800
745.200531	-2.849600
745.890532	-2.802500
746.580532	-2.754300
747.270533	-2.705900
747.960533	-2.658400
748.650534	-2.613000
749.340534	-2.570800
750.030535	-2.532800
750.720535	-2.499700
751.410536	-2.471800
752.100536	-2.448900
752.790537	-2.430300
753.480537	-2.414900
754.170538	-2.401400
754.860538	-2.388400
755.550539	-2.374400
756.240539	-2.358400
756.930540	-2.339700
757.620540	-2.317700
758.310541	-2.292100
759.000541	-2.262700
759.690542	-2.229200
760.380542	-2.190800
761.070543	-2.146900
761.760543	-2.096300
762.450544	-2.037900
763.140544	-1.970600
763.830545	-1.893700
764.520545	-1.806800
765.210546	-1.709900
765.900546	-1.603500
766.590547	-1.488500
767.280547	-1.365900
767.970548	-1.237300
768.660548	-1.104400
769.350548	-0.969100
770.040549	-0.833900
770.730549	-0.701100
771.420550	-0.573100
772.110550	-0.451600
772.800551	-0.337400
773.490551	-0.230400
774.180552	-0.129300
774.870552	-0.032100
775.560553	0.063500
776.250553	0.159600
776.940554	0.257600
777.630554	0.358100
778.320555	0.460800
779.010555	0.564600
779.700556	0.667600
780.390556	0.767800
781.080557	0.863300
781.770557	0.952200
782.460558	1.033300
783.150558	1.105800
783.840559	1.169500
784.530559	1.224800
785.220560	1.272300
785.910560	1.313000
786.600561	1.348000
787.290561	1.378300
787.980562	1.404800
788.670562	1.428000
789.360563	1.448500
790.050563	1.466300
790.740564	1.481400
791.430564	1.493500
792.120565	1.502000
792.810565	1.506400
793.500566	1.505900
794.190566	1.499900
794.880567	1.487800
795.570567	1.469200
796.260568	1.443900
796.950568	1.411900
797.640569	1.373600
798.330569	1.329400
799.020570	1.280000
799.710570	1.226300
800.400571	1.168900
801.090571	1.108500
801.780572	1.045500
802.470572	0.980300
803.160573	0.913100
803.850573	0.844100
804.540574	0.773600
805.230574	0.701900
805.920575	0.629300
806.610575	0.556100
807.300576	0.482700
807.990576	0.409000
808.680577	0.335100
809.370577	0.260600
810.060578	0.184700
810.750578	0.106600
811.440578	0.025400
812.130579	-0.059900
812.820579	-0.150200
813.510580	-0.245800
814.200580	-0.346600
814.890581	-0.451900
815.580581	-0.560600
816.270582	-0.671100
816.960582	-0.781500
817.650583	-0.889900
818.340583	-0.994400
819.030584	-1.093200
819.720584	-1.184300
820.410585	-1.265400
821.100585	-1.333900
821.790586	-1.386500
822.480586	-1.420000
823.170587	-1.430800
823.860587	-1.415800
824.550588	-1.372900
825.240588	-1.301300
825.930589	-1.202200
826.620589	-1.078900
827.310590	-0.937200
828.000590	-0.784500
828.690591	-0.629700
829.380591	-0.481500
830.070592	-0.347800
830.760592	-0.234600
831.450593	-0.145300
832.140593	-0.080400
832.830594	-0.038000
833.520594	-0.014000
834.210595	-0.003500
834.900595	-0.000800
835.590596	-0.000400
836.280596	0.002300
836.970597	0.010900
837.660597	0.028000
838.350598	0.054300
839.040598	0.089000
839.730599	0.130100
840.420599	0.174300
841.110600	0.217600
841.800600	0.256100
842.490601	0.286500
843.180601	0.306400
843.870602	0.315200
844.560602	0.313800
845.250603	0.304900
845.940603	0.292900
846.630604	0.283500
847.320604	0.283400
848.010605	0.300500
848.700605	0.342800
849.390606	0.418600
850.080606	0.535800
850.770607	0.701300
851.460607	0.920000
852.150608	1.194300
852.840608	1.523100
853.530608	1.901400
854.220609	2.320000
854.910609	2.766600
855.600610	3.226700
856.290610	3.684600
856.980611	4.125500
857.670611	4.536600
858.360612	4.908400
859.050612	5.235400
859.740613	5.516100
860.430613	5.752600
861.120614	5.950000
861.810614	6.114900
862.500615	6.255100
863.190615	6.378600
863.880616	6.493100
864.570616	6.605300
865.260617	6.720700
865.950617	6.842900
866.640618	6.973400
867.330618	7.111400
868.020619	7.254100
868.710619	7.396400
869.400620	7.532300
870.090620	7.655600
870.780621	7.760300
871.470621	7.841400
872.160622	7.895300
872.850622	7.919700
873.540623	7.913300
874.230623	7.876100
874.920624	7.809400
875.610624	7.715000
876.300625	7.595900
876.990625	7.455300
877.680626	7.297100
878.370626	7.124600
879.060627	6.940700
879.750627	6.747200
880.440628	6.544300
881.130628	6.330900
881.820629	6.104000
882.510629	5.858900
883.200630	5.589800
883.890630	5.290100
884.580631	4.952900
885.270631	4.572000
885.960632	4.142800
886.650632	3.663200
887.340633	3.134500
888.030633	2.561700
888.720634	1.953500
889.410634	1.321300
890.100635	0.677600
890.790635	0.034300
891.480636	-0.598100
892.170636	-1.212100
892.860637	-1.801900
893.550637	-2.364400
894.240638	-2.898200
894.930638	-3.403300
895.620639	-3.880800
896.310639	-4.331600
897.000639	-4.756200
897.690640	-5.154700
898.380640	-5.526400
899.070641	-5.870200
899.760641	-6.184500
900.450642	-6.467400
901.140642	-6.716800
901.830643	-6.930300
902.520643	-7.105500
903.210644	-7.240400
903.900644	-7.333000
904.590645	-7.382500
905.280645	-7.388800
905.970646	-7.353000
906.660646	-7.277500
907.350647	-7.166200
908.040647	-7.024300
908.730648	-6.858500
909.420648	-6.676900
910.110649	-6.487900
910.800649	-6.299800
911.490650	-6.119500
912.180650	-5.951400
912.870651	-5.797500
913.560651	-5.656100
914.250652	-5.523000
914.940652	-5.391000
915.630653	-5.251200
916.320653	-5.093200
917.010654	-4.905900
917.700654	-4.678700
918.390655	-4.401600
919.080655	-4.067000
919.770656	-3.670100
920.460656	-3.209300
921.150657	-2.686300
921.840657	-2.105300
922.530658	-1.471500
923.220658	-0.789600
923.910659	-0.062600
924.600659	0.707800
925.290660	1.521100
925.980660	2.375400
926.670661	3.264400
927.360661	4.175100
928.050662	5.087200
928.740662	5.973700
929.430663	6.805200
930.120663	7.554000
930.810664	8.199000
931.500664	8.726900
932.190665	9.132400
932.880665	9.417200
933.570666	9.587200
934.260666	9.651500
934.950667	9.620800
935.640667	9.507300
936.330668	9.323900
937.020668	9.084800
937.710669	8.805100
938.400669	8.500300
939.090669	8.185200
939.780670	7.873100
940.470670	7.573900
941.160671	7.294200
941.850671	7.036600
942.540672	6.801000
943.230672	6.584900
943.920673	6.384100
944.610673	6.193900
945.300674	6.009100
945.990674	5.825000
946.680675	5.637300
947.370675	5.442900
948.060676	5.240600
948.750676	5.031300
949.440677	4.818200
950.130677	4.606500
950.820678	4.402600
951.510678	4.213100
952.200679	4.042800
952.890679	3.894600
953.580680	3.768500
954.270680	3.662000
954.960681	3.570400
955.650681	3.487200
956.340682	3.405200
957.030682	3.316900
957.720683	3.215200
958.410683	3.094000
959.100684	2.949100
959.790684	2.778600
960.480685	2.583700
961.170685	2.368400
961.860686	2.139100
962.550686	1.902900
963.240687	1.666500
963.930687	1.434800
964.620688	1.210100
965.310688	0.992300
966.000689	0.779200
966.690689	0.567000
967.380690	0.351100
968.070690	0.127200
968.760691	-0.108000
969.450691	-0.356200
970.140692	-0.616500
970.830692	-0.885400
971.520693	-1.157300
972.210693	-1.425700
972.900694	-1.683700
973.590694	-1.924800
974.280695	-2.143800
974.970695	-2.336200
975.660696	-2.498800
976.350696	-2.628900
977.040697	-2.724500
977.730697	-2.783800
978.420698	-2.805700
979.110698	-2.789700
979.800699	-2.736000
980.490699	-2.645900
981.180700	-2.521800
981.870700	-2.368000
982.560700	-2.190100
983.250701	-1.995400
983.940701	-1.792100
984.630702	-1.588800
985.320702	-1.393900
986.010703	-1.215100
986.700703	-1.058700
987.390704	-0.929500
988.080704	-0.831200
988.770705	-0.766000
989.460705	-0.735200
990.150706	-0.738700
990.840706	-0.775700
991.530707	-0.844700
992.220707	-0.943300
992.910708	-1.068800
993.600708	-1.218100
994.290709	-1.388200
994.980709	-1.576000
995.670710	-1.778500
996.360710	-1.992400
997.050711	-2.213900
997.740711	-2.438700
998.430712	-2.661400
999.120712	-2.876500
999.810713	-3.078100
1000.500713	-3.260800
1001.190714	-3.420000
1001.880714	-3.552300
1002.570715	-3.655100
1003.260715	-3.726800
1003.950716	-3.765900
1004.640716	-3.771000
1005.330717	-3.740700
1006.020717	-3.673700
1006.710718	-3.568800
1007.400718	-3.425700
1008.090719	-3.245300
1008.780719	-3.030900
1009.470720	-2.788400
1010.160720	-2.527200
1010.850721	-2.259400
1011.540721	-1.999300
1012.230722	-1.760600
1012.920722	-1.555100
1013.610723	-1.391200
1014.300723	-1.273500
1014.990724	-1.203200
1015.680724	-1.179800
1016.370725	-1.201200
1017.060725	-1.265200
1017.750726	-1.369000
1018.440726	-1.509700
1019.130727	-1.683400
1019.820727	-1.885400
1020.510728	-2.109400
1021.200728	-2.348300
1021.890729	-2.593600
1022.580729	-2.836800
1023.270730	-3.069700
1023.960730	-3.285200
1024.650730	-3.477000
1025.340731	-3.640300
1026.030731	-3.771500
1026.720732	-3.868400
1027.410732	-3.929900
1028.100733	-3.956300
1028.790733	-3.949300
1029.480734	-3.911900
1030.170734	-3.848200
1030.860735	-3.763900
1031.550735	-3.665600
1032.240736	-3.560400
1032.930736	-3.455900
1033.620737	-3.358700
1034.310737	-3.274000
1035.000738	-3.205200
1035.690738	-3.153500
1036.380739	-3.118000
1037.070739	-3.096300
1037.760740	-3.085000
1038.450740	-3.080300
1039.140741	-3.078800
1039.830741	-3.077800
1040.520742	-3.075300
1041.210742	-3.070100
1041.900743	-3.061400
1042.590743	-3.049200
1043.280744	-3.033400
1043.970744	-3.013900
1044.660745	-2.990600
1045.350745	-2.962900
1046.040746	-2.930300
1046.730746	-2.891900
1047.420747	-2.847000
1048.110747	-2.794600
1048.800748	-2.734300
1049.490748	-2.665900
1050.180749	-2.589500
1050.870749	-2.506000
1051.560750	-2.416900
1052.250750	-2.323900
1052.940751	-2.229400
1053.630751	-2.135800
1054.320752	-2.045700
1055.010752	-1.961000
1055.700753	-1.883500
1056.390753	-1.814400
1057.080754	-1.754500
1057.770754	-1.704000
1058.460755	-1.663100
1059.150755	-1.631400
1059.840756	-1.608600
1060.530756	-1.593900
1061.220757	-1.586600
1061.910757	-1.585500
