0.000000	-0.243300
0.690005	-0.128300
1.380011	0.006900
2.070016	0.161500
2.760022	0.333800
3.450027	0.521800
4.140033	0.722600
4.830038	0.933200
5.520044	1.149500
6.210049	1.367400
6.900054	1.582400
7.590060	1.789700
8.280065	1.985000
8.970071	2.164000
9.660076	2.323100
10.350082	2.459700
11.040087	2.571800
11.730093	2.658400
12.420098	2.719600
13.110103	2.756000
13.800109	2.768900
14.490114	2.760100
15.180120	2.731800
15.870125	2.686200
16.560131	2.625600
17.250136	2.552200
17.940141	2.468100
18.630147	2.375200
19.320152	2.275100
20.010158	2.169400
20.700163	2.059300
21.390169	1.945900
22.080174	1.830400
22.770180	1.713700
23.460185	1.597100
24.150190	1.481400
24.840196	1.367900
25.530201	1.257600
26.220207	1.151400
26.910212	1.050100
27.600218	0.954400
28.290223	0.864600
28.980229	0.781100
29.670234	0.704000
30.360239	0.633200
31.050245	0.568700
31.740250	0.510400
32.430256	0.458100
33.120261	0.411900
33.810267	0.371900
34.500272	0.338100
35.190278	0.310800
35.880283	0.290600
36.570288	0.277700
37.260294	0.272800
37.950299	0.275900
38.640305	0.287200
39.330310	0.306400
40.020316	0.332800
40.710321	0.365600
41.400327	0.403400
42.090332	0.445200
42.780337	0.489400
43.470343	0.534800
44.160348	0.580500
44.850354	0.625300
45.540359	0.668700
46.230365	0.710000
46.920370	0.748600
47.610375	0.784000
48.300381	0.815400
48.990386	0.841900
49.680392	0.862400
50.370397	0.875700
51.060403	0.880100
51.750408	0.874100
52.440414	0.855700
53.130419	0.823100
53.820424	0.774800
54.510430	0.709100
55.200435	0.625000
55.890441	0.522100
56.580446	0.400800
57.270452	0.262400
57.960457	0.109300
58.650463	-0.054900
59.340468	-0.225900
60.030473	-0.398400
60.720479	-0.566900
61.410484	-0.726100
62.100490	-0.871300
62.790495	-0.998700
63.480501	-1.105500
64.170506	-1.190200
64.860512	-1.252100
65.550517	-1.291700
66.240522	-1.310000
66.930528	-1.308700
67.620533	-1.289700
68.310539	-1.255300
69.000544	-1.207900
69.690550	-1.150000
70.380555	-1.084500
71.070561	-1.014100
71.760566	-0.942100
72.450571	-0.871900
73.140577	-0.807200
73.830582	-0.751800
74.520588	-0.709900
75.210593	-0.685100
75.900599	-0.680900
76.590604	-0.700300
77.280609	-0.745400
77.970615	-0.817500
78.660620	-0.917300
79.350626	-1.044200
80.040631	-1.197200
80.730637	-1.373900
81.420642	-1.571500
82.110648	-1.785800
82.800653	-2.012100
83.490658	-2.244800
84.180664	-2.478000
84.870669	-2.705800
85.560675	-2.922300
86.250680	-3.122500
86.940686	-3.302000
87.630691	-3.457400
88.320697	-3.586100
89.010702	-3.686300
89.700707	-3.757200
90.390713	-3.798600
91.080718	-3.810900
91.770724	-3.795400
92.460729	-3.753600
93.150735	-3.687400
93.840740	-3.599200
94.530746	-3.491200
95.220751	-3.365800
95.910756	-3.225700
96.600762	-3.073300
97.290767	-2.911500
97.980773	-2.743200
98.670778	-2.571800
99.360784	-2.400600
100.050789	-2.233600
100.740795	-2.074400
101.430800	-1.926400
102.120805	-1.792900
102.810811	-1.676200
103.500816	-1.578200
104.190822	-1.499800
104.880827	-1.441100
105.570833	-1.401800
106.260838	-1.380600
106.950843	-1.376200
107.640849	-1.386700
108.330854	-1.410000
109.020860	-1.444300
109.710865	-1.487700
110.400871	-1.538300
111.090876	-1.594800
111.780882	-1.655600
112.470887	-1.719600
113.160892	-1.785400
113.850898	-1.851900
114.540903	-1.917800
115.230909	-1.981800
115.920914	-2.042300
116.610920	-2.097900
117.300925	-2.146800
117.990931	-2.187200
118.680936	-2.217100
119.370941	-2.234200
120.060947	-2.235700
120.750952	-2.218700
121.440958	-2.179600
122.130963	-2.114700
122.820969	-2.019800
123.510974	-1.890900
124.200980	-1.723700
124.890985	-1.514800
125.580990	-1.261500
126.270996	-0.962600
126.961001	-0.618700
127.651007	-0.232900
128.341012	0.189100
129.031018	0.640100
129.721023	1.110700
130.411029	1.591200
131.101034	2.071900
131.791039	2.543100
132.481045	2.995800
133.171050	3.421400
133.861056	3.811700
134.551061	4.159600
135.241067	4.459100
135.931072	4.705600
136.621077	4.896100
137.311083	5.029600
138.001088	5.106400
138.691094	5.128400
139.381099	5.099000
140.071105	5.022700
140.761110	4.905500
141.451116	4.754600
142.141121	4.578600
142.831126	4.386900
143.521132	4.189900
144.211137	3.997600
144.901143	3.819200
145.591148	3.662500
146.281154	3.533100
146.971159	3.434900
147.661165	3.369100
148.351170	3.335500
149.041175	3.331800
149.731181	3.354200
150.421186	3.397800
151.111192	3.456700
151.801197	3.524900
152.491203	3.596500
153.181208	3.666100
153.871214	3.729600
154.561219	3.783400
155.251224	3.825600
155.941230	3.854600
156.631235	3.870000
157.321241	3.871800
158.011246	3.860300
158.701252	3.836100
159.391257	3.800000
160.081263	3.752500
160.771268	3.694200
161.461273	3.625400
162.151279	3.546100
162.841284	3.456300
163.531290	3.355500
164.221295	3.243000
164.911301	3.118100
165.601306	2.979800
166.291311	2.826800
166.981317	2.658000
167.671322	2.472300
168.361328	2.268600
169.051333	2.046400
169.741339	1.805600
170.431344	1.547000
171.121350	1.272300
171.811355	0.984300
172.501360	0.687300
173.191366	0.386400
173.881371	0.088200
174.571377	-0.200400
175.261382	-0.472700
175.951388	-0.722700
176.641393	-0.945600
177.331399	-1.138400
178.021404	-1.299400
178.711409	-1.428800
179.401415	-1.527500
180.091420	-1.597600
180.781426	-1.641900
181.471431	-1.663700
182.161437	-1.666800
182.851442	-1.655000
183.541448	-1.632400
184.231453	-1.603000
184.921458	-1.570700
185.611464	-1.539100
186.301469	-1.511500
186.991475	-1.491300
187.681480	-1.481000
188.371486	-1.482900
189.061491	-1.498700
189.751497	-1.529300
190.441502	-1.574800
191.131507	-1.634900
191.821513	-1.708300
192.511518	-1.793600
193.201524	-1.888900
193.891529	-1.992100
194.581535	-2.100900
195.271540	-2.212900
195.961546	-2.325800
196.651551	-2.437400
197.341556	-2.545400
198.031562	-2.648300
198.721567	-2.744700
199.411573	-2.834000
200.101578	-2.916200
200.791584	-2.991500
201.481589	-3.060900
202.171594	-3.125200
202.861600	-3.185800
203.551605	-3.243800
204.241611	-3.300000
204.931616	-3.355100
205.621622	-3.409300
206.311627	-3.462500
207.001633	-3.513900
207.691638	-3.562400
208.381643	-3.606300
209.071649	-3.644200
209.761654	-3.674100
210.451660	-3.694600
211.141665	-3.704400
211.831671	-3.702400
212.521676	-3.688100
213.211682	-3.661400
213.901687	-3.622700
214.591692	-3.572700
215.281698	-3.512500
215.971703	-3.443400
216.661709	-3.366700
217.351714	-3.283700
218.041720	-3.195600
218.731725	-3.103100
219.421731	-3.006800
220.111736	-2.907000
220.801741	-2.803400
221.491747	-2.695900
222.181752	-2.584300
222.871758	-2.468100
223.561763	-2.347400
224.251769	-2.222400
224.941774	-2.093800
225.631780	-1.963000
226.321785	-1.831700
227.011790	-1.702400
227.701796	-1.577600
228.391801	-1.460100
229.081807	-1.352500
229.771812	-1.257100
230.461818	-1.175500
231.151823	-1.108800
231.841828	-1.057200
232.531834	-1.020500
233.221839	-0.997600
233.911845	-0.987200
234.601850	-0.987300
235.291856	-0.995600
235.981861	-1.009500
236.671867	-1.026000
237.361872	-1.042100
238.051877	-1.054700
238.741883	-1.060500
239.431888	-1.056300
240.121894	-1.038900
240.811899	-1.005100
241.501905	-0.951800
242.191910	-0.876200
242.881916	-0.775300
243.571921	-0.646700
244.261926	-0.488300
244.951932	-0.298400
245.641937	-0.076200
246.331943	0.178400
247.021948	0.464800
247.711954	0.781400
248.401959	1.125700
249.091965	1.494700
249.781970	1.884200
250.471975	2.288700
251.161981	2.701400
251.851986	3.114100
252.541992	3.517100
253.231997	3.900200
253.922003	4.253300
254.612008	4.567100
255.302014	4.833800
255.992019	5.047400
256.682024	5.203500
257.372030	5.299200
258.062035	5.333200
258.752041	5.305500
259.442046	5.217500
260.132052	5.071700
260.822057	4.872700
261.512062	4.626200
262.202068	4.339500
262.892073	4.021300
263.582079	3.680400
264.272084	3.325800
264.962090	2.965200
265.652095	2.605400
266.342101	2.251700
267.032106	1.908200
267.722111	1.578300
268.412117	1.264700
269.102122	0.970000
269.792128	0.696600
270.482133	0.446900
271.172139	0.222900
271.862144	0.026800
272.552150	-0.139700
273.242155	-0.275200
273.932160	-0.378500
274.622166	-0.449100
275.312171	-0.486700
276.002177	-0.492100
276.692182	-0.466400
277.382188	-0.412000
278.072193	-0.331900
278.762199	-0.229900
279.452204	-0.110400
280.142209	0.022100
280.832215	0.163500
281.522220	0.309400
282.212226	0.456400
282.902231	0.601100
283.592237	0.741100
284.282242	0.874200
284.972248	0.998600
285.662253	1.113100
286.352258	1.216700
287.042264	1.308600
287.732269	1.388500
288.422275	1.456200
289.112280	1.512000
289.802286	1.556100
290.492291	1.589100
291.182296	1.611500
291.872302	1.624200
292.562307	1.627700
293.252313	1.622600
293.942318	1.609300
294.632324	1.588000
295.322329	1.558400
296.012335	1.520100
296.702340	1.472300
297.392345	1.413700
298.082351	1.342900
298.772356	1.258100
299.462362	1.157300
300.152367	1.038500
300.842373	0.899800
301.532378	0.739500
302.222384	0.556100
302.912389	0.349200
303.602394	0.119200
304.292400	-0.132400
304.982405	-0.402400
305.672411	-0.686200
306.362416	-0.977600
307.052422	-1.269400
307.742427	-1.553900
308.432433	-1.823500
309.122438	-2.071200
309.812443	-2.291200
310.502449	-2.478500
311.192454	-2.629300
311.882460	-2.740600
312.572465	-2.810100
313.262471	-2.835800
313.952476	-2.816200
314.642482	-2.749900
315.332487	-2.636100
316.022492	-2.474700
316.712498	-2.266500
317.402503	-2.014300
318.092509	-1.723100
318.782514	-1.400900
319.472520	-1.057900
320.162525	-0.706700
320.852530	-0.359900
321.542536	-0.029900
322.232541	0.273000
322.922547	0.541100
323.612552	0.768800
324.302558	0.953300
324.992563	1.093700
325.682569	1.190800
326.372574	1.246700
327.062579	1.264900
327.752585	1.249500
328.442590	1.205200
329.132596	1.137100
329.822601	1.050600
330.512607	0.950700
331.202612	0.842300
331.892618	0.729600
332.582623	0.615900
333.272628	0.503900
333.962634	0.395300
334.652639	0.291100
335.342645	0.191400
336.032650	0.095500
336.722656	0.002500
337.412661	-0.089000
338.102667	-0.181000
338.792672	-0.275100
339.482677	-0.372600
340.172683	-0.474800
340.862688	-0.582000
341.552694	-0.694000
342.242699	-0.810100
342.932705	-0.928800
343.622710	-1.048500
344.312716	-1.167500
345.002721	-1.283900
345.692726	-1.396400
346.382732	-1.503700
347.072737	-1.604800
347.762743	-1.699000
348.452748	-1.785900
349.142754	-1.865000
349.832759	-1.936300
350.522764	-1.999800
351.212770	-2.056000
351.902775	-2.105300
352.592781	-2.148500
353.282786	-2.186600
353.972792	-2.220700
354.662797	-2.251900
355.352803	-2.281400
356.042808	-2.310500
356.732813	-2.340000
357.422819	-2.371000
358.112824	-2.404200
358.802830	-2.440100
359.492835	-2.479100
360.182841	-2.521300
360.872846	-2.566700
361.562852	-2.615100
362.252857	-2.666300
362.942862	-2.719900
363.632868	-2.775200
364.322873	-2.831600
365.012879	-2.888300
365.702884	-2.944600
366.392890	-2.999500
367.082895	-3.052400
367.772901	-3.102700
368.462906	-3.149900
369.152911	-3.193900
369.842917	-3.234700
370.532922	-3.272200
371.222928	-3.306700
371.912933	-3.338200
372.602939	-3.367000
373.292944	-3.393100
373.982950	-3.416300
374.672955	-3.436300
375.362960	-3.452700
376.052966	-3.464800
376.742971	-3.471900
377.432977	-3.473200
378.122982	-3.467900
378.812988	-3.455300
379.502993	-3.434900
380.192998	-3.406500
380.883004	-3.370100
381.573009	-3.325900
382.263015	-3.274800
382.953020	-3.217600
383.643026	-3.155600
384.333031	-3.090400
385.023037	-3.023600
385.713042	-2.956700
386.403047	-2.891000
387.093053	-2.827400
387.783058	-2.766400
388.473064	-2.707700
389.163069	-2.650900
389.853075	-2.594800
390.543080	-2.538100
391.233086	-2.479600
391.923091	-2.417700
392.613096	-2.351400
393.303102	-2.279500
393.993107	-2.201100
394.683113	-2.115800
395.373118	-2.022900
396.063124	-1.922000
396.753129	-1.813000
397.443135	-1.695500
398.133140	-1.569400
398.823145	-1.434800
399.513151	-1.292200
400.203156	-1.142600
400.893162	-0.987700
401.583167	-0.829900
402.273173	-0.672500
402.963178	-0.519200
403.653184	-0.374200
404.343189	-0.241900
405.033194	-0.126300
405.723200	-0.030700
406.413205	0.042000
407.103211	0.090500
407.793216	0.114300
408.483222	0.114000
409.173227	0.091900
409.863232	0.051400
410.553238	-0.002200
411.243243	-0.062800
411.933249	-0.122900
412.623254	-0.174700
413.313260	-0.210600
414.003265	-0.223800
414.693271	-0.209100
415.383276	-0.163000
416.073281	-0.083900
416.763287	0.027400
417.453292	0.168600
418.143298	0.334700
418.833303	0.519400
419.523309	0.715200
420.213314	0.913700
420.903320	1.107100
421.593325	1.287800
422.283330	1.449800
422.973336	1.588300
423.663341	1.699900
424.353347	1.782300
425.043352	1.834400
425.733358	1.856000
426.423363	1.847500
427.113369	1.810200
427.803374	1.746000
428.493379	1.657500
429.183385	1.548000
429.873390	1.421300
430.563396	1.281900
431.253401	1.134500
431.943407	0.983900
432.633412	0.835000
433.323418	0.692000
434.013423	0.558900
434.703428	0.439300
435.393434	0.335700
436.083439	0.250300
436.773445	0.184400
437.463450	0.138700
438.153456	0.113100
438.843461	0.106900
439.533466	0.118500
440.223472	0.145800
440.913477	0.186300
441.603483	0.237100
442.293488	0.295100
442.983494	0.357500
443.673499	0.421600
444.363505	0.484900
445.053510	0.545500
445.743515	0.601600
446.433521	0.652100
447.123526	0.695900
447.813532	0.732700
448.503537	0.762300
449.193543	0.785300
449.883548	0.802500
450.573554	0.814900
451.263559	0.824100
451.953564	0.831300
452.643570	0.838000
453.333575	0.845200
454.023581	0.853500
454.713586	0.863300
455.403592	0.874200
456.093597	0.885500
456.783603	0.896200
457.473608	0.904900
458.163613	0.909800
458.853619	0.909600
459.543624	0.903300
460.233630	0.890400
460.923635	0.871700
461.613641	0.849400
462.303646	0.826300
462.993652	0.806500
463.683657	0.794200
464.373662	0.793700
465.063668	0.808800
465.753673	0.842700
466.443679	0.897700
467.133684	0.975200
467.823690	1.075400
468.513695	1.197500
469.203700	1.339200
469.893706	1.497300
470.583711	1.667100
471.273717	1.843300
471.963722	2.020100
472.653728	2.191900
473.343733	2.353700
474.033739	2.501300
474.723744	2.631500
475.413749	2.742400
476.103755	2.832600
476.793760	2.901800
477.483766	2.950500
478.173771	2.979500
478.863777	2.990400
479.553782	2.985300
480.243788	2.966700
480.933793	2.937400
481.623798	2.900500
482.313804	2.859000
483.003809	2.816000
483.693815	2.774400
484.383820	2.736700
485.073826	2.705100
485.763831	2.681300
486.453837	2.666600
487.143842	2.662100
487.833847	2.668000
488.523853	2.684500
489.213858	2.711100
489.903864	2.747000
490.593869	2.790800
491.283875	2.840600
491.973880	2.894200
492.663886	2.949200
493.353891	3.003000
494.043896	3.053100
494.733902	3.097300
495.423907	3.133500
496.113913	3.160300
496.803918	3.176400
497.493924	3.180900
498.183929	3.173200
498.873934	3.153200
499.563940	3.120900
500.253945	3.076700
500.943951	3.021200
501.633956	2.955600
502.323962	2.881100
503.013967	2.799500
503.703973	2.712800
504.393978	2.623100
505.083983	2.532600
505.773989	2.443400
506.463994	2.357400
507.154000	2.276100
507.844005	2.200600
508.534011	2.131600
509.224016	2.069300
509.914022	2.013400
510.604027	1.963500
511.294032	1.919000
511.984038	1.879200
512.674043	1.843200
513.364049	1.810500
514.054054	1.780700
514.744060	1.753600
515.434065	1.729400
516.124071	1.708300
516.814076	1.691000
517.504081	1.677900
518.194087	1.669600
518.884092	1.666400
519.574098	1.668400
520.264103	1.675000
520.954109	1.685300
521.644114	1.697800
522.334120	1.710300
523.024125	1.720000
523.714130	1.723300
524.404136	1.716500
525.094141	1.695600
525.784147	1.657000
526.474152	1.597400
527.164158	1.515100
527.854163	1.409500
528.544169	1.282200
529.234174	1.136500
529.924179	0.977300
530.614185	0.810300
531.304190	0.641700
531.994196	0.476800
532.684201	0.320100
533.374207	0.174800
534.064212	0.042600
534.754217	-0.075600
535.444223	-0.180300
536.134228	-0.272500
536.824234	-0.353900
537.514239	-0.426400
538.204245	-0.492200
538.894250	-0.553500
539.584256	-0.612000
540.274261	-0.668900
540.964266	-0.724700
541.654272	-0.779200
542.344277	-0.832000
543.034283	-0.882000
543.724288	-0.928700
544.414294	-0.971200
545.104299	-1.009500
545.794305	-1.043500
546.484310	-1.073700
547.174315	-1.100800
547.864321	-1.125700
548.554326	-1.148900
549.244332	-1.171300
549.934337	-1.193000
550.624343	-1.213900
551.314348	-1.233200
552.004354	-1.249400
552.694359	-1.260500
553.384364	-1.263800
554.074370	-1.256100
554.764375	-1.234000
555.454381	-1.194100
556.144386	-1.133300
556.834392	-1.049100
557.524397	-0.940100
558.214403	-0.806000
558.904408	-0.647600
559.594413	-0.467700
560.284419	-0.270400
560.974424	-0.061000
561.664430	0.153800
562.354435	0.367200
563.044441	0.572300
563.734446	0.763000
564.424451	0.934000
565.114457	1.081200
565.804462	1.201400
566.494468	1.292500
567.184473	1.353000
567.874479	1.382000
568.564484	1.379600
569.254490	1.346200
569.944495	1.282900
570.634500	1.191700
571.324506	1.075100
572.014511	0.936500
572.704517	0.780000
573.394522	0.610100
574.084528	0.431600
574.774533	0.248900
575.464539	0.066100
576.154544	-0.113400
576.844549	-0.287700
577.534555	-0.454800
578.224560	-0.613800
578.914566	-0.764100
579.604571	-0.905600
580.294577	-1.038300
580.984582	-1.162200
581.674588	-1.277200
582.364593	-1.383100
583.054598	-1.479900
583.744604	-1.567000
584.434609	-1.644200
585.124615	-1.711400
585.814620	-1.768700
586.504626	-1.816600
587.194631	-1.855800
587.884637	-1.887300
588.574642	-1.912400
589.264647	-1.932600
589.954653	-1.949500
590.644658	-1.964700
591.334664	-1.979900
592.024669	-1.996600
592.714675	-2.016400
593.404680	-2.040400
594.094685	-2.069600
594.784691	-2.104800
595.474696	-2.146200
596.164702	-2.193900
596.854707	-2.247200
597.544713	-2.305300
598.234718	-2.366900
598.924724	-2.430500
599.614729	-2.494200
600.304734	-2.555800
600.994740	-2.613300
601.684745	-2.664600
602.374751	-2.707700
603.064756	-2.741300
603.754762	-2.763800
604.444767	-2.774500
605.134773	-2.772700
605.824778	-2.758100
606.514783	-2.730700
607.204789	-2.690800
607.894794	-2.638700
608.584800	-2.575200
609.274805	-2.501300
609.964811	-2.418100
610.654816	-2.327100
611.344822	-2.229800
612.034827	-2.128000
612.724832	-2.023500
613.414838	-1.918300
614.104843	-1.814100
614.794849	-1.712800
615.484854	-1.615700
616.174860	-1.523900
616.864865	-1.437800
617.554871	-1.357100
618.244876	-1.281000
618.934881	-1.207900
619.624887	-1.135500
620.314892	-1.061300
621.004898	-0.982100
621.694903	-0.895000
622.384909	-0.796700
623.074914	-0.684200
623.764919	-0.554800
624.454925	-0.406300
625.144930	-0.237400
625.834936	-0.047400
626.524941	0.162600
627.214947	0.390600
627.904952	0.632200
628.594958	0.881400
629.284963	1.130600
629.974968	1.371000
630.664974	1.593700
631.354979	1.790400
632.044985	1.953700
632.734990	2.077600
633.424996	2.157600
634.115001	2.190400
634.805007	2.174000
635.495012	2.107500
636.185017	1.991200
636.875023	1.826600
637.565028	1.616500
638.255034	1.365500
638.945039	1.079700
639.635045	0.767300
640.325050	0.438200
641.015056	0.103400
641.705061	-0.225800
642.395066	-0.539200
643.085072	-0.828100
643.775077	-1.086400
644.465083	-1.310500
645.155088	-1.498900
645.845094	-1.652000
646.535099	-1.771600
647.225105	-1.860800
647.915110	-1.923400
648.605115	-1.964000
649.295121	-1.987300
649.985126	-1.998200
650.675132	-2.001600
651.365137	-2.001900
652.055143	-2.003100
652.745148	-2.008800
653.435153	-2.021800
654.125159	-2.044500
654.815164	-2.078500
655.505170	-2.124800
656.195175	-2.183600
656.885181	-2.254400
657.575186	-2.335900
658.265192	-2.426100
658.955197	-2.522000
659.645202	-2.620300
660.335208	-2.717400
661.025213	-2.809700
661.715219	-2.894300
662.405224	-2.969200
663.095230	-3.033300
663.785235	-3.086700
664.475241	-3.130300
665.165246	-3.165700
665.855251	-3.195000
666.545257	-3.220700
667.235262	-3.245100
667.925268	-3.270200
668.615273	-3.297800
669.305279	-3.328900
669.995284	-3.364400
670.685290	-3.404100
671.375295	-3.447800
672.065300	-3.494400
672.755306	-3.542700
673.445311	-3.591200
674.135317	-3.638100
674.825322	-3.681600
675.515328	-3.719700
676.205333	-3.750800
676.895339	-3.773500
677.585344	-3.786800
678.275349	-3.790300
678.965355	-3.784000
679.655360	-3.768400
680.345366	-3.744400
681.035371	-3.713400
681.725377	-3.676800
682.415382	-3.636200
683.105387	-3.592900
683.795393	-3.548500
684.485398	-3.504200
685.175404	-3.460800
685.865409	-3.419400
686.555415	-3.380300
687.245420	-3.344000
687.935426	-3.310500
688.625431	-3.279300
689.315436	-3.249900
690.005442	-3.221100
690.695447	-3.191300
691.385453	-3.158500
692.075458	-3.120300
692.765464	-3.074000
693.455469	-3.016700
694.145475	-2.945400
694.835480	-2.856900
695.525485	-2.748400
696.215491	-2.617400
696.905496	-2.461600
697.595502	-2.279800
698.285507	-2.071600
698.975513	-1.837900
699.665518	-1.581100
700.355524	-1.305300
701.045529	-1.016300
701.735534	-0.721500
702.425540	-0.428600
703.115545	-0.145100
703.805551	0.122300
704.495556	0.368900
705.185562	0.591500
705.875567	0.788500
706.565573	0.959500
707.255578	1.105300
707.945583	1.227000
708.635589	1.326400
709.325594	1.405600
710.015600	1.466500
710.705605	1.511300
711.395611	1.541900
712.085616	1.560200
712.775621	1.567900
713.465627	1.566400
714.155632	1.556800
714.845638	1.540300
715.535643	1.517300
716.225649	1.488400
716.915654	1.453800
717.605660	1.413400
718.295665	1.367400
718.985670	1.315500
719.675676	1.257700
720.365681	1.194000
721.055687	1.124500
721.745692	1.049400
722.435698	0.969300
723.125703	0.884700
723.815709	0.796400
724.505714	0.705400
725.195719	0.612900
725.885725	0.520000
726.575730	0.428000
727.265736	0.338200
727.955741	0.251700
728.645747	0.169400
729.335752	0.092000
730.025758	0.020100
730.715763	-0.046100
731.405768	-0.107000
732.095774	-0.162800
732.785779	-0.214100
733.475785	-0.261500
734.165790	-0.306000
734.855796	-0.348500
735.545801	-0.390200
736.235807	-0.432200
736.925812	-0.475700
737.615817	-0.521900
738.305823	-0.571900
738.995828	-0.626900
739.685834	-0.687700
740.375839	-0.755000
741.065845	-0.829300
741.755850	-0.910500
742.445855	-0.998500
743.135861	-1.092800
743.825866	-1.192700
744.515872	-1.297000
745.205877	-1.404600
745.895883	-1.513700
746.585888	-1.622100
747.275894	-1.727200
747.965899	-1.825700
748.655904	-1.913800
749.345910	-1.987400
750.035915	-2.042500
750.725921	-2.075400
751.415926	-2.083700
752.105932	-2.066200
752.795937	-2.023100
753.485943	-1.956800
754.175948	-1.870700
754.865953	-1.770000
755.555959	-1.660500
756.245964	-1.548400
756.935970	-1.439300
757.625975	-1.338100
758.315981	-1.248300
759.005986	-1.172100
759.695992	-1.110300
760.385997	-1.062700
761.076002	-1.028000
761.766008	-1.004200
762.456013	-0.989000
763.146019	-0.979500
763.836024	-0.972700
764.526030	-0.965400
765.216035	-0.954800
765.906041	-0.938000
766.596046	-0.912400
767.286051	-0.876100
767.976057	-0.827100
768.666062	-0.763900
769.356068	-0.685400
770.046073	-0.590300
770.736079	-0.477100
771.426084	-0.344200
772.116089	-0.189700
772.806095	-0.011000
773.496100	0.194100
774.186106	0.428400
774.876111	0.693800
775.566117	0.991500
776.256122	1.321500
776.946128	1.682100
777.636133	2.069600
778.326138	2.478300
779.016144	2.900400
779.706149	3.327000
780.396155	3.748700
781.086160	4.156700
781.776166	4.543600
782.466171	4.904100
783.156177	5.235000
783.846182	5.535200
784.536187	5.805200
785.226193	6.046700
785.916198	6.262400
786.606204	6.455500
787.296209	6.629400
787.986215	6.787400
788.676220	6.932500
789.366226	7.067300
790.056231	7.193500
790.746236	7.311900
791.436242	7.422700
792.126247	7.525000
792.816253	7.617300
793.506258	7.697700
794.196264	7.763900
794.886269	7.813700
795.576275	7.845200
796.266280	7.856700
796.956285	7.846800
797.646291	7.814400
798.336296	7.759300
799.026302	7.681400
799.716307	7.581300
800.406313	7.460100
801.096318	7.319200
801.786323	7.160600
802.476329	6.986300
803.166334	6.798700
803.856340	6.600000
804.546345	6.392100
805.236351	6.177100
805.926356	5.956700
806.616362	5.732400
807.306367	5.505900
807.996372	5.278800
808.686378	5.053200
809.376383	4.831400
810.066389	4.615900
810.756394	4.409000
811.446400	4.212700
812.136405	4.027900
812.826411	3.854300
813.516416	3.689800
814.206421	3.531100
814.896427	3.372900
815.586432	3.209100
816.276438	3.032400
816.966443	2.835100
817.656449	2.609200
818.346454	2.347300
819.036460	2.043000
819.726465	1.691600
820.416470	1.290700
821.106476	0.841200
821.796481	0.347500
822.486487	-0.181700
823.176492	-0.735200
823.866498	-1.299800
824.556503	-1.862500
825.246509	-2.411500
825.936514	-2.937200
826.626519	-3.431600
827.316525	-3.888300
828.006530	-4.302100
828.696536	-4.669000
829.386541	-4.986300
830.076547	-5.252300
830.766552	-5.466900
831.456557	-5.631100
832.146563	-5.747100
832.836568	-5.818300
833.526574	-5.849000
834.216579	-5.844300
834.906585	-5.809700
835.596590	-5.750900
836.286596	-5.673400
836.976601	-5.582300
837.666606	-5.481600
838.356612	-5.374000
839.046617	-5.261100
839.736623	-5.143200
840.426628	-5.019000
841.116634	-4.886600
841.806639	-4.743000
842.496645	-4.584700
843.186650	-4.407900
843.876655	-4.208600
844.566661	-3.983000
845.256666	-3.727400
845.946672	-3.438700
846.636677	-3.113900
847.326683	-2.750800
848.016688	-2.347300
848.706694	-1.902000
849.396699	-1.414200
850.086704	-0.883800
850.776710	-0.311600
851.466715	0.299800
852.156721	0.946100
852.846726	1.619900
853.536732	2.310400
854.226737	3.003500
854.916743	3.682500
855.606748	4.330400
856.296753	4.931900
856.986759	5.475000
857.676764	5.951600
858.366770	6.357300
859.056775	6.690400
859.746781	6.951900
860.436786	7.144100
861.126792	7.271000
861.816797	7.337500
862.506802	7.349200
863.196808	7.312200
863.886813	7.232900
864.576819	7.118300
865.266824	6.975000
865.956830	6.809700
866.646835	6.628700
867.336840	6.437400
868.026846	6.240700
868.716851	6.042200
869.406857	5.845100
870.096862	5.651600
870.786868	5.463100
871.476873	5.280700
872.166879	5.105200
872.856884	4.937000
873.546889	4.776400
874.236895	4.623300
874.926900	4.477800
875.616906	4.339300
876.306911	4.207300
876.996917	4.080900
877.686922	3.958600
878.376928	3.838800
879.066933	3.719300
879.756938	3.597300
880.446944	3.469900
881.136949	3.333500
881.826955	3.184500
882.516960	3.019000
883.206966	2.833400
883.896971	2.624300
884.586977	2.388800
885.276982	2.124900
885.966987	1.831600
886.656993	1.509000
887.346998	1.158100
888.037004	0.781400
888.727009	0.382500
889.417015	-0.033900
890.107020	-0.461800
890.797026	-0.893400
891.487031	-1.319900
892.177036	-1.731900
892.867042	-2.120200
893.557047	-2.476500
894.247053	-2.794100
894.937058	-3.068200
895.627064	-3.296200
896.317069	-3.477100
897.007074	-3.611600
897.697080	-3.701700
898.387085	-3.750600
899.077091	-3.762300
899.767096	-3.741500
900.457102	-3.693100
901.147107	-3.622500
901.837113	-3.534900
902.527118	-3.434900
903.217123	-3.326900
903.907129	-3.214400
904.597134	-3.100100
905.287140	-2.985800
905.977145	-2.872900
906.667151	-2.762200
907.357156	-2.654200
908.047162	-2.549500
908.737167	-2.448100
909.427172	-2.350500
910.117178	-2.256600
910.807183	-2.166300
911.497189	-2.079000
912.187194	-1.994300
912.877200	-1.911400
913.567205	-1.829800
914.257211	-1.749300
914.947216	-1.670000
915.637221	-1.592400
916.327227	-1.517400
917.017232	-1.446100
917.707238	-1.379300
918.397243	-1.318000
919.087249	-1.262500
919.777254	-1.212900
920.467260	-1.168900
921.157265	-1.130000
921.847270	-1.095400
922.537276	-1.063900
923.227281	-1.034700
923.917287	-1.006800
924.607292	-0.979400
925.297298	-0.952000
925.987303	-0.924300
926.677308	-0.896500
927.367314	-0.869100
928.057319	-0.843000
928.747325	-0.819400
929.437330	-0.799600
930.127336	-0.785300
930.817341	-0.778100
931.507347	-0.779100
932.197352	-0.789500
932.887357	-0.809800
933.577363	-0.840200
934.267368	-0.880400
934.957374	-0.929700
935.647379	-0.987500
936.337385	-1.053200
937.027390	-1.126200
937.717396	-1.206400
938.407401	-1.293800
939.097406	-1.389100
939.787412	-1.493000
940.477417	-1.606600
941.167423	-1.731200
941.857428	-1.868200
942.547434	-2.018700
943.237439	-2.183600
943.927445	-2.363000
944.617450	-2.556400
945.307455	-2.762200
945.997461	-2.977500
946.687466	-3.198700
947.377472	-3.420800
948.067477	-3.638600
948.757483	-3.846400
949.447488	-4.039100
950.137494	-4.212400
950.827499	-4.362800
951.517504	-4.488200
952.207510	-4.587500
952.897515	-4.660200
953.587521	-4.706700
954.277526	-4.728100
954.967532	-4.725800
955.657537	-4.701700
956.347542	-4.658000
957.037548	-4.597400
957.727553	-4.523000
958.417559	-4.438200
959.107564	-4.346500
959.797570	-4.251400
960.487575	-4.156100
961.177581	-4.063300
961.867586	-3.975000
962.557591	-3.892900
963.247597	-3.817700
963.937602	-3.750000
964.627608	-3.689500
965.317613	-3.635900
966.007619	-3.588500
966.697624	-3.546400
967.387630	-3.508500
968.077635	-3.473700
968.767640	-3.440600
969.457646	-3.408000
970.147651	-3.374500
970.837657	-3.338900
971.527662	-3.300000
972.217668	-3.256800
972.907673	-3.208400
973.597679	-3.153800
974.287684	-3.092600
974.977689	-3.024300
975.667695	-2.948600
976.357700	-2.865500
977.047706	-2.775300
977.737711	-2.678400
978.427717	-2.575800
979.117722	-2.468600
979.807728	-2.358300
980.497733	-2.246700
981.187738	-2.136100
981.877744	-2.028800
982.567749	-1.927200
983.257755	-1.833700
983.947760	-1.750500
984.637766	-1.679000
985.327771	-1.620400
986.017776	-1.575300
986.707782	-1.543600
987.397787	-1.524600
988.087793	-1.517400
988.777798	-1.520400
989.467804	-1.531800
990.157809	-1.549600
990.847815	-1.571300
991.537820	-1.594400
992.227825	-1.616400
992.917831	-1.634700
993.607836	-1.646700
994.297842	-1.650600
994.987847	-1.644800
995.677853	-1.628300
996.367858	-1.600900
997.057864	-1.563200
997.747869	-1.516300
998.437874	-1.461800
999.127880	-1.401700
999.817885	-1.337800
1000.507891	-1.272100
1001.197896	-1.206300
1001.887902	-1.141800
1002.577907	-1.079400
1003.267913	-1.020000
1003.957918	-0.963900
1004.647923	-0.911400
1005.337929	-0.862400
1006.027934	-0.816800
1006.717940	-0.774700
1007.407945	-0.735700
1008.097951	-0.699800
1008.787956	-0.666900
1009.477962	-0.636800
1010.167967	-0.609200
1010.857972	-0.584100
1011.547978	-0.560800
1012.237983	-0.538800
1012.927989	-0.517500
1013.617994	-0.495900
1014.308000	-0.473000
1014.998005	-0.448000
1015.688010	-0.419800
1016.378016	-0.387400
1017.068021	-0.349900
1017.758027	-0.306300
1018.448032	-0.255700
1019.138038	-0.196900
1019.828043	-0.129000
1020.518049	-0.051100
1021.208054	0.037800
1021.898059	0.138200
1022.588065	0.250500
1023.278070	0.374200
1023.968076	0.508500
1024.658081	0.651700
1025.348087	0.801300
1026.038092	0.954000
1026.728098	1.105800
1027.418103	1.252600
1028.108108	1.390200
1028.798114	1.515000
1029.488119	1.624200
1030.178125	1.715800
1030.868130	1.788600
1031.558136	1.842200
1032.248141	1.876700
1032.938147	1.892400
1033.628152	1.890100
1034.318157	1.870300
1035.008163	1.834100
1035.698168	1.782300
1036.388174	1.715800
1037.078179	1.635800
1037.768185	1.543400
1038.458190	1.440200
1039.148196	1.327900
1039.838201	1.208500
1040.528206	1.084200
1041.218212	0.957500
1041.908217	0.830800
1042.598223	0.706600
1043.288228	0.587600
1043.978234	0.475900
1044.668239	0.373800
1045.358244	0.283200
1046.048250	0.205800
1046.738255	0.143000
1047.428261	0.095800
1048.118266	0.064700
1048.808272	0.049800
1049.498277	0.050800
1050.188283	0.066700
1050.878288	0.096200
1051.568293	0.137200
1052.258299	0.187400
1052.948304	0.244400
1053.638310	0.305300
1054.328315	0.367900
1055.018321	0.430000
1055.708326	0.489900
1056.398332	0.546400
1057.088337	0.598900
1057.778342	0.647100
1058.468348	0.691100
1059.158353	0.730900
1059.848359	0.766900
1060.538364	0.799200
1061.228370	0.827900
1061.918375	0.853200
1062.608381	0.875200
1063.298386	0.894000
1063.988391	0.909900
1064.678397	0.923100
1065.368402	0.933900
1066.058408	0.942700
1066.748413	0.949700
1067.438419	0.955100
1068.128424	0.959200
1068.818430	0.961900
1069.508435	0.963600
1070.198440	0.964200
1070.888446	0.964100
1071.578451	0.963600
1072.268457	0.963400
1072.958462	0.964400
1073.648468	0.967600
1074.338473	0.974400
1075.028478	0.986100
1075.718484	1.003900
1076.408489	1.028900
1077.098495	1.061400
1077.788500	1.101200
1078.478506	1.147500
1079.168511	1.198700
1079.858517	1.252300
1080.548522	1.305800
1081.238527	1.356500
1081.928533	1.401800
1082.618538	1.440200
1083.308544	1.470700
1083.998549	1.493400
1084.688555	1.509500
1085.378560	1.520500
1086.068566	1.528500
1086.758571	1.535600
1087.448576	1.543600
1088.138582	1.554100
1088.828587	1.568200
1089.518593	1.586400
1090.208598	1.608700
1090.898604	1.634500
1091.588609	1.662700
1092.278615	1.691600
1092.968620	1.719400
1093.658625	1.743700
1094.348631	1.762300
1095.038636	1.772700
1095.728642	1.772900
1096.418647	1.761000
1097.108653	1.735600
1097.798658	1.696100
1098.488664	1.642400
1099.178669	1.575300
1099.868674	1.496500
1100.558680	1.408400
1101.248685	1.314100
1101.938691	1.217400
1102.628696	1.122800
1103.318702	1.034700
1104.008707	0.957600
1104.698712	0.896100
1105.388718	0.854200
1106.078723	0.835400
1106.768729	0.842700
1107.458734	0.878500
1108.148740	0.944600
1108.838745	1.041700
1109.528751	1.169600
1110.218756	1.327000
1110.908761	1.511100
1111.598767	1.718100
1112.288772	1.942500
1112.978778	2.178000
1113.668783	2.417300
1114.358789	2.653400
1115.048794	2.879600
1115.738800	3.090300
1116.428805	3.281200
1117.118810	3.449100
1117.808816	3.592300
1118.498821	3.709700
1119.188827	3.801300
1119.878832	3.867200
1120.568838	3.908500
1121.258843	3.926100
1121.948849	3.921600
1122.638854	3.896700
1123.328859	3.853400
1124.018865	3.793900
1124.708870	3.720600
1125.398876	3.636300
1126.088881	3.543600
1126.778887	3.445400
1127.468892	3.344400
1128.158898	3.242900
1128.848903	3.142800
1129.538908	3.045300
1130.228914	2.950900
1130.918919	2.859200
1131.608925	2.769000
1132.298930	2.678400
1132.988936	2.585000
1133.678941	2.486000
1134.368946	2.378400
1135.058952	2.259400
1135.748957	2.126400
1136.438963	1.977600
1137.128968	1.811800
1137.818974	1.629200
1138.508979	1.430800
1139.198985	1.218700
1139.888990	0.996000
1140.578995	0.765900
1141.269001	0.531800
1141.959006	0.296900
1142.649012	0.064000
1143.339017	-0.164200
1144.029023	-0.386000
1144.719028	-0.599500
1145.409034	-0.803000
1146.099039	-0.995300
1146.789044	-1.175100
1147.479050	-1.341500
1148.169055	-1.493600
1148.859061	-1.630900
1149.549066	-1.753300
1150.239072	-1.861100
1150.929077	-1.955000
1151.619083	-2.036400
1152.309088	-2.107000
1152.999093	-2.168700
1153.689099	-2.224100
1154.379104	-2.275400
1155.069110	-2.325000
1155.759115	-2.374800
1156.449121	-2.426100
1157.139126	-2.479300
1157.829132	-2.533800
1158.519137	-2.588000
1159.209142	-2.639600
1159.899148	-2.685500
1160.589153	-2.722300
1161.279159	-2.746700
1161.969164	-2.755700
1162.659170	-2.747300
1163.349175	-2.720200
1164.039180	-2.674500
1164.729186	-2.611500
1165.419191	-2.533600
1166.109197	-2.444500
1166.799202	-2.348800
1167.489208	-2.251300
1168.179213	-2.156900
1168.869219	-2.069900
1169.559224	-1.993300
1170.249229	-1.929100
1170.939235	-1.877600
1171.629240	-1.837800
1172.319246	-1.807100
1173.009251	-1.781600
1173.699257	-1.756400
1174.389262	-1.725800
1175.079268	-1.683400
1175.769273	-1.622900
1176.459278	-1.538300
1177.149284	-1.424100
1177.839289	-1.275600
1178.529295	-1.089800
1179.219300	-0.864600
1179.909306	-0.600100
1180.599311	-0.298200
1181.289317	0.037000
1181.979322	0.399800
1182.669327	0.782100
1183.359333	1.174900
1184.049338	1.568300
1184.739344	1.952600
1185.429349	2.318900
1186.119355	2.659400
1186.809360	2.967600
1187.499366	3.239100
1188.189371	3.470900
1188.879376	3.661900
1189.569382	3.812600
1190.259387	3.924900
1190.949393	4.001800
1191.639398	4.047300
1192.329404	4.066300
1193.019409	4.063900
1193.709415	4.045600
1194.399420	4.016600
1195.089425	3.981900
1195.779431	3.945700
1196.469436	3.911600
1197.159442	3.882200
1197.849447	3.859200
1198.539453	3.843400
1199.229458	3.834400
1199.919463	3.831200
1200.609469	3.832000
1201.299474	3.834500
1201.989480	3.835700
1202.679485	3.832400
1203.369491	3.820900
1204.059496	3.797300
1204.749502	3.757200
1205.439507	3.696300
1206.129512	3.609800
1206.819518	3.493100
1207.509523	3.341600
1208.199529	3.151200
1208.889534	2.918400
1209.579540	2.640900
1210.269545	2.318200
1210.959551	1.952000
1211.649556	1.546700
1212.339561	1.110400
1213.029567	0.654300
1213.719572	0.192400
1214.409578	-0.259600
1215.099583	-0.687700
1215.789589	-1.079900
1216.479594	-1.427600
1217.169600	-1.725700
1217.859605	-1.971300
1218.549610	-2.164300
1219.239616	-2.306300
1219.929621	-2.400600
1220.619627	-2.451700
1221.309632	-2.465000
1221.999638	-2.447100
1222.689643	-2.404700
1223.379649	-2.345300
1224.069654	-2.276000
1224.759659	-2.203600
1225.449665	-2.134100
1226.139670	-2.072200
1226.829676	-2.021600
1227.519681	-1.984200
