0.000000	-0.578800
0.690008	-0.535100
1.380017	-0.476900
2.070025	-0.404300
2.760033	-0.317400
3.450041	-0.217300
4.140050	-0.105400
4.830058	0.016300
5.520066	0.145500
6.210074	0.279600
6.900083	0.415700
7.590091	0.550700
8.280099	0.681900
8.970107	0.806700
9.660116	0.922800
10.350124	1.028300
11.040132	1.121800
11.730140	1.202300
12.420149	1.269300
13.110157	1.322600
13.800165	1.362400
14.490173	1.388900
15.180182	1.402800
15.870190	1.404600
16.560198	1.395200
17.250206	1.375400
17.940215	1.346200
18.630223	1.309100
19.320231	1.265300
20.010239	1.216700
20.700248	1.165400
21.390256	1.113400
22.080264	1.063500
22.770272	1.018000
23.460281	0.979600
24.150289	0.950700
24.840297	0.933700
25.530305	0.930300
26.220314	0.941900
26.910322	0.969300
27.600330	1.012600
28.290338	1.071200
28.980347	1.143800
29.670355	1.228500
30.360363	1.322700
31.050371	1.423400
31.740380	1.527300
32.430388	1.630800
33.120396	1.730400
33.810404	1.822800
34.500413	1.905100
35.190421	1.974700
35.880429	2.029800
36.570437	2.069300
37.260446	2.092700
37.950454	2.100500
38.640462	2.093500
39.330470	2.073400
40.020479	2.042200
40.710487	2.002600
41.400495	1.957600
42.090504	1.910300
42.780512	1.864300
43.470520	1.823200
44.160528	1.790500
44.850537	1.769300
45.540545	1.762700
46.230553	1.772800
46.920561	1.801400
47.610570	1.849400
48.300578	1.916800
48.990586	2.002900
49.680594	2.105800
50.370603	2.223500
51.060611	2.352700
51.750619	2.490100
52.440627	2.631800
53.130636	2.773800
53.820644	2.912300
54.510652	3.043600
55.200660	3.164300
55.890669	3.271600
56.580677	3.363400
57.270685	3.438100
57.960693	3.494800
58.650702	3.533200
59.340710	3.553300
60.030718	3.556100
60.720726	3.542500
61.410735	3.514200
62.100743	3.473000
62.790751	3.420900
63.480759	3.360100
64.170768	3.292800
64.860776	3.221000
65.550784	3.146500
66.240792	3.071000
66.930801	2.995900
67.620809	2.922100
68.310817	2.850400
69.000825	2.781300
69.690834	2.715100
70.380842	2.651900
71.070850	2.591500
71.760858	2.533700
72.450867	2.478300
73.140875	2.424800
73.830883	2.372800
74.520891	2.321700
75.210900	2.270900
75.900908	2.220000
76.590916	2.168300
77.280924	2.115300
77.970933	2.060300
78.660941	2.003100
79.350949	1.943100
80.040958	1.880200
80.730966	1.814300
81.420974	1.745500
82.110982	1.674000
82.800991	1.600200
83.490999	1.524700
84.181007	1.448100
84.871015	1.371300
85.561024	1.294900
86.251032	1.219500
86.941040	1.145400
87.631048	1.072900
88.321057	1.001700
89.011065	0.931600
89.701073	0.861900
90.391081	0.792000
91.081090	0.721200
91.771098	0.648900
92.461106	0.574600
93.151114	0.498200
93.841123	0.420200
94.531131	0.341400
95.221139	0.263100
95.911147	0.187000
96.601156	0.114900
97.291164	0.048300
97.981172	-0.011500
98.671180	-0.063900
99.361189	-0.108800
100.051197	-0.146400
100.741205	-0.177500
101.431213	-0.203400
102.121222	-0.225500
102.811230	-0.245200
103.501238	-0.264200
104.191246	-0.283800
104.881255	-0.305300
105.571263	-0.329400
106.261271	-0.356900
106.951279	-0.388000
107.641288	-0.422900
108.331296	-0.461300
109.021304	-0.503200
109.711312	-0.548000
110.401321	-0.595300
111.091329	-0.644100
111.781337	-0.693200
112.471345	-0.741200
113.161354	-0.785900
113.851362	-0.825200
114.541370	-0.856400
115.231378	-0.876500
115.921387	-0.883000
116.611395	-0.873000
117.301403	-0.844700
117.991411	-0.796400
118.681420	-0.727600
119.371428	-0.638600
120.061436	-0.530700
120.751445	-0.406400
121.441453	-0.269200
122.131461	-0.123600
122.821469	0.024900
123.511478	0.170800
124.201486	0.308500
124.891494	0.432600
125.581502	0.538700
126.271511	0.623400
126.961519	0.684200
127.651527	0.719400
128.341535	0.728200
129.031544	0.710700
129.721552	0.667300
130.411560	0.599400
131.101568	0.508900
131.791577	0.398400
132.481585	0.271000
133.171593	0.130400
133.861601	-0.019200
134.551610	-0.174100
135.241618	-0.330300
135.931626	-0.484700
136.621634	-0.634600
137.311643	-0.778300
138.001651	-0.914800
138.691659	-1.043700
139.381667	-1.165600
140.071676	-1.281200
140.761684	-1.392000
141.451692	-1.499000
142.141700	-1.603600
142.831709	-1.706400
143.521717	-1.807700
144.211725	-1.907000
144.901733	-2.003100
145.591742	-2.094400
146.281750	-2.179100
146.971758	-2.255100
147.661766	-2.320600
148.351775	-2.374100
149.041783	-2.414400
149.731791	-2.441100
150.421799	-2.453900
151.111808	-2.453300
151.801816	-2.440200
152.491824	-2.415700
153.181832	-2.381300
153.871841	-2.338700
154.561849	-2.289800
155.251857	-2.236500
155.941865	-2.180900
156.631874	-2.125000
157.321882	-2.071000
158.011890	-2.020500
158.701899	-1.975300
159.391907	-1.936700
160.081915	-1.905700
160.771923	-1.882900
161.461932	-1.868100
162.151940	-1.860900
162.841948	-1.860300
163.531956	-1.864800
164.221965	-1.872400
164.911973	-1.881200
165.601981	-1.888800
166.291989	-1.893200
166.981998	-1.892400
167.672006	-1.884600
168.362014	-1.868300
169.052022	-1.842200
169.742031	-1.805300
170.432039	-1.756900
171.122047	-1.696500
171.812055	-1.623800
172.502064	-1.538800
173.192072	-1.441900
173.882080	-1.333700
174.572088	-1.215600
175.262097	-1.089300
175.952105	-0.957100
176.642113	-0.822000
177.332121	-0.686900
178.022130	-0.555100
178.712138	-0.429500
179.402146	-0.312300
180.092154	-0.204900
180.782163	-0.107800
181.472171	-0.020600
182.162179	0.057800
182.852187	0.129400
183.542196	0.196100
184.232204	0.260400
184.922212	0.324700
185.612220	0.391600
186.302229	0.463000
186.992237	0.540900
187.682245	0.626500
188.372253	0.720600
189.062262	0.822800
189.752270	0.932200
190.442278	1.046700
191.132286	1.163700
191.822295	1.279700
192.512303	1.390800
193.202311	1.493300
193.892319	1.583100
194.582328	1.656800
195.272336	1.711200
195.962344	1.743500
196.652352	1.751200
197.342361	1.732200
198.032369	1.684700
198.722377	1.607400
199.412386	1.499200
200.102394	1.359700
200.792402	1.189300
201.482410	0.989300
202.172419	0.762400
202.862427	0.512600
203.552435	0.245600
204.242443	-0.031100
204.932452	-0.309600
205.622460	-0.581100
206.312468	-0.837900
207.002476	-1.073600
207.692485	-1.283900
208.382493	-1.467000
209.072501	-1.622700
209.762509	-1.752600
210.452518	-1.859600
211.142526	-1.947200
211.832534	-2.019300
212.522542	-2.080100
213.212551	-2.133200
213.902559	-2.182200
214.592567	-2.229800
215.282575	-2.278100
215.972584	-2.328600
216.662592	-2.382000
217.352600	-2.438200
218.042608	-2.496900
218.732617	-2.556700
219.422625	-2.616300
220.112633	-2.673900
220.802641	-2.727600
221.492650	-2.775800
222.182658	-2.817300
222.872666	-2.851300
223.562674	-2.877700
224.252683	-2.897300
224.942691	-2.911500
225.632699	-2.922300
226.322707	-2.932000
227.012716	-2.943300
227.702724	-2.958800
228.392732	-2.980800
229.082740	-3.011400
229.772749	-3.051700
230.462757	-3.102100
231.152765	-3.162400
231.842773	-3.231400
232.532782	-3.307200
233.222790	-3.387400
233.912798	-3.469300
234.602806	-3.550100
235.292815	-3.627100
235.982823	-3.697800
236.672831	-3.760000
237.362840	-3.812000
238.052848	-3.852300
238.742856	-3.880200
239.432864	-3.895200
240.122873	-3.896900
240.812881	-3.885700
241.502889	-3.861900
242.192897	-3.826400
242.882906	-3.780100
243.572914	-3.724500
244.262922	-3.660900
244.952930	-3.591200
245.642939	-3.517200
246.332947	-3.440500
247.022955	-3.362800
247.712963	-3.285300
248.402972	-3.209100
249.092980	-3.134800
249.782988	-3.062800
250.472996	-2.992800
251.163005	-2.924500
251.853013	-2.856900
252.543021	-2.788600
253.233029	-2.717800
253.923038	-2.642700
254.613046	-2.560900
255.303054	-2.469900
255.993062	-2.367300
256.683071	-2.250600
257.373079	-2.117600
258.063087	-1.966400
258.753095	-1.795900
259.443104	-1.605400
260.133112	-1.395600
260.823120	-1.168100
261.513128	-0.925800
262.203137	-0.673100
262.893145	-0.415200
263.583153	-0.158100
264.273161	0.092100
264.963170	0.330000
265.653178	0.551000
266.343186	0.751700
267.033194	0.930100
267.723203	1.085700
268.413211	1.218700
269.103219	1.330500
269.793227	1.422800
270.483236	1.497600
271.173244	1.557200
271.863252	1.603800
272.553260	1.639400
273.243269	1.665800
273.933277	1.684400
274.623285	1.696300
275.313293	1.702300
276.003302	1.703000
276.693310	1.698400
277.383318	1.688700
278.073327	1.673900
278.763335	1.653800
279.453343	1.628300
280.143351	1.597500
280.833360	1.561300
281.523368	1.519500
282.213376	1.472300
282.903384	1.419600
283.593393	1.361500
284.283401	1.298000
284.973409	1.229300
285.663417	1.155800
286.353426	1.078200
287.043434	0.997200
287.733442	0.913900
288.423450	0.829500
289.113459	0.745300
289.803467	0.662300
290.493475	0.581900
291.183483	0.504700
291.873492	0.431500
292.563500	0.362600
293.253508	0.298000
293.943516	0.237600
294.633525	0.181000
295.323533	0.127800
296.013541	0.077300
296.703549	0.028800
297.393558	-0.018500
298.083566	-0.065400
298.773574	-0.113100
299.463582	-0.162300
300.153591	-0.214200
300.843599	-0.269800
301.533607	-0.330200
302.223615	-0.396500
302.913624	-0.469500
303.603632	-0.550000
304.293640	-0.638600
304.983648	-0.735700
305.673657	-0.841500
306.363665	-0.955600
307.053673	-1.077700
307.743681	-1.206400
308.433690	-1.340100
309.123698	-1.476300
309.813706	-1.611600
310.503714	-1.742000
311.193723	-1.862600
311.883731	-1.968700
312.573739	-2.055700
313.263747	-2.120100
313.953756	-2.159800
314.643764	-2.174100
315.333772	-2.164200
316.023781	-2.132400
316.713789	-2.082300
317.403797	-2.018400
318.093805	-1.945400
318.783814	-1.868300
319.473822	-1.791800
320.163830	-1.720100
320.853838	-1.656900
321.543847	-1.605300
322.233855	-1.567500
322.923863	-1.544900
323.613871	-1.538000
324.303880	-1.546700
324.993888	-1.569600
325.683896	-1.604800
326.373904	-1.649500
327.063913	-1.700400
327.753921	-1.753600
328.443929	-1.805200
329.133937	-1.851000
329.823946	-1.886800
330.513954	-1.908900
331.203962	-1.913400
331.893970	-1.896900
332.583979	-1.856200
333.273987	-1.788300
333.963995	-1.690600
334.654003	-1.560800
335.344012	-1.396900
336.034020	-1.197300
336.724028	-0.960800
337.414036	-0.687100
338.104045	-0.376600
338.794053	-0.031000
339.484061	0.346300
340.174069	0.750600
340.864078	1.175100
341.554086	1.611300
342.244094	2.049400
342.934102	2.479200
343.624111	2.891300
344.314119	3.278000
345.004127	3.633900
345.694135	3.956200
346.384144	4.244000
347.074152	4.498400
347.764160	4.721600
348.454168	4.916700
349.144177	5.087400
349.834185	5.237700
350.524193	5.371600
351.214201	5.492900
351.904210	5.605000
352.594218	5.710900
353.284226	5.812700
353.974234	5.911800
354.664243	6.008700
355.354251	6.102900
356.044259	6.193300
356.734268	6.277600
357.424276	6.353500
358.114284	6.418200
358.804292	6.468800
359.494301	6.503100
360.184309	6.519000
360.874317	6.514900
361.564325	6.489900
362.254334	6.443500
362.944342	6.375700
363.634350	6.287000
364.324358	6.178400
365.014367	6.051100
365.704375	5.906300
366.394383	5.745500
367.084391	5.570000
367.774400	5.381300
368.464408	5.180500
369.154416	4.969200
369.844424	4.748800
370.534433	4.521200
371.224441	4.288500
371.914449	4.053700
372.604457	3.820600
373.294466	3.593600
373.984474	3.377700
374.674482	3.178000
375.364490	2.999100
376.054499	2.844700
376.744507	2.716900
377.434515	2.616400
378.124523	2.541900
378.814532	2.491000
379.504540	2.459500
380.194548	2.442600
380.884556	2.434100
381.574565	2.427500
382.264573	2.415800
382.954581	2.391800
383.644589	2.348700
384.334598	2.279700
385.024606	2.178500
385.714614	2.039800
386.404622	1.859000
387.094631	1.632700
387.784639	1.359200
388.474647	1.038700
389.164655	0.673800
389.854664	0.270000
390.544672	-0.164500
391.234680	-0.619500
391.924688	-1.083100
392.614697	-1.543500
393.304705	-1.989800
393.994713	-2.412900
394.684722	-2.805700
395.374730	-3.163400
396.064738	-3.483600
396.754746	-3.765700
397.444755	-4.010600
398.134763	-4.220800
398.824771	-4.399100
399.514779	-4.548500
400.204788	-4.672100
400.894796	-4.772000
401.584804	-4.850000
402.274812	-4.906700
402.964821	-4.941700
403.654829	-4.953700
404.344837	-4.940100
405.034845	-4.897500
405.724854	-4.821500
406.414862	-4.706700
407.104870	-4.547500
407.794878	-4.337800
408.484887	-4.071400
409.174895	-3.742800
409.864903	-3.347000
410.554911	-2.880300
411.244920	-2.340600
411.934928	-1.728100
412.624936	-1.045600
413.314944	-0.299800
414.004953	0.497900
414.694961	1.331200
415.384969	2.179300
416.074977	3.018300
416.764986	3.824600
417.454994	4.577100
418.145002	5.259200
418.835010	5.859300
419.525019	6.371100
420.215027	6.792400
420.905035	7.124300
421.595043	7.370300
422.285052	7.535500
422.975060	7.626400
423.665068	7.650400
424.355076	7.615100
425.045085	7.528900
425.735093	7.400200
426.425101	7.237500
427.115109	7.049000
427.805118	6.842000
428.495126	6.623200
429.185134	6.397600
429.875142	6.169200
430.565151	5.941100
431.255159	5.715000
431.945167	5.492300
432.635175	5.273700
433.325184	5.060000
434.015192	4.851400
434.705200	4.648500
435.395209	4.451700
436.085217	4.261500
436.775225	4.078800
437.465233	3.904700
438.155242	3.740500
438.845250	3.587800
439.535258	3.448500
440.225266	3.323800
440.915275	3.214700
441.605283	3.120600
442.295291	3.039400
442.985299	2.967300
443.675308	2.898800
444.365316	2.827200
445.055324	2.744900
445.745332	2.644100
446.435341	2.517300
447.125349	2.357600
447.815357	2.159400
448.505365	1.918800
449.195374	1.634300
449.885382	1.307000
450.575390	0.941100
451.265398	0.544400
451.955407	0.127300
452.645415	-0.297600
453.335423	-0.717800
454.025431	-1.121500
454.715440	-1.499100
455.405448	-1.843400
456.095456	-2.149700
456.785464	-2.415400
457.475473	-2.640200
458.165481	-2.825000
458.855489	-2.972200
459.545497	-3.084900
460.235506	-3.167000
460.925514	-3.222700
461.615522	-3.256700
462.305530	-3.273200
462.995539	-3.276700
463.685547	-3.271100
464.375555	-3.259800
465.065563	-3.245600
465.755572	-3.230600
466.445580	-3.215700
467.135588	-3.201300
467.825596	-3.187000
468.515605	-3.171600
469.205613	-3.153600
469.895621	-3.131600
470.585629	-3.103700
471.275638	-3.068600
471.965646	-3.024800
472.655654	-2.971400
473.345663	-2.907600
474.035671	-2.832900
474.725679	-2.747400
475.415687	-2.651200
476.105696	-2.545000
476.795704	-2.429900
477.485712	-2.307700
478.175720	-2.180600
478.865729	-2.051100
479.555737	-1.922100
480.245745	-1.796200
480.935753	-1.675800
481.625762	-1.562500
482.315770	-1.457300
483.005778	-1.359900
483.695786	-1.269700
484.385795	-1.185200
485.075803	-1.104300
485.765811	-1.025300
486.455819	-0.946200
487.145828	-0.865500
487.835836	-0.782500
488.525844	-0.696700
489.215852	-0.608600
489.905861	-0.519200
490.595869	-0.430100
491.285877	-0.343400
491.975885	-0.261600
492.665894	-0.187400
493.355902	-0.123400
494.045910	-0.072200
494.735918	-0.035800
495.425927	-0.016100
496.115935	-0.014000
496.805943	-0.030400
497.495951	-0.065400
498.185960	-0.119100
498.875968	-0.190800
499.565976	-0.280200
500.255984	-0.386300
500.945993	-0.508400
501.636001	-0.645500
502.326009	-0.796500
503.016017	-0.960500
503.706026	-1.136200
504.396034	-1.322100
505.086042	-1.516400
505.776050	-1.717200
506.466059	-1.922200
507.156067	-2.129100
507.846075	-2.335600
508.536083	-2.539800
509.226092	-2.739500
509.916100	-2.933100
510.606108	-3.118900
511.296116	-3.295200
511.986125	-3.460400
512.676133	-3.612700
513.366141	-3.750500
514.056150	-3.872300
514.746158	-3.976500
515.436166	-4.062100
516.126174	-4.128100
516.816183	-4.174200
517.506191	-4.200400
518.196199	-4.207400
518.886207	-4.196200
519.576216	-4.168600
520.266224	-4.126600
520.956232	-4.072700
521.646240	-4.009500
522.336249	-3.939700
523.026257	-3.865900
523.716265	-3.790500
524.406273	-3.715600
525.096282	-3.643000
525.786290	-3.573900
526.476298	-3.509500
527.166306	-3.450100
527.856315	-3.396000
528.546323	-3.346900
529.236331	-3.302400
529.926339	-3.261500
530.616348	-3.223200
531.306356	-3.186200
531.996364	-3.149400
532.686372	-3.111200
533.376381	-3.070600
534.066389	-3.026200
534.756397	-2.977400
535.446405	-2.923300
536.136414	-2.863600
536.826422	-2.798200
537.516430	-2.727200
538.206438	-2.650900
538.896447	-2.570100
539.586455	-2.485200
540.276463	-2.397000
540.966471	-2.306100
541.656480	-2.213300
542.346488	-2.119200
543.036496	-2.024400
543.726504	-1.929600
544.416513	-1.835300
545.106521	-1.742400
545.796529	-1.651400
546.486537	-1.563200
547.176546	-1.478400
547.866554	-1.397800
548.556562	-1.322000
549.246570	-1.251600
549.936579	-1.187200
550.626587	-1.129400
551.316595	-1.078500
552.006604	-1.035000
552.696612	-0.999000
553.386620	-0.970700
554.076628	-0.950000
554.766637	-0.936400
555.456645	-0.929100
556.146653	-0.927100
556.836661	-0.928900
557.526670	-0.933000
558.216678	-0.937800
558.906686	-0.941700
559.596694	-0.943300
560.286703	-0.941400
560.976711	-0.935300
561.666719	-0.924200
562.356727	-0.907900
563.046736	-0.886000
563.736744	-0.858500
564.426752	-0.825300
565.116760	-0.786700
565.806769	-0.742900
566.496777	-0.694300
567.186785	-0.641500
567.876793	-0.585400
568.566802	-0.527000
569.256810	-0.467400
569.946818	-0.407900
570.636826	-0.349700
571.326835	-0.294100
572.016843	-0.242100
572.706851	-0.194400
573.396859	-0.151400
574.086868	-0.113500
574.776876	-0.080300
575.466884	-0.051600
576.156892	-0.026500
576.846901	-0.004200
577.536909	0.016200
578.226917	0.035800
578.916925	0.055800
579.606934	0.077300
580.296942	0.101200
580.986950	0.128600
581.676958	0.160800
582.366967	0.198800
583.056975	0.243800
583.746983	0.296800
584.436991	0.359200
585.127000	0.432000
585.817008	0.516100
586.507016	0.612300
587.197024	0.721000
587.887033	0.842300
588.577041	0.975400
589.267049	1.119100
589.957057	1.271200
590.647066	1.428800
591.337074	1.588000
592.027082	1.744400
592.717091	1.893100
593.407099	2.029100
594.097107	2.147500
594.787115	2.244400
595.477124	2.316200
596.167132	2.360800
596.857140	2.377000
597.547148	2.364700
598.237157	2.324700
598.927165	2.259100
599.617173	2.170100
600.307181	2.060900
600.997190	1.934900
601.687198	1.795400
602.377206	1.646000
603.067214	1.490300
603.757223	1.331400
604.447231	1.172800
605.137239	1.017500
605.827247	0.868600
606.517256	0.728900
607.207264	0.600900
607.897272	0.486600
608.587280	0.388000
609.277289	0.306100
609.967297	0.242000
610.657305	0.196100
611.347313	0.168400
612.037322	0.158600
612.727330	0.166000
613.417338	0.189600
614.107346	0.227800
614.797355	0.278600
615.487363	0.339800
616.177371	0.408600
616.867379	0.482100
617.557388	0.557600
618.247396	0.632000
618.937404	0.703000
619.627412	0.768400
620.317421	0.826400
621.007429	0.875800
621.697437	0.915900
622.387445	0.946300
623.077454	0.967000
623.767462	0.978500
624.457470	0.981600
625.147478	0.977300
625.837487	0.966800
626.527495	0.951800
627.217503	0.933600
627.907511	0.913800
628.597520	0.894200
629.287528	0.876000
629.977536	0.860700
630.667544	0.849200
631.357553	0.842400
632.047561	0.840700
632.737569	0.844300
633.427578	0.853000
634.117586	0.866400
634.807594	0.883500
635.497602	0.903700
636.187611	0.925800
636.877619	0.948900
637.567627	0.972100
638.257635	0.994700
638.947644	1.016300
639.637652	1.036700
640.327660	1.056000
641.017668	1.074700
641.707677	1.093500
642.397685	1.113300
643.087693	1.135400
643.777701	1.160800
644.467710	1.190600
645.157718	1.225800
645.847726	1.267000
646.537734	1.314500
647.227743	1.368200
647.917751	1.427500
648.607759	1.491200
649.297767	1.558000
649.987776	1.626200
650.677784	1.693800
651.367792	1.759200
652.057800	1.820600
652.747809	1.876900
653.437817	1.927200
654.127825	1.971000
654.817833	2.008400
655.507842	2.039700
656.197850	2.065400
656.887858	2.086100
657.577866	2.102300
658.267875	2.114600
658.957883	2.123000
659.647891	2.127600
660.337899	2.127900
661.027908	2.123400
661.717916	2.113300
662.407924	2.096800
663.097932	2.073000
663.787941	2.041100
664.477949	2.000300
665.167957	1.950100
665.857965	1.890100
666.547974	1.820100
667.237982	1.740100
667.927990	1.650400
668.617998	1.551500
669.308007	1.444200
669.998015	1.329600
670.688023	1.208900
671.378032	1.083900
672.068040	0.956700
672.758048	0.830000
673.448056	0.706700
674.138065	0.590400
674.828073	0.484500
675.518081	0.392600
676.208089	0.318000
676.898098	0.263900
677.588106	0.232500
678.278114	0.225900
678.968122	0.245100
679.658131	0.290500
680.348139	0.361500
681.038147	0.456500
681.728155	0.572900
682.418164	0.706900
683.108172	0.854100
683.798180	1.009200
684.488188	1.166700
685.178197	1.321100
685.868205	1.467400
686.558213	1.601400
687.248221	1.719500
687.938230	1.819100
688.628238	1.898400
689.318246	1.956300
690.008254	1.992200
690.698263	2.006200
691.388271	1.998500
692.078279	1.969900
692.768287	1.921300
693.458296	1.854200
694.148304	1.770200
694.838312	1.671300
695.528320	1.559900
696.218329	1.438600
696.908337	1.310300
697.598345	1.177700
698.288353	1.043400
698.978362	0.909800
699.668370	0.778400
700.358378	0.650400
701.048386	0.526100
701.738395	0.405400
702.428403	0.287700
703.118411	0.172100
703.808419	0.057500
704.498428	-0.056900
705.188436	-0.172500
705.878444	-0.289800
706.568452	-0.409500
707.258461	-0.531800
707.948469	-0.656700
708.638477	-0.783600
709.328485	-0.912000
710.018494	-1.040700
710.708502	-1.168800
711.398510	-1.294900
712.088519	-1.417600
712.778527	-1.535600
713.468535	-1.647900
714.158543	-1.753400
714.848552	-1.851300
715.538560	-1.940700
716.228568	-2.021300
716.918576	-2.092700
717.608585	-2.154900
718.298593	-2.207900
718.988601	-2.252500
719.678609	-2.289300
720.368618	-2.319700
721.058626	-2.345000
721.748634	-2.366900
722.438642	-2.387200
723.128651	-2.407600
723.818659	-2.429700
724.508667	-2.454800
725.198675	-2.483800
725.888684	-2.517100
726.578692	-2.554600
727.268700	-2.595900
727.958708	-2.640400
728.648717	-2.687400
729.338725	-2.735900
730.028733	-2.785000
730.718741	-2.834000
731.408750	-2.881800
732.098758	-2.927400
732.788766	-2.970000
733.478774	-3.008600
734.168783	-3.042200
734.858791	-3.069600
735.548799	-3.090000
736.238807	-3.102100
736.928816	-3.104800
737.618824	-3.096900
738.308832	-3.077000
738.998840	-3.043700
739.688849	-2.995200
740.378857	-2.929400
741.068865	-2.844000
741.758873	-2.736200
742.448882	-2.603100
743.138890	-2.441800
743.828898	-2.249600
744.518906	-2.024500
745.208915	-1.765400
745.898923	-1.472700
746.588931	-1.148600
747.278939	-0.797100
747.968948	-0.424300
748.658956	-0.037800
749.348964	0.354000
750.038973	0.743000
750.728981	1.121200
751.418989	1.481600
752.108997	1.818200
752.799006	2.126300
753.489014	2.402100
754.179022	2.642900
754.869030	2.847700
755.559039	3.016400
756.249047	3.150300
756.939055	3.251900
757.629063	3.324600
758.319072	3.372500
759.009080	3.400400
759.699088	3.413200
760.389096	3.416000
761.079105	3.413600
761.769113	3.410300
762.459121	3.409400
763.149129	3.413600
763.839138	3.424100
764.529146	3.441700
765.219154	3.466100
765.909162	3.496400
766.599171	3.531400
767.289179	3.569300
767.979187	3.608000
768.669195	3.645300
769.359204	3.678300
770.049212	3.704200
770.739220	3.719500
771.429228	3.720300
772.119237	3.702600
772.809245	3.661700
773.499253	3.593100
774.189261	3.491900
774.879270	3.353700
775.569278	3.174400
776.259286	2.951000
776.949294	2.681600
777.639303	2.366300
778.329311	2.007400
779.019319	1.610200
779.709327	1.183200
780.399336	0.738100
781.089344	0.288700
781.779352	-0.150500
782.469360	-0.566500
783.159369	-0.948300
783.849377	-1.288000
784.539385	-1.580900
785.229393	-1.824600
785.919402	-2.018800
786.609410	-2.164700
787.299418	-2.264800
787.989426	-2.322500
788.679435	-2.342100
789.369443	-2.328400
790.059451	-2.286800
790.749460	-2.222700
791.439468	-2.141900
792.129476	-2.049600
792.819484	-1.950600
793.509493	-1.848900
794.199501	-1.747500
794.889509	-1.648800
795.579517	-1.554200
796.269526	-1.464500
796.959534	-1.380300
797.649542	-1.301300
798.339550	-1.227300
799.029559	-1.157800
799.719567	-1.092400
800.409575	-1.030700
801.099583	-0.972200
801.789592	-0.916700
802.479600	-0.864400
803.169608	-0.815300
803.859616	-0.769700
804.549625	-0.728000
805.239633	-0.690500
805.929641	-0.657500
806.619649	-0.629200
807.309658	-0.605700
807.999666	-0.587000
808.689674	-0.572700
809.379682	-0.562400
810.069691	-0.555100
810.759699	-0.549700
811.449707	-0.544800
812.139715	-0.538500
812.829724	-0.528900
813.519732	-0.514300
814.209740	-0.492900
814.899748	-0.463400
815.589757	-0.425100
816.279765	-0.378000
816.969773	-0.323100
817.659781	-0.262100
818.349790	-0.197800
819.039798	-0.133700
819.729806	-0.074000
820.419814	-0.023100
821.109823	0.014600
821.799831	0.035400
822.489839	0.036000
823.179847	0.014200
823.869856	-0.030800
824.559864	-0.099400
825.249872	-0.190300
825.939880	-0.301700
826.629889	-0.431000
827.319897	-0.575000
828.009905	-0.730200
828.699914	-0.892600
829.389922	-1.057900
830.079930	-1.221800
830.769938	-1.380200
831.459947	-1.529500
832.149955	-1.666700
832.839963	-1.789700
833.529971	-1.897200
834.219980	-1.988900
834.909988	-2.064700
835.599996	-2.125500
836.290004	-2.172100
836.980013	-2.205800
837.670021	-2.228100
838.360029	-2.240300
839.050037	-2.244000
839.740046	-2.240200
840.430054	-2.230200
841.120062	-2.214700
841.810070	-2.194300
842.500079	-2.169300
843.190087	-2.139800
843.880095	-2.106200
844.570103	-2.068900
845.260112	-2.028900
845.950120	-1.987700
846.640128	-1.947100
847.330136	-1.909600
848.020145	-1.877600
848.710153	-1.853400
849.400161	-1.838500
850.090169	-1.833700
850.780178	-1.838600
851.470186	-1.851600
852.160194	-1.870000
852.850202	-1.890500
853.540211	-1.909600
854.230219	-1.923900
854.920227	-1.930600
855.610235	-1.927600
856.300244	-1.914100
856.990252	-1.890000
857.680260	-1.856300
858.370268	-1.814600
859.060277	-1.767200
859.750285	-1.716600
860.440293	-1.665300
861.130301	-1.616000
861.820310	-1.571100
862.510318	-1.533000
863.200326	-1.503900
863.890334	-1.486000
864.580343	-1.481200
865.270351	-1.491700
865.960359	-1.519500
866.650367	-1.566600
867.340376	-1.634800
868.030384	-1.726100
868.720392	-1.841900
869.410401	-1.983400
870.100409	-2.151100
870.790417	-2.344800
871.480425	-2.563300
872.170434	-2.804000
872.860442	-3.062900
873.550450	-3.334600
874.240458	-3.612800
874.930467	-3.890700
875.620475	-4.161800
876.310483	-4.420400
877.000491	-4.661600
877.690500	-4.882100
878.380508	-5.079200
879.070516	-5.251700
879.760524	-5.399100
880.450533	-5.521800
881.140541	-5.620900
881.830549	-5.697900
882.520557	-5.754600
883.210566	-5.793200
883.900574	-5.815700
884.590582	-5.824200
885.280590	-5.820600
885.970599	-5.806300
886.660607	-5.782700
887.350615	-5.750400
888.040623	-5.710000
888.730632	-5.661200
889.420640	-5.603800
890.110648	-5.536900
890.800656	-5.459600
891.490665	-5.370700
892.180673	-5.269100
892.870681	-5.153500
893.560689	-5.022900
894.250698	-4.876300
894.940706	-4.713200
895.630714	-4.533300
896.320722	-4.337100
897.010731	-4.125600
897.700739	-3.900900
898.390747	-3.665600
899.080755	-3.423100
899.770764	-3.176700
900.460772	-2.929500
901.150780	-2.683700
901.840788	-2.440800
902.530797	-2.201100
903.220805	-1.964400
903.910813	-1.729800
904.600821	-1.496200
905.290830	-1.262300
905.980838	-1.027100
906.670846	-0.789600
907.360855	-0.549600
908.050863	-0.307100
908.740871	-0.062700
909.430879	0.182600
910.120888	0.427300
910.810896	0.669700
911.500904	0.907900
912.190912	1.139800
912.880921	1.363200
913.570929	1.575700
914.260937	1.775100
914.950945	1.959200
915.640954	2.125900
916.330962	2.273900
917.020970	2.402100
917.710978	2.510100
918.400987	2.598000
919.090995	2.666600
919.781003	2.716900
920.471011	2.750600
921.161020	2.769500
921.851028	2.775700
922.541036	2.771400
923.231044	2.758900
923.921053	2.740500
924.611061	2.718400
925.301069	2.694600
925.991077	2.670600
926.681086	2.647900
927.371094	2.627300
928.061102	2.609400
928.751110	2.594400
929.441119	2.582300
930.131127	2.572900
930.821135	2.565900
931.511143	2.561100
932.201152	2.558300
932.891160	2.557600
933.581168	2.559400
934.271176	2.564200
934.961185	2.572700
935.651193	2.585800
936.341201	2.604600
937.031209	2.630200
937.721218	2.663700
938.411226	2.706100
939.101234	2.757900
939.791242	2.819500
940.481251	2.890700
941.171259	2.970900
941.861267	3.058400
942.551275	3.151400
943.241284	3.247200
943.931292	3.343100
944.621300	3.435800
945.311308	3.522400
946.001317	3.600000
946.691325	3.666200
947.381333	3.718700
948.071342	3.755600
948.761350	3.775200
949.451358	3.776100
950.141366	3.757300
950.831375	3.718000
951.521383	3.657600
952.211391	3.576200
952.901399	3.474000
953.591408	3.352200
954.281416	3.212300
954.971424	3.056800
955.661432	2.888900
956.351441	2.712700
957.041449	2.532700
957.731457	2.353500
958.421465	2.179500
959.111474	2.014300
959.801482	1.860700
960.491490	1.720200
961.181498	1.593500
961.871507	1.480600
962.561515	1.380900
963.251523	1.292900
963.941531	1.215200
964.631540	1.145500
965.321548	1.081200
966.011556	1.019500
966.701564	0.957100
967.391573	0.890500
968.081581	0.816500
968.771589	0.731800
969.461597	0.633700
970.151606	0.520000
970.841614	0.389400
971.531622	0.241600
972.221630	0.077300
972.911639	-0.101500
973.601647	-0.292100
974.291655	-0.490800
974.981663	-0.694000
975.671672	-0.898000
976.361680	-1.099800
977.051688	-1.296800
977.741696	-1.486800
978.431705	-1.667800
979.121713	-1.838300
979.811721	-1.996400
980.501729	-2.140600
981.191738	-2.269000
981.881746	-2.380300
982.571754	-2.473100
983.261762	-2.546700
983.951771	-2.600600
984.641779	-2.635000
985.331787	-2.650800
986.021796	-2.649100
986.711804	-2.631500
987.401812	-2.599800
988.091820	-2.556000
988.781829	-2.502100
989.471837	-2.439900
990.161845	-2.371200
990.851853	-2.297700
991.541862	-2.221000
992.231870	-2.142700
992.921878	-2.064600
993.611886	-1.988400
994.301895	-1.916200
994.991903	-1.849700
995.681911	-1.790600
996.371919	-1.739700
997.061928	-1.697300
997.751936	-1.662800
998.441944	-1.634800
999.131952	-1.611300
999.821961	-1.589700
1000.511969	-1.567100
1001.201977	-1.540400
1001.891985	-1.506200
1002.581994	-1.461400
1003.272002	-1.402600
1003.962010	-1.326400
1004.652018	-1.229900
1005.342027	-1.110000
1006.032035	-0.964400
1006.722043	-0.791100
1007.412051	-0.589300
1008.102060	-0.359200
1008.792068	-0.102700
1009.482076	0.176500
1010.172084	0.473000
1010.862093	0.778900
1011.552101	1.084700
1012.242109	1.379200
1012.932117	1.651100
1013.622126	1.889700
1014.312134	2.086000
1015.002142	2.233400
1015.692150	2.328500
1016.382159	2.370700
1017.072167	2.362400
1017.762175	2.308700
1018.452183	2.216900
1019.142192	2.096100
1019.832200	1.956700
1020.522208	1.808900
1021.212216	1.662600
1021.902225	1.526400
1022.592233	1.407500
1023.282241	1.311400
1023.972249	1.242100
1024.662258	1.202300
1025.352266	1.192800
1026.042274	1.213400
1026.732283	1.262500
1027.422291	1.337000
1028.112299	1.433100
1028.802307	1.546100
1029.492316	1.670800
1030.182324	1.802300
1030.872332	1.935900
1031.562340	2.067900
1032.252349	2.195500
1032.942357	2.316700
1033.632365	2.430600
1034.322373	2.536800
1035.012382	2.635700
1035.702390	2.727700
1036.392398	2.813600
1037.082406	2.894000
1037.772415	2.969500
1038.462423	3.040400
1039.152431	3.106700
1039.842439	3.168200
1040.532448	3.224300
1041.222456	3.274600
1041.912464	3.318300
1042.602472	3.354700
1043.292481	3.383300
1043.982489	3.403700
1044.672497	3.415300
1045.362505	3.417900
1046.052514	3.411400
1046.742522	3.395900
1047.432530	3.371400
1048.122538	3.338400
1048.812547	3.297400
1049.502555	3.249300
1050.192563	3.194600
1050.882571	3.134500
1051.572580	3.069600
1052.262588	3.000900
1052.952596	2.929000
1053.642604	2.854600
1054.332613	2.778300
1055.022621	2.700700
1055.712629	2.622300
1056.402637	2.544000
1057.092646	2.466500
1057.782654	2.390900
1058.472662	2.318400
1059.162670	2.250300
1059.852679	2.188000
1060.542687	2.133000
1061.232695	2.086800
1061.922703	2.050600
1062.612712	2.025400
1063.302720	2.012000
1063.992728	2.010700
1064.682737	2.021500
1065.372745	2.043800
1066.062753	2.076800
1066.752761	2.119300
1067.442770	2.169800
1068.132778	2.226800
1068.822786	2.288600
1069.512794	2.353500
1070.202803	2.420000
1070.892811	2.486900
1071.582819	2.553100
1072.272827	2.618000
1072.962836	2.681200
1073.652844	2.742700
1074.342852	2.802500
1075.032860	2.861200
1075.722869	2.919300
1076.412877	2.977400
1077.102885	3.036500
1077.792893	3.097100
1078.482902	3.159800
1079.172910	3.225000
1079.862918	3.292800
1080.552926	3.362700
1081.242935	3.434100
1081.932943	3.505800
1082.622951	3.576500
1083.312959	3.644600
1084.002968	3.708700
1084.692976	3.767100
1085.382984	3.818500
1086.072992	3.861500
1086.763001	3.894800
1087.453009	3.917200
1088.143017	3.927400
1088.833025	3.924400
1089.523034	3.906900
1090.213042	3.873800
1090.903050	3.823900
1091.593058	3.755900
1092.283067	3.668600
1092.973075	3.560500
1093.663083	3.429800
1094.353091	3.274600
1095.043100	3.092900
1095.733108	2.882200
1096.423116	2.640700
1097.113124	2.366800
1097.803133	2.059900
1098.493141	1.720700
1099.183149	1.351600
1099.873157	0.957000
1100.563166	0.542400
1101.253174	0.114300
1101.943182	-0.320600
1102.633190	-0.756100
1103.323199	-1.186700
1104.013207	-1.607600
1104.703215	-2.014400
1105.393224	-2.402600
1106.083232	-2.767900
1106.773240	-3.105700
1107.463248	-3.411300
1108.153257	-3.680500
1108.843265	-3.909700
1109.533273	-4.096200
1110.223281	-4.238400
1110.913290	-4.335500
1111.603298	-4.387700
1112.293306	-4.396000
1112.983314	-4.361800
1113.673323	-4.287200
1114.363331	-4.174600
1115.053339	-4.026800
1115.743347	-3.846900
1116.433356	-3.638600
1117.123364	-3.405900
1117.813372	-3.153500
1118.503380	-2.886500
1119.193389	-2.610600
1119.883397	-2.332000
1120.573405	-2.056800
1121.263413	-1.790900
1121.953422	-1.539600
1122.643430	-1.307200
1123.333438	-1.097000
1124.023446	-0.911000
1124.713455	-0.749900
1125.403463	-0.613500
1126.093471	-0.500800
1126.783479	-0.409900
1127.473488	-0.338800
1128.163496	-0.285100
1128.853504	-0.246400
1129.543512	-0.220600
1130.233521	-0.205700
1130.923529	-0.200200
1131.613537	-0.202900
1132.303545	-0.212800
1132.993554	-0.229200
1133.683562	-0.251600
1134.373570	-0.279300
1135.063578	-0.311700
1135.753587	-0.348100
1136.443595	-0.387400
1137.133603	-0.428700
1137.823611	-0.470600
1138.513620	-0.512200
1139.203628	-0.552500
1139.893636	-0.590500
1140.583644	-0.625800
1141.273653	-0.658300
1141.963661	-0.688100
1142.653669	-0.715800
1143.343678	-0.742000
1144.033686	-0.767800
1144.723694	-0.794400
1145.413702	-0.822900
1146.103711	-0.854700
1146.793719	-0.890800
1147.483727	-0.932300
1148.173735	-0.980100
1148.863744	-1.034400
1149.553752	-1.095700
1150.243760	-1.163800
1150.933768	-1.238500
1151.623777	-1.319400
1152.313785	-1.406200
1153.003793	-1.498600
1153.693801	-1.596600
1154.383810	-1.700300
1155.073818	-1.809900
1155.763826	-1.925600
1156.453834	-2.047700
1157.143843	-2.176200
1157.833851	-2.310600
1158.523859	-2.450100
1159.213867	-2.593200
1159.903876	-2.738000
1160.593884	-2.881900
1161.283892	-3.021600
1161.973900	-3.153600
1162.663909	-3.273900
1163.353917	-3.378200
1164.043925	-3.461900
1164.733933	-3.520200
1165.423942	-3.548000
1166.113950	-3.540400
1166.803958	-3.492700
1167.493966	-3.400500
1168.183975	-3.260000
1168.873983	-3.068500
1169.563991	-2.824400
1170.253999	-2.528000
1170.944008	-2.181400
1171.634016	-1.788700
1172.324024	-1.356900
1173.014032	-0.894800
1173.704041	-0.413800
1174.394049	0.073000
1175.084057	0.552400
1175.774065	1.011200
1176.464074	1.437600
1177.154082	1.821500
1177.844090	2.154600
1178.534098	2.430000
1179.224107	2.642500
1179.914115	2.787700
1180.604123	2.862400
1181.294131	2.864000
1181.984140	2.791100
1182.674148	2.643800
1183.364156	2.423500
1184.054165	2.134100
1184.744173	1.782300
1185.434181	1.378100
1186.124189	0.934700
1186.814198	0.467500
1187.504206	-0.007700
1188.194214	-0.476100
1188.884222	-0.925300
1189.574231	-1.345700
1190.264239	-1.730700
1190.954247	-2.076400
1191.644255	-2.380800
1192.334264	-2.643000
1193.024272	-2.863300
1193.714280	-3.042400
1194.404288	-3.181100
1195.094297	-3.280000
1195.784305	-3.339300
1196.474313	-3.359200
1197.164321	-3.338900
1197.854330	-3.277700
1198.544338	-3.174700
1199.234346	-3.029100
1199.924354	-2.840700
1200.614363	-2.610300
1201.304371	-2.339900
1201.994379	-2.033200
1202.684387	-1.696000
1203.374396	-1.336100
1204.064404	-0.963400
1204.754412	-0.589100
1205.444420	-0.225000
1206.134429	0.117800
1206.824437	0.430200
1207.514445	0.704900
1208.204453	0.936800
1208.894462	1.123000
1209.584470	1.262100
1210.274478	1.353800
1210.964486	1.398900
1211.654495	1.398600
1212.344503	1.354500
1213.034511	1.268300
1213.724519	1.141700
1214.414528	0.976100
1215.104536	0.773400
1215.794544	0.535400
1216.484552	0.264500
1217.174561	-0.035900
1217.864569	-0.361500
1218.554577	-0.706700
1219.244585	-1.064500
1219.934594	-1.427000
1220.624602	-1.785600
1221.314610	-2.131600
1222.004618	-2.457100
1222.694627	-2.755100
1223.384635	-3.020000
1224.074643	-3.247800
1224.764652	-3.435800
1225.454660	-3.582100
1226.144668	-3.686000
1226.834676	-3.747100
1227.524685	-3.765600
