0.000000	-3.008700
0.690002	-3.256700
1.380004	-3.498700
2.070006	-3.731800
2.760008	-3.953900
3.450009	-4.163200
4.140011	-4.358100
4.830013	-4.537400
5.520015	-4.700000
6.210017	-4.844800
6.900019	-4.970800
7.590021	-5.077000
8.280023	-5.162700
8.970025	-5.227100
9.660026	-5.269900
10.350028	-5.290800
11.040030	-5.289600
11.730032	-5.266400
12.420034	-5.221500
13.110036	-5.155100
13.800038	-5.067800
14.490040	-4.960000
15.180042	-4.832800
15.870043	-4.687000
16.560045	-4.524200
17.250047	-4.345800
17.940049	-4.153400
18.630051	-3.948900
19.320053	-3.733900
20.010055	-3.510000
20.700057	-3.278600
21.390059	-3.041100
22.080060	-2.799300
22.770062	-2.555200
23.460064	-2.311400
24.150066	-2.071200
24.840068	-1.838200
25.530070	-1.616200
26.220072	-1.408700
26.910074	-1.218300
27.600076	-1.046800
28.290077	-0.894800
28.980079	-0.762200
29.670081	-0.647600
30.360083	-0.549300
31.050085	-0.464900
31.740087	-0.391600
32.430089	-0.326500
33.120091	-0.266500
33.810093	-0.208200
34.500094	-0.148600
35.190096	-0.084800
35.880098	-0.014000
36.570100	0.066300
37.260102	0.158000
37.950104	0.262700
38.640106	0.381300
39.330108	0.513800
40.020110	0.659700
40.710111	0.817000
41.400113	0.983000
42.090115	1.153400
42.780117	1.322900
43.470119	1.485300
44.160121	1.633600
44.850123	1.760600
45.540125	1.859800
46.230126	1.925200
46.920128	1.951900
47.610130	1.936600
48.300132	1.877100
48.990134	1.773400
49.680136	1.626600
50.370138	1.439900
51.060140	1.217600
51.750142	0.965100
52.440143	0.688100
53.130145	0.392900
53.820147	0.085600
54.510149	-0.227900
55.200151	-0.541900
55.890153	-0.850900
56.580155	-1.149400
57.270157	-1.432500
57.960159	-1.695800
58.650160	-1.935100
59.340162	-2.147000
60.030164	-2.328400
60.720166	-2.477100
61.410168	-2.591000
62.100170	-2.668700
62.790172	-2.709300
63.480174	-2.712100
64.170176	-2.676900
64.860177	-2.603700
65.550179	-2.492900
66.240181	-2.345500
66.930183	-2.162600
67.620185	-1.946500
68.310187	-1.699600
69.000189	-1.425400
69.690191	-1.128100
70.380193	-0.812900
71.070194	-0.485400
71.760196	-0.152400
72.450198	0.179100
73.140200	0.502600
73.830202	0.811500
74.520204	1.100500
75.210206	1.365300
75.900208	1.602800
76.590210	1.811200
77.280211	1.989500
77.970213	2.137700
78.660215	2.256400
79.350217	2.347000
80.040219	2.411100
80.730221	2.450600
81.420223	2.467700
82.110225	2.464200
82.800227	2.442100
83.490228	2.403200
84.180230	2.349400
84.870232	2.282200
85.560234	2.203800
86.250236	2.116100
86.940238	2.021300
87.630240	1.921800
88.320242	1.819700
89.010244	1.717000
89.700245	1.615300
90.390247	1.515500
91.080249	1.418200
91.770251	1.323300
92.460253	1.230300
93.150255	1.138600
93.840257	1.046900
94.530259	0.954100
95.220261	0.858900
95.910262	0.760200
96.600264	0.656800
97.290266	0.547900
97.980268	0.432600
98.670270	0.310600
99.360272	0.181600
100.050274	0.045600
100.740276	-0.096600
101.430278	-0.244200
102.120279	-0.395500
102.810281	-0.548300
103.500283	-0.699800
104.190285	-0.846600
104.880287	-0.985100
105.570289	-1.111700
106.260291	-1.222700
106.950293	-1.315000
107.640295	-1.386300
108.330296	-1.434900
109.020298	-1.460300
109.710300	-1.462800
110.400302	-1.443600
111.090304	-1.404800
111.780306	-1.349100
112.470308	-1.280000
113.160310	-1.200900
113.850312	-1.115700
114.540313	-1.028200
115.230315	-0.942400
115.920317	-0.861900
116.610319	-0.790200
117.300321	-0.730700
117.990323	-0.686300
118.680325	-0.659900
119.370327	-0.653900
120.060329	-0.670500
120.750330	-0.711400
121.440332	-0.778100
122.130334	-0.871600
122.820336	-0.992600
123.510338	-1.140900
124.200340	-1.315700
124.890342	-1.515700
125.580344	-1.738000
126.270345	-1.979300
126.960347	-2.235000
127.650349	-2.499600
128.340351	-2.767500
129.030353	-3.032500
129.720355	-3.288500
130.410357	-3.530200
131.100359	-3.752600
131.790361	-3.951400
132.480362	-4.123100
133.170364	-4.264700
133.860366	-4.373700
134.550368	-4.448300
135.240370	-4.486500
135.930372	-4.486800
136.620374	-4.447500
137.310376	-4.367400
138.000378	-4.245000
138.690379	-4.079300
139.380381	-3.869800
140.070383	-3.616400
140.760385	-3.320300
141.450387	-2.983800
142.140389	-2.610600
142.830391	-2.206400
143.520393	-1.778700
144.210395	-1.336700
144.900396	-0.890900
145.590398	-0.452500
146.280400	-0.032600
146.970402	0.358400
147.660404	0.712200
148.350406	1.021800
149.040408	1.282400
149.730410	1.491300
150.420412	1.647300
151.110413	1.750600
151.800415	1.802700
152.490417	1.806300
153.180419	1.764700
153.870421	1.682700
154.560423	1.565700
155.250425	1.420000
155.940427	1.252700
156.630429	1.071600
157.320430	0.884600
158.010432	0.699400
158.700434	0.523600
159.390436	0.364000
160.080438	0.226600
160.770440	0.116300
161.460442	0.037100
162.150444	-0.008400
162.840446	-0.018600
163.530447	0.006500
164.220449	0.065900
164.910451	0.157200
165.600453	0.276800
166.290455	0.419700
166.980457	0.580300
167.670459	0.752100
168.360461	0.928800
169.050463	1.104000
169.740464	1.272400
170.430466	1.429500
171.120468	1.572300
171.810470	1.699000
172.500472	1.808900
173.190474	1.902600
173.880476	1.981300
174.570478	2.046900
175.260480	2.101700
175.950481	2.147900
176.640483	2.187800
177.330485	2.223500
178.020487	2.256600
178.710489	2.288500
179.400491	2.320000
180.090493	2.351000
180.780495	2.381200
181.470497	2.409200
182.160498	2.433000
182.850500	2.449900
183.540502	2.456700
184.230504	2.450000
184.920506	2.426300
185.610508	2.382400
186.300510	2.315600
186.990512	2.224300
187.680514	2.107500
188.370515	1.965300
189.060517	1.798800
189.750519	1.609700
190.440521	1.400600
191.130523	1.174400
191.820525	0.934500
192.510527	0.684300
193.200529	0.427900
193.890531	0.169200
194.580532	-0.087600
195.270534	-0.338600
195.960536	-0.580000
196.650538	-0.808500
197.340540	-1.021500
198.030542	-1.217300
198.720544	-1.394900
199.410546	-1.554100
200.100548	-1.695200
200.790549	-1.818900
201.480551	-1.926100
202.170553	-2.018100
202.860555	-2.095900
203.550557	-2.160700
204.240559	-2.213300
204.930561	-2.254600
205.620563	-2.285300
206.310564	-2.305900
207.000566	-2.316900
207.690568	-2.318700
208.380570	-2.311400
209.070572	-2.295300
209.760574	-2.270500
210.450576	-2.237300
211.140578	-2.196100
211.830580	-2.147500
212.520581	-2.092300
213.210583	-2.031800
213.900585	-1.967400
214.590587	-1.900900
215.280589	-1.834300
215.970591	-1.769400
216.660593	-1.708000
217.350595	-1.651400
218.040597	-1.600700
218.730598	-1.556200
219.420600	-1.518200
220.110602	-1.486200
220.800604	-1.459600
221.490606	-1.437600
222.180608	-1.419300
222.870610	-1.403800
223.560612	-1.390300
224.250614	-1.378300
224.940615	-1.367300
225.630617	-1.357100
226.320619	-1.347700
227.010621	-1.339500
227.700623	-1.332800
228.390625	-1.328200
229.080627	-1.326300
229.770629	-1.327800
230.460631	-1.333300
231.150632	-1.343500
231.840634	-1.358600
232.530636	-1.378800
233.220638	-1.404100
233.910640	-1.433900
234.600642	-1.467200
235.290644	-1.502800
235.980646	-1.539100
236.670648	-1.574100
237.360649	-1.605800
238.050651	-1.631900
238.740653	-1.650400
239.430655	-1.659300
240.120657	-1.657000
240.810659	-1.642200
241.500661	-1.614100
242.190663	-1.572300
242.880665	-1.517100
243.570666	-1.449300
244.260668	-1.370400
244.950670	-1.282700
245.640672	-1.189100
246.330674	-1.092900
247.020676	-0.997900
247.710678	-0.907200
248.400680	-0.823600
249.090682	-0.748700
249.780683	-0.683000
250.470685	-0.625700
251.160687	-0.575300
251.850689	-0.529600
252.540691	-0.486500
253.230693	-0.444000
253.920695	-0.400500
254.610697	-0.355200
255.300699	-0.307900
255.990700	-0.259000
256.680702	-0.209400
257.370704	-0.160200
258.060706	-0.112600
258.750708	-0.067400
259.440710	-0.025400
260.130712	0.013600
260.820714	0.049700
261.510716	0.083900
262.200717	0.117400
262.890719	0.151700
263.580721	0.188700
264.270723	0.230200
264.960725	0.278000
265.650727	0.333800
266.340729	0.398900
267.030731	0.474600
267.720733	0.561400
268.410734	0.659700
269.100736	0.769300
269.790738	0.889800
270.480740	1.020300
271.170742	1.160000
271.860744	1.307600
272.550746	1.461900
273.240748	1.621300
273.930750	1.784500
274.620751	1.949600
275.310753	2.114800
276.000755	2.278000
276.690757	2.437000
277.380759	2.589300
278.070761	2.732400
278.760763	2.863900
279.450765	2.981600
280.140767	3.083700
280.830768	3.169000
281.520770	3.236600
282.210772	3.286200
282.900774	3.317800
283.590776	3.331900
284.280778	3.329200
284.970780	3.310500
285.660782	3.277000
286.350783	3.230000
287.040785	3.170800
287.730787	3.100900
288.420789	3.022000
289.110791	2.935400
289.800793	2.842600
290.490795	2.744900
291.180797	2.643100
291.870799	2.538400
292.560800	2.431200
293.250802	2.322100
293.940804	2.211700
294.630806	2.100600
295.320808	1.989300
296.010810	1.878800
296.700812	1.770000
297.390814	1.664100
298.080816	1.562500
298.770817	1.466500
299.460819	1.377400
300.150821	1.296500
300.840823	1.224700
301.530825	1.162800
302.220827	1.111400
302.910829	1.070600
303.600831	1.040800
304.290833	1.021600
304.980834	1.012900
305.670836	1.014000
306.360838	1.024200
307.050840	1.042300
307.740842	1.067000
308.430844	1.096900
309.120846	1.130100
309.810848	1.165100
310.500850	1.200100
311.190851	1.233700
311.880853	1.264400
312.570855	1.291300
313.260857	1.313400
313.950859	1.330100
314.640861	1.340900
315.330863	1.345800
316.020865	1.344700
316.710867	1.337500
317.400868	1.324300
318.090870	1.305300
318.780872	1.280400
319.470874	1.249600
320.160876	1.213000
320.850878	1.170400
321.540880	1.121800
322.230882	1.067000
322.920884	1.006200
323.610885	0.939400
324.300887	0.866700
324.990889	0.788500
325.680891	0.705200
326.370893	0.617300
327.060895	0.525300
327.750897	0.429700
328.440899	0.331100
329.130901	0.230000
329.820902	0.127200
330.510904	0.023300
331.200906	-0.080600
331.890908	-0.183800
332.580910	-0.285200
333.270912	-0.383400
333.960914	-0.477300
334.650916	-0.565900
335.340918	-0.648000
336.030919	-0.723100
336.720921	-0.790600
337.410923	-0.850400
338.100925	-0.902500
338.790927	-0.947500
339.480929	-0.985900
340.170931	-1.018800
340.860933	-1.047300
341.550935	-1.072800
342.240936	-1.097100
342.930938	-1.122000
343.620940	-1.149600
344.310942	-1.182000
345.000944	-1.221600
345.690946	-1.270700
346.380948	-1.331500
347.070950	-1.405900
347.760952	-1.495400
348.450953	-1.600500
349.140955	-1.720700
349.830957	-1.854400
350.520959	-1.998900
351.210961	-2.150200
351.900963	-2.303800
352.590965	-2.454900
353.280967	-2.598900
353.970969	-2.731700
354.660970	-2.850000
355.350972	-2.951100
356.040974	-3.033100
356.730976	-3.094700
357.420978	-3.135000
358.110980	-3.153600
358.800982	-3.150300
359.490984	-3.125400
360.180986	-3.079500
360.870987	-3.013400
361.560989	-2.928300
362.250991	-2.825600
362.940993	-2.707100
363.630995	-2.575100
364.320997	-2.432000
365.010999	-2.280400
365.701001	-2.123400
366.391003	-1.964000
367.081004	-1.805400
367.771006	-1.650700
368.461008	-1.503200
369.151010	-1.366200
369.841012	-1.242900
370.531014	-1.136300
371.221016	-1.049300
371.911018	-0.984000
372.601019	-0.942000
373.291021	-0.924100
373.981023	-0.930200
374.671025	-0.959300
375.361027	-1.009800
376.051029	-1.079800
376.741031	-1.166700
377.431033	-1.268100
378.121035	-1.381300
378.811036	-1.503800
379.501038	-1.633200
380.191040	-1.767000
380.881042	-1.902900
381.571044	-2.038400
382.261046	-2.171000
382.951048	-2.298200
383.641050	-2.417300
384.331052	-2.525700
385.021053	-2.621000
385.711055	-2.700900
386.401057	-2.763900
387.091059	-2.808400
387.781061	-2.833700
388.471063	-2.838900
389.161065	-2.823700
389.851067	-2.787500
390.541069	-2.729500
391.231070	-2.648900
391.921072	-2.544200
392.611074	-2.413400
393.301076	-2.254200
393.991078	-2.064000
394.681080	-1.839900
395.371082	-1.579600
396.061084	-1.281000
396.751086	-0.943400
397.441087	-0.567400
398.131089	-0.155400
398.821091	0.287300
399.511093	0.753900
400.201095	1.234700
400.891097	1.718900
401.581099	2.194800
402.271101	2.650900
402.961103	3.076900
403.651104	3.464400
404.341106	3.807100
405.031108	4.101100
405.721110	4.344500
406.411112	4.537400
407.101114	4.681100
407.791116	4.778200
408.481118	4.831900
409.171120	4.846100
409.861121	4.825300
410.551123	4.774500
411.241125	4.699200
411.931127	4.605400
412.621129	4.499600
413.311131	4.389000
414.001133	4.280700
414.691135	4.181800
415.381137	4.098400
416.071138	4.035600
416.761140	3.996700
417.451142	3.983300
418.141144	3.995300
418.831146	4.030900
419.521148	4.087300
420.211150	4.160800
420.901152	4.247100
421.591154	4.341700
422.281155	4.440400
422.971157	4.539200
423.661159	4.634800
424.351161	4.724400
425.041163	4.805600
425.731165	4.876300
426.421167	4.934700
427.111169	4.979100
427.801171	5.007400
428.491172	5.017800
429.181174	5.008100
429.871176	4.976400
430.561178	4.920900
431.251180	4.839900
431.941182	4.732400
432.631184	4.597800
433.321186	4.436200
434.011188	4.248000
434.701189	4.034400
435.391191	3.797000
436.081193	3.537900
436.771195	3.259300
437.461197	2.963900
438.151199	2.654800
438.841201	2.335300
439.531203	2.009600
440.221205	1.682300
440.911206	1.358600
441.601208	1.043900
442.291210	0.742900
442.981212	0.460000
443.671214	0.198000
444.361216	-0.041400
445.051218	-0.258000
445.741220	-0.452300
446.431222	-0.625700
447.121223	-0.780400
447.811225	-0.918500
448.501227	-1.042600
449.191229	-1.155200
449.881231	-1.258600
450.571233	-1.355000
451.261235	-1.446100
451.951237	-1.533500
452.641238	-1.618400
453.331240	-1.701700
454.021242	-1.784200
454.711244	-1.866300
455.401246	-1.948300
456.091248	-2.030400
456.781250	-2.112400
457.471252	-2.193700
458.161254	-2.273600
458.851255	-2.351100
459.541257	-2.424800
460.231259	-2.493400
460.921261	-2.555700
461.611263	-2.610400
462.301265	-2.656600
462.991267	-2.693600
463.681269	-2.720800
464.371271	-2.738000
465.061272	-2.745100
465.751274	-2.742000
466.441276	-2.728800
467.131278	-2.705700
467.821280	-2.673100
468.511282	-2.631400
469.201284	-2.581200
469.891286	-2.523500
470.581288	-2.459400
471.271289	-2.390500
471.961291	-2.318600
472.651293	-2.245900
473.341295	-2.174800
474.031297	-2.107800
474.721299	-2.047600
475.411301	-1.996800
476.101303	-1.957600
476.791305	-1.931700
477.481306	-1.920400
478.171308	-1.924100
478.861310	-1.942700
479.551312	-1.975300
480.241314	-2.020800
480.931316	-2.077300
481.621318	-2.142600
482.311320	-2.214300
483.001322	-2.290100
483.691323	-2.367500
484.381325	-2.444400
485.071327	-2.518700
485.761329	-2.588800
486.451331	-2.653300
487.141333	-2.711000
487.831335	-2.760900
488.521337	-2.802300
489.211339	-2.834200
489.901340	-2.856100
490.591342	-2.867200
491.281344	-2.866800
491.971346	-2.854400
492.661348	-2.829500
493.351350	-2.792000
494.041352	-2.741800
494.731354	-2.679200
495.421356	-2.605100
496.111357	-2.520400
496.801359	-2.426600
497.491361	-2.325500
498.181363	-2.219600
498.871365	-2.111500
499.561367	-2.004100
500.251369	-1.900500
500.941371	-1.803300
501.631373	-1.715100
502.321374	-1.637500
503.011376	-1.571200
503.701378	-1.516100
504.391380	-1.471400
505.081382	-1.435100
505.771384	-1.405100
506.461386	-1.378200
507.151388	-1.351200
507.841390	-1.320500
508.531391	-1.282200
509.221393	-1.232500
509.911395	-1.167600
510.601397	-1.083700
511.291399	-0.977400
511.981401	-0.845800
512.671403	-0.686200
513.361405	-0.496800
514.051407	-0.276800
514.741408	-0.025800
515.431410	0.255600
516.121412	0.566100
516.811414	0.903400
517.501416	1.264400
518.191418	1.645100
518.881420	2.040300
519.571422	2.443700
520.261424	2.848200
520.951425	3.246400
521.641427	3.630400
522.331429	3.993100
523.021431	4.327900
523.711433	4.628800
524.401435	4.890700
525.091437	5.109300
525.781439	5.280700
526.471441	5.401500
527.161442	5.469200
527.851444	5.481700
528.541446	5.437500
529.231448	5.335900
529.921450	5.177200
530.611452	4.962500
531.301454	4.694400
531.991456	4.376900
532.681457	4.015600
533.371459	3.617800
534.061461	3.192400
534.751463	2.749400
535.441465	2.299800
536.131467	1.854900
536.821469	1.425600
537.511471	1.021500
538.201473	0.650500
538.891474	0.318900
539.581476	0.030800
540.271478	-0.210800
540.961480	-0.404700
541.651482	-0.550600
542.341484	-0.648900
543.031486	-0.701400
543.721488	-0.710200
544.411490	-0.678500
545.101491	-0.609900
545.791493	-0.509000
546.481495	-0.380600
547.171497	-0.230500
547.861499	-0.064500
548.551501	0.111100
549.241503	0.291100
549.931505	0.470400
550.621507	0.645000
551.311508	0.811900
552.001510	0.969300
552.691512	1.116000
553.381514	1.251100
554.071516	1.374600
554.761518	1.486500
555.451520	1.586700
556.141522	1.675700
556.831524	1.753500
557.521525	1.820400
558.211527	1.876600
558.901529	1.922500
559.591531	1.958600
560.281533	1.985200
560.971535	2.003300
561.661537	2.013700
562.351539	2.017300
563.041541	2.015300
563.731542	2.008700
564.421544	1.998400
565.111546	1.985100
565.801548	1.969200
566.491550	1.950400
567.181552	1.928500
567.871554	1.902100
568.561556	1.869700
569.251558	1.829200
569.941559	1.777700
570.631561	1.712200
571.321563	1.629300
572.011565	1.525300
572.701567	1.396900
573.391569	1.241100
574.081571	1.055700
574.771573	0.839500
575.461575	0.593200
576.151576	0.319300
576.841578	0.022700
577.531580	-0.289700
578.221582	-0.609100
578.911584	-0.926000
579.601586	-1.230500
580.291588	-1.513700
580.981590	-1.767900
581.671592	-1.987000
582.361593	-2.166200
583.051595	-2.301800
583.741597	-2.391300
584.431599	-2.432900
585.121601	-2.425700
585.811603	-2.369500
586.501605	-2.265200
587.191607	-2.114700
587.881609	-1.921400
588.571610	-1.690900
589.261612	-1.430300
589.951614	-1.149000
590.641616	-0.857500
591.331618	-0.566600
592.021620	-0.286400
592.711622	-0.025300
593.401624	0.210300
594.091626	0.416200
594.781627	0.590200
595.471629	0.731800
596.161631	0.842000
596.851633	0.923000
597.541635	0.977800
598.231637	1.009900
598.921639	1.023300
599.611641	1.021600
600.301643	1.008300
600.991644	0.986500
601.681646	0.958300
602.371648	0.925100
603.061650	0.887400
603.751652	0.845200
604.441654	0.797600
605.131656	0.743700
605.821658	0.681900
606.511660	0.611000
607.201661	0.529900
607.891663	0.437800
608.581665	0.334300
609.271667	0.220100
609.961669	0.096200
610.651671	-0.035300
611.341673	-0.172000
612.031675	-0.310900
612.721676	-0.449300
613.411678	-0.584200
614.101680	-0.713500
614.791682	-0.835300
615.481684	-0.948300
616.171686	-1.051700
616.861688	-1.144900
617.551690	-1.227700
618.241692	-1.300400
618.931693	-1.363400
619.621695	-1.417500
620.311697	-1.463700
621.001699	-1.503400
621.691701	-1.537900
622.381703	-1.568700
623.071705	-1.597300
623.761707	-1.625000
624.451709	-1.653000
625.141710	-1.682200
625.831712	-1.713300
626.521714	-1.747000
627.211716	-1.783400
627.901718	-1.822900
628.591720	-1.865500
629.281722	-1.911000
629.971724	-1.959500
630.661726	-2.010700
631.351727	-2.064400
632.041729	-2.120100
632.731731	-2.177500
633.421733	-2.236000
634.111735	-2.295100
634.801737	-2.354100
635.491739	-2.412600
636.181741	-2.469800
636.871743	-2.525300
637.561744	-2.578400
638.251746	-2.628800
638.941748	-2.676100
639.631750	-2.720100
640.321752	-2.760400
641.011754	-2.797100
641.701756	-2.829900
642.391758	-2.858700
643.081760	-2.883300
643.771761	-2.903400
644.461763	-2.918600
645.151765	-2.928600
645.841767	-2.932900
646.531769	-2.931100
647.221771	-2.922800
647.911773	-2.907700
648.601775	-2.885900
649.291777	-2.857400
649.981778	-2.822400
650.671780	-2.781600
651.361782	-2.735400
652.051784	-2.684900
652.741786	-2.630800
653.431788	-2.574100
654.121790	-2.515900
654.811792	-2.456900
655.501794	-2.398000
656.191795	-2.339900
656.881797	-2.282800
657.571799	-2.227100
658.261801	-2.173000
658.951803	-2.120600
659.641805	-2.069800
660.331807	-2.020900
661.021809	-1.973900
661.711811	-1.928900
662.401812	-1.885900
663.091814	-1.844900
663.781816	-1.805700
664.471818	-1.768100
665.161820	-1.731600
665.851822	-1.695700
666.541824	-1.659500
667.231826	-1.622300
667.921828	-1.582800
668.611829	-1.540000
669.301831	-1.492600
669.991833	-1.439300
670.681835	-1.379000
671.371837	-1.310800
672.061839	-1.234500
672.751841	-1.150100
673.441843	-1.058700
674.131845	-0.961500
674.821846	-0.860400
675.511848	-0.757400
676.201850	-0.654500
676.891852	-0.553500
677.581854	-0.456100
678.271856	-0.363400
678.961858	-0.276000
679.651860	-0.194400
680.341862	-0.118500
681.031863	-0.047800
681.721865	0.018400
682.411867	0.081600
683.101869	0.143200
683.791871	0.204800
684.481873	0.268000
685.171875	0.334200
685.861877	0.404900
686.551879	0.480800
687.241880	0.562100
687.931882	0.648700
688.621884	0.739600
689.311886	0.833400
690.001888	0.928300
690.691890	1.022100
691.381892	1.112700
692.071894	1.198000
692.761896	1.275900
693.451897	1.344600
694.141899	1.402200
694.831901	1.447300
695.521903	1.478300
696.211905	1.493900
696.901907	1.493000
697.591909	1.474800
698.281911	1.438700
698.971912	1.384700
699.661914	1.313300
700.351916	1.225700
701.041918	1.124000
701.731920	1.011200
702.421922	0.891400
703.111924	0.769400
703.801926	0.650600
704.491928	0.540600
705.181929	0.444700
705.871931	0.367200
706.561933	0.311300
707.251935	0.279200
707.941937	0.271600
708.631939	0.288000
709.321941	0.327000
710.011943	0.386200
710.701945	0.462500
711.391946	0.552300
712.081948	0.651800
712.771950	0.757000
713.461952	0.864200
714.151954	0.970200
714.841956	1.072000
715.531958	1.167400
716.221960	1.254500
716.911962	1.332300
717.601963	1.400100
718.291965	1.457800
718.981967	1.505700
719.671969	1.544300
720.361971	1.574400
721.051973	1.596500
721.741975	1.611200
722.431977	1.618700
723.121979	1.619100
723.811980	1.612200
724.501982	1.597600
725.191984	1.575100
725.881986	1.544500
726.571988	1.506000
727.261990	1.460200
727.951992	1.408500
728.641994	1.352800
729.331996	1.295600
730.021997	1.239800
730.711999	1.188900
731.402001	1.146400
732.092003	1.115500
732.782005	1.099100
733.472007	1.099900
734.162009	1.119400
734.852011	1.158800
735.542013	1.218500
736.232014	1.297900
736.922016	1.395500
737.612018	1.509100
738.302020	1.635400
738.992022	1.770000
739.682024	1.908200
740.372026	2.044500
741.062028	2.173700
741.752030	2.291200
742.442031	2.393300
743.132033	2.477300
743.822035	2.541700
744.512037	2.586300
745.202039	2.611800
745.892041	2.619700
746.582043	2.612600
747.272045	2.593200
747.962047	2.565100
748.652048	2.531800
749.342050	2.497200
750.032052	2.464900
750.722054	2.438200
751.412056	2.420300
752.102058	2.413600
752.792060	2.420000
753.482062	2.440800
754.172064	2.476300
754.862065	2.526400
755.552067	2.589900
756.242069	2.665000
756.932071	2.749200
757.622073	2.839600
758.312075	2.933000
759.002077	3.026300
759.692079	3.116400
760.382081	3.200800
761.072082	3.277200
761.762084	3.343900
762.452086	3.399500
763.142088	3.443400
763.832090	3.474900
764.522092	3.494100
765.212094	3.501000
765.902096	3.496100
766.592098	3.479900
767.282099	3.453400
767.972101	3.417400
768.662103	3.373000
769.352105	3.321500
770.042107	3.263900
770.732109	3.201600
771.422111	3.135600
772.112113	3.067200
772.802115	2.997200
773.492116	2.926700
774.182118	2.856500
774.872120	2.787300
775.562122	2.719700
776.252124	2.654100
776.942126	2.591200
777.632128	2.531100
778.322130	2.474300
779.012131	2.420800
779.702133	2.370900
780.392135	2.324600
781.082137	2.281900
781.772139	2.242600
782.462141	2.206800
783.152143	2.174400
783.842145	2.145100
784.532147	2.118900
785.222148	2.095300
785.912150	2.073900
786.602152	2.054000
787.292154	2.034700
787.982156	2.015000
788.672158	1.993600
789.362160	1.969200
790.052162	1.940300
790.742164	1.905700
791.432165	1.864100
792.122167	1.814700
792.812169	1.756800
793.502171	1.690000
794.192173	1.614400
794.882175	1.530400
795.572177	1.438800
796.262179	1.340700
796.952181	1.237300
797.642182	1.130400
798.332184	1.021600
799.022186	0.912800
799.712188	0.805800
800.402190	0.702300
801.092192	0.603700
801.782194	0.511000
802.472196	0.424900
803.162198	0.345500
803.852199	0.272800
804.542201	0.206300
805.232203	0.145400
805.922205	0.089300
806.612207	0.037100
807.302209	-0.012000
807.992211	-0.058700
808.682213	-0.104100
809.372215	-0.148700
810.062216	-0.192800
810.752218	-0.236800
811.442220	-0.281000
812.132222	-0.325600
812.822224	-0.370600
813.512226	-0.416400
814.202228	-0.462900
814.892230	-0.510400
815.582232	-0.559200
816.272233	-0.609300
816.962235	-0.661100
817.652237	-0.714200
818.342239	-0.768500
819.032241	-0.823100
819.722243	-0.876900
820.412245	-0.928200
821.102247	-0.975100
821.792249	-1.015100
822.482250	-1.045600
823.172252	-1.063900
823.862254	-1.067700
824.552256	-1.054900
825.242258	-1.024100
825.932260	-0.974600
826.622262	-0.906200
827.312264	-0.819900
828.002266	-0.717300
828.692267	-0.600900
829.382269	-0.474100
830.072271	-0.340900
830.762273	-0.205700
831.452275	-0.072900
832.142277	0.053200
832.832279	0.169300
833.522281	0.272400
834.212283	0.360400
834.902284	0.431800
835.592286	0.485800
836.282288	0.521900
836.972290	0.539800
837.662292	0.539600
838.352294	0.521500
839.042296	0.485900
839.732298	0.433200
840.422300	0.363700
841.112301	0.278300
841.802303	0.177500
842.492305	0.062400
843.182307	-0.065600
843.872309	-0.205300
844.562311	-0.354400
845.252313	-0.510300
845.942315	-0.670100
846.632317	-0.830400
847.322318	-0.987800
848.012320	-1.138800
848.702322	-1.280900
849.392324	-1.411600
850.082326	-1.529600
850.772328	-1.633700
851.462330	-1.723400
852.152332	-1.798500
852.842334	-1.859000
853.532335	-1.905300
854.222337	-1.937600
854.912339	-1.956800
855.602341	-1.963800
856.292343	-1.959800
856.982345	-1.946400
857.672347	-1.925400
858.362349	-1.899100
859.052350	-1.869700
859.742352	-1.839500
860.432354	-1.810700
861.122356	-1.785200
861.812358	-1.764700
862.502360	-1.750300
863.192362	-1.742900
863.882364	-1.742900
864.572366	-1.750400
865.262367	-1.765200
865.952369	-1.787000
866.642371	-1.815300
867.332373	-1.849200
868.022375	-1.887900
868.712377	-1.930200
869.402379	-1.974700
870.092381	-2.019800
870.782383	-2.063500
871.472384	-2.104000
872.162386	-2.139200
872.852388	-2.167400
873.542390	-2.186800
874.232392	-2.196000
874.922394	-2.194100
875.612396	-2.180000
876.302398	-2.153500
876.992400	-2.114100
877.682401	-2.061700
878.372403	-1.996300
879.062405	-1.918100
879.752407	-1.827400
880.442409	-1.724900
881.132411	-1.611700
881.822413	-1.489100
882.512415	-1.359200
883.202417	-1.224400
883.892418	-1.087500
884.582420	-0.951500
885.272422	-0.819000
885.962424	-0.692100
886.652426	-0.572300
887.342428	-0.460100
888.032430	-0.355300
888.722432	-0.256900
889.412434	-0.163500
890.102435	-0.073200
890.792437	0.015800
891.482439	0.105300
892.172441	0.196800
892.862443	0.291300
893.552445	0.389200
894.242447	0.490200
894.932449	0.593200
895.622451	0.696600
896.312452	0.797800
897.002454	0.894400
897.692456	0.983400
898.382458	1.062000
899.072460	1.127500
899.762462	1.177500
900.452464	1.210000
901.142466	1.223200
901.832468	1.215400
902.522469	1.185300
903.212471	1.132000
903.902473	1.054600
904.592475	0.952400
905.282477	0.825100
905.972479	0.672800
906.662481	0.495900
907.352483	0.295900
908.042485	0.075000
908.732486	-0.163000
909.422488	-0.413200
910.112490	-0.669000
910.802492	-0.922900
911.492494	-1.167200
912.182496	-1.394700
912.872498	-1.599600
913.562500	-1.777700
914.252502	-1.926500
914.942503	-2.045200
915.632505	-2.134500
916.322507	-2.196200
917.012509	-2.233100
917.702511	-2.248800
918.392513	-2.247500
919.082515	-2.233800
919.772517	-2.212600
920.462519	-2.188500
921.152520	-2.165900
921.842522	-2.148900
922.532524	-2.140700
923.222526	-2.143700
923.912528	-2.159600
924.602530	-2.189100
925.292532	-2.231800
925.982534	-2.286400
926.672536	-2.350800
927.362537	-2.422000
928.052539	-2.496600
928.742541	-2.571100
929.432543	-2.642000
930.122545	-2.706900
930.812547	-2.763900
931.502549	-2.812200
932.192551	-2.852400
932.882553	-2.885500
933.572554	-2.913900
934.262556	-2.940000
934.952558	-2.966800
935.642560	-2.997000
936.332562	-3.033000
937.022564	-3.076700
937.712566	-3.129000
938.402568	-3.190000
939.092569	-3.259400
939.782571	-3.335800
940.472573	-3.417400
941.162575	-3.502100
941.852577	-3.587300
942.542579	-3.670500
943.232581	-3.749200
943.922583	-3.821300
944.612585	-3.884700
945.302586	-3.938100
945.992588	-3.980200
946.682590	-4.010300
947.372592	-4.028100
948.062594	-4.033500
948.752596	-4.026600
949.442598	-4.007700
950.132600	-3.977600
950.822602	-3.937100
951.512603	-3.887300
952.202605	-3.829500
952.892607	-3.765500
953.582609	-3.697300
954.272611	-3.627100
954.962613	-3.557000
955.652615	-3.488800
956.342617	-3.423900
957.032619	-3.363000
957.722620	-3.306100
958.412622	-3.252400
959.102624	-3.200500
959.792626	-3.148700
960.482628	-3.094700
961.172630	-3.036000
961.862632	-2.969800
962.552634	-2.893400
963.242636	-2.804300
963.932637	-2.699900
964.622639	-2.578100
965.312641	-2.437600
966.002643	-2.277300
966.692645	-2.097500
967.382647	-1.899300
968.072649	-1.685000
968.762651	-1.458000
969.452653	-1.222700
970.142654	-0.983700
970.832656	-0.746200
971.522658	-0.514800
972.212660	-0.293900
972.902662	-0.087200
973.592664	0.102400
974.282666	0.272800
974.972668	0.422800
975.662670	0.551900
976.352671	0.660400
977.042673	0.749300
977.732675	0.819900
978.422677	0.874100
979.112679	0.913900
979.802681	0.941500
980.492683	0.959000
981.182685	0.968400
981.872687	0.971800
982.562688	0.970700
983.252690	0.966600
983.942692	0.960700
984.632694	0.953900
985.322696	0.946600
986.012698	0.939200
986.702700	0.931700
987.392702	0.923900
988.082704	0.915400
988.772705	0.905900
989.462707	0.894700
990.152709	0.881200
990.842711	0.864800
991.532713	0.844900
992.222715	0.820900
992.912717	0.792500
993.602719	0.759300
994.292721	0.721300
994.982722	0.678300
995.672724	0.630600
996.362726	0.578600
997.052728	0.522900
997.742730	0.464100
998.432732	0.403000
999.122734	0.340800
999.812736	0.278300
1000.502738	0.216600
1001.192739	0.156500
1001.882741	0.098700
1002.572743	0.043700
1003.262745	-0.008500
1003.952747	-0.057800
1004.642749	-0.105000
1005.332751	-0.150600
1006.022753	-0.195600
1006.712755	-0.241200
1007.402756	-0.288600
1008.092758	-0.339100
1008.782760	-0.393900
1009.472762	-0.454100
1010.162764	-0.520800
1010.852766	-0.594400
1011.542768	-0.675300
1012.232770	-0.763500
1012.922772	-0.858600
1013.612773	-0.959700
1014.302775	-1.065500
1014.992777	-1.174100
1015.682779	-1.283400
1016.372781	-1.390400
1017.062783	-1.491900
1017.752785	-1.584000
1018.442787	-1.662800
1019.132789	-1.724700
1019.822790	-1.766600
1020.512792	-1.786600
1021.202794	-1.784200
1021.892796	-1.760800
1022.582798	-1.719300
1023.272800	-1.664100
1023.962802	-1.600600
1024.652804	-1.534700
1025.342805	-1.472400
1026.032807	-1.418900
1026.722809	-1.378500
1027.412811	-1.354000
1028.102813	-1.346600
1028.792815	-1.356200
1029.482817	-1.381400
1030.172819	-1.419800
1030.862821	-1.468400
1031.552822	-1.524100
1032.242824	-1.583400
1032.932826	-1.643100
1033.622828	-1.700100
1034.312830	-1.751300
1035.002832	-1.793900
1035.692834	-1.825100
1036.382836	-1.842300
1037.072838	-1.842700
1037.762839	-1.823700
1038.452841	-1.782500
1039.142843	-1.716200
1039.832845	-1.622000
1040.522847	-1.497000
1041.212849	-1.338500
1041.902851	-1.144000
1042.592853	-0.911700
1043.282855	-0.640100
1043.972856	-0.329200
1044.662858	0.019900
1045.352860	0.404500
1046.042862	0.819500
1046.732864	1.257600
1047.422866	1.709700
1048.112868	2.165100
1048.802870	2.613100
1049.492872	3.043700
1050.182873	3.449100
1050.872875	3.824000
1051.562877	4.165500
1052.252879	4.472900
1052.942881	4.747100
1053.632883	4.990700
1054.322885	5.206800
1055.012887	5.399000
1055.702889	5.571200
1056.392890	5.727200
1057.082892	5.870300
1057.772894	6.003500
1058.462896	6.129100
1059.152898	6.248800
1059.842900	6.363300
1060.532902	6.472500
1061.222904	6.575400
1061.912906	6.670400
1062.602907	6.755100
1063.292909	6.827300
1063.982911	6.884600
1064.672913	6.924900
1065.362915	6.946800
1066.052917	6.949200
1066.742919	6.931500
1067.432921	6.893700
1068.122923	6.836200
1068.812924	6.759700
1069.502926	6.665000
1070.192928	6.553500
1070.882930	6.426300
1071.572932	6.284800
1072.262934	6.130200
1072.952936	5.963600
1073.642938	5.786000
1074.332940	5.598400
1075.022941	5.401600
1075.712943	5.196300
1076.402945	4.983200
1077.092947	4.762900
1077.782949	4.536100
1078.472951	4.303700
1079.162953	4.067300
1079.852955	3.828900
1080.542957	3.591600
1081.232958	3.359400
1081.922960	3.137300
1082.612962	2.930400
1083.302964	2.743600
1083.992966	2.580800
1084.682968	2.444700
1085.372970	2.336100
1086.062972	2.254400
1086.752974	2.197300
1087.442975	2.161300
1088.132977	2.141600
1088.822979	2.133000
1089.512981	2.129300
1090.202983	2.124100
1090.892985	2.110900
1091.582987	2.083100
1092.272989	2.034300
1092.962991	1.958400
1093.652992	1.849500
1094.342994	1.702400
1095.032996	1.512800
1095.722998	1.277200
1096.413000	0.993500
1097.103002	0.661500
1097.793004	0.283100
1098.483006	-0.137100
1099.173008	-0.591800
1099.863009	-1.070900
1100.553011	-1.562400
1101.243013	-2.053700
1101.933015	-2.532100
1102.623017	-2.986800
1103.313019	-3.408700
1104.003021	-3.791500
1104.693023	-4.130800
1105.383024	-4.424500
1106.073026	-4.671800
1106.763028	-4.873100
1107.453030	-5.029200
1108.143032	-5.141500
1108.833034	-5.210900
1109.523036	-5.238300
1110.213038	-5.224500
1110.903040	-5.169500
1111.593041	-5.073400
1112.283043	-4.935900
1112.973045	-4.756500
1113.663047	-4.534600
1114.353049	-4.269400
1115.043051	-3.959800
1115.733053	-3.604500
1116.423055	-3.201700
1117.113057	-2.749500
1117.803058	-2.246200
1118.493060	-1.690500
1119.183062	-1.082300
1119.873064	-0.423300
1120.563066	0.282100
1121.253068	1.026800
1121.943070	1.799400
1122.633072	2.584900
1123.323074	3.365500
1124.013075	4.122300
1124.703077	4.837300
1125.393079	5.494400
1126.083081	6.081500
1126.773083	6.591000
1127.463085	7.018700
1128.153087	7.363700
1128.843089	7.627300
1129.533091	7.812700
1130.223092	7.924200
1130.913094	7.967300
1131.603096	7.947800
1132.293098	7.872400
1132.983100	7.748100
1133.673102	7.582800
1134.363104	7.384400
1135.053106	7.161300
1135.743108	6.921400
1136.433109	6.672100
1137.123111	6.419600
1137.813113	6.168900
1138.503115	5.923500
1139.193117	5.686000
1139.883119	5.457900
1140.573121	5.240000
1141.263123	5.032600
1141.953125	4.835500
1142.643126	4.648400
1143.333128	4.471200
1144.023130	4.303400
1144.713132	4.145100
1145.403134	3.996200
1146.093136	3.856900
1146.783138	3.727200
1147.473140	3.606700
1148.163142	3.494700
1148.853143	3.389800
1149.543145	3.289800
1150.233147	3.191900
1150.923149	3.092400
1151.613151	2.987200
1152.303153	2.872100
1152.993155	2.742500
1153.683157	2.594300
1154.373159	2.423400
1155.063160	2.226600
1155.753162	2.001500
1156.443164	1.746700
1157.133166	1.462300
1157.823168	1.150100
1158.513170	0.813900
1159.203172	0.459400
1159.893174	0.094000
1160.583176	-0.273300
1161.273177	-0.633500
1161.963179	-0.977500
1162.653181	-1.297500
1163.343183	-1.587200
1164.033185	-1.842100
1164.723187	-2.059500
1165.413189	-2.238400
1166.103191	-2.379100
1166.793193	-2.483200
1167.483194	-2.553000
1168.173196	-2.591500
1168.863198	-2.602300
1169.553200	-2.589500
1170.243202	-2.557200
1170.933204	-2.509700
1171.623206	-2.451600
1172.313208	-2.386700
1173.003210	-2.318900
1173.693211	-2.251100
1174.383213	-2.185900
1175.073215	-2.125000
1175.763217	-2.069700
1176.453219	-2.020700
1177.143221	-1.978300
1177.833223	-1.942300
1178.523225	-1.912200
1179.213227	-1.887300
1179.903228	-1.866200
1180.593230	-1.847600
1181.283232	-1.829800
1181.973234	-1.810900
1182.663236	-1.789200
1183.353238	-1.763100
1184.043240	-1.731700
1184.733242	-1.694200
1185.423243	-1.650700
1186.113245	-1.601900
1186.803247	-1.548800
1187.493249	-1.492700
1188.183251	-1.435000
1188.873253	-1.376900
1189.563255	-1.319000
1190.253257	-1.261600
1190.943259	-1.204500
1191.633260	-1.146800
1192.323262	-1.087500
1193.013264	-1.025700
1193.703266	-0.960200
1194.393268	-0.890200
1195.083270	-0.815000
1195.773272	-0.734600
1196.463274	-0.649400
1197.153276	-0.560700
1197.843277	-0.470200
1198.533279	-0.381000
1199.223281	-0.296500
1199.913283	-0.220900
1200.603285	-0.158500
1201.293287	-0.113500
