0.000000	-1.888600
0.690000	-1.841300
1.380001	-1.790600
2.070001	-1.738500
2.760002	-1.686800
3.450002	-1.636800
4.140003	-1.589600
4.830003	-1.545600
5.520004	-1.505200
6.210004	-1.468300
6.900005	-1.434900
7.590005	-1.404800
8.280006	-1.377600
8.970006	-1.353200
9.660007	-1.331200
10.350007	-1.311500
11.040008	-1.294000
11.730008	-1.278500
12.420009	-1.265000
13.110009	-1.253600
13.800010	-1.244600
14.490010	-1.238200
15.180011	-1.234700
15.870011	-1.234400
16.560012	-1.237500
17.250012	-1.244200
17.940013	-1.254100
18.630013	-1.267000
19.320014	-1.282100
20.010014	-1.298600
20.700015	-1.315300
21.390015	-1.331000
22.080016	-1.344300
22.770016	-1.353700
23.460017	-1.358000
24.150017	-1.355600
24.840018	-1.345300
25.530018	-1.326400
26.220019	-1.298400
26.910019	-1.261400
27.600020	-1.216000
28.290020	-1.163600
28.980021	-1.106200
29.670021	-1.046100
30.360022	-0.986200
31.050022	-0.929300
31.740023	-0.878100
32.430023	-0.835000
33.120024	-0.801600
33.810024	-0.778800
34.500025	-0.766300
35.190025	-0.763000
35.880026	-0.767100
36.570026	-0.776300
37.260027	-0.787800
37.950027	-0.799000
38.640028	-0.807400
39.330028	-0.811000
40.020029	-0.808300
40.710029	-0.798500
41.400030	-0.781800
42.090030	-0.758700
42.780030	-0.730600
43.470031	-0.698900
44.160031	-0.665300
44.850032	-0.631300
45.540032	-0.597800
46.230033	-0.565500
46.920033	-0.534500
47.610034	-0.504800
48.300034	-0.475400
48.990035	-0.445300
49.680035	-0.413000
50.370036	-0.376900
51.060036	-0.334900
51.750037	-0.284900
52.440037	-0.224900
53.130038	-0.152900
53.820038	-0.066900
54.510039	0.034400
55.200039	0.152200
55.890040	0.286900
56.580040	0.438500
57.270041	0.605900
57.960041	0.787400
58.650042	0.980800
59.340042	1.183200
60.030043	1.391300
60.720043	1.601700
61.410044	1.811100
62.100044	2.016200
62.790045	2.213700
63.480045	2.400400
64.170046	2.573000
64.860046	2.728800
65.550047	2.865300
66.240047	2.980700
66.930048	3.073800
67.620048	3.144200
68.310049	3.192100
69.000049	3.218100
69.690050	3.223300
70.380050	3.209400
71.070051	3.177900
71.760051	3.131100
72.450052	3.071000
73.140052	2.999800
73.830053	2.919600
74.520053	2.832600
75.210054	2.740300
75.900054	2.644400
76.590055	2.546000
77.280055	2.445900
77.970056	2.344900
78.660056	2.243200
79.350057	2.141400
80.040057	2.039600
80.730058	1.938400
81.420058	1.838200
82.110059	1.739700
82.800059	1.644100
83.490060	1.552200
84.180060	1.465400
84.870061	1.384800
85.560061	1.311400
86.250061	1.246200
86.940062	1.189900
87.630062	1.142900
88.320063	1.105300
89.010063	1.077100
89.700064	1.058100
90.390064	1.047900
91.080065	1.045800
91.770065	1.050900
92.460066	1.062200
93.150066	1.078600
93.840067	1.098600
94.530067	1.121000
95.220068	1.144500
95.910068	1.167700
96.600069	1.189900
97.290069	1.210200
97.980070	1.228200
98.670070	1.243400
99.360071	1.255700
100.050071	1.264900
100.740072	1.271000
101.430072	1.273800
102.120073	1.273100
102.810073	1.268800
103.500074	1.260500
104.190074	1.247800
104.880075	1.230300
105.570075	1.207500
106.260076	1.178700
106.950076	1.143400
107.640077	1.101000
108.330077	1.050900
109.020078	0.992800
109.710078	0.926400
110.400079	0.851600
111.090079	0.768300
111.780080	0.676700
112.470080	0.577100
113.160081	0.469700
113.850081	0.355300
114.540082	0.234800
115.230082	0.109700
115.920083	-0.018100
116.610083	-0.146300
117.300084	-0.272200
117.990084	-0.393100
118.680085	-0.506400
119.370085	-0.609900
120.060086	-0.701800
120.750086	-0.780900
121.440087	-0.846700
122.130087	-0.899100
122.820088	-0.938600
123.510088	-0.966000
124.200089	-0.982500
124.890089	-0.989700
125.580090	-0.989200
126.270090	-0.983000
126.960091	-0.973200
127.650091	-0.961900
128.340091	-0.951500
129.030092	-0.944400
129.720092	-0.943200
130.410093	-0.950500
131.100093	-0.969000
131.790094	-1.001100
132.480094	-1.049000
133.170095	-1.114300
133.860095	-1.197700
134.550096	-1.299100
135.240096	-1.417000
135.930097	-1.548600
136.620097	-1.689800
137.310098	-1.835800
138.000098	-1.981300
138.690099	-2.121100
139.380099	-2.250300
140.070100	-2.365000
140.760100	-2.461700
141.450101	-2.538200
142.140101	-2.592800
142.830102	-2.624700
143.520102	-2.633800
144.210103	-2.620600
144.900103	-2.586500
145.590104	-2.533100
146.280104	-2.462600
146.970105	-2.377700
147.660105	-2.281200
148.350106	-2.176000
149.040106	-2.064800
149.730107	-1.950300
150.420107	-1.834800
151.110108	-1.720100
151.800108	-1.608000
152.490109	-1.499800
153.180109	-1.396700
153.870110	-1.300100
154.560110	-1.211300
155.250111	-1.132100
155.940111	-1.064300
156.630112	-1.010000
157.320112	-0.971100
158.010113	-0.949300
158.700113	-0.946100
159.390114	-0.961900
160.080114	-0.997000
160.770115	-1.050500
161.460115	-1.121100
162.150116	-1.207100
162.840116	-1.306100
163.530117	-1.415800
164.220117	-1.533700
164.910118	-1.657600
165.600118	-1.785100
166.290119	-1.914400
166.980119	-2.043400
167.670120	-2.170200
168.360120	-2.293100
169.050121	-2.410200
169.740121	-2.519800
170.430122	-2.620000
171.120122	-2.709200
171.810122	-2.785600
172.500123	-2.847700
173.190123	-2.894100
173.880124	-2.923200
174.570124	-2.933800
175.260125	-2.924400
175.950125	-2.893700
176.640126	-2.839900
177.330126	-2.761400
178.020127	-2.656000
178.710127	-2.521500
179.400128	-2.355400
180.090128	-2.155300
180.780129	-1.918800
181.470129	-1.644100
182.160130	-1.330300
182.850130	-0.977600
183.540131	-0.588100
184.230131	-0.165700
184.920132	0.283100
185.610132	0.750200
186.300133	1.225600
186.990133	1.698000
187.680134	2.156200
188.370134	2.589300
189.060135	2.987900
189.750135	3.344200
190.440136	3.652700
191.130136	3.910000
191.820137	4.114700
192.510137	4.267200
193.200138	4.369300
193.890138	4.423800
194.580139	4.434800
195.270139	4.406800
195.960140	4.345400
196.650140	4.256800
197.340141	4.147800
198.030141	4.025900
198.720142	3.899100
199.410142	3.775300
200.100143	3.662400
200.790143	3.567300
201.480144	3.495900
202.170144	3.452500
202.860145	3.439700
203.550145	3.458000
204.240146	3.506300
204.930146	3.581900
205.620147	3.680600
206.310147	3.797600
207.000148	3.927400
207.690148	4.064900
208.380149	4.204800
209.070149	4.342800
209.760150	4.474900
210.450150	4.597900
211.140151	4.708800
211.830151	4.804900
212.520152	4.883700
213.210152	4.942500
213.900152	4.978600
214.590153	4.989300
215.280153	4.971800
215.970154	4.923600
216.660154	4.842700
217.350155	4.727600
218.040155	4.577400
218.730156	4.392200
219.420156	4.173000
220.110157	3.921900
220.800157	3.641900
221.490158	3.336700
222.180158	3.010700
222.870159	2.668700
223.560159	2.316000
224.250160	1.958400
224.940160	1.601600
225.630161	1.251900
226.320161	0.915200
227.010162	0.596500
227.700162	0.299900
228.390163	0.028200
229.080163	-0.217300
229.770164	-0.437000
230.460164	-0.631500
231.150165	-0.802800
231.840165	-0.953000
232.530166	-1.084600
233.220166	-1.200200
233.910167	-1.302300
234.600167	-1.393400
235.290168	-1.475700
235.980168	-1.551100
236.670169	-1.621600
237.360169	-1.688400
238.050170	-1.753100
238.740170	-1.816700
239.430171	-1.880200
240.120171	-1.944400
240.810172	-2.010100
241.500172	-2.077600
242.190173	-2.146900
242.880173	-2.217700
243.570174	-2.289200
244.260174	-2.360300
244.950175	-2.429600
245.640175	-2.495800
246.330176	-2.557500
247.020176	-2.613700
247.710177	-2.663400
248.400177	-2.706100
249.090178	-2.741000
249.780178	-2.768000
250.470179	-2.786600
251.160179	-2.796600
251.850180	-2.797900
252.540180	-2.790400
253.230181	-2.774000
253.920181	-2.748900
254.610182	-2.715200
255.300182	-2.673400
255.990183	-2.624200
256.680183	-2.568400
257.370183	-2.507300
258.060184	-2.442400
258.750184	-2.375600
259.440185	-2.309400
260.130185	-2.246000
260.820186	-2.188100
261.510186	-2.138100
262.200187	-2.098200
262.890187	-2.070100
263.580188	-2.054800
264.270188	-2.052700
264.960189	-2.063900
265.650189	-2.087400
266.340190	-2.122000
267.030190	-2.166200
267.720191	-2.217900
268.410191	-2.275100
269.100192	-2.335600
269.790192	-2.397200
270.480193	-2.457900
271.170193	-2.515900
271.860194	-2.569400
272.550194	-2.616900
273.240195	-2.657200
273.930195	-2.688900
274.620196	-2.711000
275.310196	-2.722400
276.000197	-2.722200
276.690197	-2.709700
277.380198	-2.684000
278.070198	-2.645000
278.760199	-2.592500
279.450199	-2.526800
280.140200	-2.448500
280.830200	-2.358500
281.520201	-2.258100
282.210201	-2.149000
282.900202	-2.033300
283.590202	-1.913500
284.280203	-1.792700
284.970203	-1.674000
285.660204	-1.560800
286.350204	-1.456500
287.040205	-1.363900
287.730205	-1.285300
288.420206	-1.221800
289.110206	-1.174000
289.800207	-1.141100
290.490207	-1.121700
291.180208	-1.113400
291.870208	-1.113300
292.560209	-1.117700
293.250209	-1.122400
293.940210	-1.122900
294.630210	-1.114400
295.320211	-1.091900
296.010211	-1.050400
296.700212	-0.985000
297.390212	-0.890700
298.080213	-0.763300
298.770213	-0.599000
299.460213	-0.394700
300.150214	-0.148400
300.840214	0.140400
301.530215	0.471200
302.220215	0.841100
302.910216	1.245500
303.600216	1.677600
304.290217	2.128700
304.980217	2.588400
305.670218	3.045500
306.360218	3.488500
307.050219	3.907000
307.740219	4.292100
308.430220	4.636800
309.120220	4.935800
309.810221	5.185400
310.500221	5.383400
311.190222	5.528300
311.880222	5.619800
312.570223	5.657700
313.260223	5.642900
313.950224	5.576400
314.640224	5.459600
315.330225	5.294700
316.020225	5.084100
316.710226	4.831000
317.400226	4.539000
318.090227	4.212400
318.780227	3.855800
319.470228	3.474600
320.160228	3.074800
320.850229	2.662900
321.540229	2.246700
322.230230	1.834600
322.920230	1.435700
323.610231	1.059300
324.300231	0.714400
324.990232	0.408700
325.680232	0.148400
326.370233	-0.062400
327.060233	-0.221800
327.750234	-0.329500
328.440234	-0.386900
329.130235	-0.397100
329.820235	-0.364100
330.510236	-0.293100
331.200236	-0.190200
331.890237	-0.061900
332.580237	0.084500
333.270238	0.242500
333.960238	0.405600
334.650239	0.568300
335.340239	0.726500
336.030240	0.877100
336.720240	1.018200
337.410241	1.148900
338.100241	1.268600
338.790242	1.377300
339.480242	1.475100
340.170243	1.562400
340.860243	1.639600
341.550243	1.707100
342.240244	1.765300
342.930244	1.814500
343.620245	1.855400
344.310245	1.888100
345.000246	1.913300
345.690246	1.931300
346.380247	1.942800
347.070247	1.948400
347.760248	1.948800
348.450248	1.944600
349.140249	1.936600
349.830249	1.925200
350.520250	1.910700
351.210250	1.893300
351.900251	1.872600
352.590251	1.848100
353.280252	1.818800
353.970252	1.783300
354.660253	1.739900
355.350253	1.686300
356.040254	1.619900
356.730254	1.538000
357.420255	1.437500
358.110255	1.315300
358.800256	1.168700
359.490256	0.995200
360.180257	0.793300
360.870257	0.562300
361.560258	0.303400
362.250258	0.019300
362.940259	-0.285000
363.630259	-0.602700
364.320260	-0.924700
365.010260	-1.240900
365.700261	-1.540700
366.390261	-1.814100
367.080262	-2.052300
367.770262	-2.248300
368.460263	-2.396800
369.150263	-2.494000
369.840264	-2.537900
370.530264	-2.527900
371.220265	-2.465100
371.910265	-2.351800
372.600266	-2.192300
373.290266	-1.992100
373.980267	-1.758600
374.670267	-1.500300
375.360268	-1.227000
376.050268	-0.949100
376.740269	-0.677100
377.430269	-0.420800
378.120270	-0.188400
378.810270	0.013800
379.500271	0.182400
380.190271	0.315500
380.880272	0.413400
381.570272	0.477900
382.260273	0.512000
382.950273	0.519600
383.640274	0.505000
384.330274	0.472800
385.020274	0.427300
385.710275	0.372700
386.400275	0.312200
387.090276	0.248500
387.780276	0.183800
388.470277	0.119300
389.160277	0.055800
389.850278	-0.006300
390.540278	-0.067500
391.230279	-0.128300
391.920279	-0.189400
392.610280	-0.251700
393.300280	-0.316000
393.990281	-0.383200
394.680281	-0.453900
395.370282	-0.528600
396.060282	-0.607300
396.750283	-0.689800
397.440283	-0.775700
398.130284	-0.863800
398.820284	-0.953200
399.510285	-1.042500
400.200285	-1.130300
400.890286	-1.215500
401.580286	-1.297200
402.270287	-1.374500
402.960287	-1.447100
403.650288	-1.514600
404.340288	-1.577000
405.030289	-1.634300
405.720289	-1.686600
406.410290	-1.734300
407.100290	-1.777800
407.790291	-1.817500
408.480291	-1.854000
409.170292	-1.887900
409.860292	-1.919800
410.550293	-1.950600
411.240293	-1.980800
411.930294	-2.011200
412.620294	-2.042600
413.310295	-2.075500
414.000295	-2.110500
414.690296	-2.148100
415.380296	-2.188800
416.070297	-2.232800
416.760297	-2.280500
417.450298	-2.332000
418.140298	-2.387300
418.830299	-2.446400
419.520299	-2.509100
420.210300	-2.575000
420.900300	-2.643600
421.590301	-2.714000
422.280301	-2.785400
422.970302	-2.856800
423.660302	-2.927000
424.350303	-2.994900
425.040303	-3.059300
425.730304	-3.119300
426.420304	-3.173700
427.110304	-3.221800
427.800305	-3.262600
428.490305	-3.295600
429.180306	-3.320100
429.870306	-3.335500
430.560307	-3.341300
431.250307	-3.337100
431.940308	-3.322600
432.630308	-3.297600
433.320309	-3.262100
434.010309	-3.216600
434.700310	-3.161500
435.390310	-3.097800
436.080311	-3.026800
436.770311	-2.950000
437.460312	-2.869000
438.150312	-2.785400
438.840313	-2.701100
439.530313	-2.617400
440.220314	-2.535800
440.910314	-2.457500
441.600315	-2.383400
442.290315	-2.314300
442.980316	-2.250500
443.670316	-2.192400
444.360317	-2.139900
445.050317	-2.092600
445.740318	-2.049900
446.430318	-2.011200
447.120319	-1.975400
447.810319	-1.941800
448.500320	-1.909200
449.190320	-1.876800
449.880321	-1.843400
450.570321	-1.808200
451.260322	-1.770200
451.950322	-1.728500
452.640323	-1.682100
453.330323	-1.630100
454.020324	-1.571800
454.710324	-1.506600
455.400325	-1.434100
456.090325	-1.354100
456.780326	-1.266800
457.470326	-1.173000
458.160327	-1.073700
458.850327	-0.970600
459.540328	-0.865600
460.230328	-0.760700
460.920329	-0.658200
461.610329	-0.559900
462.300330	-0.467300
462.990330	-0.381600
463.680331	-0.303300
464.370331	-0.232600
465.060332	-0.169300
465.750332	-0.112800
466.440333	-0.061800
467.130333	-0.015100
467.820334	0.029000
468.510334	0.072600
469.200335	0.117700
469.890335	0.166200
470.580335	0.219800
471.270336	0.279800
471.960336	0.347000
472.650337	0.421700
473.340337	0.503400
474.030338	0.591100
474.720338	0.683600
475.410339	0.778800
476.100339	0.874900
476.790340	0.969500
477.480340	1.060700
478.170341	1.146400
478.860341	1.224800
479.550342	1.294200
480.240342	1.352900
480.930343	1.399300
481.620343	1.431800
482.310344	1.448800
483.000344	1.449000
483.690345	1.431100
484.380345	1.393800
485.070346	1.336800
485.760346	1.259900
486.450347	1.163800
487.140347	1.050200
487.830348	0.922000
488.520348	0.783100
489.210349	0.638900
489.900349	0.495500
490.590350	0.359200
491.280350	0.236200
491.970351	0.131600
492.660351	0.049500
493.350352	-0.007700
494.040352	-0.039100
494.730353	-0.044600
495.420353	-0.025500
496.110354	0.016000
496.800354	0.077600
497.490355	0.156100
498.180355	0.248300
498.870356	0.350800
499.560356	0.460200
500.250357	0.573400
500.940357	0.687200
501.630358	0.798700
502.320358	0.905200
503.010359	1.004500
503.700359	1.094700
504.390360	1.174300
505.080360	1.242700
505.770361	1.299300
506.460361	1.344300
507.150362	1.378000
507.840362	1.400700
508.530363	1.413100
509.220363	1.415500
509.910364	1.408300
510.600364	1.391900
511.290365	1.366500
511.980365	1.332700
512.670365	1.291100
513.360366	1.243000
514.050366	1.189900
514.740367	1.133900
515.430367	1.077600
516.120368	1.024000
516.810368	0.975900
517.500369	0.936400
518.190369	0.908100
518.880370	0.893400
519.570370	0.894000
520.260371	0.911600
520.950371	0.946800
521.640372	1.000300
522.330372	1.071900
523.020373	1.161100
523.710373	1.266500
524.400374	1.386200
525.090374	1.517200
525.780375	1.655800
526.470375	1.797600
527.160376	1.937400
527.850376	2.070300
528.540377	2.191600
529.230377	2.297600
529.920378	2.385800
530.610378	2.454800
531.300379	2.504600
531.990379	2.536200
532.680380	2.551500
533.370380	2.553100
534.060381	2.544200
534.750381	2.528300
535.440382	2.508900
536.130382	2.489800
536.820383	2.474300
537.510383	2.465600
538.200384	2.466500
538.890384	2.479400
539.580385	2.505900
540.270385	2.547200
540.960386	2.603500
541.650386	2.674400
542.340387	2.758600
543.030387	2.853900
543.720388	2.957800
544.410388	3.067000
545.100389	3.177800
545.790389	3.286700
546.480390	3.390000
547.170390	3.484600
547.860391	3.567800
548.550391	3.637200
549.240392	3.691300
549.930392	3.729100
550.620393	3.750000
551.310393	3.754300
552.000394	3.742500
552.690394	3.715700
553.380395	3.675500
554.070395	3.623700
554.760395	3.562600
555.450396	3.494200
556.140396	3.420800
556.830397	3.344200
557.520397	3.266100
558.210398	3.187600
558.900398	3.109600
559.590399	3.032700
560.280399	2.956900
560.970400	2.882400
561.660400	2.809100
562.350401	2.737100
563.040401	2.666300
563.730402	2.597000
564.420402	2.529500
565.110403	2.464200
565.800403	2.401500
566.490404	2.341700
567.180404	2.285200
567.870405	2.232000
568.560405	2.182200
569.250406	2.136000
569.940406	2.093200
570.630407	2.053800
571.320407	2.017600
572.010408	1.984600
572.700408	1.954300
573.390409	1.926300
574.080409	1.900100
574.770410	1.874900
575.460410	1.849600
576.150411	1.823100
576.840411	1.794200
577.530412	1.761400
578.220412	1.723500
578.910413	1.678900
579.600413	1.626500
580.290414	1.565300
580.980414	1.494600
581.670415	1.414100
582.360415	1.323800
583.050416	1.224200
583.740416	1.116500
584.430417	1.002100
585.120417	0.882600
585.810418	0.760200
586.500418	0.636800
587.190419	0.514500
587.880419	0.395100
588.570420	0.280100
589.260420	0.171100
589.950421	0.068800
590.640421	-0.025700
591.330422	-0.112300
592.020422	-0.190400
592.710423	-0.260300
593.400423	-0.322000
594.090424	-0.376000
594.780424	-0.422900
595.470425	-0.463400
596.160425	-0.498300
596.850426	-0.528500
597.540426	-0.554800
598.230426	-0.578400
598.920427	-0.600300
599.610427	-0.621400
600.300428	-0.642800
600.990428	-0.665700
601.680429	-0.690800
602.370429	-0.719000
603.060430	-0.750800
603.750430	-0.786700
604.440431	-0.826600
605.130431	-0.870000
605.820432	-0.916000
606.510432	-0.963000
607.200433	-1.009100
607.890433	-1.051600
608.580434	-1.087600
609.270434	-1.114100
609.960435	-1.127900
610.650435	-1.126500
611.340436	-1.107800
612.030436	-1.070600
612.720437	-1.014500
613.410437	-0.940400
614.100438	-0.850000
614.790438	-0.746000
615.480439	-0.632200
616.170439	-0.512600
616.860440	-0.392000
617.550440	-0.274800
618.240441	-0.165000
618.930441	-0.066500
619.620442	0.018000
620.310442	0.086300
621.000443	0.136900
621.690443	0.168800
622.380444	0.181500
623.070444	0.174800
623.760445	0.149000
624.450445	0.104600
625.140446	0.042300
625.830446	-0.036900
626.520447	-0.132000
627.210447	-0.241200
627.900448	-0.362800
628.590448	-0.494900
629.280449	-0.634900
629.970449	-0.780200
630.660450	-0.928000
631.350450	-1.075300
632.040451	-1.219100
632.730451	-1.356800
633.420452	-1.486300
634.110452	-1.605900
634.800453	-1.714700
635.490453	-1.812200
636.180454	-1.898400
636.870454	-1.973700
637.560455	-2.038500
638.250455	-2.093600
638.940456	-2.139300
639.630456	-2.176500
640.320456	-2.205500
641.010457	-2.226800
641.700457	-2.240900
642.390458	-2.248500
643.080458	-2.250100
643.770459	-2.246800
644.460459	-2.239600
645.150460	-2.229600
645.840460	-2.218200
646.530461	-2.206500
647.220461	-2.195700
647.910462	-2.186800
648.600462	-2.180700
649.290463	-2.178000
649.980463	-2.179000
650.670464	-2.184000
651.360464	-2.192900
652.050465	-2.205800
652.740465	-2.222300
653.430466	-2.242100
654.120466	-2.264700
654.810467	-2.289200
655.500467	-2.314600
656.190468	-2.339600
656.880468	-2.362600
657.570469	-2.382100
658.260469	-2.396200
658.950470	-2.403500
659.640470	-2.402400
660.330471	-2.391800
661.020471	-2.370900
661.710472	-2.338900
662.400472	-2.295500
663.090473	-2.240300
663.780473	-2.173200
664.470474	-2.094300
665.160474	-2.003700
665.850475	-1.901900
666.540475	-1.789700
667.230476	-1.668100
667.920476	-1.539000
668.610477	-1.404600
669.300477	-1.267700
669.990478	-1.131300
670.680478	-0.998300
671.370479	-0.871600
672.060479	-0.752900
672.750480	-0.643500
673.440480	-0.543400
674.130481	-0.452100
674.820481	-0.368200
675.510482	-0.289500
676.200482	-0.213700
676.890483	-0.138000
677.580483	-0.059600
678.270484	0.024200
678.960484	0.116000
679.650485	0.217700
680.340485	0.330600
681.030486	0.455200
681.720486	0.591100
682.410487	0.736500
683.100487	0.889000
683.790487	1.044800
684.480488	1.199900
685.170488	1.349400
685.860489	1.488700
686.550489	1.613000
687.240490	1.718000
687.930490	1.799600
688.620491	1.854200
689.310491	1.878300
690.000492	1.869300
690.690492	1.825000
691.380493	1.743900
692.070493	1.625400
692.760494	1.470100
693.450494	1.279600
694.140495	1.056700
694.830495	0.805800
695.520496	0.532500
696.210496	0.243800
696.900497	-0.052200
697.590497	-0.347200
698.280498	-0.632700
698.970498	-0.901300
699.660499	-1.147000
700.350499	-1.365700
701.040500	-1.555000
701.730500	-1.714200
702.420501	-1.844300
703.110501	-1.947200
703.800502	-2.025700
704.490502	-2.083500
705.180503	-2.124300
705.870503	-2.152000
706.560504	-2.170800
707.250504	-2.184200
707.940505	-2.195700
708.630505	-2.208400
709.320506	-2.224800
710.010506	-2.247100
710.700507	-2.276900
711.390507	-2.315100
712.080508	-2.362200
712.770508	-2.417800
713.460509	-2.481000
714.150509	-2.550300
714.840510	-2.623600
715.530510	-2.698600
716.220511	-2.773400
716.910511	-2.846200
717.600512	-2.916100
718.290512	-2.983000
718.980513	-3.047400
719.670513	-3.110500
720.360514	-3.173900
721.050514	-3.239300
721.740515	-3.308200
722.430515	-3.381900
723.120516	-3.461100
723.810516	-3.546000
724.500517	-3.636200
725.190517	-3.730700
725.880517	-3.827900
726.570518	-3.925800
727.260518	-4.022200
727.950519	-4.114700
728.640519	-4.201000
729.330520	-4.279200
730.020520	-4.347500
730.710521	-4.404700
731.400521	-4.449900
732.090522	-4.482400
732.780522	-4.502000
733.470523	-4.508700
734.160523	-4.502600
734.850524	-4.484300
735.540524	-4.454300
736.230525	-4.413400
736.920525	-4.362500
737.610526	-4.302900
738.300526	-4.235800
738.990527	-4.162500
739.680527	-4.084700
740.370528	-4.003800
741.060528	-3.921000
741.750529	-3.837600
742.440529	-3.754400
743.130530	-3.671600
743.820530	-3.589200
744.510531	-3.506600
745.200531	-3.422700
745.890532	-3.336100
746.580532	-3.244900
747.270533	-3.147200
747.960533	-3.040600
748.650534	-2.922800
749.340534	-2.791600
750.030535	-2.645100
750.720535	-2.481700
751.410536	-2.300300
752.100536	-2.100700
752.790537	-1.883400
753.480537	-1.650000
754.170538	-1.403200
754.860538	-1.146800
755.550539	-0.885500
756.240539	-0.624400
756.930540	-0.368900
757.620540	-0.123600
758.310541	0.107400
759.000541	0.321100
759.690542	0.515600
760.380542	0.689900
761.070543	0.843800
761.760543	0.977700
762.450544	1.092700
763.140544	1.189900
763.830545	1.271100
764.520545	1.337700
765.210546	1.391400
765.900546	1.433800
766.590547	1.466200
767.280547	1.489800
767.970548	1.505700
768.660548	1.514700
769.350548	1.517400
770.040549	1.514300
770.730549	1.505500
771.420550	1.491000
772.110550	1.470800
772.800551	1.444700
773.490551	1.412700
774.180552	1.374500
774.870552	1.330200
775.560553	1.279900
776.250553	1.223700
776.940554	1.162000
777.630554	1.095100
778.320555	1.023800
779.010555	0.948600
779.700556	0.870300
780.390556	0.789800
781.080557	0.708100
781.770557	0.626200
782.460558	0.545000
783.150558	0.465400
783.840559	0.388200
784.530559	0.314100
785.220560	0.243700
785.910560	0.177200
786.600561	0.114700
787.290561	0.056300
787.980562	0.001500
788.670562	-0.049900
789.360563	-0.098900
790.050563	-0.146300
790.740564	-0.193000
791.430564	-0.240200
792.120565	-0.288900
792.810565	-0.340500
793.500566	-0.395900
794.190566	-0.456000
794.880567	-0.521600
795.570567	-0.593300
796.260568	-0.671500
796.950568	-0.756300
797.640569	-0.847800
798.330569	-0.945500
799.020570	-1.049000
799.710570	-1.157300
800.400571	-1.268900
801.090571	-1.382200
801.780572	-1.494700
802.470572	-1.603700
803.160573	-1.706200
803.850573	-1.798700
804.540574	-1.878000
805.230574	-1.941200
805.920575	-1.985800
806.610575	-2.010500
807.300576	-2.014900
807.990576	-1.999900
808.680577	-1.967800
809.370577	-1.922000
810.060578	-1.866700
810.750578	-1.807200
811.440578	-1.748700
812.130579	-1.696400
812.820579	-1.655100
813.510580	-1.628500
814.200580	-1.619100
814.890581	-1.628100
815.580581	-1.655500
816.270582	-1.700000
816.960582	-1.759400
817.650583	-1.830400
818.340583	-1.909400
819.030584	-1.992100
819.720584	-2.074300
820.410585	-2.151200
821.100585	-2.218200
821.790586	-2.270500
822.480586	-2.303100
823.170587	-2.311400
823.860587	-2.290600
824.550588	-2.236200
825.240588	-2.144100
825.930589	-2.010700
826.620589	-1.833100
827.310590	-1.609300
828.000590	-1.338300
828.690591	-1.020200
829.380591	-0.657000
830.070592	-0.252100
830.760592	0.188800
831.450593	0.658200
832.140593	1.146400
832.830594	1.642200
833.520594	2.134100
834.210595	2.610900
834.900595	3.063300
835.590596	3.484200
836.280596	3.869300
836.970597	4.216600
837.660597	4.526200
838.350598	4.799900
839.040598	5.040500
839.730599	5.251700
840.420599	5.437700
841.110600	5.602700
841.800600	5.751000
842.490601	5.886600
843.180601	6.012800
843.870602	6.132500
844.560602	6.247700
845.250603	6.359400
845.940603	6.467600
846.630604	6.571300
847.320604	6.668500
848.010605	6.756600
848.700605	6.832900
849.390606	6.894700
850.080606	6.940000
850.770607	6.966900
851.460607	6.974400
852.150608	6.961900
852.840608	6.929400
853.530608	6.877100
854.220609	6.805800
854.910609	6.716500
855.600610	6.610400
856.290610	6.488600
856.980611	6.352400
857.670611	6.202800
858.360612	6.040400
859.050612	5.865800
859.740613	5.679100
860.430613	5.480600
861.120614	5.270400
861.810614	5.048700
862.500615	4.816300
863.190615	4.574400
863.880616	4.325000
864.570616	4.071000
865.260617	3.816400
865.950617	3.566000
866.640618	3.325600
867.330618	3.100900
868.020619	2.897200
868.710619	2.718600
869.400620	2.567800
870.090620	2.445800
870.780621	2.351700
871.470621	2.283400
872.160622	2.237100
872.850622	2.208100
873.540623	2.190900
874.230623	2.179200
874.920624	2.166700
875.610624	2.146700
876.300625	2.112800
876.990625	2.058600
877.680626	1.978100
878.370626	1.865900
879.060627	1.717200
879.750627	1.527800
880.440628	1.294700
881.130628	1.016100
881.820629	0.691600
882.510629	0.323000
883.200630	-0.085800
883.890630	-0.528400
884.580631	-0.995300
885.270631	-1.474800
885.960632	-1.954000
886.650632	-2.420300
887.340633	-2.862500
888.030633	-3.272000
888.720634	-3.642800
889.410634	-3.971300
890.100635	-4.256100
890.790635	-4.497500
891.480636	-4.696900
892.170636	-4.856300
892.860637	-4.978000
893.550637	-5.064500
894.240638	-5.117500
894.930638	-5.138500
895.620639	-5.128300
896.310639	-5.087000
897.000639	-5.013700
897.690640	-4.907200
898.380640	-4.765300
899.070641	-4.585300
899.760641	-4.363900
900.450642	-4.097500
901.140642	-3.782000
901.830643	-3.413400
902.520643	-2.987800
903.210644	-2.502200
903.900644	-1.954600
904.590645	-1.344700
905.280645	-0.674400
905.970646	0.051200
906.660646	0.823700
907.350647	1.629500
908.040647	2.450300
908.730648	3.264300
909.420648	4.048700
910.110649	4.782500
910.800649	5.449200
911.490650	6.037500
912.180650	6.540900
912.870651	6.956800
913.560651	7.285800
914.250652	7.530400
914.940652	7.694800
915.630653	7.784500
916.320653	7.805400
917.010654	7.764400
917.700654	7.668700
918.390655	7.526100
919.080655	7.345000
919.770656	7.134000
920.460656	6.901600
921.150657	6.655800
921.840657	6.403600
922.530658	6.150700
923.220658	5.901300
923.910659	5.658500
924.600659	5.424100
925.290660	5.199300
925.980660	4.984500
926.670661	4.779600
927.360661	4.584300
928.050662	4.397900
928.740662	4.219900
929.430663	4.049800
930.120663	3.887600
930.810664	3.733400
931.500664	3.588000
932.190665	3.452400
932.880665	3.327400
933.570666	3.213600
934.260666	3.110600
934.950667	3.016800
935.640667	2.929700
936.330668	2.845600
937.020668	2.759900
937.710669	2.667500
938.400669	2.563100
939.090669	2.441200
939.780670	2.296700
940.470670	2.125000
941.160671	1.922500
941.850671	1.686800
942.540672	1.417200
943.230672	1.114900
943.920673	0.783300
944.610673	0.428000
945.300674	0.056500
945.990674	-0.322100
946.680675	-0.698000
947.370675	-1.061500
948.060676	-1.403600
948.750676	-1.717100
949.440677	-1.996700
950.130677	-2.239500
950.820678	-2.444500
951.510678	-2.612400
952.200679	-2.745400
952.890679	-2.846200
953.580680	-2.918600
954.270680	-2.966600
954.960681	-2.994400
955.650681	-3.006900
956.340682	-3.008600
957.030682	-3.004100
957.720683	-2.997700
958.410683	-2.992800
959.100684	-2.992200
959.790684	-2.997200
960.480685	-3.008500
961.170685	-3.025300
961.860686	-3.046000
962.550686	-3.068300
963.240687	-3.089300
963.930687	-3.105700
964.620688	-3.114200
965.310688	-3.111800
966.000689	-3.095700
966.690689	-3.064100
967.380690	-3.015600
968.070690	-2.949700
968.760691	-2.866500
969.450691	-2.767000
970.140692	-2.652800
970.830692	-2.525700
971.520693	-2.387900
972.210693	-2.241900
972.900694	-2.090100
973.590694	-1.935000
974.280695	-1.779000
974.970695	-1.624600
975.660696	-1.473800
976.350696	-1.328600
977.040697	-1.190500
977.730697	-1.060300
978.420698	-0.938300
979.110698	-0.824500
979.800699	-0.718000
980.490699	-0.618100
981.180700	-0.523700
981.870700	-0.434400
982.560700	-0.350200
983.250701	-0.271800
983.940701	-0.200800
984.630702	-0.139400
985.320702	-0.090100
986.010703	-0.055500
986.700703	-0.038000
987.390704	-0.039500
988.080704	-0.061500
988.770705	-0.104900
989.460705	-0.169800
990.150706	-0.255900
990.840706	-0.362300
991.530707	-0.487300
992.220707	-0.629000
992.910708	-0.785300
993.600708	-0.954100
994.290709	-1.133500
994.980709	-1.321500
995.670710	-1.516900
996.360710	-1.717900
997.050711	-1.923000
997.740711	-2.130400
998.430712	-2.337800
999.120712	-2.543000
999.810713	-2.744000
1000.500713	-2.938900
1001.190714	-3.126400
1001.880714	-3.305500
1002.570715	-3.475600
1003.260715	-3.635800
1003.950716	-3.785100
1004.640716	-3.921800
1005.330717	-4.044000
1006.020717	-4.149500
1006.710718	-4.236200
1007.400718	-4.302300
1008.090719	-4.346800
1008.780719	-4.369100
1009.470720	-4.369800
1010.160720	-4.349800
1010.850721	-4.311100
1011.540721	-4.256100
1012.230722	-4.188000
1012.920722	-4.110100
1013.610723	-4.025900
1014.300723	-3.938600
1014.990724	-3.851200
1015.680724	-3.766100
1016.370725	-3.685200
1017.060725	-3.609800
1017.750726	-3.540800
1018.440726	-3.478700
1019.130727	-3.423300
1019.820727	-3.374400
1020.510728	-3.331100
1021.200728	-3.292300
1021.890729	-3.256800
1022.580729	-3.223300
1023.270730	-3.190100
1023.960730	-3.155800
1024.650730	-3.119100
1025.340731	-3.078600
1026.030731	-3.033300
1026.720732	-2.982400
1027.410732	-2.925300
1028.100733	-2.861800
1028.790733	-2.791600
1029.480734	-2.714800
1030.170734	-2.631500
1030.860735	-2.542100
1031.550735	-2.447200
1032.240736	-2.347300
1032.930736	-2.243600
1033.620737	-2.137300
1034.310737	-2.029900
1035.000738	-1.923400
1035.690738	-1.820100
1036.380739	-1.722200
1037.070739	-1.632000
1037.760740	-1.551600
1038.450740	-1.482600
1039.140741	-1.426200
1039.830741	-1.382700
1040.520742	-1.352300
1041.210742	-1.334200
1041.900743	-1.327200
1042.590743	-1.329900
1043.280744	-1.340100
1043.970744	-1.355400
1044.660745	-1.373400
1045.350745	-1.391300
1046.040746	-1.406400
1046.730746	-1.416500
1047.420747	-1.419700
1048.110747	-1.414500
1048.800748	-1.400300
1049.490748	-1.377200
1050.180749	-1.345500
1050.870749	-1.306100
1051.560750	-1.259900
1052.250750	-1.208200
1052.940751	-1.151900
1053.630751	-1.092000
1054.320752	-1.029300
1055.010752	-0.964900
1055.700753	-0.899300
1056.390753	-0.833500
1057.080754	-0.768200
1057.770754	-0.704100
1058.460755	-0.641900
1059.150755	-0.582400
1059.840756	-0.526000
1060.530756	-0.473200
1061.220757	-0.424400
1061.910757	-0.379400
1062.600758	-0.338100
1063.290758	-0.300000
1063.980759	-0.264500
1064.670759	-0.230700
1065.360760	-0.197600
1066.050760	-0.164300
1066.740760	-0.129900
1067.430761	-0.093500
1068.120761	-0.054500
1068.810762	-0.012400
1069.500762	0.032900
1070.190763	0.082000
1070.880763	0.134600
1071.570764	0.191100
1072.260764	0.251800
1072.950765	0.316900
1073.640765	0.387100
1074.330766	0.463200
1075.020766	0.546000
1075.710767	0.636300
1076.400767	0.734900
1077.090768	0.842200
1077.780768	0.958300
1078.470769	1.082700
1079.160769	1.214500
1079.850770	1.351800
1080.540770	1.492300
1081.230771	1.632900
1081.920771	1.770100
1082.610772	1.900400
1083.300772	2.020000
1083.990773	2.125900
1084.680773	2.215300
1085.370774	2.286100
1086.060774	2.336800
1086.750775	2.366700
1087.440775	2.375300
1088.130776	2.362800
1088.820776	2.329500
1089.510777	2.276300
1090.200777	2.204300
1090.890778	2.114800
1091.580778	2.009600
1092.270779	1.890700
1092.960779	1.760600
1093.650780	1.621800
1094.340780	1.477200
1095.030781	1.329700
1095.720781	1.182500
1096.410782	1.038200
1097.100782	0.899700
1097.790783	0.769300
1098.480783	0.649100
1099.170784	0.541000
1099.860784	0.446100
1100.550785	0.365600
1101.240785	0.300200
1101.930786	0.250300
1102.620786	0.215700
1103.310787	0.196300
1104.000787	0.191200
1104.690788	0.199300
1105.380788	0.219000
1106.070789	0.248300
1106.760789	0.285100
1107.450790	0.326700
1108.140790	0.370600
1108.830791	0.414400
1109.520791	0.455600
1110.210791	0.492300
1110.900792	0.523200
1111.590792	0.547100
1112.280793	0.563700
1112.970793	0.573300
1113.660794	0.576200
1114.350794	0.573500
1115.040795	0.566300
1115.730795	0.556100
1116.420796	0.544200
1117.110796	0.532100
1117.800797	0.521300
1118.490797	0.512900
1119.180798	0.508300
1119.870798	0.508200
1120.560799	0.513600
1121.250799	0.524800
1121.940800	0.542100
1122.630800	0.565400
1123.320801	0.594300
1124.010801	0.628400
1124.700802	0.666600
1125.390802	0.707900
1126.080803	0.751200
1126.770803	0.795400
1127.460804	0.839600
1128.150804	0.883100
1128.840805	0.925400
1129.530805	0.966700
1130.220806	1.007300
1130.910806	1.047800
1131.600807	1.088900
1132.290807	1.131300
1132.980808	1.175600
1133.670808	1.222100
1134.360809	1.270800
1135.050809	1.321400
1135.740810	1.373000
1136.430810	1.424500
1137.120811	1.474800
1137.810811	1.522400
1138.500812	1.566000
1139.190812	1.604800
1139.880813	1.638100
1140.570813	1.665900
1141.260814	1.688700
1141.950814	1.707300
1142.640815	1.722800
1143.330815	1.736600
1144.020816	1.749900
1144.710816	1.763600
1145.400817	1.778800
1146.090817	1.795600
1146.780818	1.814300
1147.470818	1.834400
1148.160819	1.855200
1148.850819	1.875600
1149.540820	1.894100
1150.230820	1.909300
1150.920821	1.919400
1151.610821	1.922600
1152.300821	1.917200
1152.990822	1.901400
1153.680822	1.873700
1154.370823	1.832900
1155.060823	1.778100
1155.750824	1.709000
1156.440824	1.625900
1157.130825	1.529900
1157.820825	1.422700
1158.510826	1.306900
1159.200826	1.185800
1159.890827	1.063000
1160.580827	0.942500
1161.270828	0.828700
1161.960828	0.725900
1162.650829	0.638200
1163.340829	0.569900
1164.030830	0.524900
1164.720830	0.506600
1165.410831	0.518300
1166.100831	0.562400
1166.790832	0.640800
1167.480832	0.754700
1168.170833	0.904000
1168.860833	1.087500
1169.550834	1.302500
1170.240834	1.544800
1170.930835	1.808500
1171.620835	2.086500
1172.310836	2.371000
1173.000836	2.654300
1173.690837	2.929300
1174.380837	3.189600
1175.070838	3.430300
1175.760838	3.647300
1176.450839	3.837500
1177.140839	3.998400
1177.830840	4.128400
1178.520840	4.226400
1179.210841	4.291900
1179.900841	4.324900
1180.590842	4.326100
1181.280842	4.296700
1181.970843	4.238600
1182.660843	4.154000
1183.350844	4.046100
1184.040844	3.918200
1184.730845	3.774100
1185.420845	3.617600
1186.110846	3.452400
1186.800846	3.281800
1187.490847	3.108600
1188.180847	2.934800
1188.870848	2.761600
1189.560848	2.589500
1190.250849	2.418200
1190.940849	2.246900
1191.630850	2.074200
1192.320850	1.898500
1193.010851	1.718000
1193.700851	1.531100
1194.390852	1.336700
1195.080852	1.134000
1195.770852	0.923100
1196.460853	0.704700
1197.150853	0.480400
1197.840854	0.252400
1198.530854	0.023100
1199.220855	-0.204700
1199.910855	-0.428700
1200.600856	-0.646500
1201.290856	-0.856500
1201.980857	-1.057300
1202.670857	-1.247900
1203.360858	-1.427600
1204.050858	-1.595900
1204.740859	-1.752400
1205.430859	-1.896300
1206.120860	-2.026900
1206.810860	-2.143600
1207.500861	-2.245600
1208.190861	-2.332800
1208.880862	-2.405400
1209.570862	-2.464400
1210.260863	-2.511400
1210.950863	-2.548600
1211.640864	-2.578800
1212.330864	-2.604600
1213.020865	-2.628700
1213.710865	-2.653100
1214.400866	-2.679500
1215.090866	-2.708900
1215.780867	-2.741600
1216.470867	-2.777600
1217.160868	-2.816200
1217.850868	-2.856600
1218.540869	-2.897900
1219.230869	-2.939000
1219.920870	-2.979100
1220.610870	-3.017300
1221.300871	-3.053000
1221.990871	-3.085600
1222.680872	-3.114800
1223.370872	-3.140100
1224.060873	-3.161500
1224.750873	-3.178500
1225.440874	-3.191100
1226.130874	-3.199200
1226.820875	-3.202400
1227.510875	-3.200500
