0.000000	3.432700
0.690000	3.753020
1.380001	4.024210
2.070001	4.247900
2.760001	4.427020
3.450001	4.565390
4.140002	4.667500
4.830002	4.738330
5.520002	4.783190
6.210002	4.807690
6.900003	4.817650
7.590003	4.819020
8.280003	4.817890
8.970003	4.820290
9.660004	4.832110
10.350004	4.858870
11.040004	4.905520
11.730004	4.976090
12.420005	5.073470
13.110005	5.199080
13.800005	5.352570
14.490005	5.531590
15.180006	5.731820
15.870006	5.947250
16.560006	6.170980
17.250007	6.396120
17.940007	6.616640
18.630007	6.828080
19.320007	7.027700
20.010008	7.214370
20.700008	7.388220
21.390008	7.550210
22.080008	7.701680
22.770009	7.843840
23.460009	7.977480
24.150009	8.102710
24.840009	8.218790
25.530010	8.324190
26.220010	8.416600
26.910010	8.493090
27.600010	8.550210
28.290011	8.584180
28.980011	8.590970
29.670011	8.566470
30.360012	8.506580
31.050012	8.407360
31.740012	8.265160
32.430012	8.076780
33.120013	7.839760
33.810013	7.552610
34.500013	7.215140
35.190013	6.828870
35.880014	6.397150
36.570014	5.925430
37.260014	5.421240
37.950014	4.893840
38.640015	4.352900
39.330015	3.807440
40.020015	3.265140
40.710015	2.732190
41.400016	2.213430
42.090016	1.712640
42.780016	1.232830
43.470016	0.776350
44.160017	0.344940
44.850017	-0.060350
45.540017	-0.439270
46.230018	-0.792320
46.920018	-1.120660
47.610018	-1.425850
48.300018	-1.709560
48.990019	-1.973230
49.680019	-2.217800
50.370019	-2.443560
51.060019	-2.650180
51.750020	-2.836850
52.440020	-3.002510
53.130020	-3.146050
53.820020	-3.266580
54.510021	-3.363450
55.200021	-3.436420
55.890021	-3.485560
56.580021	-3.511350
57.270022	-3.514590
57.960022	-3.496440
58.650022	-3.458350
59.340022	-3.402110
60.030023	-3.329760
60.720023	-3.243570
61.410023	-3.145850
62.100024	-3.038850
62.790024	-2.924500
63.480024	-2.804330
64.170024	-2.679310
64.860025	-2.549890
65.550025	-2.416040
66.240025	-2.277360
66.930025	-2.133250
67.620026	-1.983040
68.310026	-1.826210
69.000026	-1.662560
69.690026	-1.492350
70.380027	-1.316450
71.070027	-1.136410
71.760027	-0.954430
72.450027	-0.773130
73.140028	-0.595340
73.830028	-0.423690
74.520028	-0.260360
75.210029	-0.106840
75.900029	0.036250
76.590029	0.169210
77.280029	0.293220
77.970030	0.410270
78.660030	0.523010
79.350030	0.634570
80.040030	0.748320
80.730031	0.867680
81.420031	0.995860
82.110031	1.135690
82.800031	1.289430
83.490032	1.458640
84.180032	1.644130
84.870032	1.845910
85.560032	2.063200
86.250033	2.294510
86.940033	2.537710
87.630033	2.790100
88.320033	3.048540
89.010034	3.309570
89.700034	3.569540
90.390034	3.824840
91.080035	4.072100
91.770035	4.308360
92.460035	4.531130
93.150035	4.738460
93.840036	4.928800
94.530036	5.101020
95.220036	5.254290
95.910036	5.388070
96.600037	5.502030
97.290037	5.596080
97.980037	5.670340
98.670037	5.725170
99.360038	5.761130
100.050038	5.779000
100.740038	5.779680
101.430038	5.764180
102.120039	5.733540
102.810039	5.688820
103.500039	5.631050
104.190039	5.561210
104.880040	5.480260
105.570040	5.389130
106.260040	5.288770
106.950041	5.180240
107.640041	5.064680
108.330041	4.943440
109.020041	4.818090
109.710042	4.690410
110.400042	4.562420
111.090042	4.436250
111.780042	4.314160
112.470043	4.198400
113.160043	4.091210
113.850043	3.994690
114.540043	3.910740
115.230044	3.840910
115.920044	3.786270
116.610044	3.747300
117.300044	3.723800
117.990045	3.714880
118.680045	3.719110
119.370045	3.734510
120.060045	3.758740
120.750046	3.789140
121.440046	3.822820
122.130046	3.856700
122.820047	3.887620
123.510047	3.912370
124.200047	3.927780
124.890047	3.930780
125.580048	3.918440
126.270048	3.888080
126.960048	3.837270
127.650048	3.763880
128.340049	3.666100
129.030049	3.542500
129.720049	3.392000
130.410049	3.213920
131.100050	3.007930
131.790050	2.774010
132.480050	2.512320
133.170050	2.223090
133.860051	1.906530
134.550051	1.562820
135.240051	1.192190
135.930052	0.795030
136.620052	0.372060
137.310052	-0.075510
138.000052	-0.545870
138.690053	-1.036480
139.380053	-1.544070
140.070053	-2.064530
140.760053	-2.593000
141.450054	-3.124030
142.140054	-3.651870
142.830054	-4.170980
143.520054	-4.676390
144.210055	-5.164030
144.900055	-5.630860
145.590055	-6.074900
146.280055	-6.495040
146.970056	-6.891020
147.660056	-7.263210
148.350056	-7.612510
149.040056	-7.940060
149.730057	-8.247090
150.420057	-8.534540
151.110057	-8.802870
151.800058	-9.051810
152.490058	-9.280290
153.180058	-9.486440
153.870058	-9.667750
154.560059	-9.821330
155.250059	-9.944350
155.940059	-10.034390
156.630059	-10.089850
157.320060	-10.110140
158.010060	-10.095790
158.700060	-10.048340
159.390060	-9.970190
160.080061	-9.864260
160.770061	-9.733760
161.460061	-9.581810
162.150061	-9.411140
162.840062	-9.223870
163.530062	-9.021330
164.220062	-8.804120
164.910062	-8.572160
165.600063	-8.324980
166.290063	-8.061980
166.980063	-7.782870
167.670064	-7.487970
168.360064	-7.178640
169.050064	-6.857510
169.740064	-6.528620
170.430065	-6.197360
171.120065	-5.870180
171.810065	-5.554270
172.500065	-5.256970
173.190066	-4.985300
173.880066	-4.745350
174.570066	-4.541910
175.260066	-4.378100
175.950067	-4.255290
176.640067	-4.173010
177.330067	-4.129160
178.020067	-4.120150
178.710068	-4.141240
179.400068	-4.186860
180.090068	-4.251040
180.780069	-4.327850
181.470069	-4.411860
182.160069	-4.498450
182.850069	-4.584000
183.540070	-4.666000
184.230070	-4.742960
184.920070	-4.814270
185.610070	-4.880080
186.300071	-4.941110
186.990071	-4.998460
187.680071	-5.053440
188.370071	-5.107400
189.060072	-5.161520
189.750072	-5.216700
190.440072	-5.273310
191.130072	-5.331090
191.820073	-5.388980
192.510073	-5.445010
193.200073	-5.496220
193.890073	-5.538670
194.580074	-5.567510
195.270074	-5.577040
195.960074	-5.560960
196.650075	-5.512540
197.340075	-5.424970
198.030075	-5.291680
198.720075	-5.106770
199.410076	-4.865490
200.100076	-4.564730
200.790076	-4.203690
201.480076	-3.784430
202.170077	-3.312430
202.860077	-2.796760
203.550077	-2.249410
204.240077	-1.683860
204.930078	-1.113380
205.620078	-0.549290
206.310078	-0.000110
207.000078	0.528620
207.690079	1.033700
208.380079	1.513570
209.070079	1.967490
209.760079	2.395100
210.450080	2.796130
211.140080	3.170410
211.830080	3.518050
212.520081	3.839700
213.210081	4.136650
213.900081	4.410780
214.590081	4.664300
215.280082	4.899420
215.970082	5.117930
216.660082	5.321020
217.350082	5.509180
218.040083	5.682300
218.730083	5.839940
219.420083	5.981590
220.110083	6.106910
220.800084	6.215860
221.490084	6.308730
222.180084	6.386060
222.870084	6.448580
223.560085	6.497180
224.250085	6.532790
224.940085	6.556440
225.630086	6.569210
226.320086	6.572270
227.010086	6.566830
227.700086	6.554220
228.390087	6.535830
229.080087	6.513120
229.770087	6.487600
230.460087	6.460740
231.150088	6.433910
231.840088	6.408320
232.530088	6.384910
233.220088	6.364330
233.910089	6.346850
234.600089	6.332410
235.290089	6.320580
235.980089	6.310580
236.670090	6.301340
237.360090	6.291430
238.050090	6.279140
238.740090	6.262470
239.430091	6.239130
240.120091	6.206570
240.810091	6.162010
241.500092	6.102530
242.190092	6.025070
242.880092	5.926620
243.570092	5.804280
244.260093	5.655490
244.950093	5.478190
245.640093	5.271140
246.330093	5.034180
247.020094	4.768540
247.710094	4.477160
248.400094	4.164650
249.090094	3.837080
249.780095	3.501510
250.470095	3.165320
251.160095	2.835740
251.850095	2.519330
252.540096	2.221790
253.230096	1.947690
253.920096	1.700240
254.610096	1.481220
255.300097	1.290890
255.990097	1.128220
256.680097	0.991110
257.370098	0.876770
258.060098	0.782070
258.750098	0.703820
259.440098	0.638980
260.130099	0.584790
260.820099	0.538860
261.510099	0.499150
262.200099	0.464020
262.890100	0.432140
263.580100	0.402400
264.270100	0.373820
264.960100	0.345430
265.650101	0.316180
266.340101	0.284840
267.030101	0.250000
267.720101	0.210090
268.410102	0.163390
269.100102	0.108170
269.790102	0.042720
270.480103	-0.034480
271.170103	-0.124700
271.860103	-0.228930
272.550103	-0.347730
273.240104	-0.481290
273.930104	-0.629370
274.620104	-0.791340
275.310104	-0.966100
276.000105	-1.152040
276.690105	-1.347000
277.380105	-1.548140
278.070105	-1.752000
278.760106	-1.954580
279.450106	-2.151580
280.140106	-2.338710
280.830106	-2.512050
281.520107	-2.668350
282.210107	-2.805210
282.900107	-2.921160
283.590107	-3.015630
284.280108	-3.088890
284.970108	-3.141980
285.660108	-3.176550
286.350109	-3.194740
287.040109	-3.199120
287.730109	-3.192500
288.420109	-3.177890
289.110110	-3.158380
289.800110	-3.137050
290.490110	-3.116920
291.180110	-3.100850
291.870111	-3.091480
292.560111	-3.091130
293.250111	-3.101750
293.940111	-3.124810
294.630112	-3.161260
295.320112	-3.211380
296.010112	-3.274780
296.700112	-3.350270
297.390113	-3.435870
298.080113	-3.528860
298.770113	-3.625900
299.460113	-3.723310
300.150114	-3.817360
300.840114	-3.904550
301.530114	-3.981840
302.220115	-4.046830
302.910115	-4.097750
303.600115	-4.133450
304.290115	-4.153300
304.980116	-4.157160
305.670116	-4.145200
306.360116	-4.117900
307.050116	-4.075920
307.740117	-4.020070
308.430117	-3.951300
309.120117	-3.870680
309.810117	-3.779440
310.500118	-3.679020
311.190118	-3.571120
311.880118	-3.457740
312.570118	-3.341100
313.260119	-3.223660
313.950119	-3.107980
314.640119	-2.996640
315.330120	-2.892180
316.020120	-2.797040
316.710120	-2.713550
317.400120	-2.643910
318.090121	-2.590160
318.780121	-2.554140
319.470121	-2.537350
320.160121	-2.540870
320.850122	-2.565130
321.540122	-2.609780
322.230122	-2.673550
322.920122	-2.754130
323.610123	-2.848210
324.300123	-2.951650
324.990123	-3.059790
325.680123	-3.167870
326.370124	-3.271360
327.060124	-3.366320
327.750124	-3.449630
328.440124	-3.519020
329.130125	-3.573150
329.820125	-3.611420
330.510125	-3.633850
331.200126	-3.640940
331.890126	-3.633440
332.580126	-3.612270
333.270126	-3.578440
333.960127	-3.532990
334.650127	-3.476960
335.340127	-3.411460
336.030127	-3.337700
336.720128	-3.257130
337.410128	-3.171470
338.100128	-3.082900
338.790128	-2.993930
339.480129	-2.907380
340.170129	-2.826070
340.860129	-2.752490
341.550129	-2.688450
342.240130	-2.634720
342.930130	-2.590910
343.620130	-2.555480
344.310130	-2.525920
345.000131	-2.499050
345.690131	-2.471440
346.380131	-2.439760
347.070132	-2.401170
347.760132	-2.353670
348.450132	-2.296320
349.140132	-2.229400
349.830133	-2.154470
350.520133	-2.074240
351.210133	-1.992220
351.900133	-1.912390
352.590134	-1.838610
353.280134	-1.774300
353.970134	-1.722030
354.660134	-1.683490
355.350135	-1.659400
356.040135	-1.649600
356.730135	-1.653110
357.420135	-1.668290
358.110136	-1.692980
358.800136	-1.724660
359.490136	-1.760650
360.180136	-1.798250
360.870137	-1.834920
361.560137	-1.868350
362.250137	-1.896580
362.940138	-1.918030
363.630138	-1.931530
364.320138	-1.936290
365.010138	-1.931940
365.700139	-1.918420
366.390139	-1.895970
367.080139	-1.865020
367.770139	-1.826050
368.460140	-1.779490
369.150140	-1.725580
369.840140	-1.664230
370.530140	-1.594980
371.220141	-1.516920
371.910141	-1.428680
372.600141	-1.328530
373.290141	-1.214390
373.980142	-1.083930
374.670142	-0.934670
375.360142	-0.764120
376.050143	-0.569950
376.740143	-0.350130
377.430143	-0.103230
378.120143	0.171370
378.810144	0.473220
379.500144	0.800610
380.190144	1.150480
380.880144	1.518360
381.570145	1.898320
382.260145	2.283280
382.950145	2.665210
383.640145	3.035460
384.330146	3.385170
385.020146	3.706110
385.710146	3.991310
386.400146	4.235680
387.090147	4.436400
387.780147	4.592950
388.470147	4.706640
389.160147	4.779970
389.850148	4.816130
390.540148	4.818580
391.230148	4.790860
391.920149	4.736350
392.610149	4.658250
393.300149	4.559560
393.990149	4.443100
394.680150	4.311600
395.370150	4.167780
396.060150	4.014400
396.750150	3.854410
397.440151	3.690930
398.130151	3.527280
398.820151	3.366970
399.510151	3.213620
400.200152	3.070860
400.890152	2.942240
401.580152	2.831020
402.270152	2.740130
402.960153	2.672000
403.650153	2.628490
404.340153	2.610900
405.030153	2.619950
405.720154	2.655910
406.410154	2.718580
407.100154	2.807520
407.790155	2.922060
408.480155	3.061440
409.170155	3.224890
409.860155	3.411650
410.550156	3.620980
411.240156	3.852240
411.930156	4.104820
412.620156	4.378210
413.310157	4.671930
414.000157	4.985390
414.690157	5.317670
415.380157	5.667210
416.070158	6.031470
416.760158	6.406840
417.450158	6.788700
418.140158	7.171820
418.830159	7.550890
419.520159	7.920980
420.210159	8.277840
420.900160	8.617910
421.590160	8.938140
422.280160	9.235660
422.970160	9.507470
423.660161	9.750220
424.350161	9.960200
425.040161	10.133320
425.730161	10.265230
426.420162	10.351560
427.110162	10.388160
427.800162	10.371550
428.490162	10.299330
429.180163	10.170660
429.870163	9.986630
430.560163	9.750510
431.250163	9.467940
431.940164	9.146760
432.630164	8.796620
433.320164	8.428190
434.010164	8.052190
434.700165	7.678330
435.390165	7.314430
436.080165	6.965880
436.770166	6.635480
437.460166	6.323560
438.150166	6.028290
438.840166	5.746160
439.530167	5.472450
440.220167	5.201750
440.910167	4.928440
441.600167	4.647290
442.290168	4.353940
442.980168	4.045400
443.670168	3.720530
444.360168	3.380410
445.050169	3.028470
445.740169	2.670250
446.430169	2.312730
447.120169	1.963380
447.810170	1.629220
448.500170	1.316090
449.190170	1.028220
449.880170	0.768270
450.570171	0.537440
451.260171	0.335680
451.950171	0.161880
452.640172	0.014060
453.330172	-0.110420
454.020172	-0.214730
454.710172	-0.302240
455.400173	-0.376350
456.090173	-0.440290
456.780173	-0.497060
457.470173	-0.549340
458.160174	-0.599540
458.850174	-0.649910
459.540174	-0.702520
460.230174	-0.759300
460.920175	-0.821910
461.610175	-0.891690
462.300175	-0.969400
462.990175	-1.055160
463.680176	-1.148370
464.370176	-1.247730
465.060176	-1.351380
465.750177	-1.457150
466.440177	-1.562840
467.130177	-1.666450
467.820177	-1.766440
468.510178	-1.861790
469.200178	-1.952090
469.890178	-2.037460
470.580178	-2.118500
471.270179	-2.196090
471.960179	-2.271360
472.650179	-2.345530
473.340179	-2.419830
474.030180	-2.495490
474.720180	-2.573690
475.410180	-2.655500
476.100180	-2.741890
476.790181	-2.833680
477.480181	-2.931490
478.170181	-3.035630
478.860181	-3.146060
479.550182	-3.262310
480.240182	-3.383380
480.930182	-3.507710
481.620183	-3.633220
482.310183	-3.757300
483.000183	-3.877010
483.690183	-3.989200
484.380184	-4.090810
485.070184	-4.179000
485.760184	-4.251460
486.450184	-4.306510
487.140185	-4.343250
487.830185	-4.361620
488.520185	-4.362370
489.210185	-4.347070
489.900186	-4.317890
490.590186	-4.277520
491.280186	-4.228900
491.970186	-4.175040
492.660187	-4.118780
493.350187	-4.062680
494.040187	-4.008890
494.730187	-3.959210
495.420188	-3.915150
496.110188	-3.878010
496.800188	-3.849010
497.490189	-3.829310
498.180189	-3.819970
498.870189	-3.821860
499.560189	-3.835580
500.250190	-3.861310
500.940190	-3.898730
501.630190	-3.947010
502.320190	-4.004810
503.010191	-4.070410
503.700191	-4.141770
504.390191	-4.216770
505.080191	-4.293310
505.770192	-4.369510
506.460192	-4.443850
507.150192	-4.515240
507.840192	-4.583110
508.530193	-4.647420
509.220193	-4.708630
509.910193	-4.767630
510.600194	-4.825680
511.290194	-4.884290
511.980194	-4.945050
512.670194	-5.009470
513.360195	-5.078750
514.050195	-5.153530
514.740195	-5.233690
515.430195	-5.318140
516.120196	-5.404730
516.810196	-5.490380
517.500196	-5.571280
518.190196	-5.643230
518.880197	-5.702000
519.570197	-5.743570
520.260197	-5.764330
520.950197	-5.761120
521.640198	-5.731240
522.330198	-5.672450
523.020198	-5.582990
523.710198	-5.461700
524.400199	-5.308140
525.090199	-5.122780
525.780199	-4.907240
526.470200	-4.664510
527.160200	-4.399060
527.850200	-4.116780
528.540200	-3.824740
529.230201	-3.530690
529.920201	-3.242450
530.610201	-2.967290
531.300201	-2.711470
531.990202	-2.479890
532.680202	-2.275990
533.370202	-2.101750
534.060202	-1.957800
534.750203	-1.843640
535.440203	-1.757900
536.130203	-1.698580
536.820203	-1.663260
537.510204	-1.649200
538.200204	-1.653520
538.890204	-1.673140
539.580204	-1.704870
540.270205	-1.745420
540.960205	-1.791410
541.650205	-1.839450
542.340206	-1.886260
543.030206	-1.928790
543.720206	-1.964400
544.410206	-1.991030
545.100207	-2.007290
545.790207	-2.012500
546.480207	-2.006710
547.170207	-1.990510
547.860208	-1.964930
548.550208	-1.931240
549.240208	-1.890790
549.930208	-1.844870
550.620209	-1.794630
551.310209	-1.741010
552.000209	-1.684710
552.690209	-1.626280
553.380210	-1.566120
554.070210	-1.504620
554.760210	-1.442250
555.450210	-1.379610
556.140211	-1.317480
556.830211	-1.256780
557.520211	-1.198600
558.210212	-1.144120
558.900212	-1.094530
559.590212	-1.050990
560.280212	-1.014550
560.970213	-0.985990
561.660213	-0.965760
562.350213	-0.953810
563.040213	-0.949540
563.730214	-0.951710
564.420214	-0.958510
565.110214	-0.967550
565.800214	-0.976000
566.490215	-0.980700
567.180215	-0.978260
567.870215	-0.965250
568.560215	-0.938280
569.250216	-0.894210
569.940216	-0.830260
570.630216	-0.744140
571.320217	-0.634190
572.010217	-0.499550
572.700217	-0.340220
573.390217	-0.157190
574.080218	0.047460
574.770218	0.270600
575.460218	0.507970
576.150218	0.754350
576.840219	1.003750
577.530219	1.249870
578.220219	1.486560
578.910219	1.708380
579.600220	1.911030
580.290220	2.091600
580.980220	2.248560
581.670220	2.381640
582.360221	2.491570
583.050221	2.579810
583.740221	2.648290
584.430221	2.699270
585.120222	2.735070
585.810222	2.758090
586.500222	2.770620
587.190223	2.774900
587.880223	2.773000
588.570223	2.766870
589.260223	2.758250
589.950224	2.748660
590.640224	2.739270
591.330224	2.730910
592.020224	2.723860
592.710225	2.717840
593.400225	2.711930
594.090225	2.704620
594.780225	2.693870
595.470226	2.677310
596.160226	2.652540
596.850226	2.617320
597.540226	2.569890
598.230227	2.509110
598.920227	2.434610
599.610227	2.346920
600.300227	2.247490
600.990228	2.138670
601.680228	2.023680
602.370228	1.906320
603.060229	1.790810
603.750229	1.681390
604.440229	1.582060
605.130229	1.496250
605.820230	1.426590
606.510230	1.374810
607.200230	1.341670
607.890230	1.326970
608.580231	1.329610
609.270231	1.347750
609.960231	1.378930
610.650231	1.420190
611.340232	1.468260
612.030232	1.519700
612.720232	1.571000
613.410232	1.618790
614.100233	1.659920
614.790233	1.691630
615.480233	1.711690
616.170234	1.718490
616.860234	1.711100
617.550234	1.689350
618.240234	1.653860
618.930235	1.606020
619.620235	1.547910
620.310235	1.482240
621.000235	1.412130
621.690236	1.340880
622.380236	1.271810
623.070236	1.208020
623.760236	1.152310
624.450237	1.107100
625.140237	1.074370
625.830237	1.055700
626.520237	1.052260
627.210238	1.064790
627.900238	1.093660
628.590238	1.138850
629.280238	1.199970
629.970239	1.276250
630.660239	1.366560
631.350239	1.469360
632.040240	1.582830
632.730240	1.704940
633.420240	1.833610
634.110240	1.966860
634.800241	2.102910
635.490241	2.240200
636.180241	2.377360
636.870241	2.513100
637.560242	2.646090
638.250242	2.774850
638.940242	2.897670
639.630242	3.012470
640.320243	3.116840
641.010243	3.208030
641.700243	3.283020
642.390243	3.338690
643.080244	3.371970
643.770244	3.380010
644.460244	3.360390
645.150244	3.311240
645.840245	3.231350
646.530245	3.120280
647.220245	2.978480
647.910246	2.807420
648.600246	2.609770
649.290246	2.389460
649.980246	2.151610
650.670247	1.902300
651.360247	1.648020
652.050247	1.395250
652.740247	1.149930
653.430248	0.917220
654.120248	0.701280
654.810248	0.505290
655.500248	0.331330
656.190249	0.180450
656.880249	0.052680
657.570249	-0.052770
658.260249	-0.137430
658.950250	-0.203220
659.640250	-0.252330
660.330250	-0.287000
661.020251	-0.309420
661.710251	-0.321610
662.400251	-0.325350
663.090251	-0.322180
663.780252	-0.313370
664.470252	-0.299910
665.160252	-0.282550
665.850252	-0.261780
666.540253	-0.237850
667.230253	-0.210800
667.920253	-0.180420
668.610253	-0.146320
669.300254	-0.107880
669.990254	-0.064300
670.680254	-0.014630
671.370254	0.042270
672.060255	0.107660
672.750255	0.182940
673.440255	0.269660
674.130255	0.369530
674.820256	0.484400
675.510256	0.616190
676.200256	0.766840
676.890257	0.938090
677.580257	1.131270
678.270257	1.347030
678.960257	1.584940
679.650258	1.843260
680.340258	2.118650
681.030258	2.406220
681.720258	2.699640
682.410259	2.991670
683.100259	3.274640
683.790259	3.540950
684.480259	3.783440
685.170260	3.995480
685.860260	4.171050
686.550260	4.304780
687.240260	4.392060
687.930261	4.429220
688.620261	4.413730
689.310261	4.344390
690.000261	4.221570
690.690262	4.047340
691.380262	3.825710
692.070262	3.562710
692.760263	3.266260
693.450263	2.945840
694.140263	2.611780
694.830263	2.274270
695.520264	1.942330
696.210264	1.623100
696.900264	1.321430
697.590264	1.039820
698.280265	0.778780
698.970265	0.537190
699.660265	0.312740
700.350265	0.102270
701.040266	-0.097750
701.730266	-0.290900
702.420266	-0.480380
703.110266	-0.668670
703.800267	-0.857200
704.490267	-1.046140
705.180267	-1.234320
705.870268	-1.419320
706.560268	-1.597750
707.250268	-1.765710
707.940268	-1.919290
708.630269	-2.055030
709.320269	-2.170270
710.010269	-2.263330
710.700269	-2.333480
711.390270	-2.380840
712.080270	-2.406200
712.770270	-2.410800
713.460270	-2.396170
714.150271	-2.363970
714.840271	-2.315860
715.530271	-2.253540
716.220271	-2.178740
716.910272	-2.093320
717.600272	-1.999350
718.290272	-1.899170
718.980272	-1.795370
719.670273	-1.690760
720.360273	-1.588310
721.050273	-1.490990
721.740274	-1.401690
722.430274	-1.323010
723.120274	-1.257210
723.810274	-1.206070
724.500275	-1.170840
725.190275	-1.152200
725.880275	-1.150270
726.570275	-1.164600
727.260276	-1.194140
727.950276	-1.237320
728.640276	-1.292100
729.330276	-1.356030
730.020277	-1.426430
730.710277	-1.500540
731.400277	-1.575690
732.090277	-1.649480
732.780278	-1.719890
733.470278	-1.785360
734.160278	-1.844760
734.850278	-1.897460
735.540279	-1.943200
736.230279	-1.982130
736.920279	-2.014690
737.610280	-2.041550
738.300280	-2.063550
738.990280	-2.081520
739.680280	-2.096310
740.370281	-2.108630
741.060281	-2.119080
741.750281	-2.128090
742.440281	-2.135910
743.130282	-2.142630
743.820282	-2.148140
744.510282	-2.152200
745.200282	-2.154480
745.890283	-2.154550
746.580283	-2.152040
747.270283	-2.146580
747.960283	-2.137900
748.650284	-2.125890
749.340284	-2.110550
750.030284	-2.092080
750.720285	-2.070840
751.410285	-2.047380
752.100285	-2.022350
752.790285	-1.996510
753.480286	-1.970610
754.170286	-1.945410
754.860286	-1.921620
755.550286	-1.899940
756.240287	-1.881090
756.930287	-1.865820
757.620287	-1.854940
758.310287	-1.849290
759.000288	-1.849720
759.690288	-1.856960
760.380288	-1.871630
761.070288	-1.894090
761.760289	-1.924430
762.450289	-1.962390
763.140289	-2.007410
763.830289	-2.058590
764.520290	-2.114870
765.210290	-2.175040
765.900290	-2.237980
766.590291	-2.302610
767.280291	-2.368080
767.970291	-2.433670
768.660291	-2.498820
769.350292	-2.563160
770.040292	-2.626510
770.730292	-2.688960
771.420292	-2.750940
772.110293	-2.813190
772.800293	-2.876730
773.490293	-2.942730
774.180293	-3.012340
774.870294	-3.086540
775.560294	-3.166000
776.250294	-3.250920
776.940294	-3.341040
777.630295	-3.435570
778.320295	-3.533330
779.010295	-3.632870
779.700295	-3.732690
780.390296	-3.831350
781.080296	-3.927610
781.770296	-4.020420
782.460297	-4.108890
783.150297	-4.192110
783.840297	-4.269120
784.530297	-4.338720
785.220298	-4.399420
785.910298	-4.449490
786.600298	-4.486900
787.290298	-4.509500
787.980299	-4.515120
788.670299	-4.501760
789.360299	-4.467780
790.050299	-4.412060
790.740300	-4.334170
791.430300	-4.234470
792.120300	-4.114120
792.810300	-3.975090
793.500301	-3.820100
794.190301	-3.652480
794.880301	-3.476140
795.570301	-3.295350
796.260302	-3.114680
796.950302	-2.938700
797.640302	-2.771780
798.330303	-2.617890
799.020303	-2.480430
799.710303	-2.362180
800.400303	-2.265240
801.090304	-2.191120
801.780304	-2.140680
802.470304	-2.114190
803.160304	-2.111250
803.850305	-2.130800
804.540305	-2.171040
805.230305	-2.229420
805.920305	-2.302610
806.610306	-2.386570
807.300306	-2.476660
807.990306	-2.567920
808.680306	-2.655480
809.370307	-2.735030
810.060307	-2.803230
810.750307	-2.857880
811.440308	-2.897880
812.130308	-2.923020
812.820308	-2.933580
813.510308	-2.930090
814.200309	-2.913000
814.890309	-2.882570
815.580309	-2.838680
816.270309	-2.780810
816.960310	-2.707990
817.650310	-2.618850
818.340310	-2.511750
819.030310	-2.384840
819.720311	-2.236250
820.410311	-2.064240
821.100311	-1.867370
821.790311	-1.644690
822.480312	-1.395900
823.170312	-1.121570
823.860312	-0.823290
824.550312	-0.503850
825.240313	-0.167240
825.930313	0.181470
826.620313	0.536540
827.310314	0.892030
828.000314	1.242310
828.690314	1.582600
829.380314	1.909150
830.070315	2.219320
830.760315	2.511320
831.450315	2.783960
832.140315	3.036200
832.830316	3.266720
833.520316	3.473680
834.210316	3.654580
834.900316	3.806470
835.590317	3.926240
836.280317	4.011180
836.970317	4.059290
837.660317	4.069670
838.350318	4.042640
839.040318	3.979770
839.730318	3.883910
840.420318	3.759160
841.110319	3.610700
841.800319	3.444590
842.490319	3.267370
843.180320	3.085560
843.870320	2.905230
844.560320	2.731600
845.250320	2.568770
845.940321	2.419680
846.630321	2.286150
847.320321	2.168900
848.010321	2.067770
848.700322	1.981750
849.390322	1.909150
850.080322	1.847700
850.770322	1.794730
851.460323	1.747280
852.150323	1.702260
852.840323	1.656640
853.530323	1.607620
854.220324	1.552760
854.910324	1.490160
855.600324	1.418480
856.290325	1.336960
856.980325	1.245390
857.670325	1.143970
858.360325	1.033280
859.050326	0.914160
859.740326	0.787750
860.430326	0.655470
861.120326	0.519050
861.810327	0.380630
862.500327	0.242770
863.190327	0.108380
863.880327	-0.019330
864.570328	-0.137060
865.260328	-0.241730
865.950328	-0.330780
866.640328	-0.402470
867.330329	-0.456210
868.020329	-0.492570
868.710329	-0.513310
869.400329	-0.521060
870.090330	-0.519030
870.780330	-0.510540
871.470330	-0.498680
872.160331	-0.486000
872.850331	-0.474340
873.540331	-0.464830
874.230331	-0.457910
874.920332	-0.453450
875.610332	-0.450870
876.300332	-0.449260
876.990332	-0.447530
877.680333	-0.444540
878.370333	-0.439240
879.060333	-0.430850
879.750333	-0.418900
880.440334	-0.403360
881.130334	-0.384610
881.820334	-0.363410
882.510334	-0.340810
883.200335	-0.318040
883.890335	-0.296380
884.580335	-0.277020
885.270335	-0.261000
885.960336	-0.249130
886.650336	-0.241860
887.340336	-0.239320
888.030337	-0.241220
888.720337	-0.246900
889.410337	-0.255310
890.100337	-0.265030
890.790338	-0.274370
891.480338	-0.281370
892.170338	-0.283930
892.860338	-0.279900
893.550339	-0.267220
894.240339	-0.243990
894.930339	-0.208640
895.620339	-0.159930
896.310340	-0.097040
897.000340	-0.019610
897.690340	0.072300
898.380340	0.178140
899.070341	0.296950
899.760341	0.427380
900.450341	0.567800
901.140342	0.716340
901.830342	0.871070
902.520342	1.030060
903.210342	1.191450
903.900343	1.353460
904.590343	1.514380
905.280343	1.672490
905.970343	1.826020
906.660344	1.973050
907.350344	2.111430
908.040344	2.238820
908.730344	2.352600
909.420345	2.450080
910.110345	2.528590
910.800345	2.585750
911.490345	2.619710
912.180346	2.629370
912.870346	2.614540
913.560346	2.576030
914.250346	2.515680
914.940347	2.436340
915.630347	2.341750
916.320347	2.236260
917.010348	2.124580
917.700348	2.011410
918.390348	1.901070
919.080348	1.797280
919.770349	1.702940
920.460349	1.620110
921.150349	1.550030
921.840349	1.493200
922.530350	1.449490
923.220350	1.418240
923.910350	1.398370
924.600350	1.388520
925.290351	1.387140
925.980351	1.392610
926.670351	1.403350
927.360351	1.417890
928.050352	1.434960
928.740352	1.453550
929.430352	1.472880
930.120352	1.492430
930.810353	1.511910
931.500353	1.531160
932.190353	1.550140
932.880354	1.568880
933.570354	1.587380
934.260354	1.605640
934.950354	1.623590
935.640355	1.641170
936.330355	1.658270
937.020355	1.674780
937.710355	1.690630
938.400356	1.705790
939.090356	1.720250
939.780356	1.734070
940.470356	1.747330
941.160357	1.760140
941.850357	1.772590
942.540357	1.784700
943.230357	1.796380
943.920358	1.807300
944.610358	1.816900
945.300358	1.824270
945.990359	1.828150
946.680359	1.826990
947.370359	1.819000
948.060359	1.802310
948.750360	1.775090
949.440360	1.735700
950.130360	1.682760
950.820360	1.615250
951.510361	1.532580
952.200361	1.434650
952.890361	1.321990
953.580361	1.195900
954.270362	1.058550
954.960362	0.912990
955.650362	0.762980
956.340362	0.612710
957.030363	0.466450
957.720363	0.328130
958.410363	0.201200
959.100363	0.088440
959.790364	-0.007970
960.480364	-0.086410
961.170364	-0.145750
961.860365	-0.185290
962.550365	-0.204740
963.240365	-0.204270
963.930365	-0.184500
964.620366	-0.146590
965.310366	-0.092170
966.000366	-0.023340
966.690366	0.057460
967.380367	0.147510
968.070367	0.243930
968.760367	0.343770
969.450367	0.444080
970.140368	0.541900
970.830368	0.634370
971.520368	0.718650
972.210368	0.792030
972.900369	0.851880
973.590369	0.895650
974.280369	0.920840
974.970369	0.925020
975.660370	0.905810
976.350370	0.860930
977.040370	0.788210
977.730371	0.685740
978.420371	0.551920
979.110371	0.385630
979.800371	0.186400
980.490372	-0.045360
981.180372	-0.308230
981.870372	-0.599490
982.560372	-0.915040
983.250373	-1.249380
983.940373	-1.595770
984.630373	-1.946560
985.320373	-2.293900
986.010374	-2.630270
986.700374	-2.949150
987.390374	-3.245340
988.080374	-3.515160
988.770375	-3.756280
989.460375	-3.967650
990.150375	-4.149250
990.840375	-4.301880
991.530376	-4.426980
992.220376	-4.526430
992.910376	-4.602360
993.600377	-4.657040
994.290377	-4.692670
994.980377	-4.711380
995.670377	-4.715060
996.360378	-4.705440
997.050378	-4.684010
997.740378	-4.652040
998.430378	-4.610670
999.120379	-4.560900
999.810379	-4.503680
1000.500379	-4.439920
1001.190379	-4.370610
1001.880380	-4.296800
1002.570380	-4.219640
1003.260380	-4.140420
1003.950380	-4.060480
1004.640381	-3.981160
1005.330381	-3.903800
1006.020381	-3.829550
1006.710382	-3.759450
1007.400382	-3.694330
1008.090382	-3.634830
1008.780382	-3.581480
1009.470383	-3.534690
1010.160383	-3.494800
1010.850383	-3.462080
1011.540383	-3.436740
1012.230384	-3.418930
1012.920384	-3.408660
1013.610384	-3.405820
1014.300384	-3.410110
1014.990385	-3.421020
1015.680385	-3.437900
1016.370385	-3.459880
1017.060385	-3.486000
1017.750386	-3.515250
1018.440386	-3.546600
1019.130386	-3.579050
1019.820386	-3.611650
1020.510387	-3.643510
1021.200387	-3.673770
1021.890387	-3.701610
1022.580388	-3.726180
1023.270388	-3.746630
1023.960388	-3.762060
1024.650388	-3.771580
1025.340389	-3.774350
1026.030389	-3.769600
1026.720389	-3.756740
1027.410389	-3.735420
1028.100390	-3.705620
1028.790390	-3.667620
1029.480390	-3.622060
1030.170390	-3.569880
1030.860391	-3.512240
1031.550391	-3.450460
1032.240391	-3.385910
1032.930391	-3.319910
1033.620392	-3.253750
1034.310392	-3.188580
1035.000392	-3.125440
1035.690392	-3.065220
1036.380393	-3.008690
1037.070393	-2.956440
1037.760393	-2.908960
1038.450394	-2.866600
1039.140394	-2.829610
1039.830394	-2.798170
1040.520394	-2.772380
1041.210395	-2.752280
1041.900395	-2.737790
1042.590395	-2.728700
1043.280395	-2.724610
1043.970396	-2.724960
1044.660396	-2.728960
1045.350396	-2.735710
1046.040396	-2.744190
1046.730397	-2.753350
1047.420397	-2.762170
1048.110397	-2.769710
1048.800397	-2.775060
1049.490398	-2.777390
1050.180398	-2.775890
1050.870398	-2.769730
1051.560399	-2.758060
1052.250399	-2.739930
1052.940399	-2.714350
1053.630399	-2.680260
1054.320400	-2.636550
1055.010400	-2.582150
1055.700400	-2.516030
1056.390400	-2.437270
1057.080401	-2.345110
1057.770401	-2.239030
1058.460401	-2.118760
1059.150401	-1.984410
1059.840402	-1.836460
1060.530402	-1.675860
1061.220402	-1.504100
1061.910402	-1.323180
1062.600403	-1.135700
1063.290403	-0.944770
1063.980403	-0.754050
1064.670403	-0.567620
1065.360404	-0.389910
1066.050404	-0.225500
1066.740404	-0.078850
1067.430405	0.045960
1068.120405	0.145580
1068.810405	0.217600
1069.500405	0.260800
1070.190406	0.275320
1070.880406	0.262700
1071.570406	0.225800
1072.260406	0.168700
1072.950407	0.096370
1073.640407	0.014360
1074.330407	-0.071730
1075.020407	-0.156690
1075.710408	-0.236000
1076.400408	-0.306210
1077.090408	-0.364950
1077.780408	-0.410950
1078.470409	-0.443880
1079.160409	-0.464210
1079.850409	-0.472930
1080.540409	-0.471460
1081.230410	-0.461440
1081.920410	-0.444590
1082.610410	-0.422620
1083.300411	-0.397110
1083.990411	-0.369470
1084.680411	-0.340870
1085.370411	-0.312130
1086.060412	-0.283760
1086.750412	-0.255860
1087.440412	-0.228140
1088.130412	-0.199950
1088.820413	-0.170340
1089.510413	-0.138150
1090.200413	-0.102130
1090.890413	-0.061100
1091.580414	-0.014090
1092.270414	0.039520
1092.960414	0.099970
1093.650414	0.167030
1094.340415	0.240090
1095.030415	0.318220
1095.720415	0.400200
1096.410416	0.484570
1097.100416	0.569650
1097.790416	0.653460
1098.480416	0.733820
1099.170417	0.808350
1099.860417	0.874710
1100.550417	0.930780
1101.240417	0.974890
1101.930418	1.005960
1102.620418	1.023530
1103.310418	1.027770
1104.000418	1.019370
1104.690419	0.999390
1105.380419	0.969230
1106.070419	0.930430
1106.760419	0.884650
1107.450420	0.833590
1108.140420	0.778920
1108.830420	0.722230
1109.520420	0.665030
1110.210421	0.608670
1110.900421	0.554350
1111.590421	0.503160
1112.280422	0.456120
1112.970422	0.414210
1113.660422	0.378530
1114.350422	0.350370
1115.040423	0.331340
1115.730423	0.323470
1116.420423	0.329260
1117.110423	0.351810
1117.800424	0.394730
1118.490424	0.462150
1119.180424	0.558520
1119.870424	0.688480
1120.560425	0.856490
1121.250425	1.066590
1121.940425	1.321950
1122.630425	1.624560
1123.320426	1.974780
1124.010426	2.370980
1124.700426	2.809150
1125.390426	3.282680
1126.080427	3.782380
1126.770427	4.296770
1127.460427	4.812840
1128.150428	5.316950
1128.840428	5.795870
1129.530428	6.237660
1130.220428	6.632400
1130.910429	6.972580
1131.600429	7.253290
1132.290429	7.472070
1132.980429	7.628710
1133.670430	7.724850
1134.360430	7.763490
1135.050430	7.748600
1135.740430	7.684680
1136.430431	7.576350
1137.120431	7.428030
1137.810431	7.243620
1138.500431	7.026350
1139.190432	6.778660
1139.880432	6.502210
1140.570432	6.198070
1141.260433	5.866930
1141.950433	5.509480
1142.640433	5.126740
1143.330433	4.720510
1144.020434	4.293700
1144.710434	3.850630
1145.400434	3.397120
1146.090434	2.940320
1146.780435	2.488270
1147.470435	2.049180
1148.160435	1.630480
1148.850435	1.238020
1149.540436	0.875540
1150.230436	0.544430
1150.920436	0.243990
1151.610436	-0.028100
1152.300437	-0.275110
1152.990437	-0.500620
1153.680437	-0.707770
1154.370437	-0.898780
1155.060438	-1.074680
1155.750438	-1.235210
1156.440438	-1.379120
1157.130439	-1.504590
1157.820439	-1.609640
1158.510439	-1.692510
1159.200439	-1.751830
1159.890440	-1.786600
1160.580440	-1.796130
1161.270440	-1.779970
1161.960440	-1.737860
1162.650441	-1.669720
1163.340441	-1.575740
1164.030441	-1.456450
1164.720441	-1.312870
1165.410442	-1.146570
1166.100442	-0.959810
1166.790442	-0.755470
1167.480442	-0.537000
1168.170443	-0.308160
1168.860443	-0.072760
1169.550443	0.165560
1170.240443	0.403590
1170.930444	0.638440
1171.620444	0.867520
1172.310444	1.088250
1173.000445	1.297880
1173.690445	1.493200
1174.380445	1.670500
1175.070445	1.825570
1175.760446	1.953840
1176.450446	2.050730
1177.140446	2.112000
1177.830446	2.134170
1178.520447	2.114880
1179.210447	2.053160
1179.900447	1.949590
1180.590447	1.806330
1181.280448	1.627010
1181.970448	1.416540
1182.660448	1.180960
1183.350448	0.927130
1184.040449	0.662450
1184.730449	0.394490
1185.420449	0.130650
1186.110449	-0.122190
1186.800450	-0.358080
1187.490450	-0.572060
1188.180450	-0.760390
1188.870451	-0.920420
1189.560451	-1.050600
1190.250451	-1.150270
1190.940451	-1.219540
1191.630452	-1.259140
1192.320452	-1.270260
1193.010452	-1.254450
1193.700452	-1.213490
1194.390453	-1.149370
1195.080453	-1.064270
1195.770453	-0.960570
1196.460453	-0.840940
1197.150454	-0.708450
1197.840454	-0.566650
1198.530454	-0.419630
1199.220454	-0.271980
1199.910455	-0.128630
1200.600455	0.005390
1201.290455	0.125300
1201.980456	0.226850
1202.670456	0.306610
1203.360456	0.362160
1204.050456	0.392170
1204.740457	0.396400
1205.430457	0.375590
1206.120457	0.331370
1206.810457	0.266000
1207.500458	0.182290
1208.190458	0.083430
1208.880458	-0.027120
1209.570458	-0.145610
1210.260459	-0.268110
1210.950459	-0.390430
1211.640459	-0.508250
1212.330459	-0.617090
1213.020460	-0.712460
1213.710460	-0.789960
1214.400460	-0.845510
1215.090460	-0.875540
1215.780461	-0.877190
1216.470461	-0.848500
1217.160461	-0.788560
1217.850462	-0.697510
1218.540462	-0.576590
1219.230462	-0.428070
1219.920462	-0.255200
1220.610463	-0.061980
1221.300463	0.147080
1221.990463	0.367330
1222.680463	0.594390
1223.370464	0.824480
1224.060464	1.054640
1224.750464	1.282730
1225.440464	1.507220
1226.130465	1.726900
1226.820465	1.940490
1227.510465	2.146350
