0.000000	-0.054420
0.690016	-0.019130
1.380032	0.015650
2.070048	0.048880
2.760064	0.079790
3.450080	0.107660
4.140096	0.131610
4.830112	0.150500
5.520128	0.163060
6.210144	0.168240
6.900159	0.165600
7.590175	0.155460
8.280191	0.138840
8.970207	0.117250
9.660223	0.092400
10.350239	0.066040
11.040255	0.039960
11.730271	0.015940
12.420287	-0.004190
13.110303	-0.018890
13.800319	-0.027000
14.490335	-0.028010
15.180351	-0.022190
15.870367	-0.010610
16.560383	0.004960
17.250399	0.022240
17.940415	0.038620
18.630431	0.051580
19.320447	0.059060
20.010462	0.059710
20.700478	0.053130
21.390494	0.039790
22.080510	0.020920
22.770526	-0.001720
23.460542	-0.026120
24.150558	-0.050180
24.840574	-0.071950
25.530590	-0.089770
26.220606	-0.102340
26.910622	-0.108930
27.600638	-0.109360
28.290654	-0.104070
28.980670	-0.093990
29.670686	-0.080440
30.360702	-0.064840
31.050718	-0.048480
31.740734	-0.032270
32.430750	-0.016810
33.120766	-0.002390
33.810781	0.010850
34.500797	0.022850
35.190813	0.033630
35.880829	0.043360
36.570845	0.052440
37.260861	0.061270
37.950877	0.070110
38.640893	0.078830
39.330909	0.086820
40.020925	0.093230
40.710941	0.097180
41.400957	0.098010
42.090973	0.095440
42.780989	0.089540
43.471005	0.080650
44.161021	0.069200
44.851037	0.055700
45.541053	0.040700
46.231069	0.024800
46.921084	0.008670
47.611100	-0.006990
48.301116	-0.021510
48.991132	-0.034260
49.681148	-0.044730
50.371164	-0.052580
51.061180	-0.057750
51.751196	-0.060510
52.441212	-0.061470
53.131228	-0.061480
53.821244	-0.061400
54.511260	-0.061950
55.201276	-0.063480
55.891292	-0.065930
56.581308	-0.068820
57.271324	-0.071320
57.961340	-0.072440
58.651356	-0.071190
59.341372	-0.066720
60.031387	-0.058540
60.721403	-0.046600
61.411419	-0.031280
62.101435	-0.013370
62.791451	0.006040
63.481467	0.025790
64.171483	0.044730
64.861499	0.061980
65.551515	0.076980
66.241531	0.089540
66.931547	0.099720
67.621563	0.107670
68.311579	0.113560
69.001595	0.117390
69.691611	0.118990
70.381627	0.118070
71.071643	0.114250
71.761659	0.107220
72.451675	0.096870
73.141691	0.083500
73.831706	0.067770
74.521722	0.050660
75.211738	0.033250
75.901754	0.016620
76.591770	0.001690
77.281786	-0.010760
77.971802	-0.020170
78.661818	-0.026110
79.351834	-0.028410
80.041850	-0.027220
80.731866	-0.022960
81.421882	-0.016290
82.111898	-0.008000
82.801914	0.001070
83.491930	0.010220
84.181946	0.018830
84.871962	0.026480
85.561978	0.032940
86.251994	0.038170
86.942009	0.042260
87.632025	0.045370
88.322041	0.047680
89.012057	0.049280
89.702073	0.050220
90.392089	0.050430
91.082105	0.049770
91.772121	0.048080
92.462137	0.045160
93.152153	0.040820
93.842169	0.034930
94.532185	0.027420
95.222201	0.018270
95.912217	0.007520
96.602233	-0.004710
97.292249	-0.018300
97.982265	-0.032970
98.672281	-0.048370
99.362297	-0.064070
100.052312	-0.079510
100.742328	-0.094060
101.432344	-0.107100
102.122360	-0.117960
102.812376	-0.125980
103.502392	-0.130560
104.192408	-0.131180
104.882424	-0.127490
105.572440	-0.119370
106.262456	-0.107010
106.952472	-0.090970
107.642488	-0.072130
108.332504	-0.051690
109.022520	-0.031050
109.712536	-0.011720
110.402552	0.004760
111.092568	0.017000
111.782584	0.023800
112.472600	0.024280
113.162616	0.018090
113.852631	0.005510
114.542647	-0.012500
115.232663	-0.034380
115.922679	-0.058040
116.612695	-0.081160
117.302711	-0.101460
117.992727	-0.116950
118.682743	-0.126150
119.372759	-0.128200
120.062775	-0.122920
120.752791	-0.110780
121.442807	-0.092810
122.132823	-0.070550
122.822839	-0.045840
123.512855	-0.020630
124.202871	0.003220
124.892887	0.024270
125.582903	0.041630
126.272919	0.054990
126.962934	0.064680
127.652950	0.071500
128.342966	0.076560
129.032982	0.081040
129.722998	0.085960
130.413014	0.091980
131.103030	0.099340
131.793046	0.107870
132.483062	0.117130
133.173078	0.126560
133.863094	0.135550
134.553110	0.143480
135.243126	0.149790
135.933142	0.153940
136.623158	0.155520
137.313174	0.154320
138.003190	0.150310
138.693206	0.143690
139.383222	0.134670
140.073237	0.123500
140.763253	0.110360
141.453269	0.095410
142.143285	0.078710
142.833301	0.060160
143.523317	0.039410
144.213333	0.015900
144.903349	-0.010820
145.593365	-0.040840
146.283381	-0.073490
146.973397	-0.107250
147.663413	-0.139980
148.353429	-0.169370
149.043445	-0.193360
149.733461	-0.210400
150.423477	-0.219640
151.113493	-0.220940
151.803509	-0.214850
152.493525	-0.202600
153.183541	-0.185940
153.873556	-0.166870
154.563572	-0.147370
155.253588	-0.129060
155.943604	-0.113050
156.633620	-0.099780
157.323636	-0.089120
158.013652	-0.080520
158.703668	-0.073200
159.393684	-0.066410
160.083700	-0.059620
160.773716	-0.052660
161.463732	-0.045690
162.153748	-0.039110
162.843764	-0.033320
163.533780	-0.028640
164.223796	-0.025120
164.913812	-0.022520
165.603828	-0.020240
166.293844	-0.017450
166.983859	-0.013210
167.673875	-0.006540
168.363891	0.003380
169.053907	0.017170
169.743923	0.035060
170.433939	0.056960
171.123955	0.082390
171.813971	0.110560
172.503987	0.140420
173.194003	0.170780
173.884019	0.200410
174.574035	0.228180
175.264051	0.253100
175.954067	0.274340
176.644083	0.291110
177.334099	0.302550
178.024115	0.307780
178.714131	0.305810
179.404147	0.295790
180.094162	0.277260
180.784178	0.250450
181.474194	0.216400
182.164210	0.176970
182.854226	0.134550
183.544242	0.091640
184.234258	0.050390
184.924274	0.012370
185.614290	-0.021570
186.304306	-0.051200
186.994322	-0.076730
187.684338	-0.098610
188.374354	-0.117350
189.064370	-0.133430
189.754386	-0.147160
190.444402	-0.158670
191.134418	-0.167920
191.824434	-0.174700
192.514450	-0.178780
193.204466	-0.179910
193.894481	-0.178020
194.584497	-0.173210
195.274513	-0.165790
195.964529	-0.156220
196.654545	-0.145030
197.344561	-0.132800
198.034577	-0.120100
198.724593	-0.107490
199.414609	-0.095530
200.104625	-0.084680
200.794641	-0.075220
201.484657	-0.067170
202.174673	-0.060170
202.864689	-0.053610
203.554705	-0.046700
204.244721	-0.038660
204.934737	-0.028970
205.624753	-0.017520
206.314769	-0.004570
207.004784	0.009260
207.694800	0.023200
208.384816	0.036540
209.074832	0.048720
209.764848	0.059450
210.454864	0.068690
211.144880	0.076560
211.834896	0.083240
212.524912	0.088910
213.214928	0.093570
213.904944	0.097050
214.594960	0.099010
215.284976	0.099050
215.974992	0.096730
216.665008	0.091710
217.355024	0.083800
218.045040	0.073000
218.735056	0.059560
219.425072	0.043940
220.115087	0.026840
220.805103	0.009050
221.495119	-0.008610
222.185135	-0.025410
222.875151	-0.040770
223.565167	-0.054260
224.255183	-0.065640
224.945199	-0.074770
225.635215	-0.081640
226.325231	-0.086320
227.015247	-0.088910
227.705263	-0.089460
228.395279	-0.088080
229.085295	-0.084870
229.775311	-0.080120
230.465327	-0.074290
231.155343	-0.068050
231.845359	-0.062220
232.535375	-0.057750
233.225391	-0.055530
233.915406	-0.056230
234.605422	-0.060180
235.295438	-0.067120
235.985454	-0.076120
236.675470	-0.085630
237.365486	-0.093750
238.055502	-0.098450
238.745518	-0.097910
239.435534	-0.090750
240.125550	-0.076190
240.815566	-0.054220
241.505582	-0.025700
242.195598	0.007640
242.885614	0.043360
243.575630	0.078590
244.265646	0.110410
244.955662	0.136230
245.645678	0.154110
246.335694	0.162950
247.025709	0.162560
247.715725	0.153540
248.405741	0.137220
249.095757	0.115330
249.785773	0.089880
250.475789	0.062890
251.165805	0.036340
251.855821	0.012060
252.545837	-0.008300
253.235853	-0.023480
253.925869	-0.032570
254.615885	-0.035210
255.305901	-0.031580
255.995917	-0.022390
256.685933	-0.008790
257.375949	0.007810
258.065965	0.025880
258.755981	0.043920
259.445997	0.060530
260.136012	0.074480
260.826028	0.084830
261.516044	0.090990
262.206060	0.092690
262.896076	0.089970
263.586092	0.083140
264.276108	0.072580
264.966124	0.058730
265.656140	0.042060
266.346156	0.023090
267.036172	0.002440
267.726188	-0.019160
268.416204	-0.040870
269.106220	-0.061870
269.796236	-0.081410
270.486252	-0.098890
271.176268	-0.113810
271.866284	-0.125710
272.556300	-0.134100
273.246316	-0.138430
273.936331	-0.138120
274.626347	-0.132820
275.316363	-0.122480
276.006379	-0.107570
276.696395	-0.089110
277.386411	-0.068590
278.076427	-0.047840
278.766443	-0.028760
279.456459	-0.012920
280.146475	-0.001320
280.836491	0.005910
281.526507	0.009430
282.216523	0.010560
282.906539	0.010910
283.596555	0.012010
284.286571	0.015010
284.976587	0.020480
285.666603	0.028390
286.356619	0.038210
287.046634	0.049110
287.736650	0.060190
288.426666	0.070670
289.116682	0.079980
289.806698	0.087740
290.496714	0.093690
291.186730	0.097710
291.876746	0.099730
292.566762	0.099790
293.256778	0.098000
293.946794	0.094450
294.636810	0.089280
295.326826	0.082630
296.016842	0.074700
296.706858	0.065740
297.396874	0.056070
298.086890	0.045960
298.776906	0.035620
299.466922	0.025260
300.156937	0.015080
300.846953	0.005390
301.536969	-0.003460
302.226985	-0.011170
302.917001	-0.017510
303.607017	-0.022430
304.297033	-0.026150
304.987049	-0.029080
305.677065	-0.031800
306.367081	-0.034930
307.057097	-0.039010
307.747113	-0.044390
308.437129	-0.051240
309.127145	-0.059560
309.817161	-0.069160
310.507177	-0.079730
311.197193	-0.090820
311.887209	-0.101800
312.577225	-0.111930
313.267241	-0.120270
313.957256	-0.125820
314.647272	-0.127640
315.337288	-0.125020
316.027304	-0.117600
316.717320	-0.105530
317.407336	-0.089460
318.097352	-0.070330
318.787368	-0.049300
319.477384	-0.027620
320.167400	-0.006480
320.857416	0.013050
321.547432	0.030130
322.237448	0.044100
322.927464	0.054610
323.617480	0.061640
324.307496	0.065450
324.997512	0.066510
325.687528	0.065420
326.377544	0.062840
327.067559	0.059420
327.757575	0.055800
328.447591	0.052560
329.137607	0.050260
329.827623	0.049320
330.517639	0.050030
331.207655	0.052480
331.897671	0.056510
332.587687	0.061740
333.277703	0.067550
333.967719	0.073120
334.657735	0.077580
335.347751	0.080080
336.037767	0.079970
336.727783	0.076910
337.417799	0.070950
338.107815	0.062550
338.797831	0.052530
339.487847	0.041880
340.177862	0.031680
340.867878	0.022830
341.557894	0.016030
342.247910	0.011670
342.937926	0.009920
343.627942	0.010670
344.317958	0.013560
345.007974	0.017970
345.697990	0.023100
346.388006	0.027980
347.078022	0.031590
347.768038	0.032970
348.458054	0.031440
349.148070	0.026650
349.838086	0.018700
350.528102	0.008090
351.218118	-0.004410
351.908134	-0.017930
352.598150	-0.031520
353.288165	-0.044290
353.978181	-0.055380
354.668197	-0.063970
355.358213	-0.069300
356.048229	-0.070710
356.738245	-0.067710
357.428261	-0.060020
358.118277	-0.047720
358.808293	-0.031220
359.498309	-0.011300
360.188325	0.010970
360.878341	0.034360
361.568357	0.057610
362.258373	0.079480
362.948389	0.098880
363.638405	0.114850
364.328421	0.126590
365.018437	0.133480
365.708453	0.134980
366.398469	0.130710
367.088484	0.120430
367.778500	0.104120
368.468516	0.082050
369.158532	0.054800
369.848548	0.023190
370.538564	-0.011700
371.228580	-0.048670
371.918596	-0.086430
372.608612	-0.123630
373.298628	-0.158890
373.988644	-0.190880
374.678660	-0.218350
375.368676	-0.240160
376.058692	-0.255450
376.748708	-0.263680
377.438724	-0.264800
378.128740	-0.259300
378.818756	-0.248190
379.508772	-0.232860
380.198787	-0.214890
380.888803	-0.195750
381.578819	-0.176580
382.268835	-0.158100
382.958851	-0.140570
383.648867	-0.123830
384.338883	-0.107430
385.028899	-0.090760
385.718915	-0.073200
386.408931	-0.054280
387.098947	-0.033850
387.788963	-0.012130
388.478979	0.010160
389.168995	0.031960
389.859011	0.051890
390.549027	0.068530
391.239043	0.080570
391.929059	0.087130
392.619075	0.088010
393.309090	0.083800
393.999106	0.075910
394.689122	0.066430
395.379138	0.057750
396.069154	0.052160
396.759170	0.051420
397.449186	0.056510
398.139202	0.067530
398.829218	0.083790
399.519234	0.103990
400.209250	0.126510
400.899266	0.149720
401.589282	0.172160
402.279298	0.192620
402.969314	0.210220
403.659330	0.224450
404.349346	0.235220
405.039362	0.242930
405.729378	0.248390
406.419394	0.252550
407.109409	0.256140
407.799425	0.259270
408.489441	0.261240
409.179457	0.260620
409.869473	0.255480
410.559489	0.243830
411.249505	0.223950
411.939521	0.194680
412.629537	0.155680
413.319553	0.107530
414.009569	0.051720
414.699585	-0.009380
415.389601	-0.072810
416.079617	-0.135200
416.769633	-0.193180
417.459649	-0.243740
418.149665	-0.284570
418.839681	-0.314270
419.529697	-0.332390
420.219712	-0.339430
420.909728	-0.336520
421.599744	-0.325220
422.289760	-0.307270
422.979776	-0.284420
423.669792	-0.258310
424.359808	-0.230490
425.049824	-0.202340
425.739840	-0.175120
426.429856	-0.149820
427.119872	-0.127130
427.809888	-0.107300
428.499904	-0.090160
429.189920	-0.075090
429.879936	-0.061060
430.569952	-0.046680
431.259968	-0.030600
431.949984	-0.011890
432.640000	0.009570
433.330015	0.032780
434.020031	0.055710
434.710047	0.075790
435.400063	0.090530
436.090079	0.097980
436.780095	0.097100
437.470111	0.087840
438.160127	0.071090
438.850143	0.048510
439.540159	0.022450
440.230175	-0.004320
440.920191	-0.028960
441.610207	-0.048980
442.300223	-0.062710
442.990239	-0.069470
443.680255	-0.069500
444.370271	-0.063690
445.060287	-0.053190
445.750303	-0.039090
446.440319	-0.022360
447.130334	-0.004070
447.820350	0.014490
448.510366	0.031580
449.200382	0.045200
449.890398	0.053420
450.580414	0.054800
451.270430	0.048700
451.960446	0.035490
452.650462	0.016530
453.340478	-0.006060
454.030494	-0.029590
454.720510	-0.050990
455.410526	-0.067190
456.100542	-0.075560
456.790558	-0.074350
457.480574	-0.063010
458.170590	-0.042280
458.860606	-0.014030
459.550622	0.019130
460.240637	0.054320
460.930653	0.088770
461.620669	0.120160
462.310685	0.146690
463.000701	0.167080
463.690717	0.180620
464.380733	0.187030
465.070749	0.186530
465.760765	0.179670
466.450781	0.167280
467.140797	0.150420
467.830813	0.130310
468.520829	0.108290
469.210845	0.085680
469.900861	0.063540
470.590877	0.042520
471.280893	0.022840
471.970909	0.004480
472.660925	-0.012570
473.350940	-0.028150
474.040956	-0.041870
474.730972	-0.053310
475.420988	-0.062260
476.111004	-0.068830
476.801020	-0.073430
477.491036	-0.076630
478.181052	-0.079050
478.871068	-0.081190
479.561084	-0.083330
480.251100	-0.085380
480.941116	-0.086920
481.631132	-0.087140
482.321148	-0.085010
483.011164	-0.079530
483.701180	-0.069940
484.391196	-0.056060
485.081212	-0.038550
485.771228	-0.018850
486.461244	0.001070
487.151259	0.019220
487.841275	0.033950
488.531291	0.044280
489.221307	0.050010
489.911323	0.051570
490.601339	0.049740
491.291355	0.045470
491.981371	0.039690
492.671387	0.033210
493.361403	0.026600
494.051419	0.020200
494.741435	0.014170
495.431451	0.008500
496.121467	0.003040
496.811483	-0.002440
497.501499	-0.008280
498.191515	-0.014680
498.881531	-0.021710
499.571547	-0.029120
500.261562	-0.036330
500.951578	-0.042530
501.641594	-0.046950
502.331610	-0.048980
503.021626	-0.048180
503.711642	-0.044260
504.401658	-0.036910
505.091674	-0.025950
505.781690	-0.011390
506.471706	0.006350
507.161722	0.026380
507.851738	0.047330
508.541754	0.067560
509.231770	0.085330
509.921786	0.098970
510.611802	0.107100
511.301818	0.108820
511.991834	0.103930
512.681850	0.092880
513.371865	0.076680
514.061881	0.056670
514.751897	0.034350
515.441913	0.011060
516.131929	-0.012090
516.821945	-0.034350
517.511961	-0.055220
518.201977	-0.074350
518.891993	-0.091430
519.582009	-0.105980
520.272025	-0.117380
520.962041	-0.125030
521.652057	-0.128480
522.342073	-0.127470
523.032089	-0.121980
523.722105	-0.112190
524.412121	-0.098420
525.102137	-0.081180
525.792153	-0.061230
526.482169	-0.039550
527.172184	-0.017340
527.862200	0.004180
528.552216	0.024020
529.242232	0.041480
529.932248	0.056280
530.622264	0.068620
531.312280	0.079050
532.002296	0.088310
532.692312	0.097120
533.382328	0.105910
534.072344	0.114650
534.762360	0.122740
535.452376	0.129160
536.142392	0.132620
536.832408	0.131890
537.522424	0.126080
538.212440	0.114800
538.902456	0.098190
539.592472	0.076840
540.282487	0.051650
540.972503	0.023730
541.662519	-0.005780
542.352535	-0.035720
543.042551	-0.064930
543.732567	-0.092310
544.422583	-0.116860
545.112599	-0.137740
545.802615	-0.154350
546.492631	-0.166370
547.182647	-0.173730
547.872663	-0.176590
548.562679	-0.175330
549.252695	-0.170420
549.942711	-0.162420
550.632727	-0.151850
551.322743	-0.139130
552.012759	-0.124590
552.702775	-0.108410
553.392790	-0.090810
554.082806	-0.072100
554.772822	-0.052720
555.462838	-0.033160
556.152854	-0.013920
556.842870	0.004520
557.532886	0.021860
558.222902	0.037980
558.912918	0.053040
559.602934	0.067550
560.292950	0.082290
560.982966	0.098070
561.672982	0.115530
562.362998	0.134860
563.053014	0.155790
563.743030	0.177660
564.433046	0.199570
565.123062	0.220420
565.813078	0.238880
566.503094	0.253370
567.193109	0.262050
567.883125	0.263040
568.573141	0.254670
569.263157	0.235930
569.953173	0.206720
570.643189	0.168100
571.333205	0.122150
572.023221	0.071790
572.713237	0.020410
573.403253	-0.028430
574.093269	-0.071400
574.783285	-0.105680
575.473301	-0.129340
576.163317	-0.141490
576.853333	-0.142400
577.543349	-0.133300
578.233365	-0.116040
578.923381	-0.092720
579.613397	-0.065480
580.303412	-0.036370
580.993428	-0.007340
581.683444	0.019730
582.373460	0.043140
583.063476	0.061470
583.753492	0.073660
584.443508	0.079200
585.133524	0.078030
585.823540	0.070600
586.513556	0.057780
587.203572	0.040790
587.893588	0.021060
588.583604	0.000190
589.273620	-0.020280
589.963636	-0.039050
590.653652	-0.055230
591.343668	-0.068470
592.033684	-0.078920
592.723700	-0.087110
593.413715	-0.093760
594.103731	-0.099570
594.793747	-0.105080
595.483763	-0.110560
596.173779	-0.116000
596.863795	-0.121210
597.553811	-0.125880
598.243827	-0.129670
598.933843	-0.132320
599.623859	-0.133670
600.313875	-0.133680
601.003891	-0.132350
601.693907	-0.129640
602.383923	-0.125450
603.073939	-0.119650
603.763955	-0.112050
604.453971	-0.102570
605.143987	-0.091310
605.834003	-0.078700
606.524019	-0.065500
607.214034	-0.052770
607.904050	-0.041680
608.594066	-0.033300
609.284082	-0.028350
609.974098	-0.027170
610.664114	-0.029730
611.354130	-0.035710
612.044146	-0.044570
612.734162	-0.055500
613.424178	-0.067400
614.114194	-0.078860
614.804210	-0.088230
615.494226	-0.093860
616.184242	-0.094290
616.874258	-0.088500
617.564274	-0.076060
618.254290	-0.057250
618.944306	-0.033000
619.634322	-0.004830
620.324337	0.025330
621.014353	0.055430
621.704369	0.083570
622.394385	0.108310
623.084401	0.128960
623.774417	0.145520
624.464433	0.158610
625.154449	0.169090
625.844465	0.177860
626.534481	0.185540
627.224497	0.192350
627.914513	0.198160
628.604529	0.202560
629.294545	0.205000
629.984561	0.204940
630.674577	0.202050
631.364593	0.196460
632.054609	0.188760
632.744625	0.179990
633.434640	0.171390
634.124656	0.164070
634.814672	0.158770
635.504688	0.155580
636.194704	0.153970
636.884720	0.152780
637.574736	0.150480
638.264752	0.145300
638.954768	0.135520
639.644784	0.119770
640.334800	0.097250
641.024816	0.067980
641.714832	0.032920
642.404848	-0.006010
643.094864	-0.046220
643.784880	-0.084760
644.474896	-0.118950
645.164912	-0.146820
645.854928	-0.167490
646.544943	-0.181240
647.234959	-0.189310
647.924975	-0.193430
648.614991	-0.195410
649.305007	-0.196620
649.995023	-0.197670
650.685039	-0.198380
651.375055	-0.197850
652.065071	-0.194790
652.755087	-0.187940
653.445103	-0.176480
654.135119	-0.160240
654.825135	-0.139840
655.515151	-0.116480
656.205167	-0.091700
656.895183	-0.067020
657.585199	-0.043710
658.275215	-0.022540
658.965231	-0.003780
659.655247	0.012670
660.345262	0.027200
661.035278	0.040250
661.725294	0.052190
662.415310	0.063280
663.105326	0.073620
663.795342	0.083210
664.485358	0.092040
665.175374	0.100120
665.865390	0.107450
666.555406	0.114070
667.245422	0.119920
667.935438	0.124830
668.625454	0.128490
669.315470	0.130470
670.005486	0.130300
670.695502	0.127530
671.385518	0.121830
672.075534	0.112990
672.765550	0.100920
673.455565	0.085620
674.145581	0.067140
674.835597	0.045490
675.525613	0.020710
676.215629	-0.007040
676.905645	-0.037410
677.595661	-0.069610
678.285677	-0.102380
678.975693	-0.134120
679.665709	-0.163110
680.355725	-0.187840
681.045741	-0.207210
681.735757	-0.220620
682.425773	-0.227950
683.115789	-0.229420
683.805805	-0.225600
684.495821	-0.217220
685.185837	-0.205110
685.875853	-0.190060
686.565868	-0.172850
687.255884	-0.154160
687.945900	-0.134510
688.635916	-0.114200
689.325932	-0.093310
690.015948	-0.071760
690.705964	-0.049390
691.395980	-0.026110
692.085996	-0.002070
692.776012	0.022400
693.466028	0.046840
694.156044	0.070550
694.846060	0.092580
695.536076	0.111850
696.226092	0.127250
696.916108	0.137840
697.606124	0.143020
698.296140	0.142750
698.986156	0.137570
699.676172	0.128520
700.366187	0.116940
701.056203	0.104310
701.746219	0.091970
702.436235	0.080990
703.126251	0.072050
703.816267	0.065590
704.506283	0.061870
705.196299	0.061050
705.886315	0.063130
706.576331	0.067740
707.266347	0.074110
707.956363	0.080970
708.646379	0.086580
709.336395	0.088980
710.026411	0.086470
710.716427	0.077920
711.406443	0.063070
712.096459	0.042610
712.786475	0.018190
713.476490	-0.007940
714.166506	-0.033340
714.856522	-0.055720
715.546538	-0.073310
716.236554	-0.085190
716.926570	-0.091390
717.616586	-0.092800
718.306602	-0.090910
718.996618	-0.087320
719.686634	-0.083300
720.376650	-0.079490
721.066666	-0.075850
721.756682	-0.071840
722.446698	-0.066740
723.136714	-0.060020
723.826730	-0.051500
724.516746	-0.041440
725.206762	-0.030390
725.896778	-0.019110
726.586793	-0.008300
727.276809	0.001520
727.966825	0.010120
728.656841	0.017630
729.346857	0.024420
730.036873	0.030990
730.726889	0.037810
731.416905	0.045080
732.106921	0.052740
732.796937	0.060560
733.486953	0.068110
734.176969	0.074820
734.866985	0.080010
735.557001	0.082850
736.247017	0.082460
736.937033	0.078120
737.627049	0.069560
738.317065	0.057000
739.007081	0.041280
739.697097	0.023810
740.387112	0.006330
741.077128	-0.009370
741.767144	-0.021750
742.457160	-0.029840
743.147176	-0.033400
743.837192	-0.032830
744.527208	-0.029070
745.217224	-0.023420
745.907240	-0.017260
746.597256	-0.011960
747.287272	-0.008770
747.977288	-0.008570
748.667304	-0.011710
749.357320	-0.017940
750.047336	-0.026350
750.737352	-0.035630
751.427368	-0.044210
752.117384	-0.050610
752.807400	-0.053660
753.497415	-0.052590
754.187431	-0.047100
754.877447	-0.037330
755.567463	-0.023910
756.257479	-0.007830
756.947495	0.009540
757.637511	0.026610
758.327527	0.041710
759.017543	0.053180
759.707559	0.059590
760.397575	0.059860
761.087591	0.053460
761.777607	0.040460
762.467623	0.021670
763.157639	-0.001400
763.847655	-0.026580
764.537671	-0.051310
765.227687	-0.072880
765.917703	-0.088920
766.607718	-0.097860
767.297734	-0.099270
767.987750	-0.093850
768.677766	-0.083190
769.367782	-0.069250
770.057798	-0.053900
770.747814	-0.038670
771.437830	-0.024530
772.127846	-0.012040
772.817862	-0.001330
773.507878	0.007780
774.197894	0.015720
774.887910	0.022960
775.577926	0.029790
776.267942	0.036120
776.957958	0.041380
777.647974	0.044600
778.337990	0.044710
779.028006	0.040920
779.718022	0.033100
780.408037	0.021960
781.098053	0.008950
781.788069	-0.004060
782.478085	-0.015350
783.168101	-0.023630
783.858117	-0.028260
784.548133	-0.029240
785.238149	-0.027130
785.928165	-0.022740
786.618181	-0.016860
787.308197	-0.010080
787.998213	-0.002690
788.688229	0.005290
789.378245	0.013850
790.068261	0.022730
790.758277	0.031370
791.448293	0.039000
792.138309	0.044920
792.828325	0.048490
793.518340	0.049140
794.208356	0.046450
794.898372	0.040270
795.588388	0.030830
796.278404	0.018800
796.968420	0.005240
797.658436	-0.008820
798.348452	-0.022540
799.038468	-0.035350
799.728484	-0.047020
800.418500	-0.057490
801.108516	-0.066720
801.798532	-0.074610
802.488548	-0.080880
803.178564	-0.084940
803.868580	-0.085900
804.558596	-0.082760
805.248612	-0.074730
805.938628	-0.061480
806.628643	-0.043250
807.318659	-0.020830
808.008675	0.004670
808.698691	0.032160
809.388707	0.060690
810.078723	0.089610
810.768739	0.118390
811.458755	0.146380
812.148771	0.172600
812.838787	0.195800
813.528803	0.214560
814.218819	0.227530
814.908835	0.233770
815.598851	0.232840
816.288867	0.224880
816.978883	0.210480
817.668899	0.190630
818.358915	0.166510
819.048931	0.139370
819.738947	0.110400
820.428962	0.080740
821.118978	0.051510
821.808994	0.023720
822.499010	-0.001680
823.189026	-0.024040
823.879042	-0.043090
824.569058	-0.059050
825.259074	-0.072510
825.949090	-0.084180
826.639106	-0.094670
827.329122	-0.104350
828.019138	-0.113330
828.709154	-0.121670
829.399170	-0.129560
830.089186	-0.137300
830.779202	-0.145150
831.469218	-0.153120
832.159234	-0.160830
832.849250	-0.167660
833.539265	-0.172950
834.229281	-0.176190
834.919297	-0.177090
835.609313	-0.175630
836.299329	-0.171860
836.989345	-0.165740
837.679361	-0.157110
838.369377	-0.145730
839.059393	-0.131380
839.749409	-0.113990
840.439425	-0.093810
841.129441	-0.071490
841.819457	-0.048020
842.509473	-0.024690
843.199489	-0.002880
843.889505	0.016050
844.579521	0.031070
845.269537	0.041380
845.959553	0.046620
846.649568	0.046790
847.339584	0.042250
848.029600	0.033680
848.719616	0.022050
849.409632	0.008580
850.099648	-0.005390
850.789664	-0.018570
851.479680	-0.029810
852.169696	-0.038310
852.859712	-0.043770
853.549728	-0.046310
854.239744	-0.046400
854.929760	-0.044630
855.619776	-0.041640
856.309792	-0.037930
856.999808	-0.033800
857.689824	-0.029350
858.379840	-0.024520
859.069856	-0.019090
859.759872	-0.012840
860.449887	-0.005690
861.139903	0.002220
861.829919	0.010560
862.519935	0.018850
863.209951	0.026550
863.899967	0.033170
864.589983	0.038320
865.279999	0.041800
865.970015	0.043690
866.660031	0.044440
867.350047	0.044850
868.040063	0.045860
868.730079	0.048300
869.420095	0.052700
870.110111	0.059170
870.800127	0.067440
871.490143	0.076890
872.180159	0.086660
872.870175	0.095760
873.560190	0.103070
874.250206	0.107600
874.940222	0.108550
875.630238	0.105470
876.320254	0.098220
877.010270	0.087020
877.700286	0.072310
878.390302	0.054690
879.080318	0.034860
879.770334	0.013510
880.460350	-0.008640
881.150366	-0.030820
881.840382	-0.052230
882.530398	-0.071950
883.220414	-0.089120
883.910430	-0.102960
884.600446	-0.112880
885.290462	-0.118470
885.980478	-0.119580
886.670493	-0.116290
887.360509	-0.109000
888.050525	-0.098400
888.740541	-0.085330
889.430557	-0.070570
890.120573	-0.054630
890.810589	-0.037650
891.500605	-0.019460
892.190621	0.000140
892.880637	0.021270
893.570653	0.043760
894.260669	0.067250
894.950685	0.091200
895.640701	0.115020
896.330717	0.138010
897.020733	0.159380
897.710749	0.178220
898.400765	0.193570
899.090781	0.204490
899.780797	0.210170
900.470812	0.209920
901.160828	0.203390
901.850844	0.190730
902.540860	0.172710
903.230876	0.150700
903.920892	0.126540
904.610908	0.102160
905.300924	0.079210
905.990940	0.058880
906.680956	0.041860
907.370972	0.028360
908.060988	0.018320
908.751004	0.011460
909.441020	0.007300
910.131036	0.005250
910.821052	0.004590
911.511068	0.004600
912.201084	0.004520
912.891100	0.003730
913.581115	0.001740
914.271131	-0.001690
914.961147	-0.006500
915.651163	-0.012360
916.341179	-0.018800
917.031195	-0.025370
917.721211	-0.031880
918.411227	-0.038610
919.101243	-0.046090
919.791259	-0.054990
920.481275	-0.065880
921.171291	-0.078950
921.861307	-0.093980
922.551323	-0.110310
923.241339	-0.126850
923.931355	-0.142230
924.621371	-0.155020
925.311387	-0.163990
926.001403	-0.168370
926.691418	-0.168010
927.381434	-0.163120
928.071450	-0.154170
928.761466	-0.141740
929.451482	-0.126600
930.141498	-0.109770
930.831514	-0.092530
931.521530	-0.076330
932.211546	-0.062410
932.901562	-0.051610
933.591578	-0.044210
934.281594	-0.040020
934.971610	-0.038420
935.661626	-0.038490
936.351642	-0.039160
937.041658	-0.039370
937.731674	-0.038280
938.421690	-0.035390
939.111706	-0.030660
939.801722	-0.024390
940.491737	-0.017070
941.181753	-0.009200
941.871769	-0.001200
942.561785	0.006580
943.251801	0.013750
943.941817	0.019820
944.631833	0.024180
945.321849	0.026230
946.011865	0.025590
946.701881	0.022240
947.391897	0.016640
948.081913	0.009720
948.771929	0.002760
949.461945	-0.002880
950.151961	-0.006140
950.841977	-0.006580
951.531993	-0.004440
952.222009	-0.000510
952.912025	0.004180
953.602040	0.008780
954.292056	0.012870
954.982072	0.016380
955.672088	0.019450
956.362104	0.022350
957.052120	0.025340
957.742136	0.028610
958.432152	0.032200
959.122168	0.036040
959.812184	0.039870
960.502200	0.043360
961.192216	0.046260
961.882232	0.048600
962.572248	0.050560
963.262264	0.052340
963.952280	0.053980
964.642296	0.055330
965.332312	0.056040
966.022328	0.055690
966.712343	0.053980
967.402359	0.050800
968.092375	0.046240
968.782391	0.040570
969.472407	0.034190
970.162423	0.027560
970.852439	0.021060
971.542455	0.014960
972.232471	0.009550
972.922487	0.005160
973.612503	0.002300
974.302519	0.001630
974.992535	0.003770
975.682551	0.009150
976.372567	0.017830
977.062583	0.029310
977.752599	0.042590
978.442615	0.056300
979.132631	0.068800
979.822646	0.078420
980.512662	0.083830
981.202678	0.084280
981.892694	0.079800
982.582710	0.071010
983.272726	0.058940
983.962742	0.044790
984.652758	0.029710
985.342774	0.014710
986.032790	0.000520
986.722806	-0.012470
987.412822	-0.024260
988.102838	-0.035130
988.792854	-0.045480
989.482870	-0.055510
990.172886	-0.065130
990.862902	-0.073880
991.552918	-0.081180
992.242934	-0.086540
992.932950	-0.089690
993.622965	-0.090650
994.312981	-0.089550
995.002997	-0.086450
995.693013	-0.081180
996.383029	-0.073380
997.073045	-0.062700
997.763061	-0.049090
998.453077	-0.033060
999.143093	-0.015750
999.833109	0.001300
1000.523125	0.016450
1001.213141	0.028160
1001.903157	0.035260
1002.593173	0.037090
1003.283189	0.033510
1003.973205	0.024970
1004.663221	0.012400
1005.353237	-0.002770
1006.043253	-0.018760
1006.733268	-0.033550
1007.423284	-0.045100
1008.113300	-0.051750
1008.803316	-0.052540
1009.493332	-0.047430
1010.183348	-0.037360
1010.873364	-0.023920
1011.563380	-0.008910
1012.253396	0.006070
1012.943412	0.019860
1013.633428	0.031740
1014.323444	0.041300
1015.013460	0.048320
1015.703476	0.052690
1016.393492	0.054380
1017.083508	0.053540
1017.773524	0.050470
1018.463540	0.045680
1019.153556	0.039670
1019.843571	0.032840
1020.533587	0.025390
1021.223603	0.017470
1021.913619	0.009240
1022.603635	0.000940
1023.293651	-0.007040
1023.983667	-0.014420
1024.673683	-0.020980
1025.363699	-0.026630
1026.053715	-0.031330
1026.743731	-0.034920
1027.433747	-0.037100
1028.123763	-0.037530
1028.813779	-0.035960
1029.503795	-0.032340
1030.193811	-0.026820
1030.883827	-0.019800
1031.573843	-0.011720
1032.263859	-0.003100
1032.953875	0.005460
1033.643890	0.013320
1034.333906	0.019840
1035.023922	0.024570
1035.713938	0.027480
1036.403954	0.029050
1037.093970	0.030390
1037.783986	0.032980
1038.474002	0.038380
1039.164018	0.047890
1039.854034	0.062210
1040.544050	0.081210
1041.234066	0.103750
1041.924082	0.127740
1042.614098	0.150250
1043.304114	0.167850
1043.994130	0.177180
1044.684146	0.175610
1045.374162	0.161900
1046.064178	0.136640
1046.754193	0.102350
1047.444209	0.062940
1048.134225	0.023030
1048.824241	-0.012970
1049.514257	-0.041610
1050.204273	-0.060890
1050.894289	-0.070320
1051.584305	-0.070740
1052.274321	-0.063960
1052.964337	-0.052310
1053.654353	-0.038160
1054.344369	-0.023500
1055.034385	-0.009740
1055.724401	0.002360
1056.414417	0.012520
1057.104433	0.020640
1057.794449	0.026620
1058.484465	0.030220
1059.174481	0.031130
1059.864496	0.029140
1060.554512	0.024260
1061.244528	0.016750
1061.934544	0.006920
1062.624560	-0.004990
1063.314576	-0.018920
1064.004592	-0.034900
1064.694608	-0.052920
1065.384624	-0.072820
1066.074640	-0.094170
1066.764656	-0.116280
1067.454672	-0.138280
1068.144688	-0.159140
1068.834704	-0.177730
1069.524720	-0.192890
1070.214736	-0.203590
1070.904752	-0.209000
1071.594768	-0.208550
1072.284784	-0.201990
1072.974800	-0.189460
1073.664815	-0.171450
1074.354831	-0.148830
1075.044847	-0.122700
1075.734863	-0.094340
1076.424879	-0.065020
1077.114895	-0.035890
1077.804911	-0.007890
1078.494927	0.018230
1079.184943	0.042000
1079.874959	0.063040
1080.564975	0.081110
1081.254991	0.096010
1081.945007	0.107670
1082.635023	0.116160
1083.325039	0.121740
1084.015055	0.124820
1084.705071	0.125940
1085.395087	0.125540
1086.085103	0.123910
1086.775118	0.121000
1087.465134	0.116510
1088.155150	0.109990
1088.845166	0.100970
1089.535182	0.089110
1090.225198	0.074290
1090.915214	0.056660
1091.605230	0.036550
1092.295246	0.014440
1092.985262	-0.009000
1093.675278	-0.032990
1094.365294	-0.056550
1095.055310	-0.078510
1095.745326	-0.097610
1096.435342	-0.112540
1097.125358	-0.122110
1097.815374	-0.125430
1098.505390	-0.122060
1099.195406	-0.112110
1099.885421	-0.096390
1100.575437	-0.076200
1101.265453	-0.053160
1101.955469	-0.028900
1102.645485	-0.004900
1103.335501	0.017640
1104.025517	0.037870
1104.715533	0.055080
1105.405549	0.068730
1106.095565	0.078440
1106.785581	0.083980
1107.475597	0.085270
1108.165613	0.082400
1108.855629	0.075620
1109.545645	0.065380
1110.235661	0.052310
1110.925677	0.037270
1111.615693	0.021220
1112.305709	0.005110
1112.995725	-0.010260
1113.685740	-0.024430
1114.375756	-0.037310
1115.065772	-0.049100
1115.755788	-0.060210
1116.445804	-0.071000
1117.135820	-0.081650
1117.825836	-0.092080
1118.515852	-0.101910
1119.205868	-0.110600
1119.895884	-0.117550
1120.585900	-0.122130
1121.275916	-0.123740
1121.965932	-0.121790
1122.655948	-0.115720
1123.345964	-0.105040
1124.035980	-0.089460
1124.725996	-0.069120
1125.416012	-0.044580
1126.106028	-0.016790
1126.796043	0.013010
1127.486059	0.043630
1128.176075	0.073870
1128.866091	0.102680
1129.556107	0.129030
1130.246123	0.151820
1130.936139	0.169800
1131.626155	0.181770
1132.316171	0.186770
1133.006187	0.184210
1133.696203	0.174160
1134.386219	0.157400
1135.076235	0.135260
1135.766251	0.109420
1136.456267	0.081660
1137.146283	0.053710
1137.836299	0.027220
1138.526315	0.003750
1139.216331	-0.015150
1139.906346	-0.028110
1140.596362	-0.034080
1141.286378	-0.032550
1141.976394	-0.023650
1142.666410	-0.008170
1143.356426	0.012560
1144.046442	0.036990
1144.736458	0.063390
1145.426474	0.090110
1146.116490	0.115770
1146.806506	0.139300
1147.496522	0.159870
1148.186538	0.176720
1148.876554	0.188990
1149.566570	0.195650
1150.256586	0.195650
1150.946602	0.188360
1151.636618	0.173710
1152.326634	0.152200
1153.016650	0.124650
1153.706665	0.091920
1154.396681	0.054820
1155.086697	0.014430
1155.776713	-0.027620
1156.466729	-0.069250
1157.156745	-0.108280
1157.846761	-0.142960
1158.536777	-0.172350
1159.226793	-0.196380
1159.916809	-0.215590
1160.606825	-0.230770
1161.296841	-0.242570
1161.986857	-0.251020
1162.676873	-0.255210
1163.366889	-0.253420
1164.056905	-0.243660
1164.746921	-0.224390
1165.436937	-0.195260
1166.126953	-0.157590
1166.816968	-0.114140
1167.506984	-0.068460
1168.197000	-0.024260
1168.887016	0.015170
1169.577032	0.047380
1170.267048	0.070880
1170.957064	0.085100
1171.647080	0.090250
1172.337096	0.087100
1173.027112	0.076850
1173.717128	0.060940
1174.407144	0.040810
1175.097160	0.017860
1175.787176	-0.006730
1176.477192	-0.031970
1177.167208	-0.056940
1177.857224	-0.080800
1178.547240	-0.102790
1179.237256	-0.122280
1179.927271	-0.138850
1180.617287	-0.152240
1181.307303	-0.162300
1181.997319	-0.168830
1182.687335	-0.171540
1183.377351	-0.170030
1184.067367	-0.163900
1184.757383	-0.152960
1185.447399	-0.137310
1186.137415	-0.117380
1186.827431	-0.093970
1187.517447	-0.068180
1188.207463	-0.041270
1188.897479	-0.014570
1189.587495	0.010490
1190.277511	0.032720
1190.967527	0.051190
1191.657543	0.065500
1192.347559	0.075650
1193.037575	0.082090
1193.727590	0.085520
1194.417606	0.086810
1195.107622	0.086870
1195.797638	0.086670
1196.487654	0.087110
1197.177670	0.088990
1197.867686	0.092850
1198.557702	0.098910
1199.247718	0.106970
1199.937734	0.116410
1200.627750	0.126200
1201.317766	0.135110
1202.007782	0.141890
1202.697798	0.145490
1203.387814	0.145230
1204.077830	0.140870
1204.767846	0.132570
1205.457862	0.120750
1206.147878	0.106000
1206.837893	0.088960
1207.527909	0.070300
1208.217925	0.050740
1208.907941	0.031040
1209.597957	0.012100
1210.287973	-0.005180
1210.977989	-0.020040
1211.668005	-0.031910
1212.358021	-0.040560
1213.048037	-0.046130
1213.738053	-0.049030
1214.428069	-0.049930
1215.118085	-0.049800
1215.808101	-0.049780
1216.498117	-0.051090
1217.188133	-0.054730
1217.878149	-0.061300
1218.568165	-0.070690
1219.258181	-0.082150
1219.948196	-0.094380
1220.638212	-0.105780
1221.328228	-0.114600
1222.018244	-0.119140
1222.708260	-0.117900
1223.398276	-0.109730
1224.088292	-0.094000
1224.778308	-0.070770
1225.468324	-0.040860
1226.158340	-0.005950
1226.848356	0.031600
1227.538372	0.069050
