0.000000	-0.014840
0.690050	-0.006650
1.380100	0.003900
2.070150	0.017270
2.760199	0.033740
3.450249	0.053320
4.140299	0.075640
4.830349	0.100010
5.520399	0.125470
6.210449	0.150890
6.900498	0.175050
7.590548	0.196680
8.280598	0.214480
8.970648	0.227080
9.660698	0.233140
10.350748	0.231430
11.040797	0.220970
11.730847	0.201160
12.420897	0.171930
13.110947	0.133860
13.800997	0.088220
14.491047	0.036960
15.181096	-0.017380
15.871146	-0.071830
16.561196	-0.123300
17.251246	-0.168850
17.941296	-0.205940
18.631346	-0.232600
19.321395	-0.247660
20.011445	-0.250790
20.701495	-0.242620
21.391545	-0.224600
22.081595	-0.198750
22.771645	-0.167380
23.461694	-0.132800
24.151744	-0.097000
24.841794	-0.061620
25.531844	-0.027850
26.221894	0.003530
26.911944	0.032130
27.601994	0.057780
28.292043	0.080400
28.982093	0.099880
29.672143	0.116020
30.362193	0.128400
31.052243	0.136420
31.742293	0.139350
32.432342	0.136460
33.122392	0.127090
33.812442	0.110900
34.502492	0.087920
35.192542	0.058600
35.882592	0.023810
36.572641	-0.015260
37.262691	-0.057210
37.952741	-0.100400
38.642791	-0.142960
39.332841	-0.182820
40.022891	-0.217720
40.712940	-0.245310
41.402990	-0.263390
42.093040	-0.270190
42.783090	-0.264570
43.473140	-0.246260
44.163190	-0.215930
44.853239	-0.175130
45.543289	-0.126140
46.233339	-0.071770
46.923389	-0.015010
47.613439	0.041210
48.303489	0.094350
48.993539	0.142340
49.683588	0.183580
50.373638	0.216920
51.063688	0.241500
51.753738	0.256670
52.443788	0.261970
53.133838	0.257150
53.823887	0.242230
54.513937	0.217690
55.203987	0.184570
55.894037	0.144620
56.584087	0.100190
57.274137	0.054050
57.964186	0.009160
58.654236	-0.031680
59.344286	-0.066070
60.034336	-0.092140
60.724386	-0.108690
61.414436	-0.115210
62.104485	-0.111840
62.794535	-0.099340
63.484585	-0.079010
64.174635	-0.052500
64.864685	-0.021740
65.554735	0.011290
66.244784	0.044700
66.934834	0.076730
67.624884	0.105830
68.314934	0.130640
69.004984	0.149980
69.695034	0.162890
70.385083	0.168580
71.075133	0.166510
71.765183	0.156350
72.455233	0.138170
73.145283	0.112520
73.835333	0.080600
74.525383	0.044180
75.215432	0.005590
75.905482	-0.032490
76.595532	-0.067360
77.285582	-0.096670
77.975632	-0.118790
78.665682	-0.133200
79.355731	-0.140530
80.045781	-0.142170
80.735831	-0.139860
81.425881	-0.135220
82.115931	-0.129510
82.805981	-0.123550
83.496030	-0.117850
84.186080	-0.112710
84.876130	-0.108250
85.566180	-0.104460
86.256230	-0.101300
86.946280	-0.098780
87.636329	-0.097060
88.326379	-0.096310
89.016429	-0.096560
89.706479	-0.097540
90.396529	-0.098750
91.086579	-0.099490
91.776628	-0.099050
92.466678	-0.096890
93.156728	-0.092770
93.846778	-0.086740
94.536828	-0.079080
95.226878	-0.070320
95.916928	-0.061120
96.606977	-0.052240
97.297027	-0.044420
97.987077	-0.038370
98.677127	-0.034690
99.367177	-0.033820
100.057227	-0.035910
100.747276	-0.040780
101.437326	-0.047820
102.127376	-0.055950
102.817426	-0.063690
103.507476	-0.069250
104.197526	-0.070640
104.887575	-0.066020
105.577625	-0.053950
106.267675	-0.033740
106.957725	-0.005700
107.647775	0.028870
108.337825	0.067990
109.027874	0.109270
109.717924	0.150360
110.407974	0.189260
111.098024	0.224500
111.788074	0.255230
112.478124	0.281240
113.168173	0.302900
113.858223	0.320990
114.548273	0.336480
115.238323	0.350240
115.928373	0.362740
116.618423	0.373920
117.308472	0.383060
117.998522	0.388900
118.688572	0.389760
119.378622	0.383750
120.068672	0.368910
120.758722	0.343270
121.448772	0.305040
122.138821	0.252760
122.828871	0.185690
123.518921	0.104340
124.208971	0.010950
124.899021	-0.090430
125.589071	-0.194450
126.279120	-0.294960
126.969170	-0.385730
127.659220	-0.461230
128.349270	-0.516990
129.039320	-0.549900
129.729370	-0.558450
130.419419	-0.542940
131.109469	-0.505450
131.799519	-0.449590
132.489569	-0.380060
133.179619	-0.302070
133.869669	-0.220800
134.559718	-0.140840
135.249768	-0.065870
135.939818	0.001360
136.629868	0.058840
137.319918	0.104970
138.009968	0.138460
138.700017	0.158230
139.390067	0.163630
140.080117	0.154780
140.770167	0.132690
141.460217	0.099280
142.150267	0.057200
142.840317	0.009580
143.530366	-0.040200
144.220416	-0.088790
144.910466	-0.132960
145.600516	-0.169780
146.290566	-0.196790
146.980616	-0.212060
147.670665	-0.214290
148.360715	-0.202890
149.050765	-0.178230
149.740815	-0.141690
150.430865	-0.095650
151.120915	-0.043300
151.810964	0.011780
152.501014	0.066100
153.191064	0.116570
153.881114	0.160650
154.571164	0.196350
155.261214	0.222200
155.951263	0.237340
156.641313	0.241580
157.331363	0.235360
158.021413	0.219680
158.711463	0.195920
159.401513	0.165640
160.091562	0.130570
160.781612	0.092600
161.471662	0.053830
162.161712	0.016500
162.851762	-0.017110
163.541812	-0.045010
164.231861	-0.065750
164.921911	-0.078640
165.611961	-0.083860
166.302011	-0.082360
166.992061	-0.075640
167.682111	-0.065440
168.372161	-0.053520
169.062210	-0.041490
169.752260	-0.030620
170.442310	-0.021760
171.132360	-0.015280
171.822410	-0.011120
172.512460	-0.008890
173.202509	-0.008120
173.892559	-0.008360
174.582609	-0.009360
175.272659	-0.011010
175.962709	-0.013310
176.652759	-0.016220
177.342808	-0.019540
178.032858	-0.022870
178.722908	-0.025600
179.412958	-0.027040
180.103008	-0.026590
180.793058	-0.023930
181.483107	-0.019080
182.173157	-0.012390
182.863207	-0.004380
183.553257	0.004310
184.243307	0.013080
184.933357	0.021400
185.623406	0.028850
186.313456	0.035170
187.003506	0.040260
187.693556	0.044100
188.383606	0.046730
189.073656	0.048200
189.763706	0.048570
190.453755	0.047920
191.143805	0.046350
191.833855	0.043980
192.523905	0.040900
193.213955	0.037190
193.904005	0.032980
194.594054	0.028410
195.284104	0.023620
195.974154	0.018720
196.664204	0.013700
197.354254	0.008460
198.044304	0.002860
198.734353	-0.003100
199.424403	-0.009290
200.114453	-0.015340
200.804503	-0.020760
201.494553	-0.025020
202.184603	-0.027730
202.874652	-0.028760
203.564702	-0.028280
204.254752	-0.026730
204.944802	-0.024710
205.634852	-0.022750
206.324902	-0.021140
207.014951	-0.019830
207.705001	-0.018450
208.395051	-0.016370
209.085101	-0.012920
209.775151	-0.007510
210.465201	0.000170
211.155250	0.010090
211.845300	0.021810
212.535350	0.034550
213.225400	0.047220
213.915450	0.058680
214.605500	0.067950
215.295550	0.074400
215.985599	0.077650
216.675649	0.077450
217.365699	0.073490
218.055749	0.065230
218.745799	0.051930
219.435849	0.032930
220.125898	0.007990
220.815948	-0.022390
221.505998	-0.056800
222.196048	-0.092880
222.886098	-0.127590
223.576148	-0.157550
224.266197	-0.179380
224.956247	-0.190200
225.646297	-0.187970
226.336347	-0.171790
227.026397	-0.142000
227.716447	-0.100200
228.406496	-0.049120
229.096546	0.007730
229.786596	0.066390
230.476646	0.122780
231.166696	0.173070
231.856746	0.214000
232.546795	0.243100
233.236845	0.258850
233.926895	0.260640
234.616945	0.248790
235.306995	0.224420
235.997045	0.189510
236.687095	0.146690
237.377144	0.099130
238.067194	0.050200
238.757244	0.003090
239.447294	-0.039500
240.137344	-0.075710
240.827394	-0.104500
241.517443	-0.125600
242.207493	-0.139210
242.897543	-0.145800
243.587593	-0.145860
244.277643	-0.139980
244.967693	-0.128930
245.657742	-0.113740
246.347792	-0.095690
247.037842	-0.076200
247.727892	-0.056510
248.417942	-0.037580
249.107992	-0.020020
249.798041	-0.004160
250.488091	0.009800
251.178141	0.021720
251.868191	0.031350
252.558241	0.038380
253.248291	0.042430
253.938340	0.043190
254.628390	0.040540
255.318440	0.034630
256.008490	0.026010
256.698540	0.015470
257.388590	0.004000
258.078639	-0.007400
258.768689	-0.017970
259.458739	-0.027170
260.148789	-0.034770
260.838839	-0.040730
261.528889	-0.045140
262.218939	-0.048080
262.908988	-0.049590
263.599038	-0.049620
264.289088	-0.048070
264.979138	-0.044840
265.669188	-0.039830
266.359238	-0.033040
267.049287	-0.024510
267.739337	-0.014320
268.429387	-0.002540
269.119437	0.010710
269.809487	0.025280
270.499537	0.040880
271.189586	0.057070
271.879636	0.073330
272.569686	0.089060
273.259736	0.103630
273.949786	0.116410
274.639836	0.126840
275.329885	0.134510
276.019935	0.139190
276.709985	0.140800
277.400035	0.139260
278.090085	0.134320
278.780135	0.125340
279.470184	0.111390
280.160234	0.091620
280.850284	0.065940
281.540334	0.035680
282.230384	0.003520
282.920434	-0.026990
283.610484	-0.052390
284.300533	-0.070090
284.990583	-0.079060
285.680633	-0.079690
286.370683	-0.073390
287.060733	-0.062090
287.750783	-0.048020
288.440832	-0.033460
289.130882	-0.020520
289.820932	-0.011030
290.510982	-0.006380
291.201032	-0.007360
291.891082	-0.014110
292.581131	-0.025960
293.271181	-0.041540
293.961231	-0.058920
294.651281	-0.075920
295.341331	-0.090570
296.031381	-0.101480
296.721430	-0.108070
297.411480	-0.110630
298.101530	-0.110090
298.791580	-0.107700
299.481630	-0.104610
300.171680	-0.101560
300.861729	-0.098770
301.551779	-0.095960
302.241829	-0.092740
302.931879	-0.088850
303.621929	-0.084260
304.311979	-0.079140
305.002028	-0.073660
305.692078	-0.067860
306.382128	-0.061500
307.072178	-0.054300
307.762228	-0.046010
308.452278	-0.036500
309.142328	-0.025790
309.832377	-0.014010
310.522427	-0.001320
311.212477	0.012120
311.902527	0.026240
312.592577	0.040910
313.282627	0.055940
313.972676	0.070950
314.662726	0.085260
315.352776	0.098030
316.042826	0.108260
316.732876	0.114980
317.422926	0.117340
318.112975	0.114770
318.803025	0.107030
319.493075	0.094280
320.183125	0.077110
320.873175	0.056430
321.563225	0.033350
322.253274	0.008970
322.943324	-0.015590
323.633374	-0.039350
324.323424	-0.061400
325.013474	-0.080980
325.703524	-0.097590
326.393573	-0.111000
327.083623	-0.121270
327.773673	-0.128590
328.463723	-0.133210
329.153773	-0.135310
329.843823	-0.134980
330.533872	-0.132260
331.223922	-0.127240
331.913972	-0.120090
332.604022	-0.111070
333.294072	-0.100540
333.984122	-0.088830
334.674172	-0.076020
335.364221	-0.061890
336.054271	-0.045880
336.744321	-0.027110
337.434371	-0.004720
338.124421	0.021960
338.814471	0.053160
339.504520	0.088480
340.194570	0.126880
340.884620	0.166940
341.574670	0.207040
342.264720	0.245610
342.954770	0.281210
343.644819	0.312580
344.334869	0.338510
345.024919	0.357750
345.714969	0.369280
346.405019	0.372550
347.095069	0.367710
347.785118	0.355610
348.475168	0.337600
349.165218	0.315100
349.855268	0.289230
350.545318	0.260540
351.235368	0.229020
351.925417	0.194230
352.615467	0.155430
353.305517	0.111860
353.995567	0.062940
354.685617	0.008450
355.375667	-0.051280
356.065717	-0.115090
356.755766	-0.180670
357.445816	-0.244630
358.135866	-0.302820
358.825916	-0.351070
359.515966	-0.385940
360.206016	-0.405480
360.896065	-0.409470
361.586115	-0.399290
362.276165	-0.377460
362.966215	-0.347130
363.656265	-0.311610
364.346315	-0.273890
365.036364	-0.236410
365.726414	-0.200930
366.416464	-0.168630
367.106514	-0.140190
367.796564	-0.115860
368.486614	-0.095440
369.176663	-0.078140
369.866713	-0.062680
370.556763	-0.047350
371.246813	-0.030370
371.936863	-0.010110
372.626913	0.014560
373.316962	0.044180
374.007012	0.078500
374.697062	0.116340
375.387112	0.155510
376.077162	0.193000
376.767212	0.225310
377.457261	0.248950
378.147311	0.261020
378.837361	0.259510
379.527411	0.243600
380.217461	0.213680
380.907511	0.171310
381.597561	0.118990
382.287610	0.059920
382.977660	-0.002310
383.667710	-0.064160
384.357760	-0.122260
385.047810	-0.173620
385.737860	-0.215700
386.427909	-0.246700
387.117959	-0.265820
387.808009	-0.273280
388.498059	-0.270180
389.188109	-0.258110
389.878159	-0.238820
390.568208	-0.213980
391.258258	-0.185080
391.948308	-0.153600
392.638358	-0.121040
393.328408	-0.088950
394.018458	-0.058740
394.708507	-0.031610
395.398557	-0.008330
396.088607	0.010810
396.778657	0.026030
397.468707	0.037940
398.158757	0.047360
398.848806	0.054980
399.538856	0.061210
400.228906	0.066110
400.918956	0.069580
401.609006	0.071500
402.299056	0.071920
402.989106	0.071080
403.679155	0.069390
404.369205	0.067220
405.059255	0.064870
405.749305	0.062460
406.439355	0.060050
407.129405	0.057660
407.819454	0.055380
408.509504	0.053410
409.199554	0.052090
409.889604	0.051820
410.579654	0.052960
411.269704	0.055730
411.959753	0.060160
412.649803	0.066090
413.339853	0.073170
414.029903	0.081010
414.719953	0.089160
415.410003	0.097100
416.100052	0.104280
416.790102	0.110060
417.480152	0.113810
418.170202	0.114940
418.860252	0.113050
419.550302	0.107950
420.240351	0.099760
420.930401	0.088790
421.620451	0.075630
422.310501	0.061050
423.000551	0.045880
423.690601	0.030990
424.380650	0.017180
425.070700	0.004970
425.760750	-0.005420
426.450800	-0.014140
427.140850	-0.021570
427.830900	-0.028270
428.520950	-0.034820
429.210999	-0.041770
429.901049	-0.049480
430.591099	-0.058130
431.281149	-0.067680
431.971199	-0.077950
432.661249	-0.088650
433.351298	-0.099440
434.041348	-0.109890
434.731398	-0.119470
435.421448	-0.127530
436.111498	-0.133310
436.801548	-0.135940
437.491597	-0.134590
438.181647	-0.128490
438.871697	-0.117120
439.561747	-0.100320
440.251797	-0.078440
440.941847	-0.052270
441.631896	-0.022980
442.321946	0.008000
443.011996	0.039080
443.702046	0.068510
444.392096	0.094560
445.082146	0.115680
445.772195	0.130700
446.462245	0.139020
447.152295	0.140650
447.842345	0.136160
448.532395	0.126610
449.222445	0.113340
449.912495	0.097860
450.602544	0.081610
451.292594	0.065700
451.982644	0.050790
452.672694	0.037060
453.362744	0.024220
454.052794	0.011770
454.742843	-0.000820
455.432893	-0.013910
456.122943	-0.027580
456.812993	-0.041560
457.503043	-0.055340
458.193093	-0.068210
458.883142	-0.079460
459.573192	-0.088390
460.263242	-0.094520
460.953292	-0.097700
461.643342	-0.098190
462.333392	-0.096640
463.023441	-0.093910
463.713491	-0.090790
464.403541	-0.087840
465.093591	-0.085170
465.783641	-0.082510
466.473691	-0.079220
467.163740	-0.074580
467.853790	-0.067930
468.543840	-0.058780
469.233890	-0.046900
469.923940	-0.032340
470.613990	-0.015440
471.304039	0.003160
471.994089	0.022540
472.684139	0.041530
473.374189	0.058770
474.064239	0.072920
474.754289	0.082770
475.444339	0.087360
476.134388	0.086090
476.824438	0.078870
477.514488	0.066360
478.204538	0.050040
478.894588	0.032090
479.584638	0.015010
480.274687	0.001170
480.964737	-0.007640
481.654787	-0.010530
482.344837	-0.007470
483.034887	0.000800
483.724937	0.013040
484.414986	0.027670
485.105036	0.042920
485.795086	0.057120
486.485136	0.068920
487.175186	0.077450
487.865236	0.082350
488.555285	0.083710
489.245335	0.082080
489.935385	0.078260
490.625435	0.073320
491.315485	0.068470
492.005535	0.064880
492.695584	0.063530
493.385634	0.064930
494.075684	0.069020
494.765734	0.075170
495.455784	0.082410
496.145834	0.089700
496.835884	0.096150
497.525933	0.101040
498.215983	0.103850
498.906033	0.104110
499.596083	0.101290
500.286133	0.094650
500.976183	0.083350
501.666232	0.066570
502.356282	0.043790
503.046332	0.015030
503.736382	-0.018960
504.426432	-0.056860
505.116482	-0.096930
505.806531	-0.137330
506.496581	-0.176340
507.186631	-0.212280
507.876681	-0.243410
508.566731	-0.267890
509.256781	-0.283930
509.946830	-0.289990
510.636880	-0.285130
511.326930	-0.269180
512.016980	-0.242910
512.707030	-0.207840
513.397080	-0.165930
514.087129	-0.119410
514.777179	-0.070590
515.467229	-0.021770
516.157279	0.024810
516.847329	0.067190
517.537379	0.103780
518.227428	0.133440
518.917478	0.155560
519.607528	0.170000
520.297578	0.176980
520.987628	0.177050
521.677678	0.171130
522.367728	0.160530
523.057777	0.146830
523.747827	0.131690
524.437877	0.116750
525.127927	0.103410
525.817977	0.092610
526.508027	0.084570
527.198076	0.078670
527.888126	0.073470
528.578176	0.067110
529.268226	0.057820
529.958276	0.044430
530.648326	0.026690
531.338375	0.005210
532.028425	-0.018780
532.718475	-0.043700
533.408525	-0.067900
534.098575	-0.089910
534.788625	-0.108500
535.478674	-0.122750
536.168724	-0.132100
536.858774	-0.136260
537.548824	-0.135200
538.238874	-0.129200
538.928924	-0.118920
539.618973	-0.105360
540.309023	-0.089840
540.999073	-0.073780
541.689123	-0.058470
542.379173	-0.044990
543.069223	-0.034100
543.759273	-0.026230
544.449322	-0.021470
545.139372	-0.019650
545.829422	-0.020370
546.519472	-0.023060
547.209522	-0.027060
547.899572	-0.031760
548.589621	-0.036600
549.279671	-0.041120
549.969721	-0.045020
550.659771	-0.048160
551.349821	-0.050480
552.039871	-0.052030
552.729920	-0.052890
553.419970	-0.053100
554.110020	-0.052650
554.800070	-0.051440
555.490120	-0.049370
556.180170	-0.046310
556.870219	-0.042270
557.560269	-0.037330
558.250319	-0.031700
558.940369	-0.025630
559.630419	-0.019440
560.320469	-0.013430
561.010518	-0.007890
561.700568	-0.003050
562.390618	0.000970
563.080668	0.004280
563.770718	0.007070
564.460768	0.009670
565.150817	0.012450
565.840867	0.015800
566.530917	0.020070
567.220967	0.025700
567.911017	0.033160
568.601067	0.042940
569.291117	0.055500
569.981166	0.071090
570.671216	0.089690
571.361266	0.111000
572.051316	0.134380
572.741366	0.158860
573.431416	0.183120
574.121465	0.205440
574.811515	0.223860
575.501565	0.236460
576.191615	0.241660
576.881665	0.238520
577.571715	0.226980
578.261764	0.207920
578.951814	0.183150
579.641864	0.155050
580.331914	0.126160
581.021964	0.098570
581.712014	0.073470
582.402063	0.050900
583.092113	0.029850
583.782163	0.008660
584.472213	-0.014530
585.162263	-0.041230
585.852313	-0.072020
586.542362	-0.106130
587.232412	-0.141430
587.922462	-0.174860
588.612512	-0.203260
589.302562	-0.224030
589.992612	-0.235730
590.682662	-0.238200
591.372711	-0.232340
592.062761	-0.219610
592.752811	-0.201650
593.442861	-0.179880
594.132911	-0.155210
594.822961	-0.128050
595.513010	-0.098400
596.203060	-0.066190
596.893110	-0.031520
597.583160	0.004990
598.273210	0.042290
598.963260	0.078840
599.653309	0.112860
600.343359	0.142600
601.033409	0.166670
601.723459	0.184270
602.413509	0.195230
603.103559	0.199900
603.793608	0.198910
604.483658	0.192980
605.173708	0.182970
605.863758	0.169790
606.553808	0.154370
607.243858	0.137570
607.933907	0.119920
608.623957	0.101430
609.314007	0.081370
610.004057	0.058360
610.694107	0.030680
611.384157	-0.003150
612.074206	-0.043800
612.764256	-0.090480
613.454306	-0.140890
614.144356	-0.191490
614.834406	-0.238070
615.524456	-0.276160
616.214506	-0.301640
616.904555	-0.311180
617.594605	-0.302720
618.284655	-0.276000
618.974705	-0.232930
619.664755	-0.177370
620.354805	-0.114330
621.044854	-0.048980
621.734904	0.014270
622.424954	0.072380
623.115004	0.123750
623.805054	0.167960
624.495104	0.205240
625.185153	0.236040
625.875203	0.260690
626.565253	0.279220
627.255303	0.291210
627.945353	0.295890
628.635403	0.292250
629.325452	0.279280
630.015502	0.256200
630.705552	0.222770
631.395602	0.179590
632.085652	0.128170
632.775702	0.070800
633.465751	0.010200
634.155801	-0.050850
634.845851	-0.109830
635.535901	-0.164640
636.225951	-0.213520
636.916001	-0.255040
637.606050	-0.288060
638.296100	-0.311850
638.986150	-0.326150
639.676200	-0.331160
640.366250	-0.327550
641.056300	-0.316280
641.746350	-0.298630
642.436399	-0.276200
643.126449	-0.250750
643.816499	-0.223930
644.506549	-0.197050
645.196599	-0.170780
645.886649	-0.145100
646.576698	-0.119450
647.266748	-0.093110
647.956798	-0.065500
648.646848	-0.036550
649.336898	-0.006810
650.026948	0.022540
650.716997	0.050020
651.407047	0.074230
652.097097	0.094240
652.787147	0.109750
653.477197	0.121080
654.167247	0.128980
654.857296	0.134350
655.547346	0.137900
656.237396	0.140050
656.927446	0.140940
657.617496	0.140500
658.307546	0.138590
658.997595	0.135140
659.687645	0.130140
660.377695	0.123680
661.067745	0.115940
661.757795	0.107190
662.447845	0.097760
663.137895	0.088000
663.827944	0.078200
664.517994	0.068510
665.208044	0.058940
665.898094	0.049450
666.588144	0.040000
667.278194	0.030610
667.968243	0.021340
668.658293	0.012360
669.348343	0.003970
670.038393	-0.003400
670.728443	-0.009300
671.418493	-0.013320
672.108542	-0.015370
672.798592	-0.015740
673.488642	-0.015200
674.178692	-0.014800
674.868742	-0.015590
675.558792	-0.018380
676.248841	-0.023540
676.938891	-0.031010
677.628941	-0.040290
678.318991	-0.050600
679.009041	-0.060940
679.699091	-0.070110
680.389140	-0.076850
681.079190	-0.080000
681.769240	-0.078740
682.459290	-0.072760
683.149340	-0.062350
683.839390	-0.048330
684.529439	-0.031870
685.219489	-0.014340
685.909539	0.002940
686.599589	0.018870
687.289639	0.032640
687.979689	0.043730
688.669739	0.051880
689.359788	0.057130
690.049838	0.059700
690.739888	0.059990
691.429938	0.058520
692.119988	0.055840
692.810038	0.052470
693.500087	0.048860
694.190137	0.045350
694.880187	0.042200
695.570237	0.039660
696.260287	0.037910
696.950337	0.036970
697.640386	0.036710
698.330436	0.036720
699.020486	0.036350
699.710536	0.034700
700.400586	0.030840
701.090636	0.024010
701.780685	0.013810
702.470735	0.000360
703.160785	-0.015730
703.850835	-0.033400
704.540885	-0.051240
705.230935	-0.067720
705.920984	-0.081380
706.611034	-0.091160
707.301084	-0.096560
707.991134	-0.097690
708.681184	-0.095100
709.371234	-0.089560
710.061284	-0.081810
710.751333	-0.072430
711.441383	-0.061840
712.131433	-0.050410
712.821483	-0.038490
713.511533	-0.026380
714.201583	-0.014300
714.891632	-0.002350
715.581682	0.009430
716.271732	0.021020
716.961782	0.032270
717.651832	0.042920
718.341882	0.052650
719.031931	0.061140
719.721981	0.068120
720.412031	0.073380
721.102081	0.076770
721.792131	0.078130
722.482181	0.077380
723.172230	0.074590
723.862280	0.069960
724.552330	0.063750
725.242380	0.056190
725.932430	0.047470
726.622480	0.037800
727.312529	0.027490
728.002579	0.016950
728.692629	0.006810
729.382679	-0.002150
730.072729	-0.009060
730.762779	-0.012950
731.452828	-0.012960
732.142878	-0.008540
732.832928	0.000320
733.522978	0.013010
734.213028	0.028330
734.903078	0.044640
735.593128	0.060190
736.283177	0.073310
736.973227	0.082650
737.663277	0.087260
738.353327	0.086580
739.043377	0.080390
739.733427	0.068760
740.423476	0.051950
741.113526	0.030440
741.803576	0.004930
742.493626	-0.023580
743.183676	-0.053690
743.873726	-0.083640
744.563775	-0.111590
745.253825	-0.135900
745.943875	-0.155230
746.633925	-0.168540
747.323975	-0.174940
748.014025	-0.173600
748.704074	-0.163960
749.394124	-0.146080
750.084174	-0.120960
750.774224	-0.090610
751.464274	-0.057610
752.154324	-0.024690
752.844373	0.005900
753.534423	0.032830
754.224473	0.055850
754.914523	0.075710
755.604573	0.093810
756.294623	0.111660
756.984673	0.130220
757.674722	0.149350
758.364772	0.167690
759.054822	0.182710
759.744872	0.191270
760.434922	0.190360
761.124972	0.177990
761.815021	0.153800
762.505071	0.119260
763.195121	0.077320
763.885171	0.031630
764.575221	-0.014240
765.265271	-0.057430
765.955320	-0.095910
766.645370	-0.128470
767.335420	-0.154260
768.025470	-0.172630
768.715520	-0.183040
769.405570	-0.185200
770.095619	-0.179170
770.785669	-0.165550
771.475719	-0.145510
772.165769	-0.120700
772.855819	-0.093130
773.545869	-0.064920
774.235918	-0.038100
774.925968	-0.014370
775.616018	0.005020
776.306068	0.019290
776.996118	0.028070
777.686168	0.031310
778.376217	0.029300
779.066267	0.022670
779.756317	0.012390
780.446367	-0.000190
781.136417	-0.013530
781.826467	-0.026130
782.516517	-0.036600
783.206566	-0.043730
783.896616	-0.046570
784.586666	-0.044530
785.276716	-0.037470
785.966766	-0.025840
786.656816	-0.010870
787.346865	0.005640
788.036915	0.021700
788.726965	0.035420
789.417015	0.045390
790.107065	0.050850
790.797115	0.051640
791.487164	0.048060
792.177214	0.040810
792.867264	0.030920
