0.000000	0.081950
0.690012	0.065990
1.380024	0.053520
2.070035	0.043830
2.760047	0.035650
3.450059	0.027840
4.140071	0.019810
4.830083	0.011640
5.520094	0.003800
6.210106	-0.003050
6.900118	-0.008350
7.590130	-0.011600
8.280141	-0.012530
8.970153	-0.011250
9.660165	-0.008180
10.350177	-0.003950
11.040189	0.000810
11.730200	0.005510
12.420212	0.009630
13.110224	0.012670
13.800236	0.014270
14.490248	0.014260
15.180259	0.012820
15.870271	0.010410
16.560283	0.007620
17.250295	0.004830
17.940306	0.002130
18.630318	-0.000820
19.320330	-0.004600
20.010342	-0.009890
20.700354	-0.017240
21.390365	-0.026880
22.080377	-0.038650
22.770389	-0.052010
23.460401	-0.066230
24.150413	-0.080510
24.840424	-0.094150
25.530436	-0.106560
26.220448	-0.117210
26.910460	-0.125570
27.600471	-0.130970
28.290483	-0.132660
28.980495	-0.129790
29.670507	-0.121590
30.360519	-0.107550
31.050530	-0.087660
31.740542	-0.062450
32.430554	-0.032940
33.120566	-0.000450
33.810578	0.033570
34.500589	0.067640
35.190601	0.100360
35.880613	0.130460
36.570625	0.156710
37.260636	0.178050
37.950648	0.193570
38.640660	0.202680
39.330672	0.205120
40.020684	0.201100
40.710695	0.191230
41.400707	0.176530
42.090719	0.158150
42.780731	0.137300
43.470743	0.115090
44.160754	0.092450
44.850766	0.070170
45.540778	0.048890
46.230790	0.029120
46.920802	0.011180
47.610813	-0.004760
48.300825	-0.018640
48.990837	-0.030380
49.680849	-0.039850
50.370860	-0.046840
51.060872	-0.051140
51.750884	-0.052690
52.440896	-0.051770
53.130908	-0.049060
53.820919	-0.045520
54.510931	-0.042360
55.200943	-0.040800
55.890955	-0.041790
56.580967	-0.045850
57.270978	-0.053030
57.960990	-0.062940
58.651002	-0.074750
59.341014	-0.087290
60.031025	-0.099140
60.721037	-0.108700
61.411049	-0.114470
62.101061	-0.115280
62.791073	-0.110520
63.481084	-0.100300
64.171096	-0.085390
64.861108	-0.067050
65.551120	-0.046940
66.241132	-0.026810
66.931143	-0.008280
67.621155	0.007400
68.311167	0.019530
69.001179	0.028030
69.691190	0.033370
70.381202	0.036390
71.071214	0.038100
71.761226	0.039510
72.451238	0.041470
73.141249	0.044540
73.831261	0.048840
74.521273	0.053970
75.211285	0.059070
75.901297	0.063030
76.591308	0.064710
77.281320	0.063260
77.971332	0.058290
78.661344	0.050060
79.351355	0.039230
80.041367	0.026680
80.731379	0.013220
81.421391	-0.000540
82.111403	-0.014350
82.801414	-0.028020
83.491426	-0.041230
84.181438	-0.053380
84.871450	-0.063560
85.561462	-0.070790
86.251473	-0.074250
86.941485	-0.073590
87.631497	-0.069010
88.321509	-0.061200
89.011521	-0.051160
89.701532	-0.039970
90.391544	-0.028640
91.081556	-0.018010
91.771568	-0.008740
92.461579	-0.001350
93.151591	0.003860
93.841603	0.006790
94.531615	0.007510
95.221627	0.006220
95.911638	0.003220
96.601650	-0.001140
97.291662	-0.006510
97.981674	-0.012450
98.671686	-0.018470
99.361697	-0.024060
100.051709	-0.028700
100.741721	-0.031900
101.431733	-0.033270
102.121744	-0.032500
102.811756	-0.029510
103.501768	-0.024480
104.191780	-0.017980
104.881792	-0.010870
105.571803	-0.004270
106.261815	0.000720
106.951827	0.003120
107.641839	0.002370
108.331851	-0.001660
109.021862	-0.008440
109.711874	-0.016860
110.401886	-0.025440
111.091898	-0.032640
111.781909	-0.037270
112.471921	-0.038700
113.161933	-0.036940
113.851945	-0.032500
114.541957	-0.026270
115.231968	-0.019280
115.921980	-0.012530
116.611992	-0.006810
117.302004	-0.002590
117.992016	-0.000020
118.682027	0.001110
119.372039	0.001130
120.062051	0.000480
120.752063	-0.000360
121.442074	-0.000860
122.132086	-0.000530
122.822098	0.001000
123.512110	0.003890
124.202122	0.008150
124.892133	0.013650
125.582145	0.020140
126.272157	0.027200
126.962169	0.034240
127.652181	0.040350
128.342192	0.044380
129.032204	0.045170
129.722216	0.041810
130.412228	0.033960
131.102240	0.021860
131.792251	0.006200
132.482263	-0.012060
133.172275	-0.032000
133.862287	-0.052810
134.552298	-0.073740
135.242310	-0.093940
135.932322	-0.112390
136.622334	-0.128000
137.312346	-0.139730
138.002357	-0.146700
138.692369	-0.148370
139.382381	-0.144580
140.072393	-0.135670
140.762405	-0.122490
141.452416	-0.106300
142.142428	-0.088540
142.832440	-0.070550
143.522452	-0.053300
144.212463	-0.037260
144.902475	-0.022410
145.592487	-0.008400
146.282499	0.005230
146.972511	0.018980
147.662522	0.033200
148.352534	0.048020
149.042546	0.063380
149.732558	0.079070
150.422570	0.094660
151.112581	0.109510
151.802593	0.122860
152.492605	0.133860
153.182617	0.141610
153.872628	0.145290
154.562640	0.144420
155.252652	0.139060
155.942664	0.129930
156.632676	0.118200
157.322687	0.105140
158.012699	0.091640
158.702711	0.077860
159.392723	0.063200
160.082735	0.046610
160.772746	0.027170
161.462758	0.004670
162.152770	-0.020040
162.842782	-0.045080
163.532793	-0.067750
164.222805	-0.085000
164.912817	-0.093920
165.602829	-0.092160
166.292841	-0.078230
166.982852	-0.052000
167.672864	-0.014930
168.362876	0.029740
169.052888	0.077390
169.742900	0.122590
170.432911	0.160130
171.122923	0.186190
171.812935	0.199260
172.502947	0.200620
173.192959	0.194040
173.882970	0.184560
174.572982	0.176940
175.262994	0.174360
175.953006	0.177810
176.643017	0.186250
177.333029	0.197210
178.023041	0.207560
178.713053	0.214090
179.403065	0.213780
180.093076	0.204260
180.783088	0.184170
181.473100	0.153200
182.163112	0.111800
182.853124	0.060730
183.543135	0.000690
184.233147	-0.068000
184.923159	-0.145450
185.613171	-0.231780
186.303182	-0.326540
186.993194	-0.428000
187.683206	-0.532600
188.373218	-0.634790
189.063230	-0.727560
189.753241	-0.803330
190.443253	-0.854920
191.133265	-0.876570
191.823277	-0.864630
192.513289	-0.817930
193.203300	-0.737910
193.893312	-0.628740
194.583324	-0.497310
195.273336	-0.352650
195.963347	-0.205070
196.653359	-0.064840
197.343371	0.059170
198.033383	0.160660
198.723395	0.236240
199.413406	0.285330
200.103418	0.309610
200.793430	0.312420
201.483442	0.298310
202.173454	0.272650
202.863465	0.241120
203.553477	0.209160
204.243489	0.181230
204.933501	0.160350
205.623512	0.147860
206.313524	0.143590
207.003536	0.146260
207.693548	0.154010
208.383560	0.165020
209.073571	0.177610
209.763583	0.190290
210.453595	0.201510
211.143607	0.209600
211.833619	0.212850
212.523630	0.209730
213.213642	0.199030
213.903654	0.180110
214.593666	0.152930
215.283678	0.118060
215.973689	0.076630
216.663701	0.030460
217.353713	-0.018030
218.043725	-0.065950
218.733736	-0.110250
219.423748	-0.148130
220.113760	-0.177610
220.803772	-0.197720
221.493784	-0.208440
222.183795	-0.210230
222.873807	-0.203600
223.563819	-0.188860
224.253831	-0.166230
224.943843	-0.136030
225.633854	-0.098950
226.323866	-0.056050
227.013878	-0.008710
227.703890	0.041260
228.393901	0.091430
229.083913	0.138570
229.773925	0.178950
230.463937	0.209010
231.153949	0.226100
231.843960	0.229240
232.533972	0.219270
233.223984	0.198540
233.913996	0.170280
234.604008	0.137860
235.294019	0.104280
235.984031	0.071880
236.674043	0.042430
237.364055	0.017270
238.054066	-0.002410
238.744078	-0.015570
239.434090	-0.021360
240.124102	-0.019360
240.814114	-0.009810
241.504125	0.006210
242.194137	0.026720
242.884149	0.048910
243.574161	0.069780
244.264173	0.086760
244.954184	0.098110
245.644196	0.103100
246.334208	0.101810
247.024220	0.094640
247.714231	0.081950
248.404243	0.063920
249.094255	0.040730
249.784267	0.012800
250.474279	-0.019040
251.164290	-0.053660
251.854302	-0.089630
252.544314	-0.125400
253.234326	-0.159340
253.924338	-0.189780
254.614349	-0.215010
255.304361	-0.233250
255.994373	-0.242830
256.684385	-0.242440
257.374396	-0.231380
258.064408	-0.209760
258.754420	-0.178670
259.444432	-0.140050
260.134444	-0.096550
260.824455	-0.051260
261.514467	-0.007320
262.204479	0.032470
262.894491	0.066020
263.584503	0.092220
264.274514	0.110990
264.964526	0.123190
265.654538	0.130360
266.344550	0.134300
267.034562	0.136620
267.724573	0.138530
268.414585	0.140650
269.104597	0.143070
269.794609	0.145510
270.484620	0.147500
271.174632	0.148510
271.864644	0.147990
272.554656	0.145390
273.244668	0.140250
273.934679	0.132290
274.624691	0.121520
275.314703	0.108330
276.004715	0.093360
276.694727	0.077380
277.384738	0.061050
278.074750	0.044760
278.764762	0.028630
279.454774	0.012560
280.144785	-0.003520
280.834797	-0.019660
281.524809	-0.035650
282.214821	-0.051160
282.904833	-0.065740
283.594844	-0.078920
284.284856	-0.090270
284.974868	-0.099510
285.664880	-0.106510
286.354892	-0.111340
287.044903	-0.114250
287.734915	-0.115500
288.424927	-0.115220
289.114939	-0.113290
289.804950	-0.109420
290.494962	-0.103260
291.184974	-0.094600
291.874986	-0.083380
292.564998	-0.069680
293.255009	-0.053690
293.945021	-0.035620
294.635033	-0.015750
295.325045	0.005450
296.015057	0.027380
296.705068	0.049170
297.395080	0.069870
298.085092	0.088470
298.775104	0.104070
299.465115	0.116000
300.155127	0.123850
300.845139	0.127420
301.535151	0.126710
302.225163	0.121790
302.915174	0.112880
303.605186	0.100440
304.295198	0.085200
304.985210	0.068140
305.675222	0.050360
306.365233	0.032870
307.055245	0.016320
307.745257	0.000990
308.435269	-0.013210
309.125281	-0.026600
309.815292	-0.039570
310.505304	-0.052510
311.195316	-0.065680
311.885328	-0.079170
312.575339	-0.092830
313.265351	-0.106250
313.955363	-0.118710
314.645375	-0.129250
315.335387	-0.136760
316.025398	-0.140060
316.715410	-0.138120
317.405422	-0.130350
318.095434	-0.116880
318.785446	-0.098690
319.475457	-0.077490
320.165469	-0.055400
320.855481	-0.034520
321.545493	-0.016530
322.235504	-0.002470
322.925516	0.007290
323.615528	0.012970
324.305540	0.015110
324.995552	0.014340
325.685563	0.011260
326.375575	0.006430
327.065587	0.000410
327.755599	-0.006100
328.445611	-0.012120
329.135622	-0.016450
329.825634	-0.017860
330.515646	-0.015240
331.205658	-0.007910
331.895669	0.004280
332.585681	0.020770
333.275693	0.040230
333.965705	0.060550
334.655717	0.079090
335.345728	0.093000
336.035740	0.099910
336.725752	0.098600
337.415764	0.089460
338.105776	0.074470
338.795787	0.056680
339.485799	0.039360
340.175811	0.025310
340.865823	0.016450
341.555834	0.013710
342.245846	0.016990
342.935858	0.025370
343.625870	0.037070
344.315882	0.049610
345.005893	0.060220
345.695905	0.066240
346.385917	0.065760
347.075929	0.057960
347.765941	0.043310
348.455952	0.023500
349.145964	0.001120
349.835976	-0.020890
350.525988	-0.039760
351.216000	-0.053430
351.906011	-0.060830
352.596023	-0.061970
353.286035	-0.057820
353.976047	-0.049880
354.666058	-0.039900
355.356070	-0.029460
356.046082	-0.019880
356.736094	-0.012080
357.426106	-0.006580
358.116117	-0.003560
358.806129	-0.002780
359.496141	-0.003640
360.186153	-0.005280
360.876165	-0.006840
361.566176	-0.007700
362.256188	-0.007640
362.946200	-0.006850
363.636212	-0.005800
364.326223	-0.005040
365.016235	-0.004970
365.706247	-0.005740
366.396259	-0.007270
367.086271	-0.009350
367.776282	-0.011750
368.466294	-0.014350
369.156306	-0.017140
369.846318	-0.020140
370.536330	-0.023300
371.226341	-0.026540
371.916353	-0.029870
372.606365	-0.033480
373.296377	-0.037740
373.986388	-0.042980
374.676400	-0.049390
375.366412	-0.056840
376.056424	-0.065010
376.746436	-0.073460
377.436447	-0.081740
378.126459	-0.089290
378.816471	-0.095370
379.506483	-0.099070
380.196495	-0.099440
380.886506	-0.095820
381.576518	-0.087990
382.266530	-0.076170
382.956542	-0.060810
383.646553	-0.042470
384.336565	-0.021800
385.026577	0.000320
385.716589	0.022540
386.406601	0.043070
387.096612	0.059890
387.786624	0.071430
388.476636	0.077130
389.166648	0.077730
389.856660	0.075090
390.546671	0.071880
391.236683	0.071140
391.926695	0.075720
392.616707	0.087740
393.306719	0.108150
393.996730	0.136310
394.686742	0.169830
395.376754	0.204810
396.066766	0.236500
396.756777	0.260290
397.446789	0.272640
398.136801	0.271700
398.826813	0.257480
399.516825	0.231540
400.206836	0.196380
400.896848	0.154820
401.586860	0.109530
402.276872	0.062930
402.966884	0.017500
403.656895	-0.023910
404.346907	-0.058220
405.036919	-0.082550
405.726931	-0.094900
406.416942	-0.094720
407.106954	-0.083050
407.796966	-0.062190
408.486978	-0.035160
409.176990	-0.005340
409.867001	0.023750
410.557013	0.048710
411.247025	0.066770
411.937037	0.076480
412.627049	0.078340
413.317060	0.074960
414.007072	0.070510
414.697084	0.069410
415.387096	0.074930
416.077107	0.088170
416.767119	0.107840
417.457131	0.130770
418.147143	0.153000
418.837155	0.170840
419.527166	0.181540
420.217178	0.183420
420.907190	0.175610
421.597202	0.157570
422.287214	0.128720
422.977225	0.088330
423.667237	0.035900
424.357249	-0.028210
425.047261	-0.102360
425.737272	-0.183390
426.427284	-0.266980
427.117296	-0.348450
427.807308	-0.423480
428.497320	-0.488530
429.187331	-0.540990
429.877343	-0.579140
430.567355	-0.602080
431.257367	-0.609470
431.947379	-0.601290
432.637390	-0.577630
433.327402	-0.538590
434.017414	-0.484510
434.707426	-0.416410
435.397438	-0.336370
436.087449	-0.247820
436.777461	-0.155330
437.467473	-0.063810
438.157485	0.022210
438.847496	0.099240
439.537508	0.164940
440.227520	0.218110
440.917532	0.258280
441.607544	0.285480
442.297555	0.300040
442.987567	0.302650
443.677579	0.294190
444.367591	0.275850
445.057603	0.249130
445.747614	0.216100
446.437626	0.179420
447.127638	0.142170
447.817650	0.107360
448.507661	0.077230
449.197673	0.052650
449.887685	0.033090
450.577697	0.017030
451.267709	0.002630
451.957720	-0.011510
452.647732	-0.025720
453.337744	-0.039110
454.027756	-0.049780
454.717768	-0.055350
455.407779	-0.053750
456.097791	-0.044090
456.787803	-0.026990
457.477815	-0.004450
458.167826	0.020750
458.857838	0.045770
459.547850	0.068280
460.237862	0.086650
460.927874	0.099790
461.617885	0.107180
462.307897	0.108950
462.997909	0.106020
463.687921	0.099910
464.377933	0.092310
465.067944	0.084630
465.757956	0.077700
466.447968	0.071880
467.137980	0.067350
467.827991	0.064270
468.518003	0.062450
469.208015	0.060900
469.898027	0.057430
470.588039	0.049050
471.278050	0.032670
471.968062	0.006160
472.658074	-0.030700
473.348086	-0.076120
474.038098	-0.126670
474.728109	-0.178180
475.418121	-0.226650
476.108133	-0.268850
476.798145	-0.302480
477.488157	-0.325850
478.178168	-0.337480
478.868180	-0.335610
479.558192	-0.318150
480.248204	-0.282890
480.938215	-0.228410
481.628227	-0.155330
482.318239	-0.067510
483.008251	0.027880
483.698263	0.121830
484.388274	0.205390
485.078286	0.271680
485.768298	0.317280
486.458310	0.342140
487.148322	0.348300
487.838333	0.338730
488.528345	0.316670
489.218357	0.285380
489.908369	0.248010
490.598380	0.207610
491.288392	0.167030
491.978404	0.128710
492.668416	0.094530
493.358428	0.065760
494.048439	0.043050
494.738451	0.026590
495.428463	0.016170
496.118475	0.011260
496.808487	0.010960
497.498498	0.013970
498.188510	0.018730
498.878522	0.023570
499.568534	0.026870
500.258545	0.027290
500.948557	0.023950
501.638569	0.016650
502.328581	0.006050
503.018593	-0.006420
503.708604	-0.018660
504.398616	-0.028220
505.088628	-0.032790
505.778640	-0.030770
506.468652	-0.021570
507.158663	-0.005800
507.848675	0.014660
508.538687	0.037010
509.228699	0.058000
509.918710	0.074510
510.608722	0.084080
511.298734	0.085280
511.988746	0.077790
512.678758	0.062250
513.368769	0.040050
514.058781	0.013040
514.748793	-0.016760
515.438805	-0.047430
516.128817	-0.077160
516.818828	-0.104370
517.508840	-0.127660
518.198852	-0.145800
518.888864	-0.157930
519.578876	-0.163570
520.268887	-0.162820
520.958899	-0.156410
521.648911	-0.145650
522.338923	-0.132210
523.028934	-0.117890
523.718946	-0.104260
524.408958	-0.092430
525.098970	-0.082760
525.788982	-0.074830
526.478993	-0.067570
527.169005	-0.059520
527.859017	-0.049150
528.549029	-0.035110
529.239041	-0.016490
529.929052	0.006930
530.619064	0.034660
531.309076	0.065360
531.999088	0.097080
532.689099	0.127560
533.379111	0.154680
534.069123	0.176830
534.759135	0.193110
535.449147	0.203330
536.139158	0.207800
536.829170	0.207030
537.519182	0.201560
538.209194	0.191630
538.899206	0.177160
539.589217	0.157880
540.279229	0.133610
540.969241	0.104620
541.659253	0.071860
542.349264	0.037000
543.039276	0.002260
543.729288	-0.030090
544.419300	-0.058090
545.109312	-0.080340
545.799323	-0.096130
546.489335	-0.105360
547.179347	-0.108390
547.869359	-0.105890
548.559371	-0.098760
549.249382	-0.088210
549.939394	-0.075750
550.629406	-0.063160
551.319418	-0.052350
552.009429	-0.044980
552.699441	-0.042230
553.389453	-0.044450
554.079465	-0.051100
554.769477	-0.060830
555.459488	-0.071620
556.149500	-0.081130
556.839512	-0.087040
557.529524	-0.087400
558.219536	-0.080850
558.909547	-0.066810
559.599559	-0.045500
560.289571	-0.017930
560.979583	0.014130
561.669595	0.048400
562.359606	0.082200
563.049618	0.112790
563.739630	0.137600
564.429642	0.154470
565.119653	0.161910
565.809665	0.159150
566.499677	0.146300
567.189689	0.124360
567.879701	0.095060
568.569712	0.060590
569.259724	0.023340
569.949736	-0.014380
570.639748	-0.050630
571.329760	-0.083750
572.019771	-0.112380
572.709783	-0.135260
573.399795	-0.151150
574.089807	-0.158820
574.779818	-0.157280
575.469830	-0.145990
576.159842	-0.125110
576.849854	-0.095590
577.539866	-0.059180
578.229877	-0.018180
578.919889	0.024720
579.609901	0.066680
580.299913	0.104850
580.989925	0.136660
581.679936	0.159990
582.369948	0.173400
583.059960	0.176410
583.749972	0.169830
584.439983	0.155760
585.129995	0.137260
585.820007	0.117490
586.510019	0.098940
587.200031	0.082630
587.890042	0.067950
588.580054	0.053090
589.270066	0.035850
589.960078	0.014620
590.650090	-0.010930
591.340101	-0.039610
592.030113	-0.068980
592.720125	-0.095930
593.410137	-0.117420
594.100148	-0.131080
594.790160	-0.135580
595.480172	-0.130710
596.170184	-0.117190
596.860196	-0.096560
597.550207	-0.071030
598.240219	-0.043310
598.930231	-0.016470
599.620243	0.006290
600.310255	0.021890
601.000266	0.027780
601.690278	0.022370
602.380290	0.005350
603.070302	-0.022250
603.760314	-0.058100
604.450325	-0.098770
605.140337	-0.140250
605.830349	-0.178460
606.520361	-0.209840
607.210372	-0.231710
607.900384	-0.242490
608.590396	-0.241600
609.280408	-0.229220
609.970420	-0.206100
610.660431	-0.173490
611.350443	-0.133120
612.040455	-0.087230
612.730467	-0.038420
613.420479	0.010540
614.110490	0.057090
614.800502	0.099090
615.490514	0.135140
616.180526	0.164740
616.870537	0.188170
617.560549	0.206340
618.250561	0.220300
618.940573	0.230880
619.630585	0.238270
620.320596	0.242050
621.010608	0.241370
621.700620	0.235190
622.390632	0.222640
623.080644	0.203220
623.770655	0.176950
624.460667	0.144580
625.150679	0.107710
625.840691	0.068790
626.530702	0.030810
627.220714	-0.003120
627.910726	-0.030490
628.600738	-0.049740
629.290750	-0.060540
629.980761	-0.063640
630.670773	-0.060580
631.360785	-0.053260
632.050797	-0.043630
632.740809	-0.033490
633.430820	-0.024410
634.120832	-0.017630
634.810844	-0.013800
635.500856	-0.012800
636.190867	-0.013550
636.880879	-0.014160
637.570891	-0.012540
638.260903	-0.007260
638.950915	0.001850
639.640926	0.013370
640.330938	0.024810
641.020950	0.033280
641.710962	0.036410
642.400974	0.032840
643.090985	0.022480
643.780997	0.006540
644.471009	-0.012700
645.161021	-0.032260
645.851033	-0.049000
646.541044	-0.060110
647.231056	-0.063530
647.921068	-0.058270
648.611080	-0.044450
649.301091	-0.023270
649.991103	0.003150
650.681115	0.032190
651.371127	0.061180
652.061139	0.088130
652.751150	0.112050
653.441162	0.132900
654.131174	0.151210
654.821186	0.167610
655.511198	0.182560
656.201209	0.196300
656.891221	0.208970
657.581233	0.220700
658.271245	0.231540
658.961256	0.241480
659.651268	0.250450
660.341280	0.258380
661.031292	0.264900
661.721304	0.269130
662.411315	0.269410
663.101327	0.263390
663.791339	0.248310
664.481351	0.221720
665.171363	0.181970
665.861374	0.128360
666.551386	0.060980
667.241398	-0.019670
667.931410	-0.112880
668.621421	-0.217650
669.311433	-0.332350
670.001445	-0.454060
670.691457	-0.577930
671.381469	-0.696970
672.071480	-0.802630
672.761492	-0.885800
673.451504	-0.938200
674.141516	-0.953710
674.831528	-0.929510
675.521539	-0.866770
676.211551	-0.770740
676.901563	-0.650020
677.591575	-0.515040
678.281586	-0.376200
678.971598	-0.242010
679.661610	-0.118000
680.351622	-0.006630
681.041634	0.091960
681.731645	0.178750
682.421657	0.254740
683.111669	0.320260
683.801681	0.374880
684.491693	0.417720
685.181704	0.447930
685.871716	0.465180
686.561728	0.469840
687.251740	0.462910
687.941751	0.445970
688.631763	0.421190
689.321775	0.391200
690.011787	0.358920
690.701799	0.327090
691.391810	0.297840
692.081822	0.272260
692.771834	0.250100
693.461846	0.229760
694.151858	0.208540
694.841869	0.183270
695.531881	0.151020
696.221893	0.109880
696.911905	0.059450
697.601917	0.000950
698.291928	-0.062980
698.981940	-0.128540
699.671952	-0.191150
700.361964	-0.246010
701.051975	-0.288800
701.741987	-0.316760
702.431999	-0.329420
703.122011	-0.328500
703.812023	-0.317110
704.502034	-0.298760
705.192046	-0.276340
705.882058	-0.251680
706.572070	-0.225730
707.262082	-0.198830
707.952093	-0.170840
708.642105	-0.141330
709.332117	-0.109650
710.022129	-0.075140
710.712140	-0.037540
711.402152	0.002760
712.092164	0.044620
712.782176	0.086280
713.472188	0.125660
714.162199	0.160910
714.852211	0.190900
715.542223	0.215470
716.232235	0.235290
716.922247	0.251500
717.612258	0.265130
718.302270	0.276710
718.992282	0.286320
719.682294	0.293700
720.372305	0.298530
721.062317	0.300450
721.752329	0.298990
722.442341	0.293560
723.132353	0.283450
723.822364	0.268140
724.512376	0.247450
725.202388	0.221790
725.892400	0.191910
726.582412	0.158810
727.272423	0.123470
727.962435	0.086750
728.652447	0.049250
729.342459	0.011370
730.032470	-0.026620
730.722482	-0.064610
731.412494	-0.102460
732.102506	-0.139720
732.792518	-0.175410
733.482529	-0.207930
734.172541	-0.235170
734.862553	-0.254790
735.552565	-0.264730
736.242577	-0.263550
736.932588	-0.250670
737.622600	-0.226500
738.312612	-0.192620
739.002624	-0.151610
739.692636	-0.106820
740.382647	-0.061850
741.072659	-0.019960
741.762671	0.016440
742.452683	0.046000
743.142694	0.068160
743.832706	0.082920
744.522718	0.090540
745.212730	0.091310
745.902742	0.085630
746.592753	0.074030
747.282765	0.057510
747.972777	0.037570
748.662789	0.016260
749.352801	-0.004030
750.042812	-0.020950
750.732824	-0.032470
751.422836	-0.037190
752.112848	-0.034520
752.802859	-0.024730
753.492871	-0.009010
754.182883	0.010660
754.872895	0.031900
755.562907	0.052160
756.252918	0.069210
756.942930	0.081380
757.632942	0.087670
758.322954	0.087670
759.012966	0.081440
759.702977	0.069380
760.392989	0.052170
761.083001	0.030670
761.773013	0.006000
762.463024	-0.020480
763.153036	-0.047240
763.843048	-0.072620
764.533060	-0.094860
765.223072	-0.112320
765.913083	-0.123690
766.603095	-0.128300
767.293107	-0.126230
767.983119	-0.118290
768.673131	-0.105740
769.363142	-0.090080
770.053154	-0.072740
770.743166	-0.055020
771.433178	-0.038040
772.123189	-0.022660
772.813201	-0.009480
773.503213	0.001310
774.193225	0.009860
774.883237	0.016670
775.573248	0.022380
776.263260	0.027720
776.953272	0.033400
777.643284	0.040020
778.333296	0.047940
779.023307	0.057240
779.713319	0.067700
780.403331	0.078680
781.093343	0.089250
781.783355	0.098210
782.473366	0.104260
783.163378	0.106260
783.853390	0.103450
784.543402	0.095610
785.233413	0.083140
785.923425	0.066880
786.613437	0.047940
787.303449	0.027500
787.993461	0.006610
788.683472	-0.013860
789.373484	-0.033360
790.063496	-0.051620
790.753508	-0.068690
791.443520	-0.084800
792.133531	-0.100170
792.823543	-0.114820
