0.000000	-0.001820
0.690030	0.031220
1.380060	0.064840
2.070090	0.095970
2.760120	0.122000
3.450151	0.141030
4.140181	0.151980
4.830211	0.154570
5.520241	0.149160
6.210271	0.136550
6.900301	0.117830
7.590331	0.094360
8.280361	0.067750
8.970391	0.039810
9.660421	0.012480
10.350452	-0.012360
11.040482	-0.033090
11.730512	-0.048490
12.420542	-0.057830
13.110572	-0.060940
13.800602	-0.058250
14.490632	-0.050710
15.180662	-0.039770
15.870692	-0.027220
16.560723	-0.015100
17.250753	-0.005450
17.940783	0.000020
18.630813	0.000090
19.320843	-0.005810
20.010873	-0.017440
20.700903	-0.033780
21.390933	-0.053160
22.080963	-0.073530
22.770994	-0.092750
23.461024	-0.108990
24.151054	-0.120920
24.841084	-0.127860
25.531114	-0.129680
26.221144	-0.126640
26.911174	-0.119300
27.601204	-0.108400
28.291234	-0.094810
28.981264	-0.079430
29.671295	-0.063050
30.361325	-0.046210
31.051355	-0.029150
31.741385	-0.011700
32.431415	0.006600
33.121445	0.026410
33.811475	0.048360
34.501505	0.072840
35.191535	0.099680
35.881566	0.127990
36.571596	0.156230
37.261626	0.182370
37.951656	0.204210
38.641686	0.219790
39.331716	0.227630
40.021746	0.226950
40.711776	0.217570
41.401806	0.199920
42.091837	0.174860
42.781867	0.143560
43.471897	0.107490
44.161927	0.068310
44.851957	0.027840
45.541987	-0.012130
46.232017	-0.049920
46.922047	-0.084030
47.612077	-0.113330
48.302107	-0.136990
48.992138	-0.154480
49.682168	-0.165650
50.372198	-0.170750
51.062228	-0.170430
51.752258	-0.165660
52.442288	-0.157580
53.132318	-0.147290
53.822348	-0.135710
54.512378	-0.123380
55.202409	-0.110550
55.892439	-0.097180
56.582469	-0.083180
57.272499	-0.068550
57.962529	-0.053490
58.652559	-0.038460
59.342589	-0.024060
60.032619	-0.010930
60.722649	0.000470
61.412680	0.010010
62.102710	0.017920
62.792740	0.024780
63.482770	0.031300
64.172800	0.038120
64.862830	0.045550
65.552860	0.053380
66.242890	0.060900
66.932920	0.067130
67.622950	0.071140
68.312981	0.072310
69.003011	0.070560
69.693041	0.066280
70.383071	0.060120
71.073101	0.052790
71.763131	0.044890
72.453161	0.036880
73.143191	0.029120
73.833221	0.021970
74.523252	0.015830
75.213282	0.011140
75.903312	0.008250
76.593342	0.007330
77.283372	0.008290
77.973402	0.010760
78.663432	0.014130
79.353462	0.017670
80.043492	0.020520
80.733523	0.021820
81.423553	0.020740
82.113583	0.016660
82.803613	0.009380
83.493643	-0.000810
84.183673	-0.013060
84.873703	-0.026140
85.563733	-0.038730
86.253763	-0.049590
86.943793	-0.057830
87.633824	-0.062890
88.323854	-0.064580
89.013884	-0.062990
89.703914	-0.058450
90.393944	-0.051520
91.083974	-0.042900
91.774004	-0.033280
92.464034	-0.023380
93.154064	-0.013780
93.844095	-0.004910
94.534125	0.002940
95.224155	0.009630
95.914185	0.015030
96.604215	0.019050
97.294245	0.021600
97.984275	0.022630
98.674305	0.022180
99.364335	0.020360
100.054366	0.017410
100.744396	0.013690
101.434426	0.009640
102.124456	0.005780
102.814486	0.002670
103.504516	0.000720
104.194546	0.000200
104.884576	0.001250
105.574606	0.003980
106.264636	0.008600
106.954667	0.015440
107.644697	0.024820
108.334727	0.036830
109.024757	0.051270
109.714787	0.067520
110.404817	0.084620
111.094847	0.101350
111.784877	0.116320
112.474907	0.128020
113.164938	0.134820
113.854968	0.135140
114.544998	0.127610
115.235028	0.111450
115.925058	0.086700
116.615088	0.054500
117.305118	0.017050
117.995148	-0.022800
118.685178	-0.062190
119.375209	-0.098740
120.065239	-0.130930
120.755269	-0.158140
121.445299	-0.180370
122.135329	-0.197790
122.825359	-0.210450
123.515389	-0.218150
124.205419	-0.220510
124.895449	-0.217020
125.585479	-0.207230
126.275510	-0.190870
126.965540	-0.167920
127.655570	-0.138720
128.345600	-0.104050
129.035630	-0.065170
129.725660	-0.023670
130.415690	0.018650
131.105720	0.060050
131.795750	0.098900
132.485781	0.133790
133.175811	0.163520
133.865841	0.187110
134.555871	0.203760
135.245901	0.212800
135.935931	0.213710
136.625961	0.206190
137.315991	0.190280
138.006021	0.166540
138.696052	0.136220
139.386082	0.101410
140.076112	0.064890
140.766142	0.029830
141.456172	-0.000770
142.146202	-0.024570
142.836232	-0.040210
143.526262	-0.047310
144.216292	-0.046180
144.906322	-0.037570
145.596353	-0.022480
146.286383	-0.002060
146.976413	0.022220
147.666443	0.048540
148.356473	0.074740
149.046503	0.098640
149.736533	0.118290
150.426563	0.132160
151.116593	0.139200
151.806624	0.138810
152.496654	0.130780
153.186684	0.115290
153.876714	0.093040
154.566744	0.065560
155.256774	0.035200
155.946804	0.005060
156.636834	-0.021510
157.326864	-0.041520
158.016895	-0.052810
158.706925	-0.054460
159.396955	-0.046810
160.086985	-0.031250
160.777015	-0.009910
161.467045	0.014570
162.157075	0.039400
162.847105	0.061810
163.537135	0.079410
164.227165	0.090560
164.917196	0.094440
165.607226	0.090990
166.297256	0.080640
166.987286	0.063960
167.677316	0.041300
168.367346	0.012850
169.057376	-0.021150
169.747406	-0.060000
170.437436	-0.102070
171.127467	-0.144820
171.817497	-0.185250
172.507527	-0.220390
173.197557	-0.247860
173.887587	-0.266220
174.577617	-0.274820
175.267647	-0.273520
175.957677	-0.262500
176.647707	-0.242230
177.337738	-0.213640
178.027768	-0.178140
178.717798	-0.137570
179.407828	-0.094060
180.097858	-0.049770
180.787888	-0.006760
181.477918	0.033190
182.167948	0.068670
182.857978	0.098710
183.548008	0.122900
184.238039	0.141490
184.928069	0.155320
185.618099	0.165570
186.308129	0.173520
186.998159	0.180140
187.688189	0.185790
188.378219	0.190090
189.068249	0.192030
189.758279	0.190180
190.448310	0.182940
191.138340	0.168830
191.828370	0.146650
192.518400	0.115600
193.208430	0.075350
193.898460	0.026190
194.588490	-0.030890
195.278520	-0.094050
195.968550	-0.160530
196.658581	-0.226820
197.348611	-0.288930
198.038641	-0.342720
198.728671	-0.384470
199.418701	-0.411340
200.108731	-0.421790
200.798761	-0.415680
201.488791	-0.394430
202.178821	-0.360700
202.868851	-0.317980
203.558882	-0.269990
204.248912	-0.219980
204.938942	-0.169960
205.628972	-0.120430
206.319002	-0.070520
207.009032	-0.018610
207.699062	0.036580
208.389092	0.095130
209.079122	0.155390
209.769153	0.214020
210.459183	0.266560
211.149213	0.308430
211.839243	0.335860
212.529273	0.346640
213.219303	0.340330
213.909333	0.318150
214.599363	0.282520
215.289393	0.236620
215.979424	0.183980
216.669454	0.128210
217.359484	0.072510
218.049514	0.019280
218.739544	-0.029880
219.429574	-0.073980
220.119604	-0.112080
220.809634	-0.142810
221.499664	-0.164260
222.189694	-0.174320
222.879725	-0.171420
223.569755	-0.155010
224.259785	-0.125750
224.949815	-0.085360
225.639845	-0.036260
226.329875	0.018670
227.019905	0.076240
227.709935	0.133130
228.399965	0.186120
229.089996	0.232400
229.780026	0.269780
230.470056	0.296890
231.160086	0.313090
231.850116	0.318320
232.540146	0.312950
233.230176	0.297790
233.920206	0.274080
234.610236	0.243450
235.300267	0.207740
235.990297	0.168830
236.680327	0.128350
237.370357	0.087540
238.060387	0.047180
238.750417	0.007720
239.440447	-0.030540
240.130477	-0.067250
240.820507	-0.101990
241.510537	-0.134370
242.200568	-0.164200
242.890598	-0.191500
243.580628	-0.216430
244.270658	-0.239040
244.960688	-0.258990
245.650718	-0.275520
246.340748	-0.287390
247.030778	-0.293170
247.720808	-0.291550
248.410839	-0.281750
249.100869	-0.263720
249.790899	-0.238290
250.480929	-0.206980
251.170959	-0.171630
251.860989	-0.134010
252.551019	-0.095510
253.241049	-0.057110
253.931079	-0.019530
254.621110	0.016530
255.311140	0.050180
256.001170	0.080300
256.691200	0.105760
257.381230	0.125730
258.071260	0.139870
258.761290	0.148410
259.451320	0.152020
260.141350	0.151570
260.831380	0.148020
261.521411	0.142310
262.211441	0.135380
262.901471	0.128070
263.591501	0.120980
264.281531	0.114400
264.971561	0.108280
265.661591	0.102250
266.351621	0.095710
267.041651	0.088020
267.731682	0.078540
268.421712	0.066750
269.111742	0.052340
269.801772	0.035260
270.491802	0.015700
271.181832	-0.005950
271.871862	-0.029160
272.561892	-0.053220
273.251922	-0.077270
273.941953	-0.100210
274.631983	-0.120730
275.322013	-0.137500
276.012043	-0.149360
276.702073	-0.155480
277.392103	-0.155410
278.082133	-0.149050
278.772163	-0.136500
279.462193	-0.117920
280.152223	-0.093430
280.842254	-0.063100
281.532284	-0.027070
282.222314	0.014290
282.912344	0.060370
283.602374	0.110090
284.292404	0.161920
284.982434	0.214010
285.672464	0.264350
286.362494	0.310960
287.052525	0.351930
287.742555	0.385460
288.432585	0.409810
289.122615	0.423320
289.812645	0.424480
290.502675	0.411970
291.192705	0.384740
291.882735	0.342190
292.572765	0.284350
293.262796	0.212070
293.952826	0.127030
294.642856	0.031680
295.332886	-0.070990
296.022916	-0.177610
296.712946	-0.284410
297.402976	-0.387200
298.093006	-0.481460
298.783036	-0.562590
299.473066	-0.626430
300.163097	-0.669620
300.853127	-0.690020
301.543157	-0.686710
302.233187	-0.660050
302.923217	-0.611560
303.613247	-0.543900
304.303277	-0.460730
304.993307	-0.366530
305.683337	-0.266210
306.373368	-0.164790
307.063398	-0.066940
307.753428	0.023330
308.443458	0.102930
309.133488	0.169800
309.823518	0.222940
310.513548	0.262260
311.203578	0.288390
311.893608	0.302480
312.583639	0.306010
313.273669	0.300660
313.963699	0.288290
314.653729	0.270840
315.343759	0.250330
316.033789	0.228700
316.723819	0.207630
317.413849	0.188460
318.103879	0.172030
318.793909	0.158710
319.483940	0.148360
320.173970	0.140540
320.864000	0.134510
321.554030	0.129380
322.244060	0.124150
322.934090	0.117820
323.624120	0.109520
324.314150	0.098630
325.004180	0.084840
325.694211	0.068200
326.384241	0.049020
327.074271	0.027840
327.764301	0.005320
328.454331	-0.017850
329.144361	-0.040970
329.834391	-0.063370
330.524421	-0.084530
331.214451	-0.104060
331.904482	-0.121660
332.594512	-0.137060
333.284542	-0.149860
333.974572	-0.159550
334.664602	-0.165490
335.354632	-0.167130
336.044662	-0.164100
336.734692	-0.156360
337.424722	-0.144320
338.114752	-0.128720
338.804783	-0.110590
339.494813	-0.090970
340.184843	-0.070820
340.874873	-0.050800
341.564903	-0.031270
342.254933	-0.012330
342.944963	0.005970
343.634993	0.023540
344.325023	0.040060
345.015054	0.055020
345.705084	0.067780
346.395114	0.077700
347.085144	0.084120
347.775174	0.086530
348.465204	0.084620
349.155234	0.078440
349.845264	0.068580
350.535294	0.056240
351.225325	0.043020
351.915355	0.030740
352.605385	0.020980
353.295415	0.014800
353.985445	0.012480
354.675475	0.013520
355.365505	0.016800
356.055535	0.020850
356.745565	0.024160
357.435595	0.025380
358.125626	0.023570
358.815656	0.018360
359.505686	0.010070
360.195716	-0.000360
360.885746	-0.011460
361.575776	-0.021720
362.265806	-0.029810
362.955836	-0.034900
363.645866	-0.036760
364.335897	-0.035650
365.025927	-0.032240
365.715957	-0.027400
366.405987	-0.021930
367.096017	-0.016470
367.786047	-0.011390
368.476077	-0.006900
369.166107	-0.003140
369.856137	-0.000320
370.546168	0.001490
371.236198	0.002390
371.926228	0.002700
372.616258	0.002770
373.306288	0.002880
373.996318	0.003000
374.686348	0.002780
375.376378	0.001810
376.066408	-0.000110
376.756438	-0.002610
377.446469	-0.004810
378.136499	-0.005480
378.826529	-0.003330
379.516559	0.002620
380.206589	0.012920
380.896619	0.027700
381.586649	0.046790
382.276679	0.069700
382.966709	0.095560
383.656740	0.123040
384.346770	0.150470
385.036800	0.175940
385.726830	0.197480
386.416860	0.213300
387.106890	0.221810
387.796920	0.221710
388.486950	0.212090
389.176980	0.192790
389.867011	0.164610
390.557041	0.129380
391.247071	0.089940
391.937101	0.049830
392.627131	0.012620
393.317161	-0.018800
394.007191	-0.042680
394.697221	-0.058620
395.387251	-0.067350
396.077281	-0.070290
396.767312	-0.068930
397.457342	-0.064490
398.147372	-0.057790
398.837402	-0.049360
399.527432	-0.039530
400.217462	-0.028610
400.907492	-0.017030
401.597522	-0.005630
402.287552	0.004300
402.977583	0.011020
403.667613	0.012630
404.357643	0.007600
405.047673	-0.004750
405.737703	-0.024050
406.427733	-0.049000
407.117763	-0.077700
407.807793	-0.108000
408.497823	-0.137870
409.187854	-0.165610
409.877884	-0.190070
410.567914	-0.210640
411.257944	-0.227310
411.947974	-0.240400
412.638004	-0.250260
413.328034	-0.256880
414.018064	-0.259710
414.708094	-0.257650
415.398124	-0.249240
416.088155	-0.233110
416.778185	-0.208350
417.468215	-0.175010
418.158245	-0.134220
418.848275	-0.088110
419.538305	-0.039540
420.228335	0.008360
420.918365	0.052650
421.608395	0.090920
422.298426	0.121580
422.988456	0.143850
423.678486	0.157740
424.368516	0.163770
425.058546	0.162740
425.748576	0.155500
426.438606	0.142940
427.128636	0.125950
427.818666	0.105430
428.508697	0.082390
429.198727	0.057950
429.888757	0.033270
430.578787	0.009530
431.268817	-0.012170
431.958847	-0.030860
432.648877	-0.045750
433.338907	-0.056210
434.028937	-0.061780
434.718967	-0.062240
435.408998	-0.057770
436.099028	-0.049080
436.789058	-0.037580
437.479088	-0.025240
438.169118	-0.014400
438.859148	-0.007280
439.549178	-0.005530
440.239208	-0.010030
440.929238	-0.020780
441.619269	-0.037000
442.309299	-0.057300
442.999329	-0.079820
443.689359	-0.102340
444.379389	-0.122400
445.069419	-0.137440
445.759449	-0.145230
446.449479	-0.144310
447.139509	-0.134680
447.829540	-0.118280
448.519570	-0.098760
449.209600	-0.080580
449.899630	-0.067720
450.589660	-0.062520
451.279690	-0.064960
451.969720	-0.072750
452.659750	-0.082250
453.349780	-0.089390
454.039810	-0.090390
454.729841	-0.082250
455.419871	-0.063030
456.109901	-0.032130
456.799931	0.009600
457.489961	0.059740
458.179991	0.114570
458.870021	0.169640
459.560051	0.220550
460.250081	0.263710
460.940112	0.296800
461.630142	0.318830
462.320172	0.329850
463.010202	0.330580
463.700232	0.322010
464.390262	0.305130
465.080292	0.280900
465.770322	0.250340
466.460352	0.214540
467.150383	0.174790
467.840413	0.132690
468.530443	0.089920
469.220473	0.048040
469.910503	0.008220
470.600533	-0.028870
471.290563	-0.063000
471.980593	-0.094150
472.670623	-0.122280
473.360653	-0.147260
474.050684	-0.168670
474.740714	-0.185800
475.430744	-0.197780
476.120774	-0.203530
476.810804	-0.202010
477.500834	-0.192590
478.190864	-0.175560
478.880894	-0.152110
479.570924	-0.124090
480.260955	-0.093540
480.950985	-0.062270
481.641015	-0.031750
482.331045	-0.003160
483.021075	0.022350
483.711105	0.043620
484.401135	0.059500
485.091165	0.068990
485.781195	0.071440
486.471226	0.066620
487.161256	0.054880
487.851286	0.037270
488.541316	0.015480
489.231346	-0.008260
489.921376	-0.031450
490.611406	-0.051660
491.301436	-0.066810
491.991466	-0.075450
492.681496	-0.076860
493.371527	-0.071080
494.061557	-0.058800
494.751587	-0.041230
495.441617	-0.019890
496.131647	0.003520
496.821677	0.027330
497.511707	0.049960
498.201737	0.070040
498.891767	0.086500
499.581798	0.098550
500.271828	0.105700
500.961858	0.107830
501.651888	0.105220
502.341918	0.098580
503.031948	0.088980
503.721978	0.077760
504.412008	0.066330
505.102038	0.055880
505.792069	0.047280
506.482099	0.040890
507.172129	0.036560
507.862159	0.033730
508.552189	0.031650
509.242219	0.029580
509.932249	0.026940
510.622279	0.023340
511.312309	0.018640
512.002339	0.012780
512.692370	0.005740
513.382400	-0.002540
514.072430	-0.012210
514.762460	-0.023530
515.452490	-0.036820
516.142520	-0.052220
516.832550	-0.069520
517.522580	-0.087870
518.212610	-0.105780
518.902641	-0.121190
519.592671	-0.131890
520.282701	-0.135980
520.972731	-0.132330
521.662761	-0.120910
522.352791	-0.102770
523.042821	-0.079840
523.732851	-0.054540
524.422881	-0.029290
525.112912	-0.006090
525.802942	0.013660
526.492972	0.029320
527.183002	0.040810
527.873032	0.048580
528.563062	0.053400
529.253092	0.056150
529.943122	0.057720
530.633152	0.058840
531.323182	0.060000
532.013213	0.061390
532.703243	0.062900
533.393273	0.064220
534.083303	0.064850
534.773333	0.064270
535.463363	0.061960
536.153393	0.057530
536.843423	0.050820
537.533453	0.041860
538.223484	0.030960
538.913514	0.018660
539.603544	0.005720
540.293574	-0.007020
540.983604	-0.018750
541.673634	-0.028840
542.363664	-0.036880
543.053694	-0.042690
543.743724	-0.046340
544.433755	-0.047960
545.123785	-0.047730
545.813815	-0.045850
546.503845	-0.042570
547.193875	-0.038200
547.883905	-0.033060
548.573935	-0.027540
549.263965	-0.022040
549.953995	-0.016960
550.644025	-0.012680
551.334056	-0.009430
552.024086	-0.007260
552.714116	-0.005960
553.404146	-0.005210
554.094176	-0.004700
554.784206	-0.004180
555.474236	-0.003480
556.164266	-0.002470
556.854296	-0.000980
557.544327	0.001240
558.234357	0.004370
558.924387	0.008390
559.614417	0.013090
560.304447	0.017950
560.994477	0.022290
561.684507	0.025380
562.374537	0.026630
563.064567	0.025690
563.754598	0.022530
564.444628	0.017400
565.134658	0.010790
565.824688	0.003260
566.514718	-0.004620
567.204748	-0.012430
567.894778	-0.019810
568.584808	-0.026540
569.274838	-0.032420
569.964868	-0.037280
570.654899	-0.040980
571.344929	-0.043480
572.034959	-0.044860
572.724989	-0.045370
573.415019	-0.045270
574.105049	-0.044740
574.795079	-0.043760
575.485109	-0.042080
576.175139	-0.039320
576.865170	-0.035060
577.555200	-0.029000
578.245230	-0.020970
578.935260	-0.011000
579.625290	0.000740
580.315320	0.013930
581.005350	0.028090
581.695380	0.042570
582.385410	0.056480
583.075441	0.068790
583.765471	0.078470
584.455501	0.084770
585.145531	0.087390
585.835561	0.086560
586.525591	0.082960
587.215621	0.077450
587.905651	0.070920
588.595681	0.063990
589.285711	0.057010
589.975742	0.049910
590.665772	0.042300
591.355802	0.033530
592.045832	0.022980
592.735862	0.010360
593.425892	-0.004020
594.115922	-0.019420
594.805952	-0.034730
595.495982	-0.048870
596.186013	-0.061090
596.876043	-0.071060
597.566073	-0.078820
598.256103	-0.084650
598.946133	-0.088900
599.636163	-0.091920
600.326193	-0.094110
601.016223	-0.095910
601.706253	-0.097710
602.396284	-0.099850
603.086314	-0.102380
603.776344	-0.104830
604.466374	-0.106290
605.156404	-0.105630
605.846434	-0.101760
606.536464	-0.094020
607.226494	-0.082340
607.916524	-0.067210
608.606554	-0.049380
609.296585	-0.029770
609.986615	-0.009300
610.676645	0.011110
611.366675	0.030640
612.056705	0.048570
612.746735	0.064440
613.436765	0.078090
614.126795	0.089650
614.816825	0.099380
615.506856	0.107570
616.196886	0.114520
616.886916	0.120610
617.576946	0.126410
618.266976	0.132620
618.957006	0.139830
619.647036	0.148160
620.337066	0.157020
621.027096	0.165210
621.717127	0.171350
622.407157	0.174620
623.097187	0.175220
623.787217	0.174190
624.477247	0.172980
625.167277	0.172800
625.857307	0.173960
626.547337	0.175810
627.237367	0.176950
627.927397	0.175610
628.617428	0.169920
629.307458	0.158310
629.997488	0.139670
630.687518	0.113610
631.377548	0.080780
632.067578	0.042910
632.757608	0.002540
633.447638	-0.037450
634.137668	-0.074410
634.827699	-0.106350
635.517729	-0.132120
636.207759	-0.151150
636.897789	-0.163110
637.587819	-0.167840
638.277849	-0.165340
638.967879	-0.155730
639.657909	-0.139430
640.347939	-0.117200
641.037970	-0.090100
641.728000	-0.059480
642.418030	-0.027010
643.108060	0.005260
643.798090	0.034990
644.488120	0.059680
645.178150	0.077010
645.868180	0.085000
646.558210	0.082200
647.248240	0.067610
647.938271	0.040720
648.628301	0.001480
649.318331	-0.049700
650.008361	-0.111740
650.698391	-0.182540
651.388421	-0.258710
652.078451	-0.335310
652.768481	-0.406030
653.458511	-0.463940
654.148542	-0.502530
654.838572	-0.516830
655.528602	-0.504300
656.218632	-0.465150
656.908662	-0.402070
657.598692	-0.319710
658.288722	-0.224020
658.978752	-0.121630
659.668782	-0.019200
660.358813	0.077050
661.048843	0.161850
661.738873	0.231150
662.428903	0.282230
663.118933	0.313770
663.808963	0.325830
664.498993	0.319690
665.189023	0.297730
665.879053	0.263240
666.569083	0.220220
667.259114	0.172990
667.949144	0.125790
668.639174	0.082290
669.329204	0.045300
670.019234	0.016670
670.709264	-0.002640
671.399294	-0.012530
672.089324	-0.013630
672.779354	-0.007310
673.469385	0.004440
674.159415	0.019370
674.849445	0.035280
675.539475	0.050460
676.229505	0.063890
676.919535	0.075160
677.609565	0.084120
678.299595	0.090520
678.989625	0.093730
679.679656	0.092800
680.369686	0.086800
681.059716	0.075190
681.749746	0.058050
682.439776	0.036020
683.129806	0.010060
683.819836	-0.018900
684.509866	-0.050180
685.199896	-0.083210
685.889926	-0.117420
686.579957	-0.152150
687.269987	-0.186620
687.960017	-0.219900
688.650047	-0.250810
689.340077	-0.277880
690.030107	-0.299120
690.720137	-0.312040
691.410167	-0.313760
692.100197	-0.301580
692.790228	-0.273840
693.480258	-0.230770
694.170288	-0.174760
694.860318	-0.110040
695.550348	-0.041650
696.240378	0.025680
696.930408	0.088530
697.620438	0.144980
698.310468	0.194300
699.000499	0.236410
699.690529	0.271320
700.380559	0.298660
701.070589	0.317490
701.760619	0.326310
702.450649	0.323420
703.140679	0.307450
703.830709	0.277840
704.520739	0.235250
705.210769	0.181520
705.900800	0.119390
706.590830	0.052100
707.280860	-0.016990
707.970890	-0.084740
708.660920	-0.148270
709.350950	-0.204950
710.040980	-0.252280
710.731010	-0.287730
711.421040	-0.308900
712.111071	-0.313840
712.801101	-0.301450
713.491131	-0.271790
714.181161	-0.226200
714.871191	-0.167260
715.561221	-0.098550
716.251251	-0.024410
716.941281	0.050380
717.631311	0.121080
718.321342	0.183480
719.011372	0.234330
719.701402	0.271580
720.391432	0.294310
721.081462	0.302470
721.771492	0.296560
722.461522	0.277540
723.151552	0.246830
723.841582	0.206440
724.531612	0.158900
725.221643	0.107080
725.911673	0.054060
726.601703	0.002940
727.291733	-0.043190
727.981763	-0.081490
728.671793	-0.109580
729.361823	-0.125920
730.051853	-0.130280
730.741883	-0.124030
731.431914	-0.109890
732.121944	-0.091270
732.811974	-0.071520
733.502004	-0.053090
734.192034	-0.037140
734.882064	-0.023420
735.572094	-0.010660
736.262124	0.002800
736.952154	0.018320
737.642185	0.036340
738.332215	0.056110
739.022245	0.075600
739.712275	0.091910
740.402305	0.101830
741.092335	0.102490
741.782365	0.092040
742.472395	0.070040
743.162425	0.037580
743.852455	-0.002640
744.542486	-0.046760
745.232516	-0.090190
745.922546	-0.128350
746.612576	-0.157280
747.302606	-0.174260
747.992636	-0.178160
748.682666	-0.169610
749.372696	-0.150630
750.062726	-0.124250
750.752757	-0.093830
751.442787	-0.062580
752.132817	-0.033100
752.822847	-0.007260
753.512877	0.013830
754.202907	0.029810
754.892937	0.040970
755.582967	0.048220
756.272997	0.052900
756.963028	0.056520
757.653058	0.060420
758.343088	0.065430
759.033118	0.071760
759.723148	0.078970
760.413178	0.086250
761.103208	0.092600
761.793238	0.097140
762.483268	0.099200
763.173298	0.098270
763.863329	0.093990
764.553359	0.086140
765.243389	0.074670
765.933419	0.059940
766.623449	0.042830
767.313479	0.024680
768.003509	0.007050
768.693539	-0.008500
769.383569	-0.020790
770.073600	-0.029060
770.763630	-0.033120
771.453660	-0.033300
772.143690	-0.030440
772.833720	-0.025770
773.523750	-0.020810
774.213780	-0.017090
774.903810	-0.015970
775.593840	-0.018440
776.283871	-0.024930
776.973901	-0.035210
777.663931	-0.048290
778.353961	-0.062530
779.043991	-0.075980
779.734021	-0.086710
780.424051	-0.093200
781.114081	-0.094560
781.804111	-0.090640
782.494141	-0.081890
783.184172	-0.069290
783.874202	-0.054100
784.564232	-0.037720
785.254262	-0.021450
785.944292	-0.006370
786.634322	0.006860
787.324352	0.018000
788.014382	0.027140
788.704412	0.034650
789.394443	0.040990
790.084473	0.046570
790.774503	0.051720
791.464533	0.056660
792.154563	0.061470
792.844593	0.066160
