0.000000	-0.040460
0.690003	-0.007490
1.380005	0.020460
2.070008	0.042090
2.760011	0.057250
3.450013	0.066930
4.140016	0.073040
4.830019	0.078000
5.520022	0.084370
6.210024	0.094090
6.900027	0.107870
7.590030	0.124850
8.280032	0.142940
8.970035	0.159520
9.660038	0.172300
10.350040	0.179990
11.040043	0.182530
11.730046	0.180740
12.420048	0.175890
13.110051	0.169330
13.800054	0.162270
14.490057	0.155580
15.180059	0.149750
15.870062	0.144830
16.560065	0.140570
17.250067	0.136560
17.940070	0.132340
18.630073	0.127380
19.320075	0.121190
20.010078	0.113250
20.700081	0.103120
21.390084	0.090470
22.080086	0.075090
22.770089	0.056850
23.460092	0.035700
24.150094	0.011630
24.840097	-0.015120
25.530100	-0.043940
26.220102	-0.073740
26.910105	-0.103030
27.600108	-0.130130
28.290110	-0.153360
28.980113	-0.171250
29.670116	-0.182650
30.360119	-0.186860
31.050121	-0.183630
31.740124	-0.173190
32.430127	-0.156290
33.120129	-0.134090
33.810132	-0.108090
34.500135	-0.079790
35.190137	-0.050590
35.880140	-0.021680
36.570143	0.005930
37.260145	0.031400
37.950148	0.053930
38.640151	0.072810
39.330154	0.087530
40.020156	0.097750
40.710159	0.103460
41.400162	0.104910
42.090164	0.102540
42.780167	0.096930
43.470170	0.088770
44.160172	0.078790
44.850175	0.067650
45.540178	0.055890
46.230180	0.043850
46.920183	0.031660
47.610186	0.019190
48.300189	0.006110
48.990191	-0.008010
49.680194	-0.023510
50.370197	-0.040400
51.060199	-0.058170
51.750202	-0.075700
52.440205	-0.091350
53.130207	-0.103290
53.820210	-0.109880
54.510213	-0.110010
55.200216	-0.103280
55.890218	-0.089990
56.580221	-0.070970
57.270224	-0.047400
57.960226	-0.020540
58.650229	0.008390
59.340232	0.038310
60.030234	0.068250
60.720237	0.097390
61.410240	0.125040
62.100242	0.150670
62.790245	0.173900
63.480248	0.194420
64.170251	0.211830
64.860253	0.225450
65.550256	0.234210
66.240259	0.236670
66.930261	0.231180
67.620264	0.216160
68.310267	0.190410
69.000269	0.153410
69.690272	0.105490
70.380275	0.047930
71.070277	-0.017000
71.760280	-0.086270
72.450283	-0.156340
73.140286	-0.223540
73.830288	-0.284480
74.520291	-0.336290
75.210294	-0.376780
75.900296	-0.404470
76.590299	-0.418500
77.280302	-0.418540
77.970304	-0.404740
78.660307	-0.377860
79.350310	-0.339450
80.040312	-0.291850
80.730315	-0.238050
81.420318	-0.181270
82.110321	-0.124500
82.800323	-0.070150
83.490326	-0.019910
84.180329	0.025220
84.870331	0.064720
85.560334	0.098420
86.250337	0.126450
86.940339	0.149170
87.630342	0.167100
88.320345	0.180860
89.010348	0.191030
89.700350	0.198140
90.390353	0.202650
91.080356	0.204980
91.770358	0.205440
92.460361	0.204290
93.150364	0.201670
93.840366	0.197660
94.530369	0.192320
95.220372	0.185670
95.910374	0.177810
96.600377	0.168770
97.290380	0.158560
97.980383	0.147130
98.670385	0.134490
99.360388	0.120640
100.050391	0.105620
100.740393	0.089410
101.430396	0.071920
102.120399	0.053000
102.810401	0.032580
103.500404	0.010810
104.190407	-0.011840
104.880409	-0.034620
105.570412	-0.056570
106.260415	-0.076790
106.950418	-0.094570
107.640420	-0.109580
108.330423	-0.121810
109.020426	-0.131520
109.710428	-0.139080
110.400431	-0.144840
111.090434	-0.149050
111.780436	-0.151780
112.470439	-0.152950
113.160442	-0.152400
113.850444	-0.150040
114.540447	-0.145880
115.230450	-0.140070
115.920453	-0.132890
116.610455	-0.124640
117.300458	-0.115520
117.990461	-0.105590
118.680463	-0.094780
119.370466	-0.082870
120.060469	-0.069550
120.750471	-0.054490
121.440474	-0.037460
122.130477	-0.018520
122.820480	0.001940
123.510482	0.023200
124.200485	0.044260
124.890488	0.064030
125.580490	0.081490
126.270493	0.095760
126.960496	0.106150
127.650498	0.112140
128.340501	0.113460
129.030504	0.110070
129.720506	0.102230
130.410509	0.090470
131.100512	0.075520
131.790515	0.058200
132.480517	0.039390
133.170520	0.020020
133.860523	0.001080
134.550525	-0.016410
135.240528	-0.031490
135.930531	-0.043350
136.620533	-0.051410
137.310536	-0.055340
138.000539	-0.055040
138.690541	-0.050540
139.380544	-0.042020
140.070547	-0.029780
140.760550	-0.014390
141.450552	0.003220
142.140555	0.021830
142.830558	0.039910
143.520560	0.055930
144.210563	0.068590
144.900566	0.077000
145.590568	0.080760
146.280571	0.079870
146.970574	0.074670
147.660576	0.065610
148.350579	0.053190
149.040582	0.037850
149.730585	0.020010
150.420587	0.000030
151.110590	-0.021620
151.800593	-0.044280
152.490595	-0.066930
153.180598	-0.088310
153.870601	-0.107000
154.560603	-0.121670
155.250606	-0.131170
155.940609	-0.134620
156.630612	-0.131420
157.320614	-0.121380
158.010617	-0.104790
158.700620	-0.082460
159.390622	-0.055700
160.080625	-0.026130
160.770628	0.004490
161.460630	0.034440
162.150633	0.061990
162.840636	0.085490
163.530638	0.103480
164.220641	0.114860
164.910644	0.119100
165.600647	0.116350
166.290649	0.107310
166.980652	0.093080
167.670655	0.074910
168.360657	0.054190
169.050660	0.032420
169.740663	0.011190
170.430665	-0.007930
171.120668	-0.023660
171.810671	-0.035150
172.500673	-0.042150
173.190676	-0.044830
173.880679	-0.043570
174.570682	-0.038680
175.260684	-0.030290
175.950687	-0.018510
176.640690	-0.003500
177.330692	0.014330
178.020695	0.034300
178.710698	0.055250
179.400700	0.075580
180.090703	0.093360
180.780706	0.106520
181.470708	0.113100
182.160711	0.111660
182.850714	0.101620
183.540717	0.083540
184.230719	0.059320
184.920722	0.032100
185.610725	0.005730
186.300727	-0.015930
186.990730	-0.029900
187.680733	-0.034510
188.370735	-0.029600
189.060738	-0.016110
189.750741	0.004280
190.440744	0.029430
191.130746	0.056730
191.820749	0.083220
192.510752	0.105750
193.200754	0.121370
193.890757	0.127810
194.580760	0.123930
195.270762	0.110070
195.960765	0.087970
196.650768	0.060380
197.340770	0.030410
198.030773	0.000880
198.720776	-0.026290
199.410779	-0.050230
200.100781	-0.070830
200.790784	-0.088420
201.480787	-0.103500
202.170789	-0.116500
202.860792	-0.127820
203.550795	-0.137860
204.240797	-0.146970
204.930800	-0.155340
205.620803	-0.162840
206.310805	-0.168770
207.000808	-0.171880
207.690811	-0.170630
208.380814	-0.163590
209.070816	-0.149950
209.760819	-0.129680
210.450822	-0.103670
211.140824	-0.073450
211.830827	-0.041030
212.520830	-0.008710
213.210832	0.021040
213.900835	0.045900
214.590838	0.064060
215.280840	0.074620
215.970843	0.077760
216.660846	0.074590
217.350849	0.066590
218.040851	0.055150
218.730854	0.041310
219.420857	0.025650
220.110859	0.008480
220.800862	-0.010060
221.490865	-0.029920
222.180867	-0.051050
222.870870	-0.073540
223.560873	-0.097530
224.250876	-0.123180
224.940878	-0.150560
225.630881	-0.179450
226.320884	-0.209190
227.010886	-0.238550
227.700889	-0.265650
228.390892	-0.288090
229.080894	-0.303110
229.770897	-0.308170
230.460900	-0.301480
231.150902	-0.282650
231.840905	-0.253060
232.530908	-0.215630
233.220911	-0.174130
233.910913	-0.132150
234.600916	-0.092070
235.290919	-0.054480
235.980921	-0.018080
236.670924	0.019800
237.360927	0.062360
238.050929	0.112110
238.740932	0.169560
239.430935	0.232250
240.120937	0.295140
240.810940	0.351750
241.500943	0.395790
242.190946	0.422630
242.880948	0.430320
243.570951	0.419330
244.260954	0.391900
244.950956	0.351250
245.640959	0.301140
246.330962	0.245490
247.020964	0.187940
247.710967	0.131380
248.400970	0.077440
249.090972	0.026250
249.780975	-0.023040
250.470978	-0.071400
251.160981	-0.118830
251.850983	-0.163690
252.540986	-0.202730
253.230989	-0.231900
253.920991	-0.247520
254.610994	-0.247240
255.300997	-0.230540
255.990999	-0.198760
256.681002	-0.154810
257.371005	-0.102630
258.061008	-0.046630
258.751010	0.008890
259.441013	0.060080
260.131016	0.103840
260.821018	0.137930
261.511021	0.160960
262.201024	0.172340
262.891026	0.172180
263.581029	0.161390
264.271032	0.141720
264.961034	0.115760
265.651037	0.086760
266.341040	0.058180
267.031043	0.033070
267.721045	0.013500
268.411048	0.000170
269.101051	-0.007640
269.791053	-0.011770
270.481056	-0.014610
271.171059	-0.018470
271.861061	-0.024890
272.551064	-0.034320
273.241067	-0.045950
273.931069	-0.057910
274.621072	-0.067700
275.311075	-0.072860
276.001078	-0.071630
276.691080	-0.063480
277.381083	-0.049550
278.071086	-0.032590
278.761088	-0.016230
279.451091	-0.004030
280.141094	0.001560
280.831096	-0.000140
281.521099	-0.008010
282.211102	-0.019580
282.901104	-0.031820
283.591107	-0.041700
284.281110	-0.046720
284.971113	-0.045230
285.661115	-0.036810
286.351118	-0.022300
287.041121	-0.003550
287.731123	0.016990
288.421126	0.036770
289.111129	0.053640
289.801131	0.066040
290.491134	0.073040
291.181137	0.074240
291.871140	0.069780
292.561142	0.060240
293.251145	0.046540
293.941148	0.029810
294.631150	0.011280
295.321153	-0.007790
296.011156	-0.026180
296.701158	-0.042700
297.391161	-0.056310
298.081164	-0.066200
298.771166	-0.071880
299.461169	-0.073170
300.151172	-0.070140
300.841175	-0.062950
301.531177	-0.051730
302.221180	-0.036590
302.911183	-0.017650
303.601185	0.004720
304.291188	0.029790
304.981191	0.056410
305.671193	0.083070
306.361196	0.108020
307.051199	0.129380
307.741201	0.145360
308.431204	0.154280
309.121207	0.154800
309.811210	0.146040
310.501212	0.127840
311.191215	0.100900
311.881218	0.066790
312.571220	0.027840
313.261223	-0.013100
313.951226	-0.053080
314.641228	-0.089290
315.331231	-0.119400
316.021234	-0.141690
316.711236	-0.155140
317.401239	-0.159460
318.091242	-0.155080
318.781245	-0.143120
319.471247	-0.125200
320.161250	-0.103270
320.851253	-0.079440
321.541255	-0.055650
322.231258	-0.033540
322.921261	-0.014260
323.611263	0.001590
324.301266	0.013990
324.991269	0.023330
325.681272	0.030270
326.371274	0.035560
327.061277	0.039740
327.751280	0.043130
328.441282	0.045760
329.131285	0.047530
329.821288	0.048270
330.511290	0.047790
331.201293	0.045950
331.891296	0.042640
332.581298	0.037830
333.271301	0.031710
333.961304	0.024610
334.651307	0.016890
335.341309	0.008770
336.031312	0.000220
336.721315	-0.008940
337.411317	-0.018920
338.101320	-0.029610
338.791323	-0.040590
339.481325	-0.051150
340.171328	-0.060520
340.861331	-0.068090
341.551333	-0.073490
342.241336	-0.076640
342.931339	-0.077580
343.621342	-0.076440
344.311344	-0.073250
345.001347	-0.068020
345.691350	-0.060700
346.381352	-0.051320
347.071355	-0.039980
347.761358	-0.026830
348.451360	-0.012020
349.141363	0.004310
349.831366	0.022010
350.521368	0.040790
351.211371	0.060220
351.901374	0.079650
352.591377	0.098130
353.281379	0.114420
353.971382	0.127050
354.661385	0.134490
355.351387	0.135400
356.041390	0.129060
356.731393	0.115500
357.421395	0.095600
358.111398	0.070830
358.801401	0.043020
359.491404	0.013960
360.181406	-0.014760
360.871409	-0.041970
361.561412	-0.066840
362.251414	-0.088940
362.941417	-0.108010
363.631420	-0.123800
364.321422	-0.135950
365.011425	-0.143950
365.701428	-0.147220
366.391430	-0.145390
367.081433	-0.138390
367.771436	-0.126670
368.461439	-0.111110
369.151441	-0.092920
369.841444	-0.073460
370.531447	-0.054010
371.221449	-0.035640
371.911452	-0.019130
372.601455	-0.005020
373.291457	0.006350
373.981460	0.014770
374.671463	0.020180
375.361465	0.022750
376.051468	0.022880
376.741471	0.021070
377.431474	0.017800
378.121476	0.013460
378.811479	0.008350
379.501482	0.002840
380.191484	-0.002460
380.881487	-0.006660
381.571490	-0.008790
382.261492	-0.007990
382.951495	-0.003760
383.641498	0.003870
384.331500	0.014400
385.021503	0.026890
385.711506	0.040070
386.401509	0.052560
387.091511	0.062950
387.781514	0.070010
388.471517	0.072800
389.161519	0.070880
389.851522	0.064510
390.541525	0.054660
391.231527	0.042870
391.921530	0.030910
392.611533	0.020410
393.301536	0.012440
393.991538	0.007310
394.681541	0.004560
395.371544	0.003120
396.061546	0.001570
396.751549	-0.001510
397.441552	-0.007220
398.131554	-0.016000
398.821557	-0.027540
399.511560	-0.040830
400.201562	-0.054370
400.891565	-0.066460
401.581568	-0.075470
402.271571	-0.080060
402.961573	-0.079330
403.651576	-0.072910
404.341579	-0.060990
405.031581	-0.044280
405.721584	-0.023880
406.411587	-0.001260
407.101589	0.021950
407.791592	0.043930
408.481595	0.063000
409.171597	0.077740
409.861600	0.087330
410.551603	0.091780
411.241606	0.092080
411.931608	0.089950
412.621611	0.087380
413.311614	0.086140
414.001616	0.087430
414.691619	0.091810
415.381622	0.099350
416.071624	0.109890
416.761627	0.122940
417.451630	0.137500
418.141632	0.151980
418.831635	0.164200
419.521638	0.171750
420.211641	0.172460
420.901643	0.164720
421.591646	0.147880
422.281649	0.122390
422.971651	0.089960
423.661654	0.053410
424.351657	0.016300
425.041659	-0.017580
425.731662	-0.044990
426.421665	-0.063710
427.111668	-0.072900
427.801670	-0.073010
428.491673	-0.065560
429.181676	-0.052760
429.871678	-0.037100
430.561681	-0.021040
431.251684	-0.006790
431.941686	0.003700
432.631689	0.008860
433.321692	0.007600
434.011694	-0.000410
434.701697	-0.014580
435.391700	-0.033520
436.081703	-0.055460
436.771705	-0.078660
437.461708	-0.101780
438.151711	-0.123990
438.841713	-0.144850
439.531716	-0.164080
440.221719	-0.181470
440.911721	-0.196910
441.601724	-0.210390
442.291727	-0.221860
442.981729	-0.231060
443.671732	-0.237260
444.361735	-0.239130
445.051738	-0.234960
445.741740	-0.222920
446.431743	-0.201500
447.121746	-0.169880
447.811748	-0.128230
448.501751	-0.077740
449.191754	-0.020620
449.881756	0.040070
450.571759	0.100690
451.261762	0.157270
451.951764	0.206050
452.641767	0.243850
453.331770	0.268320
454.021773	0.278060
454.711775	0.272500
455.401778	0.251940
456.091781	0.217430
456.781783	0.170860
457.471786	0.114860
458.161789	0.052700
458.851791	-0.011950
459.541794	-0.075340
460.231797	-0.133810
460.921800	-0.184090
461.611802	-0.223520
462.301805	-0.250340
462.991808	-0.263830
463.681810	-0.264460
464.371813	-0.253640
465.061816	-0.233410
465.751818	-0.206030
466.441821	-0.173710
467.131824	-0.138510
467.821826	-0.102350
468.511829	-0.067090
469.201832	-0.034600
469.891835	-0.006720
470.581837	0.014830
471.271840	0.028530
471.961843	0.033170
472.651845	0.028230
473.341848	0.014100
474.031851	-0.007700
474.721853	-0.034500
475.411856	-0.062620
476.101859	-0.087800
476.791861	-0.105870
477.481864	-0.113480
478.171867	-0.108940
478.861870	-0.092750
479.551872	-0.067550
480.241875	-0.037350
480.931878	-0.006350
481.621880	0.022110
482.311883	0.046260
483.001886	0.065820
483.691888	0.081430
484.381891	0.094050
485.071894	0.104590
485.761896	0.113820
486.451899	0.122460
487.141902	0.131110
487.831905	0.140090
488.521907	0.149290
489.211910	0.158180
489.901913	0.166030
490.591915	0.172160
491.281918	0.176180
491.971921	0.178010
492.661923	0.177640
493.351926	0.174850
494.041929	0.169230
494.731932	0.160150
495.421934	0.146980
496.111937	0.129410
496.801940	0.107690
497.491942	0.082720
498.181945	0.055990
498.871948	0.029360
499.561950	0.004690
500.251953	-0.016380
500.941956	-0.032750
501.631958	-0.043960
502.321961	-0.050290
503.011964	-0.052790
503.701967	-0.053050
504.391969	-0.052830
505.081972	-0.053590
505.771975	-0.056030
506.461977	-0.059990
507.151980	-0.064670
507.841983	-0.068950
508.531985	-0.071900
509.221988	-0.072930
509.911991	-0.071900
510.601993	-0.069020
511.291996	-0.064600
511.981999	-0.058880
512.672002	-0.051950
513.362004	-0.043720
514.052007	-0.034180
514.742010	-0.023610
515.432012	-0.012800
516.122015	-0.003000
516.812018	0.004390
517.502020	0.008230
518.192023	0.007950
518.882026	0.003680
519.572028	-0.003860
520.262031	-0.013630
520.952034	-0.024400
521.642037	-0.034930
522.332039	-0.044050
523.022042	-0.050710
523.712045	-0.054100
524.402047	-0.053780
525.092050	-0.049760
525.782053	-0.042470
526.472055	-0.032670
527.162058	-0.021340
527.852061	-0.009450
528.542064	0.002160
529.232066	0.012890
529.922069	0.022280
530.612072	0.030020
531.302074	0.035930
531.992077	0.039890
532.682080	0.041950
533.372082	0.042280
534.062085	0.041240
534.752088	0.039240
535.442090	0.036660
536.132093	0.033860
536.822096	0.031100
537.512099	0.028610
538.202101	0.026610
538.892104	0.025230
539.582107	0.024500
540.272109	0.024330
540.962112	0.024520
541.652115	0.024860
542.342117	0.025150
543.032120	0.025250
543.722123	0.025070
544.412125	0.024600
545.102128	0.023780
545.792131	0.022520
546.482134	0.020630
547.172136	0.017840
547.862139	0.013910
548.552142	0.008620
549.242144	0.001940
549.932147	-0.005940
550.622150	-0.014700
551.312152	-0.023830
552.002155	-0.032780
552.692158	-0.040960
553.382160	-0.047810
554.072163	-0.052860
554.762166	-0.055850
555.452169	-0.056680
556.142171	-0.055450
556.832174	-0.052410
557.522177	-0.047840
558.212179	-0.041990
558.902182	-0.034990
559.592185	-0.026880
560.282187	-0.017590
560.972190	-0.007100
561.662193	0.004500
562.352196	0.016890
563.042198	0.029420
563.732201	0.041200
564.422204	0.051150
565.112206	0.058230
565.802209	0.061630
566.492212	0.060830
567.182214	0.055770
567.872217	0.046820
568.562220	0.034710
569.252222	0.020410
569.942225	0.005020
570.632228	-0.010400
571.322231	-0.024930
572.012233	-0.037800
572.702236	-0.048390
573.392239	-0.056270
574.082241	-0.061190
574.772244	-0.063170
575.462247	-0.062410
576.152249	-0.059340
576.842252	-0.054520
577.532255	-0.048570
578.222257	-0.042070
578.912260	-0.035510
579.602263	-0.029200
580.292266	-0.023260
580.982268	-0.017690
581.672271	-0.012420
582.362274	-0.007410
583.052276	-0.002720
583.742279	0.001610
584.432282	0.005460
585.122284	0.008810
585.812287	0.011730
586.502290	0.014420
587.192292	0.017170
587.882295	0.020420
588.572298	0.024540
589.262301	0.029710
589.952303	0.035840
590.642306	0.042510
591.332309	0.049100
592.022311	0.054910
592.712314	0.059390
593.402317	0.062200
594.092319	0.063130
594.782322	0.062080
595.472325	0.058980
596.162328	0.053770
596.852330	0.046470
597.542333	0.037240
598.232336	0.026450
598.922338	0.014620
599.612341	0.002340
600.302344	-0.009890
600.992346	-0.021790
601.682349	-0.033320
602.372352	-0.044620
603.062354	-0.055880
603.752357	-0.067240
604.442360	-0.078600
605.132363	-0.089600
605.822365	-0.099440
606.512368	-0.107000
607.202371	-0.110980
607.892373	-0.110200
608.582376	-0.103890
609.272379	-0.091980
609.962381	-0.075170
610.652384	-0.054840
611.342387	-0.032900
612.032389	-0.011430
612.722392	0.007670
613.412395	0.023070
614.102398	0.034230
614.792400	0.041440
615.482403	0.045550
616.172406	0.047740
616.862408	0.049110
617.552411	0.050560
618.242414	0.052580
618.932416	0.055310
619.622419	0.058470
620.312422	0.061510
621.002424	0.063660
621.692427	0.064060
622.382430	0.061970
623.072433	0.056920
623.762435	0.048910
624.452438	0.038630
625.142441	0.027400
625.832443	0.016860
626.522446	0.008310
627.212449	0.002340
627.902451	-0.001510
628.592454	-0.004440
629.282457	-0.007830
629.972460	-0.012630
630.662462	-0.019040
631.352465	-0.026620
632.042468	-0.034550
632.732470	-0.042090
633.422473	-0.048850
634.112476	-0.054800
634.802478	-0.060160
635.492481	-0.065190
636.182484	-0.070070
636.872486	-0.074760
637.562489	-0.078970
638.252492	-0.082150
638.942495	-0.083560
639.632497	-0.082350
640.322500	-0.077860
641.012503	-0.069760
641.702505	-0.058170
642.392508	-0.043500
643.082511	-0.026240
643.772513	-0.006800
644.462516	0.014600
645.152519	0.037810
645.842521	0.062560
646.532524	0.088270
647.222527	0.114020
647.912530	0.138580
648.602532	0.160530
649.292535	0.178470
649.982538	0.191250
650.672540	0.198140
651.362543	0.198990
652.052546	0.194190
652.742548	0.184630
653.432551	0.171440
654.122554	0.155730
654.812556	0.138420
655.502559	0.120090
656.192562	0.100930
656.882565	0.080770
657.572567	0.059350
658.262570	0.036580
658.952573	0.012730
659.642575	-0.011440
660.332578	-0.034670
661.022581	-0.055180
661.712583	-0.071130
662.402586	-0.080880
663.092589	-0.083270
663.782592	-0.077790
664.472594	-0.064640
665.162597	-0.044630
665.852600	-0.019040
666.542602	0.010400
667.232605	0.041580
667.922608	0.072020
668.612610	0.099130
669.302613	0.120460
669.992616	0.133990
670.682618	0.138320
671.372621	0.132810
672.062624	0.117700
672.752627	0.094130
673.442629	0.063940
674.132632	0.029510
674.822635	-0.006650
675.512637	-0.042300
676.202640	-0.075840
676.892643	-0.106490
677.582645	-0.134280
678.272648	-0.159940
678.962651	-0.184640
679.652653	-0.209700
680.342656	-0.236200
681.032659	-0.264730
681.722662	-0.294910
682.412664	-0.325160
683.102667	-0.352650
683.792670	-0.373680
684.482672	-0.384240
685.172675	-0.380750
685.862678	-0.360690
686.552680	-0.323060
687.242683	-0.268580
687.932686	-0.199700
688.622688	-0.120420
689.312691	-0.035940
690.002694	0.047970
690.692697	0.125730
691.382699	0.192520
692.072702	0.244770
692.762705	0.280310
693.452707	0.298300
694.142710	0.299080
694.832713	0.283960
695.522715	0.255170
696.212718	0.215590
696.902721	0.168540
697.592724	0.117460
698.282726	0.065650
698.972729	0.016110
699.662732	-0.028550
700.352734	-0.066120
701.042737	-0.094640
701.732740	-0.112590
702.422742	-0.119040
703.112745	-0.113860
703.802748	-0.097940
704.492750	-0.073150
705.182753	-0.042170
705.872756	-0.007910
706.562759	0.027020
707.252761	0.060730
707.942764	0.092040
708.632767	0.120370
709.322769	0.145280
710.012772	0.166280
710.702775	0.182600
711.392777	0.193270
712.082780	0.197190
712.772783	0.193410
713.462785	0.181330
714.152788	0.160890
714.842791	0.132610
715.532794	0.097510
716.222796	0.056860
716.912799	0.011860
717.602802	-0.036440
718.292804	-0.087220
718.982807	-0.139640
719.672810	-0.192720
720.362812	-0.245170
721.052815	-0.295240
721.742818	-0.340730
722.432820	-0.378890
723.122823	-0.406540
723.812826	-0.420340
724.502829	-0.417200
725.192831	-0.394740
725.882834	-0.351910
726.572837	-0.289550
727.262839	-0.210600
727.952842	-0.119970
728.642845	-0.024050
729.332847	0.070300
730.022850	0.156700
730.712853	0.230000
731.402856	0.286620
732.092858	0.324530
732.782861	0.342970
733.472864	0.342160
734.162866	0.323240
734.852869	0.288260
735.542872	0.240070
736.232874	0.182200
736.922877	0.118600
737.612880	0.053380
738.302882	-0.009350
738.992885	-0.065780
739.682888	-0.112530
740.372891	-0.146900
741.062893	-0.167090
741.752896	-0.172240
742.442899	-0.162440
743.132901	-0.138690
743.822904	-0.102900
744.512907	-0.057900
745.202909	-0.007150
745.892912	0.045580
746.582915	0.096810
747.272917	0.143650
747.962920	0.184000
748.652923	0.216440
749.342926	0.239880
750.032928	0.253420
750.722931	0.256370
751.412934	0.248250
752.102936	0.229100
752.792939	0.199490
753.482942	0.160690
754.172944	0.114530
754.862947	0.063340
755.552950	0.009740
756.242952	-0.043570
756.932955	-0.093940
757.622958	-0.138960
758.312961	-0.176520
759.002963	-0.204950
759.692966	-0.223040
760.382969	-0.230140
761.072971	-0.226200
761.762974	-0.211770
762.452977	-0.188120
763.142979	-0.157140
763.832982	-0.121060
764.522985	-0.082150
765.212988	-0.042430
765.902990	-0.003390
766.592993	0.034030
767.282996	0.069300
767.972998	0.101970
768.663001	0.131440
769.353004	0.156770
770.043006	0.176610
770.733009	0.189290
771.423012	0.193140
772.113014	0.186820
772.803017	0.169740
773.493020	0.142270
774.183023	0.105860
774.873025	0.062910
775.563028	0.016460
776.253031	-0.030150
776.943033	-0.073700
777.633036	-0.111290
778.323039	-0.140520
779.013041	-0.159650
779.703044	-0.167730
780.393047	-0.164700
781.083049	-0.151510
781.773052	-0.130070
782.463055	-0.103010
783.153058	-0.073350
783.843060	-0.044090
784.533063	-0.017820
785.223066	0.003530
785.913068	0.018880
786.603071	0.027800
787.293074	0.030510
787.983076	0.027660
788.673079	0.020290
789.363082	0.009750
790.053084	-0.002250
790.743087	-0.013690
791.433090	-0.022500
792.123093	-0.026770
792.813095	-0.025240
