0.000000	-0.314470
0.690001	-0.305140
1.380002	-0.288480
2.070003	-0.265240
2.760003	-0.236050
3.450004	-0.201460
4.140005	-0.162100
4.830006	-0.118750
5.520007	-0.072570
6.210008	-0.025200
6.900009	0.021340
7.590010	0.064870
8.280010	0.103340
8.970011	0.135230
9.660012	0.159670
10.350013	0.176490
11.040014	0.185930
11.730015	0.188500
12.420016	0.184790
13.110017	0.175450
13.800017	0.161300
14.490018	0.143420
15.180019	0.123150
15.870020	0.101870
16.560021	0.080830
17.250022	0.060960
17.940023	0.042930
18.630024	0.027200
19.320024	0.014150
20.010025	0.004090
20.700026	-0.002780
21.390027	-0.006590
22.080028	-0.007710
22.770029	-0.006800
23.460030	-0.004610
24.150031	-0.001830
24.840031	0.001180
25.530032	0.004460
26.220033	0.008300
26.910034	0.013160
27.600035	0.019370
28.290036	0.026980
28.980037	0.035660
29.670038	0.044650
30.360038	0.052790
31.050039	0.058660
31.740040	0.060950
32.430041	0.058690
33.120042	0.051450
33.810043	0.039500
34.500044	0.023620
35.190045	0.004790
35.880045	-0.015960
36.570046	-0.037750
37.260047	-0.059710
37.950048	-0.081050
38.640049	-0.101020
39.330050	-0.119050
40.020051	-0.134910
40.710052	-0.148690
41.400052	-0.160670
42.090053	-0.171050
42.780054	-0.179640
43.470055	-0.185730
44.160056	-0.188210
44.850057	-0.185720
45.540058	-0.177000
46.230059	-0.161030
46.920059	-0.137290
47.610060	-0.105870
48.300061	-0.067840
48.990062	-0.025260
49.680063	0.018960
50.370064	0.061600
51.060065	0.099650
51.750066	0.130970
52.440066	0.154650
53.130067	0.170890
53.820068	0.180700
54.510069	0.185510
55.200070	0.186720
55.890071	0.185450
56.580072	0.182430
57.270073	0.177960
57.960073	0.171930
58.650074	0.163890
59.340075	0.153160
60.030076	0.139060
60.720077	0.121070
61.410078	0.099050
62.100079	0.073370
62.790080	0.044990
63.480080	0.015390
64.170081	-0.013580
64.860082	-0.039920
65.550083	-0.061750
66.240084	-0.077590
66.930085	-0.086650
67.620086	-0.089040
68.310087	-0.085720
69.000087	-0.078330
69.690088	-0.068910
70.380089	-0.059370
71.070090	-0.051170
71.760091	-0.044980
72.450092	-0.040690
73.140093	-0.037600
73.830094	-0.034710
74.520094	-0.031030
75.210095	-0.025760
75.900096	-0.018360
76.590097	-0.008630
77.280098	0.003240
77.970099	0.016790
78.660100	0.031240
79.350101	0.045610
80.040101	0.058950
80.730102	0.070410
81.420103	0.079420
82.110104	0.085640
82.800105	0.088910
83.490106	0.089160
84.180107	0.086230
84.870108	0.079890
85.560108	0.069900
86.250109	0.056210
86.940110	0.039120
87.630111	0.019440
88.320112	-0.001630
89.010113	-0.022630
89.700114	-0.042030
90.390115	-0.058370
91.080115	-0.070470
91.770116	-0.077510
92.460117	-0.079260
93.150118	-0.076070
93.840119	-0.068870
94.530120	-0.058960
95.220121	-0.047780
95.910122	-0.036650
96.600122	-0.026580
97.290123	-0.018210
97.980124	-0.011890
98.670125	-0.007680
99.360126	-0.005440
100.050127	-0.004880
100.740128	-0.005670
101.430129	-0.007470
102.120129	-0.009980
102.810130	-0.012860
103.500131	-0.015770
104.190132	-0.018370
104.880133	-0.020470
105.570134	-0.022110
106.260135	-0.023580
106.950136	-0.025290
107.640136	-0.027490
108.330137	-0.029990
109.020138	-0.031960
109.710139	-0.032030
110.400140	-0.028530
111.090141	-0.019790
111.780142	-0.004530
112.470142	0.017810
113.160143	0.046810
113.850144	0.081040
114.540145	0.118190
115.230146	0.155370
115.920147	0.189440
116.610148	0.217370
117.300149	0.236480
117.990149	0.244610
118.680150	0.240290
119.370151	0.222830
120.060152	0.192450
120.750153	0.150250
121.440154	0.098150
122.130155	0.038870
122.820156	-0.024260
123.510156	-0.087540
124.200157	-0.147170
124.890158	-0.199590
125.580159	-0.241760
126.270160	-0.271460
126.960161	-0.287330
127.650162	-0.288920
128.340163	-0.276600
129.030163	-0.251470
129.720164	-0.215160
130.410165	-0.169740
131.100166	-0.117620
131.790167	-0.061490
132.480168	-0.004330
133.170169	0.050740
133.860170	0.100620
134.550170	0.142480
135.240171	0.174130
135.930172	0.194170
136.620173	0.202050
137.310174	0.197920
138.000175	0.182460
138.690176	0.156690
139.380177	0.121970
140.070177	0.080070
140.760178	0.033170
141.450179	-0.016190
142.140180	-0.065240
142.830181	-0.111040
143.520182	-0.150700
144.210183	-0.181620
144.900184	-0.201700
145.590184	-0.209620
146.280185	-0.205000
146.970186	-0.188530
147.660187	-0.161860
148.350188	-0.127470
149.040189	-0.088580
149.730190	-0.048930
150.420191	-0.012450
151.110191	0.017130
151.800192	0.036780
152.490193	0.044680
153.180194	0.040600
153.870195	0.025920
154.560196	0.003460
155.250197	-0.023160
155.940198	-0.050180
156.630198	-0.074330
157.320199	-0.093210
158.010200	-0.105310
158.700201	-0.109880
159.390202	-0.106760
160.080203	-0.096190
160.770204	-0.078740
161.460205	-0.055310
162.150205	-0.026950
162.840206	0.005200
163.530207	0.039940
164.220208	0.075880
164.910209	0.111430
165.600210	0.144780
166.290211	0.174070
166.980212	0.197690
167.670212	0.214530
168.360213	0.224040
169.050214	0.226140
169.740215	0.221010
170.430216	0.208950
171.120217	0.190340
171.810218	0.165830
172.500219	0.136470
173.190219	0.103710
173.880220	0.069250
174.570221	0.034800
175.260222	0.001750
175.950223	-0.028890
176.640224	-0.056440
177.330225	-0.080340
178.020226	-0.099980
178.710226	-0.114750
179.400227	-0.124030
180.090228	-0.127430
180.780229	-0.124950
181.470230	-0.117130
182.160231	-0.104990
182.850232	-0.089910
183.540233	-0.073380
184.230233	-0.056840
184.920234	-0.041400
185.610235	-0.027840
186.300236	-0.016530
186.990237	-0.007440
187.680238	-0.000120
188.370239	0.006170
189.060240	0.012430
189.750240	0.019610
190.440241	0.028500
191.130242	0.039580
191.820243	0.052890
192.510244	0.068030
193.200245	0.084180
193.890246	0.100100
194.580247	0.114350
195.270247	0.125530
195.960248	0.132520
196.650249	0.134690
197.340250	0.131910
198.030251	0.124350
198.720252	0.112140
199.410253	0.095180
200.100254	0.073150
200.790254	0.045750
201.480255	0.013020
202.170256	-0.024460
202.860257	-0.065480
203.550258	-0.108200
204.240259	-0.150340
204.930260	-0.189280
205.620261	-0.222190
206.310261	-0.246270
207.000262	-0.259050
207.690263	-0.258740
208.380264	-0.244610
209.070265	-0.217210
209.760266	-0.178360
210.450267	-0.130930
211.140268	-0.078320
211.830268	-0.024020
212.520269	0.028920
213.210270	0.078280
213.900271	0.122700
214.590272	0.161480
215.280273	0.194080
215.970274	0.219760
216.660275	0.237240
217.350275	0.244800
218.040276	0.240690
218.730277	0.223830
219.420278	0.194480
220.110279	0.154850
220.800280	0.109170
221.490281	0.063040
222.180281	0.022440
222.870282	-0.007330
223.560283	-0.022670
224.250284	-0.022090
224.940285	-0.006280
225.630286	0.022400
226.320287	0.060530
227.010288	0.104080
227.700288	0.149000
228.390289	0.191730
229.080290	0.229350
229.770291	0.259540
230.460292	0.280350
231.150293	0.290030
231.840294	0.286760
232.530295	0.268660
233.220295	0.233820
233.910296	0.180630
234.600297	0.108220
235.290298	0.017030
235.980299	-0.090670
236.670300	-0.210450
237.360301	-0.335850
238.050302	-0.459130
238.740302	-0.572130
239.430303	-0.667300
240.120304	-0.738570
240.810305	-0.781840
241.500306	-0.795120
242.190307	-0.778480
242.880308	-0.733770
243.570309	-0.664050
244.260309	-0.573250
244.950310	-0.465870
245.640311	-0.346840
246.330312	-0.221510
247.020313	-0.095480
247.710314	0.025710
248.400315	0.137090
249.090316	0.234460
249.780316	0.314570
250.470317	0.375080
251.160318	0.414680
251.850319	0.433090
252.540320	0.431110
253.230321	0.410700
253.920322	0.374920
254.610323	0.327670
255.300323	0.273400
255.990324	0.216770
256.680325	0.162310
257.370326	0.114170
258.060327	0.075820
258.750328	0.049760
259.440329	0.037160
260.130330	0.037490
260.820330	0.048480
261.510331	0.066510
262.200332	0.087360
262.890333	0.106970
263.580334	0.122060
264.270335	0.130450
264.960336	0.131030
265.650337	0.123570
266.340337	0.108540
267.030338	0.087020
267.720339	0.060550
268.410340	0.030990
269.100341	0.000480
269.790342	-0.028710
270.480343	-0.054410
271.170344	-0.074840
271.860344	-0.088780
272.550345	-0.095700
273.240346	-0.095640
273.930347	-0.088970
274.620348	-0.076320
275.310349	-0.058670
276.000350	-0.037490
276.690351	-0.014820
277.380351	0.006760
278.070352	0.024670
278.760353	0.036640
279.450354	0.041260
280.140355	0.038220
280.830356	0.028170
281.520357	0.012450
282.210358	-0.007300
282.900358	-0.029360
283.590359	-0.052080
284.280360	-0.073860
284.970361	-0.093170
285.660362	-0.108640
286.350363	-0.119300
287.040364	-0.124740
287.730365	-0.125120
288.420365	-0.120980
289.110366	-0.112980
289.800367	-0.101770
290.490368	-0.087900
291.180369	-0.071870
291.870370	-0.054280
292.560371	-0.035800
293.250372	-0.017110
293.940372	0.001210
294.630373	0.018730
295.320374	0.035110
296.010375	0.050070
296.700376	0.063260
297.390377	0.074210
298.080378	0.082390
298.770379	0.087350
299.460379	0.088860
300.150380	0.087040
300.840381	0.082400
301.530382	0.075730
302.220383	0.067840
302.910384	0.059540
303.600385	0.051500
304.290386	0.044200
304.980386	0.037880
305.670387	0.032580
306.360388	0.028210
307.050389	0.024530
307.740390	0.021330
308.430391	0.018500
309.120392	0.015910
309.810393	0.013410
310.500393	0.010820
311.190394	0.008030
311.880395	0.005010
312.570396	0.001810
313.260397	-0.001480
313.950398	-0.004700
314.640399	-0.007500
315.330400	-0.009290
316.020400	-0.009240
316.710401	-0.006260
317.400402	0.000570
318.090403	0.011730
318.780404	0.026970
319.470405	0.045120
320.160406	0.064060
320.850407	0.080980
321.540407	0.092920
322.230408	0.097270
322.920409	0.092260
323.610410	0.077230
324.300411	0.052620
324.990412	0.019900
325.680413	-0.018620
326.370414	-0.059940
327.060414	-0.100620
327.750415	-0.137180
328.440416	-0.166540
329.130417	-0.186400
329.820418	-0.195620
330.510419	-0.194250
331.200420	-0.183380
331.890420	-0.164900
332.580421	-0.141220
333.270422	-0.114930
333.960423	-0.088540
334.650424	-0.064110
335.340425	-0.042980
336.030426	-0.025660
336.720427	-0.011850
337.410427	-0.000580
338.100428	0.009410
338.790429	0.019370
339.480430	0.030380
340.170431	0.043390
340.860432	0.059190
341.550433	0.078550
342.240434	0.102020
342.930434	0.129580
343.620435	0.160410
344.310436	0.192660
345.000437	0.223620
345.690438	0.250220
346.380439	0.269570
347.070440	0.279420
347.760441	0.278420
348.450441	0.266100
349.140442	0.242750
349.830443	0.209300
350.520444	0.167290
351.210445	0.118790
351.900446	0.066350
352.590447	0.012850
353.280448	-0.038820
353.970448	-0.086140
354.660449	-0.127220
355.350450	-0.161010
356.040451	-0.187150
356.730452	-0.205720
357.420453	-0.216920
358.110454	-0.220810
358.800455	-0.217250
359.490455	-0.206000
360.180456	-0.186940
360.870457	-0.160210
361.560458	-0.126420
362.250459	-0.086740
362.940460	-0.042940
363.630461	0.002790
364.320462	0.047900
365.010462	0.089660
365.700463	0.125290
366.390464	0.152150
367.080465	0.168080
367.770466	0.171780
368.460467	0.163190
369.150468	0.143570
369.840469	0.115320
370.530469	0.081590
371.220470	0.045770
371.910471	0.010970
372.600472	-0.020300
373.290473	-0.046440
373.980474	-0.066930
374.670475	-0.082340
375.360476	-0.093990
376.050476	-0.103540
376.740477	-0.112390
377.430478	-0.121220
378.120479	-0.129930
378.810480	-0.137740
379.500481	-0.143550
380.190482	-0.146330
380.880483	-0.145390
381.570483	-0.140560
382.260484	-0.132280
382.950485	-0.121540
383.640486	-0.109780
384.330487	-0.098590
385.020488	-0.089340
385.710489	-0.082730
386.400490	-0.078460
387.090490	-0.075090
387.780491	-0.070270
388.470492	-0.061210
389.160493	-0.045320
389.850494	-0.020890
390.540495	0.012300
391.230496	0.052940
391.920497	0.098440
392.610497	0.145610
393.300498	0.191410
393.990499	0.233530
394.680500	0.270710
395.370501	0.302590
396.060502	0.329250
396.750503	0.350720
397.440504	0.366560
398.130504	0.375580
398.820505	0.375890
399.510506	0.365240
400.200507	0.341590
400.890508	0.303580
401.580509	0.250930
402.270510	0.184610
402.960511	0.106950
403.650511	0.021560
404.340512	-0.067050
405.030513	-0.153880
405.720514	-0.234030
406.410515	-0.303370
407.100516	-0.359040
407.790517	-0.399730
408.480518	-0.425650
409.170518	-0.438250
409.860519	-0.439710
410.550520	-0.432420
411.240521	-0.418590
411.930522	-0.400080
412.620523	-0.378370
413.310524	-0.354500
414.000525	-0.329090
414.690525	-0.302240
415.380526	-0.273510
416.070527	-0.242090
416.760528	-0.207140
417.450529	-0.167960
418.140530	-0.124270
418.830531	-0.076290
419.520532	-0.024850
420.210532	0.028630
420.900533	0.082370
421.590534	0.134280
422.280535	0.182320
422.970536	0.224740
423.660537	0.260200
424.350538	0.287940
425.040539	0.307680
425.730539	0.319560
426.420540	0.324010
427.110541	0.321640
427.800542	0.313240
428.490543	0.299710
429.180544	0.281980
429.870545	0.260880
430.560546	0.237050
431.250546	0.210860
431.940547	0.182570
432.630548	0.152450
433.320549	0.120970
434.010550	0.089030
434.700551	0.057950
435.390552	0.029310
436.080553	0.004590
436.770553	-0.015170
437.460554	-0.029630
438.150555	-0.038940
438.840556	-0.043370
439.530557	-0.042830
440.220558	-0.036580
440.910559	-0.023550
441.600559	-0.002980
442.290560	0.024960
442.980561	0.058910
443.670562	0.096280
444.360563	0.133550
445.050564	0.166770
445.740565	0.192140
446.430566	0.206370
447.120566	0.207190
447.810567	0.193800
448.500568	0.167310
449.190569	0.130610
449.880570	0.087920
450.570571	0.043840
451.260572	0.002430
451.950573	-0.033570
452.640573	-0.063060
453.330574	-0.086350
454.020575	-0.104840
454.710576	-0.120530
455.400577	-0.135660
456.090578	-0.152390
456.780579	-0.172320
457.470580	-0.196230
458.160580	-0.223760
458.850581	-0.253370
459.540582	-0.282490
460.230583	-0.307920
460.920584	-0.326230
461.610585	-0.334260
462.300586	-0.329640
462.990587	-0.311220
463.680587	-0.279340
464.370588	-0.235830
465.060589	-0.183770
465.750590	-0.127040
466.440591	-0.069670
467.130592	-0.015250
467.820593	0.033440
468.510594	0.074670
469.200594	0.107680
469.890595	0.132590
470.580596	0.150160
471.270597	0.161530
471.960598	0.167880
472.650599	0.170130
473.340600	0.168830
474.030601	0.164130
474.720601	0.156100
475.410602	0.144930
476.100603	0.131180
476.790604	0.115680
477.480605	0.099410
478.170606	0.083230
478.860607	0.067730
479.550608	0.053100
480.240608	0.039150
480.930609	0.025420
481.620610	0.011300
482.310611	-0.003860
483.000612	-0.020660
483.690613	-0.039580
484.380614	-0.060870
485.070615	-0.084540
485.760615	-0.110330
486.450616	-0.137680
487.140617	-0.165840
487.830618	-0.193830
488.520619	-0.220470
489.210620	-0.244340
489.900621	-0.263830
490.590622	-0.277180
491.280622	-0.282510
491.970623	-0.278190
492.660624	-0.263160
493.350625	-0.237420
494.040626	-0.202190
494.730627	-0.159730
495.420628	-0.112950
496.110629	-0.064700
496.800629	-0.017220
497.490630	0.028100
498.180631	0.070630
498.870632	0.110260
499.560633	0.147140
500.250634	0.181440
500.940635	0.213140
501.630636	0.242020
502.320636	0.267750
503.010637	0.290000
503.700638	0.308630
504.390639	0.323750
505.080640	0.335700
505.770641	0.344890
506.460642	0.351660
507.150643	0.356120
507.840643	0.358060
508.530644	0.356970
509.220645	0.352120
509.910646	0.342690
510.600647	0.327890
511.290648	0.307020
511.980649	0.279590
512.670650	0.245320
513.360650	0.204200
514.050651	0.156530
514.740652	0.102890
515.430653	0.044240
516.120654	-0.018040
516.810655	-0.082280
517.500656	-0.146450
518.190657	-0.208340
518.880657	-0.265700
519.570658	-0.316450
520.260659	-0.358800
520.950660	-0.391360
521.640661	-0.413240
522.330662	-0.424040
523.020663	-0.423820
523.710664	-0.413100
524.400664	-0.392660
525.090665	-0.363550
525.780666	-0.327090
526.470667	-0.284950
527.160668	-0.239070
527.850669	-0.191520
528.540670	-0.144330
529.230671	-0.099110
529.920671	-0.057000
530.610672	-0.018590
531.300673	0.015770
531.990674	0.045910
532.680675	0.071610
533.370676	0.092680
534.060677	0.109010
534.750678	0.120700
535.440678	0.128210
536.130679	0.132260
536.820680	0.133790
537.510681	0.133750
538.200682	0.132980
538.890683	0.131940
539.580684	0.130580
540.270685	0.128250
540.960685	0.123720
541.650686	0.115400
542.340687	0.101680
543.030688	0.081240
543.720689	0.053370
544.410690	0.018150
545.100691	-0.023500
545.790692	-0.069880
546.480692	-0.118580
547.170693	-0.166740
547.860694	-0.211420
548.550695	-0.249960
549.240696	-0.280460
549.930697	-0.301710
550.620698	-0.313130
551.310698	-0.314540
552.000699	-0.305920
552.690700	-0.287410
553.380701	-0.259400
554.070702	-0.222860
554.760703	-0.179320
555.450704	-0.130580
556.140705	-0.078400
556.830705	-0.024300
557.520706	0.030620
558.210707	0.085670
558.900708	0.140160
559.590709	0.193410
560.280710	0.244790
560.970711	0.293680
561.660712	0.339530
562.350712	0.381780
563.040713	0.419920
563.730714	0.453290
564.420715	0.481180
565.110716	0.502890
565.800717	0.517840
566.490718	0.525560
567.180719	0.525710
567.870719	0.518110
568.560720	0.502740
569.250721	0.479550
569.940722	0.448300
570.630723	0.408410
571.320724	0.358780
572.010725	0.297940
572.700726	0.224300
573.390726	0.136700
574.080727	0.035100
574.770728	-0.078690
575.460729	-0.200450
576.150730	-0.323400
576.840731	-0.439390
577.530732	-0.540520
578.220733	-0.620720
578.910733	-0.676770
579.600734	-0.708410
580.290735	-0.717360
580.980736	-0.706120
581.670737	-0.677320
582.360738	-0.633490
583.050739	-0.577130
583.740740	-0.510830
584.430740	-0.437330
585.120741	-0.359420
585.810742	-0.279760
586.500743	-0.200740
587.190744	-0.124430
587.880745	-0.052440
588.570746	0.014150
589.260747	0.074780
589.950747	0.129380
590.640748	0.178290
591.330749	0.222160
592.020750	0.261780
592.710751	0.297830
593.400752	0.330620
594.090753	0.359990
594.780754	0.385290
595.470754	0.405420
596.160755	0.419010
596.850756	0.424640
597.540757	0.420980
598.230758	0.407030
598.920759	0.382410
599.610760	0.347560
600.300761	0.303850
600.990761	0.253410
601.680762	0.198790
602.370763	0.142670
603.060764	0.087580
603.750765	0.035690
604.440766	-0.011280
605.130767	-0.052250
605.820768	-0.086720
606.510768	-0.114800
607.200769	-0.137060
607.890770	-0.154270
608.580771	-0.167270
609.270772	-0.176950
609.960773	-0.184070
610.650774	-0.189190
611.340775	-0.192550
612.030775	-0.194060
612.720776	-0.193290
613.410777	-0.189590
614.100778	-0.182210
614.790779	-0.170510
615.480780	-0.153950
616.170781	-0.132180
616.860782	-0.105110
617.550782	-0.073000
618.240783	-0.036520
618.930784	0.003090
619.620785	0.044200
620.310786	0.084880
621.000787	0.123140
621.690788	0.157100
622.380789	0.185130
623.070789	0.205940
623.760790	0.218810
624.450791	0.223840
625.140792	0.222010
625.830793	0.214990
626.520794	0.204620
627.210795	0.192280
627.900796	0.178300
628.590796	0.161750
629.280797	0.140520
629.970798	0.111880
630.660799	0.073210
631.350800	0.023070
632.040801	-0.037770
632.730802	-0.105810
633.420803	-0.175100
634.110803	-0.238310
634.800804	-0.288370
635.490805	-0.319950
636.180806	-0.330500
636.870807	-0.320290
637.560808	-0.291890
638.250809	-0.249340
638.940810	-0.197250
639.630810	-0.140170
640.320811	-0.082280
641.010812	-0.027270
641.700813	0.021530
642.390814	0.061160
643.080815	0.088910
643.770816	0.102500
644.460817	0.100380
645.150817	0.082130
645.840818	0.048970
646.530819	0.004070
647.220820	-0.047590
647.910821	-0.099930
648.600822	-0.146560
649.290823	-0.181810
649.980824	-0.201610
650.670824	-0.203980
651.360825	-0.189130
652.050826	-0.159400
652.740827	-0.118740
653.430828	-0.071990
654.120829	-0.024100
654.810830	0.020550
655.500831	0.058480
656.190831	0.087250
656.880832	0.105410
657.570833	0.112500
658.260834	0.109020
658.950835	0.096330
659.640836	0.076520
660.330837	0.052160
661.020838	0.025960
661.710838	0.000610
662.400839	-0.021660
663.090840	-0.039130
663.780841	-0.050640
664.470842	-0.055560
665.160843	-0.053630
665.850844	-0.044950
666.540844	-0.029920
667.230845	-0.009380
667.920846	0.015270
668.610847	0.042190
669.300848	0.069360
669.990849	0.094860
670.680850	0.117270
671.370851	0.135720
672.060851	0.149940
672.750852	0.160100
673.440853	0.166530
674.130854	0.169730
674.820855	0.170450
675.510856	0.169800
676.200857	0.169030
676.890858	0.169300
677.580858	0.171220
678.270859	0.174450
678.960860	0.177680
679.650861	0.178970
680.340862	0.176300
681.030863	0.168070
681.720864	0.153380
682.410865	0.132030
683.100865	0.104390
683.790866	0.071280
684.480867	0.033910
685.170868	-0.006090
685.860869	-0.046830
686.550870	-0.086220
687.240871	-0.122190
687.930872	-0.152860
688.620872	-0.176720
689.310873	-0.192820
690.000874	-0.200830
690.690875	-0.201090
691.380876	-0.194610
692.070877	-0.182850
692.760878	-0.167340
693.450879	-0.149430
694.140879	-0.130040
694.830880	-0.109650
695.520881	-0.088500
696.210882	-0.066770
696.900883	-0.044790
697.590884	-0.023210
698.280885	-0.003050
698.970886	0.014380
699.660886	0.027670
700.350887	0.035590
701.040888	0.037430
701.730889	0.033310
702.420890	0.024240
703.110891	0.012040
703.800892	-0.001020
704.490893	-0.012810
705.180893	-0.021750
705.870894	-0.027290
706.560895	-0.029810
707.250896	-0.030380
707.940897	-0.030360
708.630898	-0.030940
709.320899	-0.032850
710.010900	-0.036380
710.700900	-0.041460
711.390901	-0.047730
712.080902	-0.054590
712.770903	-0.061350
713.460904	-0.067330
714.150905	-0.071850
714.840906	-0.074270
715.530907	-0.073890
716.220907	-0.070060
716.910908	-0.062310
717.600909	-0.050630
718.290910	-0.035560
718.980911	-0.018170
719.670912	0.000080
720.360913	0.017640
721.050914	0.033050
721.740914	0.044980
722.430915	0.052310
723.120916	0.054290
723.810917	0.050590
724.500918	0.041370
725.190919	0.027250
725.880920	0.009150
726.570921	-0.011700
727.260921	-0.033890
727.950922	-0.055710
728.640923	-0.075310
729.330924	-0.090810
730.020925	-0.100740
730.710926	-0.104260
731.400927	-0.101280
732.090928	-0.092430
732.780928	-0.078830
733.470929	-0.061870
734.160930	-0.042890
734.850931	-0.023090
735.540932	-0.003380
736.230933	0.015720
736.920934	0.034180
737.610935	0.052330
738.300935	0.070570
738.990936	0.089090
739.680937	0.107620
740.370938	0.125410
741.060939	0.141270
741.750940	0.153950
742.440941	0.162350
743.130942	0.165710
743.820942	0.163630
744.510943	0.156020
745.200944	0.143150
745.890945	0.125490
746.580946	0.103770
747.270947	0.078960
747.960948	0.052240
748.650949	0.025040
749.340949	-0.001180
750.030950	-0.025240
750.720951	-0.046410
751.410952	-0.064510
752.100953	-0.079730
752.790954	-0.092370
753.480955	-0.102480
754.170956	-0.109890
754.860956	-0.114440
755.550957	-0.116220
756.240958	-0.115660
756.930959	-0.113400
757.620960	-0.110020
758.310961	-0.105860
759.000962	-0.100970
759.690963	-0.095300
760.380963	-0.088800
761.070964	-0.081490
761.760965	-0.073270
762.450966	-0.063900
763.140967	-0.052960
763.830968	-0.039930
764.520969	-0.024320
765.210970	-0.005800
765.900970	0.015710
766.590971	0.039920
767.280972	0.065950
767.970973	0.092250
768.660974	0.116710
769.350975	0.136930
770.040976	0.150700
770.730977	0.156460
771.420977	0.153580
772.110978	0.142390
772.800979	0.124000
773.490980	0.100060
774.180981	0.072480
774.870982	0.043250
775.560983	0.014290
776.250983	-0.012640
776.940984	-0.036090
777.630985	-0.054920
778.320986	-0.068290
779.010987	-0.075700
779.700988	-0.076960
780.390989	-0.072180
781.080990	-0.061850
781.770990	-0.046820
782.460991	-0.028320
783.150992	-0.007840
783.840993	0.012980
784.530994	0.032420
785.220995	0.048730
785.910996	0.060370
786.600997	0.066220
787.290997	0.065770
787.980998	0.059330
788.670999	0.047890
789.361000	0.032880
790.051001	0.015850
790.741002	-0.001780
791.431003	-0.018830
792.121004	-0.034400
792.811004	-0.047840
793.501005	-0.058800
794.191006	-0.067190
794.881007	-0.073210
795.571008	-0.077320
796.261009	-0.080120
796.951010	-0.082220
797.641011	-0.084080
798.331011	-0.085930
799.021012	-0.087690
799.711013	-0.088960
800.401014	-0.089160
801.091015	-0.087640
801.781016	-0.083860
802.471017	-0.077400
803.161018	-0.068050
803.851018	-0.055730
804.541019	-0.040600
805.231020	-0.022990
805.921021	-0.003470
806.611022	0.017220
807.301023	0.038280
807.991024	0.058900
808.681025	0.078360
809.371025	0.096070
810.061026	0.111450
810.751027	0.123880
811.441028	0.132580
812.131029	0.136680
812.821030	0.135390
813.511031	0.128240
814.201032	0.115260
814.891032	0.097080
815.581033	0.074920
816.271034	0.050350
816.961035	0.025140
817.651036	0.001100
818.341037	-0.020230
819.031038	-0.037800
819.721039	-0.051180
820.411039	-0.060530
821.101040	-0.066420
821.791041	-0.069470
822.481042	-0.070140
823.171043	-0.068550
823.861044	-0.064620
824.551045	-0.058210
825.241046	-0.049360
825.931046	-0.038440
826.621047	-0.026180
827.311048	-0.013650
828.001049	-0.002110
828.691050	0.007120
829.381051	0.012900
830.071052	0.014380
830.761053	0.011310
831.451053	0.004180
832.141054	-0.005810
832.831055	-0.017060
833.521056	-0.027830
834.211057	-0.036760
834.901058	-0.043130
835.591059	-0.046840
836.281060	-0.048240
836.971060	-0.047820
837.661061	-0.045960
838.351062	-0.042730
839.041063	-0.037800
839.731064	-0.030540
840.421065	-0.020180
841.111066	-0.006070
841.801067	0.012100
842.491067	0.034340
843.181068	0.060390
843.871069	0.089830
844.561070	0.122120
845.251071	0.156360
845.941072	0.191090
846.631073	0.224320
847.321074	0.253700
848.011074	0.276980
848.701075	0.292560
849.391076	0.299840
850.081077	0.299360
850.771078	0.292410
851.461079	0.280530
852.151080	0.264780
852.841081	0.245400
853.531081	0.221750
854.221082	0.192700
854.911083	0.157270
855.601084	0.115200
856.291085	0.067170
856.981086	0.014830
857.671087	-0.039510
858.361088	-0.093420
859.051088	-0.144650
859.741089	-0.191460
860.431090	-0.232610
861.121091	-0.267410
861.811092	-0.295520
862.501093	-0.316780
863.191094	-0.331090
863.881095	-0.338170
864.571095	-0.337470
865.261096	-0.328210
865.951097	-0.309750
866.641098	-0.282120
867.331099	-0.246380
868.021100	-0.204660
868.711101	-0.159810
869.401102	-0.114840
870.091102	-0.072440
870.781103	-0.034600
871.471104	-0.002530
872.161105	0.023130
872.851106	0.042160
873.541107	0.054530
874.231108	0.060300
874.921109	0.059510
875.611109	0.052270
876.301110	0.038790
876.991111	0.019540
877.681112	-0.004650
878.371113	-0.032460
879.061114	-0.061940
879.751115	-0.090580
880.441116	-0.115480
881.131116	-0.133700
881.821117	-0.142770
882.511118	-0.141240
883.201119	-0.129110
883.891120	-0.107840
884.581121	-0.080120
885.271122	-0.049330
885.961122	-0.018930
886.651123	0.008140
887.341124	0.029960
888.031125	0.045750
888.721126	0.055850
889.411127	0.061410
890.101128	0.063970
890.791129	0.064940
891.481129	0.065270
892.171130	0.065460
892.861131	0.065770
893.551132	0.066570
894.241133	0.068460
894.931134	0.072270
895.621135	0.078670
896.311136	0.087940
897.001136	0.099710
897.691137	0.113010
898.381138	0.126400
899.071139	0.138310
899.761140	0.147350
900.451141	0.152470
901.141142	0.153060
901.831143	0.148940
902.521143	0.140270
903.211144	0.127520
903.901145	0.111240
904.591146	0.092030
905.281147	0.070390
905.971148	0.046680
906.661149	0.021050
907.351150	-0.006430
908.041150	-0.035680
908.731151	-0.066250
909.421152	-0.097070
910.111153	-0.126320
910.801154	-0.151530
911.491155	-0.169920
912.181156	-0.178820
912.871157	-0.176240
913.561157	-0.161200
914.251158	-0.133960
914.941159	-0.096040
915.631160	-0.050240
916.321161	-0.000330
917.011162	0.049330
917.701163	0.094470
918.391164	0.131480
919.081164	0.157930
919.771165	0.172800
920.461166	0.176400
921.151167	0.170040
921.841168	0.155670
922.531169	0.135410
923.221170	0.111260
923.911171	0.084970
924.601171	0.058120
925.291172	0.032250
925.981173	0.009000
926.671174	-0.009990
927.361175	-0.023450
928.051176	-0.030860
928.741177	-0.032830
929.431178	-0.031050
930.121178	-0.027960
930.811179	-0.026020
931.501180	-0.027180
932.191181	-0.032420
932.881182	-0.041760
933.571183	-0.054390
934.261184	-0.069050
934.951185	-0.084420
935.641185	-0.099430
936.331186	-0.113470
937.021187	-0.126310
937.711188	-0.137960
938.401189	-0.148460
939.091190	-0.157670
939.781191	-0.165250
940.471192	-0.170650
941.161192	-0.173030
941.851193	-0.171240
942.541194	-0.163920
943.231195	-0.149650
943.921196	-0.127400
944.611197	-0.096950
945.301198	-0.059170
945.991199	-0.016060
946.681199	0.029540
947.371200	0.074520
948.061201	0.115920
948.751202	0.151290
949.441203	0.178810
950.131204	0.197270
950.821205	0.206000
951.511206	0.204940
952.201206	0.194730
952.891207	0.176740
953.581208	0.152850
954.271209	0.125080
954.961210	0.095140
955.651211	0.064290
956.341212	0.033460
957.031213	0.003490
957.721213	-0.024610
958.411214	-0.049530
959.101215	-0.069820
959.791216	-0.084140
960.481217	-0.091620
961.171218	-0.092110
961.861219	-0.086260
962.551220	-0.075510
963.241220	-0.062050
963.931221	-0.048560
964.621222	-0.037620
965.311223	-0.031190
966.001224	-0.030270
966.691225	-0.034620
967.381226	-0.043070
968.071227	-0.054050
968.761227	-0.066150
969.451228	-0.078390
970.141229	-0.090180
970.831230	-0.101060
971.521231	-0.110400
972.211232	-0.117280
972.901233	-0.120500
973.591234	-0.118720
974.281234	-0.110690
974.971235	-0.095480
975.661236	-0.072760
976.351237	-0.042990
977.041238	-0.007610
977.731239	0.031150
978.421240	0.070610
979.111241	0.108040
979.801241	0.141100
980.491242	0.168200
981.181243	0.188510
981.871244	0.201820
982.561245	0.208310
983.251246	0.208330
983.941247	0.202270
984.631248	0.190560
985.321248	0.173830
986.011249	0.152920
986.701250	0.128890
987.391251	0.102880
988.081252	0.076120
988.771253	0.049790
989.461254	0.025130
990.151255	0.003370
990.841255	-0.014480
991.531256	-0.027930
992.221257	-0.037040
992.911258	-0.042430
993.601259	-0.045110
994.291260	-0.046160
994.981261	-0.046430
995.671261	-0.046340
996.361262	-0.045930
997.051263	-0.044870
997.741264	-0.042740
998.431265	-0.039290
999.121266	-0.034670
999.811267	-0.029490
1000.501268	-0.024540
1001.191268	-0.020480
1001.881269	-0.017520
1002.571270	-0.015210
1003.261271	-0.012710
1003.951272	-0.009170
1004.641273	-0.004140
1005.331274	0.002270
1006.021275	0.009380
1006.711275	0.016190
1007.401276	0.021680
1008.091277	0.025080
1008.781278	0.026070
1009.471279	0.024780
1010.161280	0.021680
1010.851281	0.017300
1011.541282	0.012000
1012.231282	0.005890
1012.921283	-0.001070
1013.611284	-0.008910
1014.301285	-0.017360
1014.991286	-0.025960
1015.681287	-0.034000
1016.371288	-0.040670
1017.061289	-0.045070
1017.751289	-0.046330
1018.441290	-0.043670
1019.131291	-0.036620
1019.821292	-0.025300
1020.511293	-0.010550
1021.201294	0.006200
1021.891295	0.023280
1022.581296	0.039060
1023.271296	0.052300
1023.961297	0.062280
1024.651298	0.068880
1025.341299	0.072310
1026.031300	0.073020
1026.721301	0.071550
1027.411302	0.068410
1028.101303	0.064030
1028.791303	0.058770
1029.481304	0.052960
1030.171305	0.046970
1030.861306	0.041070
1031.551307	0.035470
1032.241308	0.030170
1032.931309	0.025070
1033.621310	0.019970
1034.311310	0.014700
1035.001311	0.009220
1035.691312	0.003650
1036.381313	-0.001820
1037.071314	-0.007030
1037.761315	-0.011770
1038.451316	-0.015860
1039.141317	-0.019150
1039.831317	-0.021500
1040.521318	-0.022830
1041.211319	-0.023230
1041.901320	-0.022940
1042.591321	-0.022310
1043.281322	-0.021730
1043.971323	-0.021650
1044.661324	-0.022630
1045.351324	-0.025290
1046.041325	-0.030250
1046.731326	-0.038000
1047.421327	-0.048680
1048.111328	-0.061930
1048.801329	-0.076930
1049.491330	-0.092550
1050.181331	-0.107490
1050.871331	-0.120490
1051.561332	-0.130420
1052.251333	-0.136340
1052.941334	-0.137530
1053.631335	-0.133440
1054.321336	-0.123730
1055.011337	-0.108290
1055.701338	-0.087270
1056.391338	-0.061250
1057.081339	-0.031290
1057.771340	0.001060
1058.461341	0.034020
1059.151342	0.065740
1059.841343	0.094660
1060.531344	0.119700
1061.221345	0.140230
1061.911345	0.156050
