0.000000	-0.051240
0.690001	-0.030610
1.380002	-0.008100
2.070003	0.015000
2.760004	0.037540
3.450005	0.058620
4.140006	0.077720
4.830007	0.094650
5.520008	0.109470
6.210009	0.122310
6.900010	0.133300
7.590011	0.142360
8.280011	0.149190
8.970012	0.153260
9.660013	0.153880
10.350014	0.150430
11.040015	0.142340
11.730016	0.129270
12.420017	0.111150
13.110018	0.088250
13.800019	0.061180
14.490020	0.030880
15.180021	-0.001390
15.870022	-0.034220
16.560023	-0.066140
17.250024	-0.095710
17.940025	-0.121760
18.630026	-0.143360
19.320027	-0.160050
20.010028	-0.171810
20.700029	-0.179160
21.390030	-0.182940
22.080031	-0.184170
22.770032	-0.183600
23.460033	-0.181450
24.150033	-0.177260
24.840034	-0.170000
25.530035	-0.158410
26.220036	-0.141460
26.910037	-0.118640
27.600038	-0.090160
28.290039	-0.056930
28.980040	-0.020490
29.670041	0.017110
30.360042	0.053510
31.050043	0.086180
31.740044	0.112880
32.430045	0.131990
33.120046	0.142930
33.810047	0.146420
34.500048	0.144240
35.190049	0.138660
35.880050	0.131810
36.570051	0.125190
37.260052	0.119520
37.950053	0.115050
38.640054	0.112020
39.330055	0.110920
40.020055	0.112550
40.710056	0.117890
41.400057	0.127850
42.090058	0.142910
42.780059	0.162860
43.470060	0.186410
44.160061	0.211060
44.850062	0.233090
45.540063	0.248090
46.230064	0.251800
46.920065	0.240980
47.610066	0.214260
48.300067	0.172630
48.990068	0.119430
49.680069	0.059670
50.370070	-0.001030
51.060071	-0.057690
51.750072	-0.106800
52.440073	-0.146720
53.130074	-0.177480
53.820075	-0.200140
54.510076	-0.216140
55.200077	-0.226790
55.890077	-0.233070
56.580078	-0.235550
57.270079	-0.234580
57.960080	-0.230350
58.650081	-0.223130
59.340082	-0.213310
60.030083	-0.201460
60.720084	-0.188280
61.410085	-0.174500
62.100086	-0.160800
62.790087	-0.147740
63.480088	-0.135800
64.170089	-0.125290
64.860090	-0.116380
65.550091	-0.109020
66.240092	-0.102930
66.930093	-0.097730
67.620094	-0.092970
68.310095	-0.088240
69.000096	-0.083300
69.690097	-0.078000
70.380098	-0.072330
71.070099	-0.066320
71.760099	-0.060060
72.450100	-0.053610
73.140101	-0.047000
73.830102	-0.040210
74.520103	-0.033190
75.210104	-0.025860
75.900105	-0.018130
76.590106	-0.009870
77.280107	-0.000860
77.970108	0.009160
78.660109	0.020580
79.350110	0.033790
80.040111	0.049150
80.730112	0.066810
81.420113	0.086610
82.110114	0.108050
82.800115	0.130230
83.490116	0.152030
84.180117	0.172270
84.870118	0.189850
85.560119	0.203790
86.250120	0.213260
86.940121	0.217530
87.630121	0.216050
88.320122	0.208460
89.010123	0.194740
89.700124	0.175300
90.390125	0.151150
91.080126	0.123790
91.770127	0.095120
92.460128	0.067150
93.150129	0.041630
93.840130	0.019740
94.530131	0.001950
95.220132	-0.011890
95.910133	-0.022360
96.600134	-0.030200
97.290135	-0.036120
97.980136	-0.040750
98.670137	-0.044660
99.360138	-0.048320
100.050139	-0.052060
100.740140	-0.055970
101.430141	-0.059870
102.120142	-0.063400
102.810143	-0.066190
103.500143	-0.067940
104.190144	-0.068380
104.880145	-0.067200
105.570146	-0.064000
106.260147	-0.058350
106.950148	-0.049890
107.640149	-0.038600
108.330150	-0.024890
109.020151	-0.009540
109.710152	0.006300
110.400153	0.021180
111.090154	0.033470
111.780155	0.041590
112.470156	0.044290
113.160157	0.041070
113.850158	0.032490
114.540159	0.020190
115.230160	0.006620
115.920161	-0.005410
116.610162	-0.013260
117.300163	-0.014800
117.990164	-0.008650
118.680165	0.005670
119.370166	0.027800
120.060166	0.056440
120.750167	0.089500
121.440168	0.124340
122.130169	0.158080
122.820170	0.187980
123.510171	0.211610
124.200172	0.226950
124.890173	0.232480
125.580174	0.227140
126.270175	0.210460
126.960176	0.182600
127.650177	0.144500
128.340178	0.098040
129.030179	0.046070
129.720180	-0.007890
130.410181	-0.060170
131.100182	-0.107510
131.790183	-0.147510
132.480184	-0.178850
133.170185	-0.201150
133.860186	-0.214590
134.550187	-0.219520
135.240188	-0.216260
135.930188	-0.205000
136.620189	-0.185900
137.310190	-0.159590
138.000191	-0.127600
138.690192	-0.092580
139.380193	-0.057990
140.070194	-0.027410
140.760195	-0.003650
141.450196	0.011960
142.140197	0.019720
142.830198	0.021100
143.520199	0.018120
144.210200	0.012760
144.900201	0.006470
145.590202	0.000140
146.280203	-0.005850
146.970204	-0.011420
147.660205	-0.016500
148.350206	-0.021060
149.040207	-0.025140
149.730208	-0.029020
150.420209	-0.033300
151.110210	-0.038810
151.800210	-0.046370
152.490211	-0.056480
153.180212	-0.069030
153.870213	-0.083160
154.560214	-0.097430
155.250215	-0.110130
155.940216	-0.119620
156.630217	-0.124660
157.320218	-0.124580
158.010219	-0.119290
158.700220	-0.109260
159.390221	-0.095400
160.080222	-0.078950
160.770223	-0.061170
161.460224	-0.043120
162.150225	-0.025420
162.840226	-0.008250
163.530227	0.008590
164.220228	0.025390
164.910229	0.042280
165.600230	0.059040
166.290231	0.075140
166.980232	0.089830
167.670232	0.102420
168.360233	0.112380
169.050234	0.119420
169.740235	0.123420
170.430236	0.124290
171.120237	0.121940
171.810238	0.116290
172.500239	0.107390
173.190240	0.095520
173.880241	0.081200
174.570242	0.065110
175.260243	0.047930
175.950244	0.030250
176.640245	0.012570
177.330246	-0.004580
178.020247	-0.020450
178.710248	-0.034050
179.400249	-0.044250
180.090250	-0.050050
180.780251	-0.050910
181.470252	-0.046910
182.160253	-0.038720
182.850254	-0.027400
183.540254	-0.014180
184.230255	-0.000160
184.920256	0.013820
185.610257	0.027010
186.300258	0.038780
186.990259	0.048500
187.680260	0.055550
188.370261	0.059430
189.060262	0.059860
189.750263	0.056830
190.440264	0.050560
191.130265	0.041420
191.820266	0.029890
192.510267	0.016650
193.200268	0.002590
193.890269	-0.011260
194.580270	-0.023830
195.270271	-0.034100
195.960272	-0.041330
196.650273	-0.045150
197.340274	-0.045610
198.030275	-0.043220
198.720276	-0.038810
199.410276	-0.033390
200.100277	-0.027990
200.790278	-0.023460
201.480279	-0.020330
202.170280	-0.018730
202.860281	-0.018400
203.550282	-0.018810
204.240283	-0.019320
204.930284	-0.019280
205.620285	-0.018190
206.310286	-0.015700
207.000287	-0.011630
207.690288	-0.005980
208.380289	0.001110
209.070290	0.009320
209.760291	0.018150
210.450292	0.027010
211.140293	0.035310
211.830294	0.042580
212.520295	0.048390
213.210296	0.052460
213.900297	0.054510
214.590298	0.054300
215.280298	0.051590
215.970299	0.046340
216.660300	0.038780
217.350301	0.029520
218.040302	0.019550
218.730303	0.010070
219.420304	0.002310
220.110305	-0.002680
220.800306	-0.004200
221.490307	-0.001900
222.180308	0.004120
222.870309	0.013340
223.560310	0.024750
224.250311	0.036960
224.940312	0.048350
225.630313	0.057160
226.320314	0.061820
227.010315	0.060900
227.700316	0.053340
228.390317	0.038470
229.080318	0.016300
229.770319	-0.012420
230.460320	-0.046030
231.150320	-0.082000
231.840321	-0.117260
232.530322	-0.148760
233.220323	-0.173880
233.910324	-0.190770
234.600325	-0.198470
235.290326	-0.196870
235.980327	-0.186550
236.670328	-0.168690
237.360329	-0.144920
238.050330	-0.117110
238.740331	-0.087160
239.430332	-0.056750
240.120333	-0.027120
240.810334	0.001040
241.500335	0.027660
242.190336	0.052980
242.880337	0.077340
243.570338	0.100800
244.260339	0.123080
244.950340	0.143460
245.640341	0.160860
246.330342	0.174080
247.020342	0.181930
247.710343	0.183370
248.400344	0.177600
249.090345	0.164210
249.780346	0.143280
250.470347	0.115530
251.160348	0.082470
251.850349	0.046380
252.540350	0.010240
253.230351	-0.022610
253.920352	-0.048860
254.610353	-0.065730
255.300354	-0.071310
255.990355	-0.064750
256.680356	-0.046360
257.370357	-0.017490
258.060358	0.019560
258.750359	0.061800
259.440360	0.105760
260.130361	0.147780
260.820362	0.184420
261.510363	0.212580
262.200364	0.229720
262.890364	0.234050
263.580365	0.224720
264.270366	0.202230
264.960367	0.168670
265.650368	0.127510
266.340369	0.082880
267.030370	0.038820
267.720371	-0.001540
268.410372	-0.036410
269.100373	-0.065180
269.790374	-0.088000
270.480375	-0.105530
271.170376	-0.118660
271.860377	-0.128430
272.550378	-0.135910
273.240379	-0.142150
273.930380	-0.148030
274.620381	-0.154180
275.310382	-0.160990
276.000383	-0.168540
276.690384	-0.176680
277.380385	-0.185030
278.070386	-0.193060
278.760386	-0.200050
279.450387	-0.205230
280.140388	-0.207780
280.830389	-0.206890
281.520390	-0.201800
282.210391	-0.191870
282.900392	-0.176630
283.590393	-0.155960
284.280394	-0.130230
284.970395	-0.100340
285.660396	-0.067710
286.350397	-0.034160
287.040398	-0.001670
287.730399	0.027990
288.420400	0.053550
289.110401	0.074300
289.800402	0.090090
290.490403	0.101180
291.180404	0.107980
291.870405	0.110930
292.560406	0.110410
293.250407	0.106790
293.940408	0.100420
294.630408	0.091710
295.320409	0.081070
296.010410	0.068990
296.700411	0.056110
297.390412	0.043270
298.080413	0.031370
298.770414	0.021190
299.460415	0.013220
300.150416	0.007590
300.840417	0.004130
301.530418	0.002470
302.220419	0.002200
302.910420	0.002880
303.600421	0.003980
304.290422	0.004840
304.980423	0.004720
305.670424	0.002960
306.360425	-0.000790
307.050426	-0.006580
307.740427	-0.013960
308.430428	-0.022200
309.120429	-0.030370
309.810430	-0.037520
310.500430	-0.042800
311.190431	-0.045640
311.880432	-0.045760
312.570433	-0.043140
313.260434	-0.038100
313.950435	-0.031150
314.640436	-0.022910
315.330437	-0.014040
316.020438	-0.005260
316.710439	0.002680
317.400440	0.009090
318.090441	0.013300
318.780442	0.014830
319.470443	0.013520
320.160444	0.009540
320.850445	0.003390
321.540446	-0.004170
322.230447	-0.012350
322.920448	-0.020450
323.610449	-0.027860
324.300450	-0.034110
324.990451	-0.038850
325.680452	-0.041830
326.370453	-0.042880
327.060453	-0.041950
327.750454	-0.039100
328.440455	-0.034460
329.130456	-0.028210
329.820457	-0.020540
330.510458	-0.011560
331.200459	-0.001260
331.890460	0.010450
332.580461	0.023840
333.270462	0.039150
333.960463	0.056370
334.650464	0.075090
335.340465	0.094430
336.030466	0.113100
336.720467	0.129650
337.410468	0.142780
338.100469	0.151670
338.790470	0.156130
339.480471	0.156540
340.170472	0.153750
340.860473	0.148740
341.550474	0.142460
342.240475	0.135570
342.930475	0.128420
343.620476	0.121040
344.310477	0.113130
345.000478	0.104130
345.690479	0.093390
346.380480	0.080220
347.070481	0.064060
347.760482	0.044660
348.450483	0.022180
349.140484	-0.002710
349.830485	-0.028880
350.520486	-0.054730
351.210487	-0.078420
351.900488	-0.098240
352.590489	-0.112970
353.280490	-0.121950
353.970491	-0.125210
354.660492	-0.123300
355.350493	-0.117140
356.040494	-0.107760
356.730495	-0.096220
357.420496	-0.083470
358.110497	-0.070270
358.800497	-0.057250
359.490498	-0.044980
360.180499	-0.034080
360.870500	-0.025160
361.560501	-0.018650
362.250502	-0.014520
362.940503	-0.012110
363.630504	-0.010240
364.320505	-0.007380
365.010506	-0.001950
365.700507	0.007390
366.390508	0.021580
367.080509	0.041000
367.770510	0.065480
368.460511	0.094290
369.150512	0.126200
369.840513	0.159560
370.530514	0.192330
371.220515	0.222160
371.910516	0.246440
372.600517	0.262590
373.290518	0.268330
373.980519	0.262020
374.670519	0.242840
375.360520	0.210900
376.050521	0.167280
376.740522	0.114060
377.430523	0.054350
378.120524	-0.007850
378.810525	-0.068120
379.500526	-0.122180
380.190527	-0.166640
380.880528	-0.199540
381.570529	-0.220600
382.260530	-0.231070
382.950531	-0.233330
383.640532	-0.230320
384.330533	-0.225030
385.020534	-0.220060
385.710535	-0.217410
386.400536	-0.218370
387.090537	-0.223500
387.780538	-0.232650
388.470539	-0.244970
389.160540	-0.258920
389.850541	-0.272470
390.540541	-0.283330
391.230542	-0.289270
391.920543	-0.288260
392.610544	-0.278690
393.300545	-0.259410
393.990546	-0.229900
394.680547	-0.190470
395.370548	-0.142420
396.060549	-0.088060
396.750550	-0.030630
397.440551	0.026050
398.130552	0.078150
398.820553	0.122410
399.510554	0.156710
400.200555	0.180230
400.890556	0.193460
401.580557	0.197890
402.270558	0.195590
402.960559	0.188880
403.650560	0.180040
404.340561	0.171020
405.030562	0.163320
405.720563	0.157750
406.410563	0.154330
407.100564	0.152290
407.790565	0.150340
408.480566	0.146950
409.170567	0.140730
409.860568	0.130740
410.550569	0.116760
411.240570	0.099170
411.930571	0.078680
412.620572	0.056080
413.310573	0.032220
414.000574	0.007990
414.690575	-0.015510
415.380576	-0.036940
416.070577	-0.054780
416.760578	-0.067710
417.450579	-0.075000
418.140580	-0.076720
418.830581	-0.073750
419.520582	-0.067500
420.210583	-0.059500
420.900584	-0.051060
421.590585	-0.043060
422.280585	-0.036060
422.970586	-0.030410
423.660587	-0.026430
424.350588	-0.024410
425.040589	-0.024530
425.730590	-0.026700
426.420591	-0.030580
427.110592	-0.035520
427.800593	-0.040740
428.490594	-0.045390
429.180595	-0.048700
429.870596	-0.050050
430.560597	-0.049000
431.250598	-0.045390
431.940599	-0.039280
432.630600	-0.030910
433.320601	-0.020730
434.010602	-0.009400
434.700603	0.002250
435.390604	0.013320
436.080605	0.022920
436.770606	0.030380
437.460607	0.035420
438.150607	0.038160
438.840608	0.039040
439.530609	0.038760
440.220610	0.038050
440.910611	0.037500
441.600612	0.037520
442.290613	0.038240
442.980614	0.039490
443.670615	0.040910
444.360616	0.041970
445.050617	0.042130
445.740618	0.040890
446.430619	0.037950
447.120620	0.033140
447.810621	0.026470
448.500622	0.018130
449.190623	0.008530
449.880624	-0.001760
450.570625	-0.012020
451.260626	-0.021440
451.950627	-0.029270
452.640628	-0.034980
453.330629	-0.038290
454.020629	-0.039160
454.710630	-0.037670
455.400631	-0.033990
456.090632	-0.028430
456.780633	-0.021450
457.470634	-0.013750
458.160635	-0.006370
458.850636	-0.000600
459.540637	0.002320
460.230638	0.001510
460.920639	-0.003380
461.610640	-0.011970
462.300641	-0.023110
462.990642	-0.035120
463.680643	-0.046130
464.370644	-0.054490
465.060645	-0.059100
465.750646	-0.059650
466.440647	-0.056620
467.130648	-0.051090
467.820649	-0.044430
468.510650	-0.037970
469.200651	-0.032700
469.890651	-0.029070
470.580652	-0.027040
471.270653	-0.026230
471.960654	-0.026030
472.650655	-0.025820
473.340656	-0.025180
474.030657	-0.023830
474.720658	-0.021710
475.410659	-0.018910
476.100660	-0.015560
476.790661	-0.011740
477.480662	-0.007520
478.170663	-0.002960
478.860664	0.001910
479.550665	0.007070
480.240666	0.012460
480.930667	0.018070
481.620668	0.023950
482.310669	0.030150
483.000670	0.036580
483.690671	0.043060
484.380672	0.049360
485.070673	0.055250
485.760673	0.060650
486.450674	0.065660
487.140675	0.070440
487.830676	0.075180
488.520677	0.080010
489.210678	0.084840
489.900679	0.089430
490.590680	0.093420
491.280681	0.096370
491.970682	0.097720
492.660683	0.096830
493.350684	0.093010
494.040685	0.085570
494.730686	0.074100
495.420687	0.058600
496.110688	0.039610
496.800689	0.018010
497.490690	-0.005130
498.180691	-0.028830
498.870692	-0.052140
499.560693	-0.074160
500.250694	-0.093980
500.940695	-0.110740
501.630695	-0.123730
502.320696	-0.132590
503.010697	-0.137420
503.700698	-0.138740
504.390699	-0.137480
505.080700	-0.134720
505.770701	-0.131490
506.460702	-0.128610
507.150703	-0.126460
507.840704	-0.125020
508.530705	-0.123780
509.220706	-0.121910
509.910707	-0.118330
510.600708	-0.111930
511.290709	-0.101620
511.980710	-0.086480
512.670711	-0.065980
513.360712	-0.040120
514.050713	-0.009630
514.740714	0.024060
515.430715	0.058980
516.120716	0.092940
516.810717	0.123990
517.500717	0.150720
518.190718	0.172430
518.880719	0.189160
519.570720	0.201520
520.260721	0.210410
520.950722	0.216750
521.640723	0.221220
522.330724	0.224230
523.020725	0.225900
523.710726	0.226030
524.400727	0.223980
525.090728	0.218670
525.780729	0.208640
526.470730	0.192480
527.160731	0.169330
527.850732	0.139420
528.540733	0.104240
529.230734	0.066360
529.920735	0.029040
530.610736	-0.004270
531.300737	-0.030510
531.990738	-0.047460
532.680739	-0.054020
533.370739	-0.050470
534.060740	-0.038440
534.750741	-0.020760
535.440742	-0.001000
536.130743	0.017030
536.820744	0.029830
537.510745	0.034530
538.200746	0.029200
538.890747	0.012900
539.580748	-0.014320
540.270749	-0.051560
540.960750	-0.097000
541.650751	-0.148020
542.340752	-0.201300
543.030753	-0.253050
543.720754	-0.299480
544.410755	-0.337250
545.100756	-0.363960
545.790757	-0.378370
546.480758	-0.380410
547.170759	-0.370970
547.860760	-0.351590
548.550761	-0.324300
549.240762	-0.291380
549.930762	-0.255160
550.620763	-0.217700
551.310764	-0.180470
552.000765	-0.144130
552.690766	-0.108620
553.380767	-0.073350
554.070768	-0.037690
554.760769	-0.001330
555.450770	0.035400
556.140771	0.071400
556.830772	0.104950
557.520773	0.134040
558.210774	0.156800
558.900775	0.171850
559.590776	0.178520
560.280777	0.176850
560.970778	0.167500
561.660779	0.151550
562.350780	0.130430
563.040781	0.105850
563.730782	0.079790
564.420783	0.054290
565.110784	0.031260
565.800784	0.012110
566.490785	-0.002490
567.180786	-0.012510
567.870787	-0.018210
568.560788	-0.019650
569.250789	-0.016460
569.940790	-0.007960
570.630791	0.006410
571.320792	0.026530
572.010793	0.051450
572.700794	0.079510
573.390795	0.108720
574.080796	0.137120
574.770797	0.163050
575.460798	0.185170
576.150799	0.202450
576.840800	0.214140
577.530801	0.219730
578.220802	0.218990
578.910803	0.211880
579.600804	0.198520
580.290805	0.179190
580.980806	0.154430
581.670806	0.125080
582.360807	0.092330
583.050808	0.057700
583.740809	0.022870
584.430810	-0.010580
585.120811	-0.041510
585.810812	-0.069210
586.500813	-0.093460
587.190814	-0.114380
587.880815	-0.132250
588.570816	-0.147330
589.260817	-0.159840
589.950818	-0.169740
590.640819	-0.176820
591.330820	-0.180630
592.020821	-0.180690
592.710822	-0.176480
593.400823	-0.167570
594.090824	-0.153660
594.780825	-0.134590
595.470826	-0.110420
596.160827	-0.081610
596.850828	-0.049080
597.540828	-0.014190
598.230829	0.021470
598.920830	0.056320
599.610831	0.088950
600.300832	0.118310
600.990833	0.143720
601.680834	0.164790
602.370835	0.181310
603.060836	0.193180
603.750837	0.200400
604.440838	0.203010
605.130839	0.201000
605.820840	0.194380
606.510841	0.183110
607.200842	0.167150
607.890843	0.146620
608.580844	0.121780
609.270845	0.093190
609.960846	0.061670
610.650847	0.028150
611.340848	-0.006340
612.030849	-0.040810
612.720850	-0.074280
613.410850	-0.105780
614.100851	-0.134270
614.790852	-0.158510
615.480853	-0.177120
616.170854	-0.188860
616.860855	-0.192950
617.550856	-0.189380
618.240857	-0.179060
618.930858	-0.163800
619.620859	-0.145870
620.310860	-0.127540
621.000861	-0.110660
621.690862	-0.096580
622.380863	-0.086160
623.070864	-0.079910
623.760865	-0.078050
624.450866	-0.080530
625.140867	-0.086860
625.830868	-0.096010
626.520869	-0.106610
627.210870	-0.117140
627.900871	-0.126350
628.590872	-0.133420
629.280872	-0.138100
629.970873	-0.140640
630.660874	-0.141680
631.350875	-0.142030
632.040876	-0.142380
632.730877	-0.143100
633.420878	-0.144160
634.110879	-0.145140
634.800880	-0.145210
635.490881	-0.143200
636.180882	-0.137680
636.870883	-0.127090
637.560884	-0.110080
638.250885	-0.085960
638.940886	-0.054980
639.630887	-0.018220
640.320888	0.022690
641.010889	0.065940
641.700890	0.109710
642.390891	0.152230
643.080892	0.191640
643.770893	0.226090
644.460894	0.254070
645.150894	0.274570
645.840895	0.287210
646.530896	0.292160
647.220897	0.289950
647.910898	0.281330
648.600899	0.267340
649.290900	0.249280
649.980901	0.228570
650.670902	0.206510
651.360903	0.184060
652.050904	0.161700
652.740905	0.139520
653.430906	0.117390
654.120907	0.095100
654.810908	0.072410
655.500909	0.049160
656.190910	0.025250
656.880911	0.000690
657.570912	-0.024290
658.260913	-0.049230
658.950914	-0.073420
659.640915	-0.096020
660.330916	-0.116190
661.020916	-0.133130
661.710917	-0.146230
662.400918	-0.155010
663.090919	-0.159130
663.780920	-0.158380
664.470921	-0.152620
665.160922	-0.141890
665.850923	-0.126510
666.540924	-0.107210
667.230925	-0.085320
667.920926	-0.062670
668.610927	-0.041400
669.300928	-0.023610
669.990929	-0.010990
670.680930	-0.004470
671.370931	-0.004180
672.060932	-0.009440
672.750933	-0.019020
673.440934	-0.031240
674.130935	-0.044270
674.820936	-0.056320
675.510937	-0.065780
676.200938	-0.071250
676.890938	-0.071640
677.580939	-0.066310
678.270940	-0.055220
678.960941	-0.039120
679.650942	-0.019450
680.340943	0.002020
681.030944	0.023650
681.720945	0.044320
682.410946	0.063450
683.100947	0.080810
683.790948	0.096060
684.480949	0.108600
685.170950	0.117650
685.860951	0.122440
686.550952	0.122580
687.240953	0.118150
687.930954	0.109730
688.620955	0.098290
689.310956	0.085010
690.000957	0.071080
690.690958	0.057520
691.380959	0.045110
692.070960	0.034370
692.760960	0.025530
693.450961	0.018620
694.140962	0.013490
694.830963	0.009780
695.520964	0.006900
696.210965	0.004010
696.900966	0.000110
697.590967	-0.005920
698.280968	-0.015110
698.970969	-0.028170
699.660970	-0.045310
700.350971	-0.066130
701.040972	-0.089560
701.730973	-0.114010
702.420974	-0.137510
703.110975	-0.158020
703.800976	-0.173670
704.490977	-0.183040
705.180978	-0.185250
705.870979	-0.180020
706.560980	-0.167550
707.250981	-0.148370
707.940982	-0.123140
708.630982	-0.092580
709.320983	-0.057440
710.010984	-0.018670
710.700985	0.022460
711.390986	0.064330
712.080987	0.105040
712.770988	0.142570
713.460989	0.174940
714.150990	0.200390
714.840991	0.217490
715.530992	0.225130
716.220993	0.222680
716.910994	0.210120
717.600995	0.188030
718.290996	0.157600
718.980997	0.120520
719.670998	0.078770
720.360999	0.034470
721.051000	-0.010270
721.741001	-0.053460
722.431002	-0.093220
723.121003	-0.127910
723.811004	-0.156220
724.501004	-0.177200
725.191005	-0.190390
725.881006	-0.195800
726.571007	-0.193910
727.261008	-0.185620
727.951009	-0.172120
728.641010	-0.154750
729.331011	-0.134830
730.021012	-0.113470
730.711013	-0.091500
731.401014	-0.069470
732.091015	-0.047720
732.781016	-0.026440
733.471017	-0.005670
734.161018	0.014690
734.851019	0.034960
735.541020	0.055530
736.231021	0.076800
736.921022	0.099010
737.611023	0.122230
738.301024	0.146370
738.991025	0.171230
739.681026	0.196630
740.371026	0.222330
741.061027	0.248000
741.751028	0.273020
742.441029	0.296390
743.131030	0.316780
743.821031	0.332550
744.511032	0.341960
745.201033	0.343410
745.891034	0.335670
746.581035	0.318020
747.271036	0.290280
747.961037	0.252700
748.651038	0.205860
749.341039	0.150290
750.031040	0.086310
750.721041	0.014040
751.411042	-0.066280
752.101043	-0.153860
752.791044	-0.246820
753.481045	-0.342050
754.171046	-0.435300
754.861047	-0.521430
755.551048	-0.595000
756.241049	-0.650840
756.931049	-0.684700
757.621050	-0.693760
758.311051	-0.677050
759.001052	-0.635570
759.691053	-0.572020
760.381054	-0.490230
761.071055	-0.394640
761.761056	-0.289800
762.451057	-0.179960
763.141058	-0.068970
763.831059	0.039810
764.521060	0.143470
765.211061	0.239430
765.901062	0.325550
766.591063	0.400070
767.281064	0.461620
767.971065	0.509010
768.661066	0.541080
769.351067	0.556610
770.041068	0.554360
770.731069	0.533350
771.421070	0.493300
772.111071	0.435070
772.801071	0.361080
773.491072	0.275660
774.181073	0.184980
774.871074	0.096400
775.561075	0.017330
776.251076	-0.046020
776.941077	-0.089870
777.631078	-0.113440
778.321079	-0.118870
779.011080	-0.110530
779.701081	-0.093960
780.391082	-0.074780
781.081083	-0.057530
781.771084	-0.044970
782.461085	-0.037800
783.151086	-0.035210
783.841087	-0.035790
784.531088	-0.038350
785.221089	-0.042370
785.911090	-0.047890
786.601091	-0.055000
787.291092	-0.063370
787.981093	-0.072060
788.671093	-0.079820
789.361094	-0.085380
790.051095	-0.087830
790.741096	-0.086800
791.431097	-0.082560
792.121098	-0.076060
792.811099	-0.068920
