0.000000	0.003980
0.690005	0.011150
1.380010	0.018480
2.070015	0.025450
2.760020	0.031530
3.450025	0.036270
4.140030	0.039280
4.830035	0.040350
5.520040	0.039470
6.210045	0.036910
6.900050	0.033100
7.590055	0.028570
8.280060	0.023710
8.970065	0.018720
9.660070	0.013560
10.350075	0.008150
11.040080	0.002540
11.730085	-0.002910
12.420090	-0.007540
13.110095	-0.010440
13.800100	-0.010770
14.490105	-0.007890
15.180110	-0.001480
15.870115	0.008700
16.560120	0.022870
17.250125	0.041130
17.940130	0.063230
18.630135	0.088390
19.320140	0.115150
20.010145	0.141510
20.700150	0.165370
21.390155	0.184740
22.080160	0.197840
22.770165	0.203130
23.460170	0.199410
24.150175	0.186080
24.840180	0.163300
25.530185	0.132150
26.220190	0.094620
26.910195	0.053450
27.600200	0.011850
28.290205	-0.026790
28.980210	-0.059240
29.670215	-0.082770
30.360220	-0.095710
31.050225	-0.097690
31.740230	-0.089740
32.430235	-0.074060
33.120240	-0.053570
33.810245	-0.031340
34.500250	-0.010100
35.190255	0.008040
35.880260	0.021760
36.570265	0.030400
37.260270	0.033920
37.950275	0.032710
38.640280	0.027540
39.330285	0.019150
40.020290	0.008040
40.710295	-0.005750
41.400300	-0.022670
42.090305	-0.043430
42.780310	-0.068760
43.470315	-0.099090
44.160320	-0.134440
44.850325	-0.174400
45.540330	-0.218060
46.230335	-0.263910
46.920340	-0.309730
47.610345	-0.352670
48.300350	-0.389410
48.990355	-0.416500
49.680360	-0.430630
50.370365	-0.428990
51.060370	-0.409560
51.750375	-0.371320
52.440380	-0.314460
53.130385	-0.240530
53.820390	-0.152560
54.510395	-0.055080
55.200400	0.045910
55.890405	0.143340
56.580410	0.229720
57.270415	0.298160
57.960420	0.343310
58.650425	0.362080
59.340430	0.353920
60.030435	0.320630
60.720440	0.265880
61.410445	0.194650
62.100450	0.112720
62.790455	0.026240
63.480460	-0.058680
64.170465	-0.136180
64.860470	-0.200910
65.550475	-0.248210
66.240480	-0.274330
66.930485	-0.276690
67.620490	-0.254050
68.310495	-0.206660
69.000500	-0.136350
69.690505	-0.046470
70.380510	0.058020
71.070515	0.170870
71.760520	0.284780
72.450525	0.392030
73.140530	0.485090
73.830535	0.557430
74.520540	0.604100
75.210545	0.622170
75.900550	0.610980
76.590555	0.572200
77.280560	0.509480
77.970565	0.428010
78.660570	0.333980
79.350575	0.233820
80.040580	0.133540
80.730585	0.038230
81.420590	-0.048380
82.110595	-0.124140
82.800600	-0.188330
83.490605	-0.241490
84.180610	-0.284990
84.870615	-0.320600
85.560620	-0.350100
86.250625	-0.374800
86.940630	-0.395320
87.630635	-0.411490
88.320640	-0.422420
89.010645	-0.426690
89.700650	-0.422650
90.390655	-0.408770
91.080660	-0.383960
91.770665	-0.347800
92.460670	-0.300780
93.150675	-0.244400
93.840680	-0.181260
94.530685	-0.115030
95.220690	-0.050070
95.910695	0.009240
96.600700	0.059160
97.290705	0.097150
97.980710	0.122240
98.670715	0.134840
99.360720	0.136330
100.050725	0.128620
100.740730	0.113800
101.430735	0.093960
102.120740	0.071120
102.810745	0.047260
103.500750	0.024320
104.190755	0.004150
104.880760	-0.011620
105.570765	-0.021830
106.260770	-0.025950
106.950775	-0.024200
107.640780	-0.017480
108.330785	-0.007130
109.020790	0.005220
109.710795	0.017970
110.400800	0.029660
111.090805	0.039180
111.780810	0.045860
112.470815	0.049590
113.160820	0.050780
113.850825	0.050270
114.540830	0.049090
115.230835	0.048170
115.920840	0.048260
116.610845	0.049780
117.300850	0.052840
117.990855	0.057280
118.680860	0.062750
119.370865	0.068790
120.060870	0.074920
120.750875	0.080810
121.440880	0.086250
122.130885	0.091080
122.820890	0.095060
123.510895	0.097680
124.200900	0.098180
124.890905	0.095760
125.580910	0.089770
126.270915	0.080040
126.960920	0.066870
127.650925	0.050990
128.340929	0.033350
129.030934	0.014910
129.720939	-0.003460
130.410944	-0.021100
131.100949	-0.037460
131.790954	-0.052060
132.480959	-0.064440
133.170964	-0.074120
133.860969	-0.080590
134.550974	-0.083350
135.240979	-0.082030
135.930984	-0.076500
136.620989	-0.067000
137.310994	-0.054390
138.000999	-0.040090
138.691004	-0.025910
139.381009	-0.013700
140.071014	-0.005010
140.761019	-0.000700
141.451024	-0.000860
142.141029	-0.004940
142.831034	-0.011990
143.521039	-0.020890
144.211044	-0.030570
144.901049	-0.040070
145.591054	-0.048530
146.281059	-0.055170
146.971064	-0.059130
147.661069	-0.059520
148.351074	-0.055510
149.041079	-0.046470
149.731084	-0.032170
150.421089	-0.013000
151.111094	0.010000
151.801099	0.035360
152.491104	0.061280
153.181109	0.085880
153.871114	0.107450
154.561119	0.124590
155.251124	0.136220
155.941129	0.141690
156.631134	0.140810
157.321139	0.133780
158.011144	0.121200
158.701149	0.103980
159.391154	0.083190
160.081159	0.059990
160.771164	0.035470
161.461169	0.010670
162.151174	-0.013470
162.841179	-0.036100
163.531184	-0.056340
164.221189	-0.073360
164.911194	-0.086400
165.601199	-0.094790
166.291204	-0.098010
166.981209	-0.095730
167.671214	-0.087830
168.361219	-0.074470
169.051224	-0.056170
169.741229	-0.033890
170.431234	-0.009010
171.121239	0.016710
171.811244	0.041430
172.501249	0.063270
173.191254	0.080630
173.881259	0.092320
174.571264	0.097640
175.261269	0.096470
175.951274	0.089190
176.641279	0.076590
177.331284	0.059750
178.021289	0.039830
178.711294	0.017980
179.401299	-0.004760
180.091304	-0.027390
180.781309	-0.048990
181.471314	-0.068690
182.161319	-0.085770
182.851324	-0.099680
183.541329	-0.110130
184.231334	-0.117090
184.921339	-0.120730
185.611344	-0.121360
186.301349	-0.119390
186.991354	-0.115210
187.681359	-0.109180
188.371364	-0.101640
189.061369	-0.092970
189.751374	-0.083580
190.441379	-0.073900
191.131384	-0.064380
191.821389	-0.055370
192.511394	-0.047100
193.201399	-0.039550
193.891404	-0.032490
194.581409	-0.025410
195.271414	-0.017640
195.961419	-0.008420
196.651424	0.002850
197.341429	0.016500
198.031434	0.032380
198.721439	0.049850
199.411444	0.067890
200.101449	0.085130
200.791454	0.100070
201.481459	0.111190
202.171464	0.117150
202.861469	0.117010
203.551474	0.110480
204.241479	0.097970
204.931484	0.080500
205.621489	0.059540
206.311494	0.036790
207.001499	0.013900
207.691504	-0.007560
208.381509	-0.026210
209.071514	-0.040900
209.761519	-0.050860
210.451524	-0.055760
211.141529	-0.055730
211.831534	-0.051310
212.521539	-0.043390
213.211544	-0.033040
213.901549	-0.021310
214.591554	-0.009150
215.281559	0.002690
215.971564	0.013750
216.661569	0.023680
217.351574	0.032250
218.041579	0.039240
218.731584	0.044550
219.421589	0.048250
220.111594	0.050630
220.801599	0.052150
221.491604	0.053370
222.181609	0.054810
222.871614	0.056870
223.561619	0.059760
224.251624	0.063440
224.941629	0.067690
225.631634	0.072120
226.321639	0.076260
227.011644	0.079640
227.701649	0.081790
228.391654	0.082270
229.081659	0.080580
229.771664	0.076090
230.461669	0.068070
231.151674	0.055700
231.841679	0.038240
232.531684	0.015210
233.221689	-0.013380
233.911694	-0.046930
234.601699	-0.084190
235.291704	-0.123470
235.981709	-0.162690
236.671714	-0.199650
237.361719	-0.232090
238.051724	-0.257780
238.741729	-0.274610
239.431734	-0.280850
240.121739	-0.275290
240.811744	-0.257520
241.501749	-0.228010
242.191754	-0.188120
242.881759	-0.139900
243.571764	-0.085770
244.261769	-0.028270
244.951774	0.030180
245.641779	0.087490
246.331784	0.141810
247.021789	0.191500
247.711794	0.235080
248.401799	0.271190
249.091804	0.298510
249.781809	0.315900
250.471814	0.322500
251.161819	0.317850
251.851824	0.302020
252.541829	0.275570
253.231834	0.239560
253.921839	0.195430
254.611844	0.144970
255.301849	0.090170
255.991854	0.033220
256.681859	-0.023660
257.371864	-0.078290
258.061869	-0.128590
258.751874	-0.172630
259.441879	-0.208630
260.131884	-0.235030
260.821889	-0.250560
261.511894	-0.254320
262.201899	-0.245920
262.891904	-0.225530
263.581909	-0.193990
264.271914	-0.152770
264.961919	-0.103930
265.651924	-0.049930
266.341929	0.006560
267.031934	0.062930
267.721939	0.116680
268.411944	0.165580
269.101949	0.207720
269.791954	0.241620
270.481959	0.266410
271.171964	0.282160
271.861969	0.289870
272.551974	0.291340
273.241979	0.288550
273.931984	0.283130
274.621989	0.275930
275.311994	0.266810
276.001999	0.254810
276.692004	0.238380
277.382009	0.215710
278.072014	0.184990
278.762019	0.144670
279.452024	0.093900
280.142029	0.032820
280.832034	-0.037280
281.522039	-0.114030
282.212044	-0.194150
282.902049	-0.273990
283.592054	-0.350000
284.282059	-0.419130
284.972064	-0.479170
285.662069	-0.528870
286.352074	-0.567790
287.042079	-0.596040
287.732084	-0.613890
288.422089	-0.621420
289.112094	-0.618210
289.802099	-0.603380
290.492104	-0.575750
291.182109	-0.534210
291.872114	-0.478220
292.562119	-0.408320
293.252124	-0.326410
293.942129	-0.235840
294.632134	-0.141110
295.322139	-0.047290
296.012144	0.040830
296.702149	0.119440
297.392154	0.186050
298.082159	0.239650
298.772164	0.280480
299.462169	0.309670
300.152174	0.328910
300.842179	0.340250
301.532184	0.345920
302.222189	0.348110
302.912194	0.348860
303.602199	0.349800
304.292204	0.352000
304.982209	0.355730
305.672214	0.360540
306.362219	0.365330
307.052224	0.368770
307.742229	0.369610
308.432234	0.367090
309.122239	0.361160
309.812244	0.352600
310.502249	0.342740
311.192254	0.333040
311.882259	0.324500
312.572264	0.317280
313.262269	0.310550
313.952274	0.302670
314.642279	0.291550
315.332284	0.275060
316.022289	0.251480
316.712294	0.219650
317.402299	0.179210
318.092304	0.130580
318.782309	0.074950
319.472314	0.013960
320.162319	-0.050580
320.852324	-0.116830
321.542329	-0.183030
322.232334	-0.247440
322.922339	-0.308200
323.612344	-0.363430
324.302349	-0.411260
324.992354	-0.450050
325.682359	-0.478470
326.372364	-0.495620
327.062369	-0.501020
327.752374	-0.494680
328.442379	-0.477150
329.132384	-0.449710
329.822389	-0.414300
330.512394	-0.373230
331.202399	-0.328840
331.892404	-0.283060
332.582409	-0.237140
333.272414	-0.191630
333.962419	-0.146610
334.652424	-0.101900
335.342429	-0.057500
336.032434	-0.013820
336.722439	0.028150
337.412444	0.066980
338.102449	0.100990
338.792454	0.128520
339.482459	0.148210
340.172464	0.159230
340.862469	0.161530
341.552474	0.155860
342.242479	0.143850
342.932484	0.127770
343.622489	0.110010
344.312494	0.092580
345.002499	0.076630
345.692504	0.062520
346.382509	0.050060
347.072514	0.038910
347.762519	0.028940
348.452524	0.020390
349.142529	0.013780
349.832534	0.009630
350.522539	0.008230
351.212544	0.009370
351.902549	0.012320
352.592554	0.015830
353.282559	0.018470
353.972564	0.019140
354.662569	0.017560
355.352574	0.014510
356.042579	0.011730
356.732584	0.011440
357.422589	0.015650
358.112594	0.025560
358.802599	0.041330
359.492604	0.061980
360.182609	0.085660
360.872614	0.109960
361.562619	0.132260
362.252624	0.149990
362.942629	0.160980
363.632634	0.163730
364.322639	0.157570
365.012644	0.142680
365.702649	0.120190
366.392654	0.091890
367.082659	0.060030
367.772664	0.027030
368.462669	-0.004770
369.152674	-0.033440
369.842679	-0.057540
370.532684	-0.076180
371.222689	-0.088990
371.912694	-0.096060
372.602699	-0.097870
373.292704	-0.095200
373.982709	-0.089030
374.672714	-0.080490
375.362719	-0.070770
376.052724	-0.061020
376.742729	-0.052210
377.432734	-0.045120
378.122739	-0.040180
378.812744	-0.037390
379.502749	-0.036240
380.192754	-0.035730
380.882759	-0.034430
381.572764	-0.030720
382.262769	-0.023130
382.952774	-0.010690
383.642778	0.006730
384.332783	0.028440
385.022788	0.053060
385.712793	0.078890
386.402798	0.104280
387.092803	0.127740
387.782808	0.147910
388.472813	0.163440
389.162818	0.173090
389.852823	0.175900
390.542828	0.171350
391.232833	0.159390
391.922838	0.140370
392.612843	0.115050
393.302848	0.084520
393.992853	0.050260
394.682858	0.014120
395.372863	-0.021770
396.062868	-0.055400
396.752873	-0.085110
397.442878	-0.109840
398.132883	-0.129230
398.822888	-0.143620
399.512893	-0.153890
400.202898	-0.161170
400.892903	-0.166490
401.582908	-0.170360
402.272913	-0.172400
402.962918	-0.171390
403.652923	-0.165510
404.342928	-0.152910
405.032933	-0.132390
405.722938	-0.104040
406.412943	-0.069460
407.102948	-0.031510
407.792953	0.006240
408.482958	0.040270
409.172963	0.067700
409.862968	0.086800
410.552973	0.097130
411.242978	0.099430
411.932983	0.095400
412.622988	0.087310
413.312993	0.077490
414.002998	0.067890
414.693003	0.059780
415.383008	0.053640
416.073013	0.049250
416.763018	0.045890
417.453023	0.042620
418.143028	0.038530
418.833033	0.032940
419.523038	0.025490
420.213043	0.016190
420.903048	0.005420
421.593053	-0.006130
422.283058	-0.017600
422.973063	-0.028070
423.663068	-0.036880
424.353073	-0.043750
425.043078	-0.048940
425.733083	-0.053090
426.423088	-0.057040
427.113093	-0.061520
427.803098	-0.066890
428.493103	-0.073090
429.183108	-0.079610
429.873113	-0.085590
430.563118	-0.090050
431.253123	-0.092000
431.943128	-0.090660
432.633133	-0.085600
433.323138	-0.076900
434.013143	-0.065180
434.703148	-0.051470
435.393153	-0.037020
436.083158	-0.022960
436.773163	-0.010140
437.463168	0.001010
438.153173	0.010540
438.843178	0.018890
439.533183	0.026880
440.223188	0.035580
440.913193	0.046220
441.603198	0.059900
442.293203	0.077330
442.983208	0.098600
443.673213	0.123010
444.363218	0.149130
445.053223	0.174980
445.743228	0.198350
446.433233	0.217140
447.123238	0.229660
447.813243	0.234700
448.503248	0.231520
449.193253	0.219690
449.883258	0.198960
450.573263	0.169340
451.263268	0.131240
451.953273	0.085740
452.643278	0.034790
453.333283	-0.018760
454.023288	-0.071480
454.713293	-0.119790
455.403298	-0.160470
456.093303	-0.191150
456.783308	-0.210530
457.473313	-0.218460
458.163318	-0.215820
458.853323	-0.204260
459.543328	-0.185930
460.233333	-0.163140
460.923338	-0.138160
461.613343	-0.112990
462.303348	-0.089250
462.993353	-0.068040
463.683358	-0.049850
464.373363	-0.034570
465.063368	-0.021630
465.753373	-0.010280
466.443378	0.000110
467.133383	0.009870
467.823388	0.018880
468.513393	0.026700
469.203398	0.032620
469.893403	0.035900
470.583408	0.035980
471.273413	0.032680
471.963418	0.026260
472.653423	0.017390
473.343428	0.007090
474.033433	-0.003630
474.723438	-0.013990
475.413443	-0.023510
476.103448	-0.032080
476.793453	-0.039790
477.483458	-0.046780
478.173463	-0.053140
478.863468	-0.058870
479.553473	-0.063930
480.243478	-0.068240
480.933483	-0.071590
481.623488	-0.073570
482.313493	-0.073510
483.003498	-0.070550
483.693503	-0.063840
484.383508	-0.052680
485.073513	-0.036730
485.763518	-0.016080
486.453523	0.008680
487.143528	0.036680
487.833533	0.066830
488.523538	0.098040
489.213543	0.129340
489.903548	0.159790
490.593553	0.188430
491.283558	0.214100
491.973563	0.235410
492.663568	0.250760
493.353573	0.258610
494.043578	0.257670
494.733583	0.247260
495.423588	0.227620
496.113593	0.200040
496.803598	0.166820
497.493603	0.130980
498.183608	0.095760
498.873613	0.064100
499.563618	0.038140
500.253623	0.018930
500.943628	0.006300
501.633633	-0.001000
502.323638	-0.004990
503.013643	-0.007850
503.703648	-0.011380
504.393653	-0.016380
505.083658	-0.022530
505.773663	-0.028540
506.463668	-0.032700
507.153673	-0.033370
507.843678	-0.029660
508.533683	-0.021650
509.223688	-0.010450
509.913693	0.001980
510.603698	0.013330
511.293703	0.021380
511.983708	0.024460
512.673713	0.021690
513.363718	0.013070
514.053723	-0.000550
514.743728	-0.017420
515.433733	-0.035090
516.123738	-0.050640
516.813743	-0.061300
517.503748	-0.065050
518.193753	-0.061210
518.883758	-0.050610
519.573763	-0.035560
520.263768	-0.019360
520.953773	-0.005920
521.643778	0.000820
522.333783	-0.002560
523.023788	-0.018550
523.713793	-0.048290
524.403798	-0.091400
525.093803	-0.146040
525.783808	-0.209160
526.473813	-0.276830
527.163818	-0.344570
527.853823	-0.407660
528.543828	-0.461450
529.233833	-0.501590
529.923838	-0.524420
530.613843	-0.527310
531.303848	-0.509150
531.993853	-0.470560
532.683858	-0.413860
533.373863	-0.342690
534.063868	-0.261480
534.753873	-0.175030
535.443878	-0.088290
536.133883	-0.006000
536.823888	0.067740
537.513893	0.130040
538.203898	0.179500
538.893903	0.216440
539.583908	0.242520
540.273913	0.260080
540.963918	0.271640
541.653923	0.279510
542.343928	0.285700
543.033933	0.291780
543.723938	0.298860
544.413943	0.307420
545.103948	0.317300
545.793953	0.327770
546.483958	0.337840
547.173963	0.346390
547.863968	0.352500
548.553973	0.355560
549.243978	0.355310
549.933983	0.351830
550.623988	0.345460
551.313993	0.336780
552.003998	0.326390
552.694003	0.314820
553.384008	0.302430
554.074013	0.289260
554.764018	0.275100
555.454023	0.259470
556.144028	0.241570
556.834033	0.220260
557.524038	0.194090
558.214043	0.161570
558.904048	0.121380
559.594053	0.072690
560.284058	0.015310
560.974063	-0.050320
561.664068	-0.123220
562.354073	-0.201940
563.044078	-0.284620
563.734083	-0.368940
564.424088	-0.452090
565.114093	-0.530650
565.804098	-0.600660
566.494103	-0.657710
567.184108	-0.697340
567.874113	-0.715620
568.564118	-0.709830
569.254123	-0.679130
569.944128	-0.624830
570.634133	-0.550310
571.324138	-0.460420
572.014143	-0.360780
572.704148	-0.257090
573.394153	-0.154720
574.084158	-0.058380
574.774163	0.027880
575.464168	0.100800
576.154173	0.157940
576.844178	0.197910
577.534183	0.220440
578.224188	0.226430
578.914193	0.217940
579.604198	0.198060
580.294203	0.170760
580.984208	0.140580
581.674213	0.112270
582.364218	0.090270
583.054223	0.077990
583.744228	0.077160
584.434233	0.087460
585.124238	0.106540
585.814243	0.130620
586.504248	0.155340
587.194253	0.176870
587.884258	0.192580
588.574263	0.201330
589.264268	0.203290
589.954273	0.199410
590.644278	0.190900
591.334283	0.178860
592.024288	0.164170
592.714293	0.147440
593.404298	0.128900
594.094303	0.108450
594.784308	0.085710
595.474313	0.060290
596.164318	0.031990
596.854323	0.001140
597.544328	-0.031260
598.234333	-0.063720
598.924338	-0.094360
599.614343	-0.121170
600.304348	-0.142210
600.994353	-0.155730
601.684358	-0.160350
602.374363	-0.155210
603.064368	-0.140120
603.754373	-0.115550
604.444378	-0.082620
605.134383	-0.043040
605.824388	0.000990
606.514393	0.047000
607.204398	0.092310
607.894403	0.134190
608.584408	0.170060
609.274413	0.197640
609.964418	0.215120
610.654423	0.221250
611.344428	0.215460
612.034433	0.197970
612.724438	0.169750
613.414443	0.132510
614.104448	0.088580
614.794453	0.040740
615.484458	-0.007980
616.174463	-0.054640
616.864468	-0.096510
617.554473	-0.131380
618.244478	-0.157730
618.934483	-0.174840
619.624488	-0.182820
620.314493	-0.182520
621.004498	-0.175210
621.694503	-0.162330
622.384508	-0.145140
623.074513	-0.124610
623.764518	-0.101410
624.454523	-0.076120
625.144528	-0.049440
625.834533	-0.022410
626.524538	0.003580
627.214543	0.026990
627.904548	0.046320
628.594553	0.060400
629.284558	0.068580
629.974563	0.070770
630.664568	0.067420
631.354573	0.059350
632.044578	0.047620
632.734583	0.033490
633.424588	0.018360
634.114593	0.003730
634.804598	-0.009000
635.494603	-0.018650
636.184608	-0.024350
636.874613	-0.025670
637.564618	-0.022580
638.254623	-0.015310
638.944627	-0.004190
639.634632	0.010310
640.324637	0.027580
641.014642	0.046750
641.704647	0.066620
642.394652	0.085620
643.084657	0.102020
643.774662	0.114160
644.464667	0.120800
645.154672	0.121250
645.844677	0.115420
646.534682	0.103660
647.224687	0.086650
647.914692	0.065270
648.604697	0.040580
649.294702	0.013950
649.984707	-0.012970
650.674712	-0.038290
651.364717	-0.060030
652.054722	-0.076380
652.744727	-0.085880
653.434732	-0.087630
654.124737	-0.081380
654.814742	-0.067550
655.504747	-0.047260
656.194752	-0.022220
656.884757	0.005370
657.574762	0.033140
658.264767	0.058710
658.954772	0.080000
659.644777	0.095340
660.334782	0.103520
661.024787	0.103760
661.714792	0.095670
662.404797	0.079270
663.094802	0.055070
663.784807	0.023930
664.474812	-0.012890
665.164817	-0.053930
665.854822	-0.097560
666.544827	-0.142030
667.234832	-0.185500
667.924837	-0.226040
668.614842	-0.261710
669.304847	-0.290580
669.994852	-0.310800
670.684857	-0.320610
671.374862	-0.318450
672.064867	-0.303140
672.754872	-0.274150
673.444877	-0.231910
674.134882	-0.178000
674.824887	-0.115310
675.514892	-0.047770
676.204897	0.020040
676.894902	0.083590
677.584907	0.139000
678.274912	0.183610
678.964917	0.216080
679.654922	0.236340
680.344927	0.245170
681.034932	0.243890
681.724937	0.234000
682.414942	0.217080
683.104947	0.194710
683.794952	0.168450
684.484957	0.139870
685.174962	0.110520
685.864967	0.081910
686.554972	0.055510
687.244977	0.032720
687.934982	0.014690
688.624987	0.002300
689.314992	-0.004030
690.004997	-0.004360
690.695002	0.000750
691.385007	0.010350
692.075012	0.023050
692.765017	0.037100
693.455022	0.050410
694.145027	0.060760
694.835032	0.066110
695.525037	0.065000
696.215042	0.056790
696.905047	0.041840
697.595052	0.021330
698.285057	-0.002940
698.975062	-0.028970
699.665067	-0.054760
700.355072	-0.078510
701.045077	-0.098750
701.735082	-0.114380
702.425087	-0.124630
703.115092	-0.129040
703.805097	-0.127450
704.495102	-0.119990
705.185107	-0.107110
705.875112	-0.089540
706.565117	-0.068370
707.255122	-0.044950
707.945127	-0.020820
708.635132	0.002310
709.325137	0.022800
710.015142	0.039200
710.705147	0.050470
711.395152	0.056170
712.085157	0.056490
712.775162	0.052140
713.465167	0.044170
714.155172	0.033850
714.845177	0.022470
715.535182	0.011230
716.225187	0.001160
716.915192	-0.006970
717.605197	-0.012790
718.295202	-0.016300
718.985207	-0.017850
719.675212	-0.018040
720.365217	-0.017560
721.055222	-0.017010
721.745227	-0.016830
722.435232	-0.017220
723.125237	-0.018240
723.815242	-0.019860
724.505247	-0.021920
725.195252	-0.024080
725.885257	-0.025690
726.575262	-0.025900
727.265267	-0.023930
727.955272	-0.019260
728.645277	-0.011850
729.335282	-0.002150
730.025287	0.009080
730.715292	0.020990
731.405297	0.032740
732.095302	0.043600
732.785307	0.053030
733.475312	0.060670
734.165317	0.066410
734.855322	0.070360
735.545327	0.072800
736.235332	0.074040
736.925337	0.074320
737.615342	0.073810
738.305347	0.072570
738.995352	0.070620
739.685357	0.067950
740.375362	0.064640
741.065367	0.060890
741.755372	0.057010
742.445377	0.053400
743.135382	0.050440
743.825387	0.048370
744.515392	0.047200
745.205397	0.046780
745.895402	0.046820
746.585407	0.047020
747.275412	0.047160
747.965417	0.047190
748.655422	0.047280
749.345427	0.047790
750.035432	0.049130
750.725437	0.051650
751.415442	0.055350
752.105447	0.059850
752.795452	0.064600
753.485457	0.069080
754.175462	0.073050
754.865467	0.076550
755.555472	0.079680
756.245477	0.082360
756.935482	0.084110
757.625487	0.083990
758.315492	0.080790
759.005497	0.073260
759.695502	0.060300
760.385507	0.041160
761.075512	0.015480
761.765517	-0.016720
762.455522	-0.055150
763.145527	-0.099260
763.835532	-0.148270
764.525537	-0.201010
765.215542	-0.255660
765.905547	-0.309630
766.595552	-0.359770
767.285557	-0.402650
767.975562	-0.435010
768.665567	-0.454210
769.355572	-0.458440
770.045577	-0.446920
770.735582	-0.420030
771.425587	-0.379540
772.115592	-0.328680
772.805597	-0.272070
773.495602	-0.215030
774.185607	-0.162830
774.875612	-0.119700
775.565617	-0.088180
776.255622	-0.068810
776.945627	-0.060370
777.635632	-0.060420
778.325637	-0.065880
779.015642	-0.073490
779.705647	-0.080090
780.395652	-0.082720
781.085657	-0.078700
781.775662	-0.065560
782.465667	-0.041080
783.155672	-0.003480
783.845677	0.048310
784.535682	0.114200
785.225687	0.192220
785.915692	0.278430
786.605697	0.367310
787.295702	0.452630
787.985707	0.528660
788.675712	0.591070
789.365717	0.637310
790.055722	0.666420
790.745727	0.678500
791.435732	0.674280
792.125737	0.654750
792.815742	0.620980
793.505747	0.574030
794.195752	0.514950
794.885757	0.444790
795.575762	0.364700
796.265767	0.276060
796.955772	0.180560
797.645777	0.080160
798.335782	-0.022890
799.025787	-0.126130
799.715792	-0.226730
800.405797	-0.321470
801.095802	-0.406780
801.785807	-0.479140
802.475812	-0.535550
803.165817	-0.573980
803.855822	-0.593690
804.545827	-0.595170
805.235832	-0.579770
805.925837	-0.549330
806.615842	-0.506070
807.305847	-0.452520
807.995852	-0.391670
808.685857	-0.326970
809.375862	-0.262060
810.065867	-0.200450
810.755872	-0.145050
811.445877	-0.097790
812.135882	-0.059570
812.825887	-0.030360
813.515892	-0.009480
814.205897	0.004220
814.895902	0.012160
815.585907	0.015750
816.275912	0.016330
816.965917	0.015040
817.655922	0.012820
818.345927	0.010420
819.035932	0.008450
819.725937	0.007430
820.415942	0.007750
821.105947	0.009610
821.795952	0.013120
822.485957	0.018410
823.175962	0.025730
823.865967	0.035480
824.555972	0.048100
825.245977	0.063850
825.935982	0.082620
826.625987	0.103770
827.315992	0.126110
828.005997	0.148020
828.696002	0.167670
829.386007	0.183200
830.076012	0.193040
830.766017	0.196160
831.456022	0.192190
832.146027	0.181430
832.836032	0.164830
833.526037	0.143810
834.216042	0.120070
834.906047	0.095440
835.596052	0.071690
836.286057	0.050360
836.976062	0.032580
837.666067	0.018890
838.356072	0.009160
839.046077	0.002700
839.736082	-0.001590
840.426087	-0.004960
841.116092	-0.008470
841.806097	-0.012760
842.496102	-0.017950
843.186107	-0.023620
843.876112	-0.028970
844.566117	-0.033070
845.256122	-0.035210
845.946127	-0.035170
846.636132	-0.033340
847.326137	-0.030570
848.016142	-0.027960
848.706147	-0.026400
849.396152	-0.026370
850.086157	-0.027720
850.776162	-0.029810
851.466167	-0.031720
852.156172	-0.032540
852.846177	-0.031720
853.536182	-0.029200
854.226187	-0.025430
854.916192	-0.021140
855.606197	-0.017040
856.296202	-0.013630
856.986207	-0.011020
857.676212	-0.008990
858.366217	-0.007080
859.056222	-0.004800
859.746227	-0.001750
860.436232	0.002270
861.126237	0.007250
861.816242	0.012990
862.506247	0.019160
863.196252	0.025460
863.886257	0.031630
864.576262	0.037370
865.266267	0.042380
865.956272	0.046240
866.646277	0.048390
867.336282	0.048150
868.026287	0.044790
868.716292	0.037620
869.406297	0.026110
870.096302	0.010080
870.786307	-0.010140
871.476312	-0.033640
872.166317	-0.058880
872.856322	-0.083890
873.546327	-0.106460
874.236332	-0.124430
874.926337	-0.135920
875.616342	-0.139460
876.306347	-0.134110
876.996352	-0.119580
877.686357	-0.096300
878.376362	-0.065450
879.066367	-0.028890
879.756372	0.011070
880.446377	0.051870
881.136382	0.090980
881.826387	0.126140
882.516392	0.155400
883.206397	0.177190
883.896402	0.190520
884.586407	0.194990
885.276412	0.190920
885.966417	0.179270
886.656422	0.161560
887.346427	0.139450
888.036432	0.114500
888.726437	0.087890
889.416442	0.060430
890.106447	0.032710
890.796452	0.005280
891.486457	-0.021110
892.176462	-0.045560
892.866467	-0.067090
893.556472	-0.084790
894.246476	-0.097980
894.936481	-0.106190
895.626486	-0.109150
896.316491	-0.106800
897.006496	-0.099330
897.696501	-0.087250
898.386506	-0.071440
899.076511	-0.053060
899.766516	-0.033610
900.456521	-0.014750
901.146526	0.001940
901.836531	0.015160
902.526536	0.024090
903.216541	0.028520
903.906546	0.028870
904.596551	0.025990
905.286556	0.021000
905.976561	0.015050
906.666566	0.009090
907.356571	0.003750
908.046576	-0.000820
908.736581	-0.004880
909.426586	-0.009010
910.116591	-0.013860
910.806596	-0.020040
911.496601	-0.027910
912.186606	-0.037580
912.876611	-0.048840
913.566616	-0.061260
914.256621	-0.074240
914.946626	-0.087070
915.636631	-0.099070
916.326636	-0.109610
917.016641	-0.118130
917.706646	-0.124110
918.396651	-0.127020
919.086656	-0.126290
919.776661	-0.121390
920.466666	-0.111890
921.156671	-0.097630
921.846676	-0.078710
922.536681	-0.055590
923.226686	-0.029040
923.916691	-0.000070
924.606696	0.030240
925.296701	0.060750
925.986706	0.090440
926.676711	0.118490
927.366716	0.144370
928.056721	0.167690
928.746726	0.188190
929.436731	0.205540
930.126736	0.219210
930.816741	0.228430
931.506746	0.232180
932.196751	0.229370
932.886756	0.219100
933.576761	0.200900
934.266766	0.174880
934.956771	0.141820
935.646776	0.103080
936.336781	0.060410
937.026786	0.015760
937.716791	-0.028910
938.406796	-0.071830
939.096801	-0.111420
939.786806	-0.146430
940.476811	-0.175870
941.166816	-0.199000
941.856821	-0.215260
942.546826	-0.224290
943.236831	-0.225800
943.926836	-0.219620
944.616841	-0.205890
945.306846	-0.185200
945.996851	-0.158640
946.686856	-0.127780
947.376861	-0.094500
948.066866	-0.060710
948.756871	-0.028030
949.446876	0.002200
950.136881	0.028980
950.826886	0.051560
951.516891	0.069510
952.206896	0.082790
952.896901	0.091780
953.586906	0.097250
954.276911	0.100130
954.966916	0.101160
955.656921	0.100710
956.346926	0.098760
957.036931	0.095020
957.726936	0.089180
958.416941	0.081160
959.106946	0.071220
959.796951	0.059970
960.486956	0.048370
961.176961	0.037450
961.866966	0.028090
962.556971	0.020720
963.246976	0.015160
963.936981	0.010680
964.626986	0.006350
965.316991	0.001380
966.006996	-0.004520
966.697001	-0.011100
967.387006	-0.017740
968.077011	-0.023770
968.767016	-0.028600
969.457021	-0.031870
970.147026	-0.033430
970.837031	-0.033280
971.527036	-0.031580
972.217041	-0.028640
972.907046	-0.025010
973.597051	-0.021480
974.287056	-0.018950
974.977061	-0.018260
975.667066	-0.020030
976.357071	-0.024530
977.047076	-0.031450
977.737081	-0.039870
978.427086	-0.048290
979.117091	-0.054810
979.807096	-0.057400
980.497101	-0.054270
981.187106	-0.044380
981.877111	-0.027630
982.567116	-0.004860
983.257121	0.022340
983.947126	0.051990
984.637131	0.082030
985.327136	0.110600
986.017141	0.136110
986.707146	0.157390
987.397151	0.173770
988.087156	0.185210
988.777161	0.192310
989.467166	0.196060
990.157171	0.197570
990.847176	0.197710
991.537181	0.196960
992.227186	0.195350
992.917191	0.192620
993.607196	0.188350
994.297201	0.181990
994.987206	0.172930
995.677211	0.160490
996.367216	0.144170
997.057221	0.123860
997.747226	0.100050
998.437231	0.073680
999.127236	0.045750
999.817241	0.017050
1000.507246	-0.012080
1001.197251	-0.041800
1001.887256	-0.072540
1002.577261	-0.104910
1003.267266	-0.139570
1003.957271	-0.177240
1004.647276	-0.218570
1005.337281	-0.263930
1006.027286	-0.313150
1006.717291	-0.365400
1007.407296	-0.419210
1008.097301	-0.472510
1008.787306	-0.522730
1009.477311	-0.567010
1010.167316	-0.602370
1010.857321	-0.625940
1011.547326	-0.635160
1012.237331	-0.627850
1012.927336	-0.602080
1013.617341	-0.556250
1014.307346	-0.489260
1014.997351	-0.400830
1015.687356	-0.292050
1016.377361	-0.166160
1017.067366	-0.028720
1017.757371	0.112840
1018.447376	0.250160
1019.137381	0.375180
1019.827386	0.481320
1020.517391	0.564090
1021.207396	0.620960
1021.897401	0.651000
1022.587406	0.654320
1023.277411	0.631920
1023.967416	0.585690
1024.657421	0.518650
1025.347426	0.435060
1026.037431	0.340440
1026.727436	0.241210
1027.417441	0.144030
1028.107446	0.055140
1028.797451	-0.020240
1029.487456	-0.078380
1030.177461	-0.117080
1030.867466	-0.135700
1031.557471	-0.135100
1032.247476	-0.117490
1032.937481	-0.086200
1033.627486	-0.045330
1034.317491	0.000620
1035.007496	0.047230
1035.697501	0.090430
1036.387506	0.126880
1037.077511	0.154180
1037.767516	0.170990
1038.457521	0.177040
1039.147526	0.172930
1039.837531	0.159880
1040.527536	0.139460
1041.217541	0.113380
1041.907546	0.083360
1042.597551	0.051010
1043.287556	0.017800
1043.977561	-0.015020
1044.667566	-0.046500
1045.357571	-0.076020
1046.047576	-0.103200
1046.737581	-0.127930
1047.427586	-0.150240
1048.117591	-0.170280
1048.807596	-0.188120
1049.497601	-0.203730
1050.187606	-0.216960
1050.877611	-0.227590
1051.567616	-0.235360
1052.257621	-0.240080
1052.947626	-0.241630
1053.637631	-0.239950
1054.327636	-0.235010
1055.017641	-0.226800
1055.707646	-0.215360
1056.397651	-0.200860
1057.087656	-0.183650
1057.777661	-0.164290
1058.467666	-0.143490
1059.157671	-0.122010
1059.847676	-0.100580
1060.537681	-0.079770
1061.227686	-0.059990
1061.917691	-0.041500
1062.607696	-0.024370
1063.297701	-0.008490
1063.987706	0.006370
1064.677711	0.020630
1065.367716	0.034680
1066.057721	0.048890
1066.747726	0.063460
1067.437731	0.078430
1068.127736	0.093600
1068.817741	0.108580
1069.507746	0.122840
1070.197751	0.135810
1070.887756	0.146920
1071.577761	0.155650
1072.267766	0.161320
1072.957771	0.163110
1073.647776	0.159970
1074.337781	0.150820
1075.027786	0.134840
1075.717791	0.111850
1076.407796	0.082550
1077.097801	0.048640
1077.787806	0.012680
1078.477811	-0.022110
1079.167816	-0.052260
1079.857821	-0.074410
1080.547826	-0.085870
1081.237831	-0.085040
1081.927836	-0.071740
1082.617841	-0.047330
1083.307846	-0.014510
1083.997851	0.023030
1084.687856	0.061170
1085.377861	0.095850
1086.067866	0.123600
1086.757871	0.141890
1087.447876	0.149380
1088.137881	0.145960
1088.827886	0.132650
1089.517891	0.111200
1090.207896	0.083790
1090.897901	0.052640
1091.587906	0.019910
1092.277911	-0.012420
1092.967916	-0.042550
1093.657921	-0.068890
1094.347926	-0.090080
1095.037931	-0.105140
1095.727936	-0.113520
1096.417941	-0.115050
1097.107946	-0.109950
1097.797951	-0.098780
1098.487956	-0.082390
1099.177961	-0.061910
1099.867966	-0.038670
1100.557971	-0.014200
1101.247976	0.009910
1101.937981	0.032180
1102.627986	0.051360
1103.317991	0.066620
1104.007996	0.077670
1104.698001	0.084740
1105.388006	0.088480
1106.078011	0.089730
1106.768016	0.089280
1107.458021	0.087680
1108.148026	0.085040
1108.838031	0.081140
1109.528036	0.075520
1110.218041	0.067700
1110.908046	0.057330
1111.598051	0.044290
1112.288056	0.028700
1112.978061	0.010900
1113.668066	-0.008470
1114.358071	-0.028490
1115.048076	-0.047930
1115.738081	-0.065480
1116.428086	-0.080010
1117.118091	-0.090810
1117.808096	-0.097750
1118.498101	-0.101200
1119.188106	-0.101940
1119.878111	-0.100900
1120.568116	-0.099050
1121.258121	-0.097240
1121.948126	-0.096110
1122.638131	-0.096060
1123.328136	-0.097070
1124.018141	-0.098820
1124.708146	-0.100640
1125.398151	-0.101730
1126.088156	-0.101270
1126.778161	-0.098520
1127.468166	-0.092900
1128.158171	-0.083940
1128.848176	-0.071250
1129.538181	-0.054530
1130.228186	-0.033690
1130.918191	-0.008910
1131.608196	0.019250
1132.298201	0.049990
1132.988206	0.082240
1133.678211	0.114930
1134.368216	0.147010
1135.058221	0.177480
1135.748226	0.205400
1136.438231	0.229790
1137.128236	0.249740
1137.818241	0.264400
1138.508246	0.273060
1139.198251	0.275160
1139.888256	0.270300
1140.578261	0.258180
1141.268266	0.238730
1141.958271	0.212120
1142.648276	0.178890
1143.338281	0.140000
1144.028286	0.096750
1144.718291	0.050620
1145.408296	0.003040
1146.098301	-0.044810
1146.788306	-0.092100
1147.478311	-0.138210
1148.168316	-0.182640
1148.858321	-0.224810
1149.548325	-0.263930
1150.238330	-0.298910
1150.928335	-0.328510
1151.618340	-0.351360
1152.308345	-0.366120
1152.998350	-0.371610
1153.688355	-0.366850
1154.378360	-0.351240
1155.068365	-0.324600
1155.758370	-0.287320
1156.448375	-0.240480
1157.138380	-0.185980
1157.828385	-0.126560
1158.518390	-0.065610
1159.208395	-0.006800
1159.898400	0.046400
1160.588405	0.091240
1161.278410	0.125820
1161.968415	0.149240
1162.658420	0.161510
1163.348425	0.163440
1164.038430	0.156560
1164.728435	0.143020
1165.418440	0.125350
1166.108445	0.106210
1166.798450	0.088070
1167.488455	0.072940
1168.178460	0.062230
1168.868465	0.056680
1169.558470	0.056450
1170.248475	0.061190
1170.938480	0.070140
1171.628485	0.082340
1172.318490	0.096720
1173.008495	0.112080
1173.698500	0.127090
1174.388505	0.140240
1175.078510	0.149850
1175.768515	0.154180
1176.458520	0.151730
1177.148525	0.141560
1177.838530	0.123580
1178.528535	0.098620
1179.218540	0.068380
1179.908545	0.035200
1180.598550	0.001720
1181.288555	-0.029400
1181.978560	-0.055870
1182.668565	-0.075960
1183.358570	-0.088630
1184.048575	-0.093650
1184.738580	-0.091510
1185.428585	-0.083150
1186.118590	-0.069760
1186.808595	-0.052570
1187.498600	-0.032800
1188.188605	-0.011670
1188.878610	0.009470
1189.568615	0.029120
1190.258620	0.045670
1190.948625	0.057560
1191.638630	0.063450
1192.328635	0.062490
1193.018640	0.054380
1193.708645	0.039500
1194.398650	0.018800
1195.088655	-0.006280
1195.778660	-0.034090
1196.468665	-0.062790
1197.158670	-0.090610
1197.848675	-0.115940
1198.538680	-0.137490
1199.228685	-0.154310
1199.918690	-0.165830
1200.608695	-0.171720
1201.298700	-0.171760
1201.988705	-0.165810
1202.678710	-0.153780
1203.368715	-0.135730
1204.058720	-0.112050
1204.748725	-0.083440
1205.438730	-0.050960
1206.128735	-0.015890
1206.818740	0.020410
1207.508745	0.056600
1208.198750	0.091390
1208.888755	0.123430
1209.578760	0.151330
1210.268765	0.173630
1210.958770	0.188960
1211.648775	0.196130
1212.338780	0.194250
1213.028785	0.182940
1213.718790	0.162370
1214.408795	0.133390
1215.098800	0.097650
1215.788805	0.057600
1216.478810	0.016280
1217.168815	-0.023020
1217.858820	-0.057210
1218.548825	-0.083830
1219.238830	-0.101330
1219.928835	-0.109040
1220.618840	-0.107040
1221.308845	-0.095900
1221.998850	-0.076400
1222.688855	-0.049420
1223.378860	-0.016060
1224.068865	0.022100
1224.758870	0.062860
1225.448875	0.103330
1226.138880	0.140270
1226.828885	0.170710
1227.518890	0.192540
