0.000000	-0.338690
0.690001	-0.321080
1.380003	-0.288810
2.070004	-0.246650
2.760005	-0.199510
3.450006	-0.151740
4.140008	-0.106650
4.830009	-0.066410
5.520010	-0.032190
6.210011	-0.004410
6.900013	0.016910
7.590014	0.032060
8.280015	0.041520
8.970016	0.045980
9.660018	0.046320
10.350019	0.043530
11.040020	0.038660
11.730021	0.032690
12.420023	0.026390
13.110024	0.020290
13.800025	0.014680
14.490027	0.009610
15.180028	0.005080
15.870029	0.001080
16.560030	-0.002320
17.250032	-0.005040
17.940033	-0.006950
18.630034	-0.007900
19.320035	-0.007580
20.010037	-0.005560
20.700038	-0.001280
21.390039	0.005690
22.080040	0.015470
22.770042	0.027590
23.460043	0.040980
24.150044	0.054100
24.840045	0.065200
25.530047	0.072840
26.220048	0.076110
26.910049	0.074890
27.600051	0.069670
28.290052	0.061350
28.980053	0.050880
29.670054	0.039030
30.360056	0.026250
31.050057	0.012620
31.740058	-0.001990
32.430059	-0.017780
33.120061	-0.034710
33.810062	-0.052390
34.500063	-0.070060
35.190064	-0.086780
35.880066	-0.101590
36.570067	-0.113680
37.260068	-0.122400
37.950069	-0.127130
38.640071	-0.127210
39.330072	-0.121880
40.020073	-0.110340
40.710075	-0.092030
41.400076	-0.066840
42.090077	-0.035440
42.780078	0.000630
43.470080	0.039110
44.160081	0.077280
44.850082	0.112470
45.540083	0.142380
46.230085	0.165330
46.920086	0.180260
47.610087	0.186710
48.300088	0.184730
48.990090	0.174730
49.680091	0.157570
50.370092	0.134380
51.060093	0.106620
51.750095	0.075980
52.440096	0.044330
53.130097	0.013600
53.820099	-0.014240
54.510100	-0.037420
55.200101	-0.054450
55.890102	-0.064400
56.580104	-0.067080
57.270105	-0.063130
57.960106	-0.053850
58.650107	-0.040950
59.340109	-0.026130
60.030110	-0.010870
60.720111	0.003720
61.410112	0.016940
62.100114	0.028290
62.790115	0.037430
63.480116	0.044120
64.170117	0.048230
64.860119	0.049660
65.550120	0.048430
66.240121	0.044700
66.930123	0.038780
67.620124	0.031100
68.310125	0.022150
69.000126	0.012450
69.690128	0.002460
70.380129	-0.007410
71.070130	-0.016740
71.760131	-0.025090
72.450133	-0.032030
73.140134	-0.037210
73.830135	-0.040290
74.520136	-0.041010
75.210138	-0.039180
75.900139	-0.034760
76.590140	-0.027950
77.280141	-0.019200
77.970143	-0.009160
78.660144	0.001420
79.350145	0.011800
80.040147	0.021250
80.730148	0.029100
81.420149	0.034730
82.110150	0.037630
82.800152	0.037610
83.490153	0.034830
84.180154	0.029800
84.870155	0.023210
85.560157	0.015760
86.250158	0.007920
86.940159	-0.000080
87.630160	-0.008270
88.320162	-0.016720
89.010163	-0.025420
89.700164	-0.034190
90.390165	-0.042730
91.080167	-0.050690
91.770168	-0.057770
92.460169	-0.063680
93.150171	-0.068150
93.840172	-0.070830
94.530173	-0.071280
95.220174	-0.069030
95.910176	-0.063670
96.600177	-0.055040
97.290178	-0.043250
97.980179	-0.028720
98.670181	-0.012090
99.360182	0.005990
100.050183	0.024960
100.740184	0.044410
101.430186	0.064150
102.120187	0.084110
102.810188	0.104180
103.500189	0.124020
104.190191	0.142960
104.880192	0.159970
105.570193	0.173800
106.260195	0.183060
106.950196	0.186600
107.640197	0.183590
108.330198	0.173690
109.020200	0.157080
109.710201	0.134370
110.400202	0.106500
111.090203	0.074610
111.780205	0.040000
112.470206	0.003960
113.160207	-0.032240
113.850208	-0.067510
114.540210	-0.100830
115.230211	-0.131280
115.920212	-0.158020
116.610213	-0.180210
117.300215	-0.197140
117.990216	-0.208260
118.680217	-0.213150
119.370219	-0.211480
120.060220	-0.202990
120.750221	-0.187530
121.440222	-0.165230
122.130224	-0.136680
122.820225	-0.103060
123.510226	-0.066040
124.200227	-0.027640
124.890229	0.009980
125.580230	0.044770
126.270231	0.074860
126.960232	0.098670
127.650234	0.114970
128.340235	0.122970
129.030236	0.122400
129.720237	0.113620
130.410239	0.097540
131.100240	0.075600
131.790241	0.049590
132.480243	0.021570
133.170244	-0.006340
133.860245	-0.032050
134.550246	-0.053530
135.240248	-0.068900
135.930249	-0.076490
136.620250	-0.075000
137.310251	-0.063770
138.000253	-0.043070
138.690254	-0.014400
139.380255	0.019500
140.070256	0.054980
140.760258	0.087980
141.450259	0.114790
142.140260	0.132770
142.830261	0.140730
143.520263	0.139100
144.210264	0.129680
144.900265	0.115120
145.590267	0.098210
146.280268	0.081200
146.970269	0.065240
147.660270	0.050180
148.350272	0.034740
149.040273	0.017000
149.730274	-0.004860
150.420275	-0.031840
151.110277	-0.063570
151.800278	-0.098180
152.490279	-0.132690
153.180280	-0.163600
153.870282	-0.187640
154.560283	-0.202280
155.250284	-0.206000
155.940286	-0.198280
156.630287	-0.179550
157.320288	-0.151060
158.010289	-0.114790
158.700291	-0.073250
159.390292	-0.029130
160.080293	0.015000
160.770294	0.057040
161.460296	0.095380
162.150297	0.128820
162.840298	0.156270
163.530299	0.176530
164.220301	0.188300
164.910302	0.190360
165.600303	0.182040
166.290304	0.163590
166.980306	0.136360
167.670307	0.102640
168.360308	0.065230
169.050310	0.026910
169.740311	-0.009870
170.430312	-0.043190
171.120313	-0.071580
171.810315	-0.094100
172.500316	-0.110330
173.190317	-0.120250
173.880318	-0.124230
174.570320	-0.122940
175.260321	-0.117130
175.950322	-0.107640
176.640323	-0.095310
177.330325	-0.081090
178.020326	-0.065930
178.710327	-0.050800
179.400328	-0.036620
180.090330	-0.024270
180.780331	-0.014440
181.470332	-0.007660
182.160334	-0.004240
182.850335	-0.004230
183.540336	-0.007440
184.230337	-0.013450
184.920339	-0.021700
185.610340	-0.031520
186.300341	-0.042200
186.990342	-0.053120
187.680344	-0.063650
188.370345	-0.073190
189.060346	-0.081120
189.750347	-0.086810
190.440349	-0.089740
191.130350	-0.089520
191.820351	-0.085910
192.510352	-0.078710
193.200354	-0.067570
193.890355	-0.051950
194.580356	-0.031310
195.270358	-0.005470
195.960359	0.025110
196.650360	0.059260
197.340361	0.095120
198.030363	0.130510
198.720364	0.163190
199.410365	0.191020
200.100366	0.212170
200.790368	0.225240
201.480369	0.229370
202.170370	0.224330
202.860371	0.210590
203.550373	0.189150
204.240374	0.161420
204.930375	0.128990
205.620376	0.093450
206.310378	0.056230
207.000379	0.018650
207.690380	-0.018090
208.380382	-0.052790
209.070383	-0.084190
209.760384	-0.111020
210.450385	-0.132140
211.140387	-0.146710
211.830388	-0.154220
212.520389	-0.154510
213.210390	-0.147740
213.900392	-0.134290
214.590393	-0.114700
215.280394	-0.089570
215.970395	-0.059570
216.660397	-0.025500
217.350398	0.011560
218.040399	0.050110
218.730400	0.088060
219.420402	0.122850
220.110403	0.151640
220.800404	0.171570
221.490406	0.180120
222.180407	0.175320
222.870408	0.156060
223.560409	0.122440
224.250411	0.076200
224.940412	0.021060
225.630413	-0.037560
226.320414	-0.093500
227.010416	-0.140870
227.700417	-0.175210
228.390418	-0.194180
229.080419	-0.197500
229.770421	-0.186330
230.460422	-0.162540
231.150423	-0.128150
231.840424	-0.085030
232.530426	-0.034880
233.220427	0.020700
233.910428	0.079970
234.600430	0.140850
235.290431	0.200840
235.980432	0.257150
236.670433	0.306850
237.360435	0.347240
238.050436	0.376120
238.740437	0.391950
239.430438	0.393780
240.120440	0.381180
240.810441	0.354250
241.500442	0.313570
242.190443	0.260360
242.880445	0.196530
243.570446	0.124500
244.260447	0.046950
244.950448	-0.033430
245.640450	-0.114160
246.330451	-0.192930
247.020452	-0.267510
247.710454	-0.335560
248.400455	-0.394510
249.090456	-0.441570
249.780457	-0.473960
250.470459	-0.489340
251.160460	-0.486380
251.850461	-0.465340
252.540462	-0.428330
253.230464	-0.379090
253.920465	-0.322210
254.610466	-0.262290
255.300467	-0.203210
255.990469	-0.147610
256.680470	-0.097080
257.370471	-0.052590
258.060472	-0.014840
258.750474	0.015460
259.440475	0.037650
260.130476	0.051310
260.820478	0.056580
261.510479	0.054320
262.200480	0.046030
262.890481	0.033650
263.580483	0.019330
264.270484	0.005210
264.960485	-0.006800
265.650486	-0.015130
266.340488	-0.018650
267.030489	-0.016870
267.720490	-0.010100
268.410491	0.000580
269.100493	0.013560
269.790494	0.027080
270.480495	0.039680
271.170496	0.050510
271.860498	0.059360
272.550499	0.066540
273.240500	0.072640
273.930502	0.078280
274.620503	0.084040
275.310504	0.090420
276.000505	0.097750
276.690507	0.106100
277.380508	0.115220
278.070509	0.124550
278.760510	0.133400
279.450512	0.141080
280.140513	0.146930
280.830514	0.150370
281.520515	0.150750
282.210517	0.147470
282.900518	0.140000
283.590519	0.128120
284.280520	0.111950
284.970522	0.091940
285.660523	0.068810
286.350524	0.043520
287.040526	0.017330
287.730527	-0.008220
288.420528	-0.031460
289.110529	-0.050880
289.800531	-0.065460
290.490532	-0.074950
291.180533	-0.079700
291.870534	-0.080410
292.560536	-0.077810
293.250537	-0.072420
293.940538	-0.064680
294.630539	-0.055050
295.320541	-0.044170
296.010542	-0.032860
296.700543	-0.022050
297.390544	-0.012630
298.080546	-0.005330
298.770547	-0.000730
299.460548	0.000780
300.150550	-0.000820
300.840551	-0.005270
301.530552	-0.011900
302.220553	-0.019760
302.910555	-0.027790
303.600556	-0.034950
304.290557	-0.040400
304.980558	-0.043550
305.670560	-0.044070
306.360561	-0.041850
307.050562	-0.037020
307.740563	-0.029910
308.430565	-0.020970
309.120566	-0.010640
309.810567	0.000710
310.500568	0.012890
311.190570	0.025780
311.880571	0.039380
312.570572	0.053640
313.260574	0.068380
313.950575	0.083170
314.640576	0.097430
315.330577	0.110440
316.020579	0.121450
316.710580	0.129810
317.400581	0.134990
318.090582	0.136580
318.780584	0.134240
319.470585	0.127690
320.160586	0.116740
320.850587	0.101500
321.540589	0.082370
322.230590	0.060120
322.920591	0.035740
323.610592	0.010220
324.300594	-0.015650
324.990595	-0.041350
325.680596	-0.066480
326.370598	-0.090680
327.060599	-0.113460
327.750600	-0.134150
328.440601	-0.152010
329.130603	-0.166280
329.820604	-0.176320
330.510605	-0.181640
331.200606	-0.182000
331.890608	-0.177370
332.580609	-0.167860
333.270610	-0.153680
333.960611	-0.135080
334.650613	-0.112410
335.340614	-0.086140
336.030615	-0.057040
336.720616	-0.026320
337.410618	0.004390
338.100619	0.033200
338.790620	0.058170
339.480622	0.077680
340.170623	0.090670
340.860624	0.096820
341.550625	0.096510
342.240627	0.090680
342.930628	0.080540
343.620629	0.067430
344.310630	0.052680
345.000632	0.037630
345.690633	0.023680
346.380634	0.012270
347.070635	0.004790
347.760637	0.002260
348.450638	0.005040
349.140639	0.012660
349.830640	0.023990
350.520642	0.037540
351.210643	0.051800
351.900644	0.065590
352.590646	0.078060
353.280647	0.088530
353.970648	0.096270
354.660649	0.100500
355.350651	0.100430
356.040652	0.095440
356.730653	0.085350
357.420654	0.070610
358.110656	0.052320
358.800657	0.032190
359.490658	0.012370
360.180659	-0.004900
360.870661	-0.017740
361.560662	-0.024920
362.250663	-0.026130
362.940664	-0.022000
363.630666	-0.013760
364.320667	-0.002850
365.010668	0.009440
365.700670	0.022210
366.390671	0.034810
367.080672	0.046690
367.770673	0.057200
368.460675	0.065510
369.150676	0.070720
369.840677	0.072040
370.530678	0.068960
371.220680	0.061210
371.910681	0.048760
372.600682	0.031920
373.290683	0.011410
373.980685	-0.011560
374.670686	-0.035260
375.360687	-0.057580
376.050688	-0.076490
376.740690	-0.090440
377.430691	-0.098490
378.120692	-0.100340
378.810694	-0.096120
379.500695	-0.086250
380.190696	-0.071450
380.880697	-0.052920
381.570699	-0.032470
382.260700	-0.012440
382.950701	0.004570
383.640702	0.016230
384.330704	0.020850
385.020705	0.017670
385.710706	0.006860
386.400707	-0.010620
387.090709	-0.033260
387.780710	-0.059090
388.470711	-0.085860
389.160712	-0.111310
389.850714	-0.133440
390.540715	-0.150790
391.230716	-0.162590
391.920718	-0.168720
392.610719	-0.169410
393.300720	-0.164980
393.990721	-0.155720
394.680723	-0.141860
395.370724	-0.123620
396.060725	-0.101170
396.750726	-0.074720
397.440728	-0.044390
398.130729	-0.010370
398.820730	0.026930
399.510731	0.066670
400.200733	0.107410
400.890734	0.147210
401.580735	0.183900
402.270736	0.215380
402.960738	0.239930
403.650739	0.256480
404.340740	0.264640
405.030742	0.264620
405.720743	0.257070
406.410744	0.242930
407.100745	0.223240
407.790747	0.199080
408.480748	0.171490
409.170749	0.141430
409.860750	0.109740
410.550752	0.077090
411.240753	0.044090
411.930754	0.011200
412.620755	-0.021130
413.310757	-0.052590
414.000758	-0.082960
414.690759	-0.112160
415.380760	-0.140200
416.070762	-0.166970
416.760763	-0.192240
417.450764	-0.215490
418.140766	-0.236000
418.830767	-0.252930
419.520768	-0.265410
420.210769	-0.272680
420.900771	-0.274180
421.590772	-0.269670
422.280773	-0.259230
422.970774	-0.243220
423.660776	-0.222180
424.350777	-0.196720
425.040778	-0.167410
425.730779	-0.134710
426.420781	-0.099090
427.110782	-0.061110
427.800783	-0.021640
428.490784	0.018020
429.180786	0.056030
429.870787	0.090190
430.560788	0.118210
431.250790	0.138060
431.940791	0.148380
432.630792	0.148700
433.320793	0.139570
434.010795	0.122390
434.700796	0.099190
435.390797	0.072240
436.080798	0.043700
436.770800	0.015460
437.460801	-0.010980
438.150802	-0.034490
438.840803	-0.054230
439.530805	-0.069620
440.220806	-0.080200
440.910807	-0.085420
441.600809	-0.084580
442.290810	-0.076890
442.980811	-0.061690
443.670812	-0.038730
444.360814	-0.008400
445.050815	0.028110
445.740816	0.068790
446.430817	0.110920
447.120819	0.151480
447.810820	0.187540
448.500821	0.216530
449.190822	0.236500
449.880824	0.246210
450.570825	0.245050
451.260826	0.233090
451.950827	0.211240
452.640829	0.181500
453.330830	0.147030
454.020831	0.111790
454.710833	0.079860
455.400834	0.054710
456.090835	0.038610
456.780836	0.032300
457.470838	0.034940
458.160839	0.044490
458.850840	0.058070
459.540841	0.072330
460.230843	0.083980
460.920844	0.090190
461.610845	0.089050
462.300846	0.079780
462.990848	0.062790
463.680849	0.039630
464.370850	0.012730
465.060851	-0.015010
465.750853	-0.040760
466.440854	-0.062230
467.130855	-0.077980
467.820857	-0.087520
468.510858	-0.091170
469.200859	-0.089810
469.890860	-0.084520
470.580862	-0.076360
471.270863	-0.066220
471.960864	-0.054780
472.650865	-0.042480
473.340867	-0.029620
474.030868	-0.016360
474.720869	-0.002700
475.410870	0.011360
476.100872	0.025770
476.790873	0.040060
477.480874	0.053140
478.170875	0.063190
478.860877	0.067850
479.550878	0.064560
480.240879	0.051230
480.930881	0.026740
481.620882	-0.008570
482.310883	-0.052930
483.000884	-0.103230
483.690886	-0.155430
484.380887	-0.204960
485.070888	-0.247290
485.760889	-0.278460
486.450891	-0.295580
487.140892	-0.297300
487.830893	-0.284020
488.520894	-0.257770
489.210896	-0.221870
489.900897	-0.180300
490.590898	-0.137000
491.280899	-0.095400
491.970901	-0.058110
492.660902	-0.026950
493.350903	-0.002930
494.040905	0.013490
494.730906	0.022370
495.420907	0.024120
496.110908	0.019480
496.800910	0.009440
497.490911	-0.004660
498.180912	-0.021100
498.870913	-0.037620
499.560915	-0.051680
500.250916	-0.060730
500.940917	-0.062710
501.630918	-0.056430
502.320920	-0.041820
503.010921	-0.020050
503.700922	0.006750
504.390923	0.035940
505.080925	0.064810
505.770926	0.091030
506.460927	0.113020
507.150929	0.130070
507.840930	0.142260
508.530931	0.150340
509.220932	0.155300
509.910934	0.157950
510.600935	0.158660
511.290936	0.157150
511.980937	0.152690
512.670939	0.144520
513.360940	0.132230
514.050941	0.116110
514.740942	0.097140
515.430944	0.076810
516.120945	0.056890
516.810946	0.039130
517.500947	0.025000
518.190949	0.015600
518.880950	0.011330
519.570951	0.011700
520.260953	0.015280
520.950954	0.019990
521.640955	0.023560
522.330956	0.024020
523.020958	0.020180
523.710959	0.011790
524.400960	-0.000650
525.090961	-0.016080
525.780963	-0.033070
526.470964	-0.050130
527.160965	-0.066040
527.850966	-0.079940
528.540968	-0.091490
529.230969	-0.100750
529.920970	-0.107950
530.610971	-0.113350
531.300973	-0.117100
531.990974	-0.119240
532.680975	-0.119770
533.370977	-0.118650
534.060978	-0.115810
534.750979	-0.111140
535.440980	-0.104390
536.130982	-0.095320
536.820983	-0.083720
537.510984	-0.069580
538.200985	-0.053180
538.890987	-0.034990
539.580988	-0.015610
540.270989	0.004310
540.960990	0.024130
541.650992	0.043250
542.340993	0.061180
543.030994	0.077640
543.720995	0.092600
544.410997	0.106270
545.100998	0.119010
545.790999	0.131150
546.481001	0.142960
547.171002	0.154590
547.861003	0.166110
548.551004	0.177580
549.241006	0.189060
549.931007	0.200620
550.621008	0.212200
551.311009	0.223530
552.001011	0.233930
552.691012	0.242310
553.381013	0.247130
554.071014	0.246600
554.761016	0.238830
555.451017	0.222200
556.141018	0.195610
556.831019	0.158760
557.521021	0.112210
558.211022	0.057400
558.901023	-0.003650
559.591025	-0.068370
560.281026	-0.133540
560.971027	-0.195130
561.661028	-0.248530
562.351030	-0.289420
563.041031	-0.314580
563.731032	-0.322810
564.421033	-0.315320
565.111035	-0.295360
565.801036	-0.267180
566.491037	-0.235030
567.181038	-0.202370
567.871040	-0.171530
568.561041	-0.143750
569.251042	-0.119460
569.941043	-0.098680
570.631045	-0.081310
571.321046	-0.067280
572.011047	-0.056570
572.701049	-0.049260
573.391050	-0.045420
574.081051	-0.044910
574.771052	-0.047350
575.461054	-0.051950
576.151055	-0.057460
576.841056	-0.062400
577.531057	-0.065250
578.221059	-0.064630
578.911060	-0.059440
579.601061	-0.048960
580.291062	-0.033020
580.981064	-0.011960
581.671065	0.013310
582.361066	0.041400
583.051067	0.070530
583.741069	0.098830
584.431070	0.124570
585.121071	0.146440
585.811073	0.163640
586.501074	0.175930
587.191075	0.183400
587.881076	0.186290
588.571078	0.184730
589.261079	0.178630
589.951080	0.167630
590.641081	0.151230
591.331083	0.129060
592.021084	0.101110
592.711085	0.068010
593.401086	0.031100
594.091088	-0.007630
594.781089	-0.045830
595.471090	-0.080990
596.161091	-0.110810
596.851093	-0.133300
597.541094	-0.147000
598.231095	-0.151050
598.921097	-0.145350
599.611098	-0.130580
600.301099	-0.108160
600.991100	-0.080070
601.681102	-0.048680
602.371103	-0.016440
603.061104	0.014400
603.751105	0.042140
604.441107	0.065730
605.131108	0.084950
605.821109	0.100260
606.511110	0.112500
607.201112	0.122600
607.891113	0.131400
608.581114	0.139560
609.271115	0.147410
609.961117	0.154900
610.651118	0.161540
611.341119	0.166390
612.031121	0.168230
612.721122	0.165840
613.411123	0.158320
614.101124	0.145090
614.791126	0.125840
615.481127	0.100280
616.171128	0.068230
616.861129	0.030020
617.551131	-0.012990
618.241132	-0.058170
618.931133	-0.101720
619.621134	-0.139350
620.311136	-0.167240
621.001137	-0.182880
621.691138	-0.185400
622.381139	-0.175660
623.071141	-0.155940
623.761142	-0.129600
624.451143	-0.100550
625.141145	-0.072710
625.831146	-0.049230
626.521147	-0.031860
627.211148	-0.020650
627.901150	-0.014230
628.591151	-0.010560
629.281152	-0.007740
629.971153	-0.004840
630.661155	-0.002070
631.351156	-0.000440
632.041157	-0.001070
632.731158	-0.004570
633.421160	-0.010620
634.111161	-0.017900
634.801162	-0.024380
635.491163	-0.027780
636.181165	-0.026170
636.871166	-0.018380
637.561167	-0.004230
638.251169	0.015430
638.941170	0.038900
639.631171	0.063920
640.321172	0.087940
641.011174	0.108360
641.701175	0.122830
642.391176	0.129370
643.081177	0.126700
643.771179	0.114480
644.461180	0.093440
645.151181	0.065440
645.841182	0.033050
646.531184	-0.000960
647.221185	-0.034240
647.911186	-0.065130
648.601187	-0.092820
649.291189	-0.117090
649.981190	-0.137960
650.671191	-0.155390
651.361193	-0.169150
652.051194	-0.178930
652.741195	-0.184510
653.431196	-0.185900
654.121198	-0.183460
654.811199	-0.177860
655.501200	-0.169950
656.191201	-0.160510
656.881203	-0.150200
657.571204	-0.139630
658.261205	-0.129420
658.951206	-0.120370
659.641208	-0.113440
660.331209	-0.109600
661.021210	-0.109430
661.711211	-0.112870
662.401213	-0.119030
663.091214	-0.126180
663.781215	-0.131940
664.471217	-0.133670
665.161218	-0.128720
665.851219	-0.114780
666.541220	-0.090120
667.231222	-0.053860
667.921223	-0.006110
668.611224	0.051960
669.301225	0.118230
669.991227	0.189890
670.681228	0.263660
671.371229	0.335960
672.061230	0.403110
672.751232	0.461540
673.441233	0.508160
674.131234	0.540660
674.821235	0.557690
675.511237	0.558930
676.201238	0.544920
676.891239	0.516880
677.581241	0.476380
678.271242	0.425050
678.961243	0.364390
679.651244	0.295670
680.341246	0.220120
681.031247	0.139100
681.721248	0.054470
682.411249	-0.031240
683.101251	-0.115060
683.791252	-0.193990
684.481253	-0.265480
685.171254	-0.327640
685.861256	-0.379300
686.551257	-0.419820
687.241258	-0.448640
687.931259	-0.464970
688.621261	-0.467820
689.311262	-0.456060
690.001263	-0.428790
690.691265	-0.385710
691.381266	-0.327380
692.071267	-0.255320
692.761268	-0.171900
693.451270	-0.080100
694.141271	0.016630
694.831272	0.114360
695.521273	0.208610
696.211275	0.294630
696.901276	0.367770
697.591277	0.424000
698.281278	0.460390
698.971280	0.475350
699.661281	0.468570
700.351282	0.440840
701.041283	0.393750
701.731285	0.329360
702.421286	0.249880
703.111287	0.157710
703.801289	0.055770
704.491290	-0.051900
705.181291	-0.159870
705.871292	-0.261670
706.561294	-0.350820
707.251295	-0.421800
707.941296	-0.470850
708.631297	-0.496200
709.321299	-0.497740
710.011300	-0.476630
710.701301	-0.435170
711.391302	-0.376690
712.081304	-0.305490
712.771305	-0.226590
713.461306	-0.145410
714.151307	-0.067320
714.841309	0.002970
715.531310	0.061840
716.221311	0.107010
716.911313	0.137700
717.601314	0.154610
718.291315	0.159640
718.981316	0.155630
719.671318	0.145980
720.361319	0.134080
721.051320	0.122750
721.741321	0.113620
722.431323	0.106910
723.121324	0.101610
723.811325	0.096210
724.501326	0.089330
725.191328	0.080250
725.881329	0.069110
726.571330	0.056670
727.261331	0.043870
727.951333	0.031460
728.641334	0.019900
729.331335	0.009310
730.021337	-0.000350
730.711338	-0.009240
731.401339	-0.017450
732.091340	-0.025000
732.781342	-0.031800
733.471343	-0.037560
734.161344	-0.041820
734.851345	-0.044000
735.541347	-0.043660
736.231348	-0.040780
736.921349	-0.035830
737.611350	-0.029640
738.301352	-0.023200
738.991353	-0.017330
739.681354	-0.012510
740.371356	-0.008880
741.061357	-0.006350
741.751358	-0.004670
742.441359	-0.003370
743.131361	-0.001830
743.821362	0.000590
744.511363	0.004290
745.201364	0.009220
745.891366	0.014810
746.581367	0.020190
747.271368	0.024500
747.961369	0.027150
748.651371	0.028010
749.341372	0.027330
750.031373	0.025620
750.721374	0.023450
751.411376	0.021410
752.101377	0.020050
752.791378	0.019980
753.481380	0.021820
754.171381	0.026080
754.861382	0.033040
755.551383	0.042590
756.241385	0.054210
756.931386	0.067100
757.621387	0.080270
758.311388	0.092780
759.001390	0.103720
759.691391	0.112210
760.381392	0.117480
761.071393	0.118920
761.761395	0.116220
762.451396	0.109480
763.141397	0.099210
763.831398	0.086150
764.521400	0.071180
765.211401	0.055040
765.901402	0.038220
766.591404	0.020870
767.281405	0.002850
767.971406	-0.016080
768.661407	-0.036190
769.351409	-0.057500
770.041410	-0.079730
770.731411	-0.102280
771.421412	-0.124290
772.111414	-0.144690
772.801415	-0.162280
773.491416	-0.175890
774.181417	-0.184450
774.871419	-0.187060
775.561420	-0.183220
776.251421	-0.172840
776.941422	-0.156540
777.631424	-0.135630
778.321425	-0.112030
779.011426	-0.087830
779.701428	-0.064790
780.391429	-0.043980
781.081430	-0.025560
781.771431	-0.008950
782.461433	0.006810
783.151434	0.022620
783.841435	0.039010
784.531436	0.055990
785.221438	0.073140
785.911439	0.089920
786.601440	0.105910
787.291441	0.120950
787.981443	0.135040
788.671444	0.148090
789.361445	0.159780
790.051446	0.169510
790.741448	0.176600
791.431449	0.180520
792.121450	0.180930
792.811452	0.177770
793.501453	0.171130
794.191454	0.161120
794.881455	0.147750
795.571457	0.130830
796.261458	0.109980
796.951459	0.084700
797.641460	0.054600
798.331462	0.019640
799.021463	-0.019490
799.711464	-0.061220
800.401465	-0.103200
801.091467	-0.142730
801.781468	-0.177280
802.471469	-0.204760
803.161470	-0.223690
803.851472	-0.233130
804.541473	-0.232560
805.231474	-0.221960
805.921476	-0.202150
806.611477	-0.174900
807.301478	-0.142770
807.991479	-0.108720
808.681481	-0.075520
809.371482	-0.045300
810.061483	-0.019450
810.751484	0.001340
811.441486	0.016890
812.131487	0.027450
812.821488	0.033720
813.511489	0.036950
814.201491	0.038870
814.891492	0.041480
815.581493	0.046710
816.271494	0.056000
816.961496	0.069910
817.651497	0.087910
818.341498	0.108410
819.031500	0.128960
819.721501	0.146600
820.411502	0.158500
821.101503	0.162430
821.791505	0.157120
822.481506	0.142540
823.171507	0.119820
823.861508	0.090960
824.551510	0.058360
825.241511	0.024470
825.931512	-0.008410
826.621513	-0.038270
827.311515	-0.063200
828.001516	-0.081490
828.691517	-0.091770
829.381518	-0.093220
830.071520	-0.085770
830.761521	-0.070160
831.451522	-0.047850
832.141524	-0.020830
832.831525	0.008590
833.521526	0.038180
834.211527	0.065920
834.901529	0.090180
835.591530	0.109770
836.281531	0.123870
836.971532	0.131960
837.661534	0.133700
838.351535	0.128940
839.041536	0.117650
839.731537	0.099950
840.421539	0.076070
841.111540	0.046490
841.801541	0.012020
842.491542	-0.026090
843.181544	-0.066320
843.871545	-0.106930
844.561546	-0.146170
845.251548	-0.182370
845.941549	-0.213980
846.631550	-0.239550
847.321551	-0.257810
848.011553	-0.267780
848.701554	-0.269000
849.391555	-0.261580
850.081556	-0.246170
850.771558	-0.223890
851.461559	-0.196150
852.151560	-0.164450
852.841561	-0.130290
853.531563	-0.094960
854.221564	-0.059520
854.911565	-0.024720
855.601566	0.008880
856.291568	0.040920
856.981569	0.070920
857.671570	0.098280
858.361572	0.122180
859.051573	0.141780
859.741574	0.156320
860.431575	0.165350
861.121577	0.168970
861.811578	0.167920
862.501579	0.163590
863.191580	0.157780
863.881582	0.152410
864.571583	0.149260
865.261584	0.149680
865.951585	0.154480
866.641587	0.163950
867.331588	0.177890
868.021589	0.195540
868.711590	0.215690
869.401592	0.236690
870.091593	0.256620
870.781594	0.273270
871.471596	0.284360
872.161597	0.287690
872.851598	0.281270
873.541599	0.263320
874.231601	0.232450
874.921602	0.187810
875.611603	0.129350
876.301604	0.058190
876.991606	-0.023250
877.681607	-0.111500
878.371608	-0.202260
879.061609	-0.290750
879.751611	-0.372020
880.441612	-0.441090
881.131613	-0.493260
881.821614	-0.524590
882.511616	-0.532620
883.201617	-0.516960
883.891618	-0.479370
884.581620	-0.423450
885.271621	-0.354080
885.961622	-0.276520
886.651623	-0.195680
887.341625	-0.115480
888.031626	-0.038680
888.721627	0.033060
889.411628	0.098810
890.101630	0.157900
890.791631	0.209490
891.481632	0.252530
892.171633	0.285720
892.861635	0.307780
893.551636	0.317590
894.241637	0.314320
894.931638	0.297530
895.621640	0.267290
896.311641	0.224240
897.001642	0.169760
897.691644	0.105950
898.381645	0.035620
899.071646	-0.037880
899.761647	-0.111050
900.451649	-0.180520
901.141650	-0.243280
901.831651	-0.296890
902.521652	-0.339510
903.211654	-0.369850
903.901655	-0.387110
904.591656	-0.391000
905.281657	-0.381670
905.971659	-0.359660
906.661660	-0.325890
907.351661	-0.281680
908.041662	-0.228980
908.731664	-0.170480
909.421665	-0.109550
910.111666	-0.049900
910.801668	0.005000
911.491669	0.052570
912.181670	0.091470
912.871671	0.121730
913.561673	0.144430
914.251674	0.161450
914.941675	0.175050
915.631676	0.187670
916.321678	0.201680
917.011679	0.219000
917.701680	0.240750
918.391681	0.266940
919.081683	0.296390
919.771684	0.326830
920.461685	0.355300
921.151686	0.378620
921.841688	0.393910
922.531689	0.398950
923.221690	0.392480
923.911692	0.374220
924.601693	0.344830
925.291694	0.305830
925.981695	0.259360
926.671697	0.208040
927.361698	0.154620
928.051699	0.101620
928.741700	0.050950
929.431702	0.003650
930.121703	-0.040020
930.811704	-0.080410
931.501705	-0.118040
932.191707	-0.153300
932.881708	-0.186210
933.571709	-0.216340
934.261710	-0.242800
934.951712	-0.264290
935.641713	-0.279230
936.331714	-0.285980
937.021716	-0.283270
937.711717	-0.270670
938.401718	-0.248890
939.091719	-0.219970
939.781721	-0.187040
940.471722	-0.153800
941.161723	-0.123960
941.851724	-0.100640
942.541726	-0.085940
943.231727	-0.080720
943.921728	-0.084550
944.611729	-0.095890
945.301731	-0.112430
945.991732	-0.131430
946.681733	-0.150110
947.371734	-0.165810
948.061736	-0.176160
948.751737	-0.179260
949.441738	-0.173830
950.131740	-0.159410
950.821741	-0.136290
951.511742	-0.105480
952.201743	-0.068410
952.891745	-0.026790
953.581746	0.017560
954.271747	0.062670
954.961748	0.106410
955.651750	0.146650
956.341751	0.181530
957.031752	0.209660
957.721753	0.230340
958.411755	0.243530
959.101756	0.249680
959.791757	0.249460
960.481758	0.243580
961.171760	0.232720
961.861761	0.217530
962.551762	0.198710
963.241764	0.177070
963.931765	0.153470
964.621766	0.128720
965.311767	0.103430
966.001769	0.077860
966.691770	0.051960
967.381771	0.025530
968.071772	-0.001570
968.761774	-0.029320
969.451775	-0.057490
970.141776	-0.085630
970.831777	-0.113210
971.521779	-0.139530
972.211780	-0.163760
972.901781	-0.184970
973.591782	-0.202230
974.281784	-0.214760
974.971785	-0.222080
975.661786	-0.224030
976.351788	-0.220770
977.041789	-0.212560
977.731790	-0.199700
978.421791	-0.182560
979.111793	-0.161710
979.801794	-0.138160
980.491795	-0.113330
981.181796	-0.088800
981.871798	-0.065860
982.561799	-0.045010
983.251800	-0.025690
983.941801	-0.006420
984.631803	0.014450
985.321804	0.037990
986.011805	0.063870
986.701806	0.090310
987.391808	0.114520
988.081809	0.133520
988.771810	0.145050
989.461812	0.148090
990.151813	0.142880
990.841814	0.130660
991.531815	0.113320
992.221817	0.093070
992.911818	0.072140
993.601819	0.052650
994.291820	0.036470
994.981822	0.025170
995.671823	0.020010
996.361824	0.021880
997.051825	0.031100
997.741827	0.047230
998.431828	0.068870
999.121829	0.093770
999.811830	0.119110
1000.501832	0.141840
1001.191833	0.159030
1001.881834	0.168140
1002.571836	0.167250
1003.261837	0.155190
1003.951838	0.131830
1004.641839	0.098260
1005.331841	0.056750
1006.021842	0.010470
1006.711843	-0.037090
1007.401844	-0.082650
1008.091846	-0.123560
1008.781847	-0.157920
1009.471848	-0.184450
1010.161849	-0.202290
1010.851851	-0.210890
1011.541852	-0.209920
1012.231853	-0.199410
1012.921854	-0.179930
1013.611856	-0.152600
1014.301857	-0.119280
1014.991858	-0.082460
1015.681860	-0.045060
1016.371861	-0.009980
1017.061862	0.020360
1017.751863	0.044500
1018.441865	0.061920
1019.131866	0.072800
1019.821867	0.077610
1020.511868	0.076720
1021.201870	0.070270
1021.891871	0.058410
1022.581872	0.041600
1023.271873	0.020750
1023.961875	-0.002640
1024.651876	-0.026680
1025.341877	-0.049240
1026.031879	-0.068160
1026.721880	-0.081380
1027.411881	-0.087240
1028.101882	-0.084730
1028.791884	-0.073880
1029.481885	-0.055970
1030.171886	-0.033410
1030.861887	-0.009300
1031.551889	0.013130
1032.241890	0.031210
1032.931891	0.043240
1033.621892	0.048660
1034.311894	0.047920
1035.001895	0.042060
1035.691896	0.032370
1036.381897	0.020050
1037.071899	0.006170
1037.761900	-0.008160
1038.451901	-0.021760
1039.141903	-0.033210
1039.831904	-0.041140
1040.521905	-0.044430
1041.211906	-0.042390
1041.901908	-0.034860
1042.591909	-0.022190
1043.281910	-0.005160
1043.971911	0.015020
1044.661913	0.036860
1045.351914	0.058640
1046.041915	0.078630
1046.731916	0.095350
1047.421918	0.107880
1048.111919	0.115870
1048.801920	0.119470
1049.491921	0.119030
1050.181923	0.114870
1050.871924	0.107110
1051.561925	0.095690
1052.251927	0.080580
1052.941928	0.061950
1053.631929	0.040370
1054.321930	0.016690
1055.011932	-0.007950
1055.701933	-0.032350
1056.391934	-0.055330
1057.081935	-0.075840
1057.771937	-0.093020
1058.461938	-0.106110
1059.151939	-0.114550
1059.841940	-0.118010
1060.531942	-0.116560
1061.221943	-0.110630
1061.911944	-0.101050
