0.000000	0.072400
0.690001	0.069080
1.380001	0.067130
2.070002	0.066730
2.760002	0.067450
3.450003	0.068340
4.140004	0.068100
4.830004	0.065110
5.520005	0.057730
6.210005	0.044550
6.900006	0.024700
7.590007	-0.002130
8.280007	-0.035630
8.970008	-0.074910
9.660008	-0.118760
10.350009	-0.165640
11.040010	-0.213720
11.730010	-0.260820
12.420011	-0.304360
13.110011	-0.341450
13.800012	-0.369050
14.490013	-0.384200
15.180013	-0.384520
15.870014	-0.368580
16.560014	-0.336450
17.250015	-0.289980
17.940016	-0.232730
18.630016	-0.169240
19.320017	-0.104260
20.010017	-0.041870
20.700018	0.015160
21.390019	0.065600
22.080019	0.109380
22.770020	0.147020
23.460020	0.179100
24.150021	0.205900
24.840022	0.227290
25.530022	0.242930
26.220023	0.252610
26.910023	0.256590
27.600024	0.255790
28.290025	0.251600
28.980025	0.245550
29.670026	0.238930
30.360026	0.232480
31.050027	0.226250
31.740028	0.219640
32.430028	0.211610
33.120029	0.201080
33.810029	0.187090
34.500030	0.169030
35.190031	0.146650
35.880031	0.120140
36.570032	0.090100
37.260032	0.057550
37.950033	0.023780
38.640034	-0.009740
39.330034	-0.041650
40.020035	-0.070780
40.710035	-0.096290
41.400036	-0.117650
42.090037	-0.134570
42.780037	-0.146930
43.470038	-0.154800
44.160038	-0.158430
44.850039	-0.158360
45.540040	-0.155380
46.230040	-0.150460
46.920041	-0.144630
47.610041	-0.138710
48.300042	-0.133200
48.990043	-0.128150
49.680043	-0.123200
50.370044	-0.117640
51.060044	-0.110560
51.750045	-0.101010
52.440046	-0.088190
53.130046	-0.071610
53.820047	-0.051310
54.510047	-0.027880
55.200048	-0.002370
55.890049	0.023760
56.580049	0.049000
57.270050	0.071890
57.960050	0.091410
58.650051	0.107050
59.340052	0.118740
60.030052	0.126660
60.720053	0.131090
61.410053	0.132220
62.100054	0.130120
62.790055	0.124840
63.480055	0.116560
64.170056	0.105650
64.860056	0.092570
65.550057	0.077690
66.240058	0.061280
66.930058	0.043460
67.620059	0.024230
68.310059	0.003630
69.000060	-0.018070
69.690061	-0.040380
70.380061	-0.062450
71.070062	-0.083360
71.760063	-0.102240
72.450063	-0.118510
73.140064	-0.131900
73.830064	-0.142460
74.520065	-0.150300
75.210066	-0.155420
75.900066	-0.157720
76.590067	-0.156890
77.280067	-0.152540
77.970068	-0.144340
78.660069	-0.132070
79.350069	-0.115830
80.040070	-0.096060
80.730070	-0.073530
81.420071	-0.049190
82.110072	-0.024020
82.800072	0.001170
83.490073	0.025920
84.180073	0.050040
84.870074	0.073590
85.560075	0.096730
86.250075	0.119600
86.940076	0.142280
87.630076	0.164730
88.320077	0.186830
89.010078	0.208390
89.700078	0.229020
90.390079	0.248070
91.080079	0.264550
91.770080	0.277140
92.460081	0.284300
93.150081	0.284420
93.840082	0.276030
94.530082	0.258010
95.220083	0.229720
95.910084	0.191300
96.600084	0.143750
97.290085	0.089110
97.980085	0.030150
98.670086	-0.029920
99.360087	-0.087980
100.050087	-0.141280
100.740088	-0.187680
101.430088	-0.225650
102.120089	-0.254210
102.810090	-0.272970
103.500090	-0.282170
104.190091	-0.282710
104.880091	-0.275970
105.570092	-0.263610
106.260093	-0.247310
106.950093	-0.228430
107.640094	-0.207940
108.330094	-0.186290
109.020095	-0.163620
109.710096	-0.140040
110.400096	-0.115720
111.090097	-0.090900
111.780097	-0.065780
112.470098	-0.040520
113.160099	-0.015210
113.850099	0.009920
114.540100	0.034450
115.230100	0.057720
115.920101	0.078990
116.610102	0.097600
117.300102	0.113030
117.990103	0.124850
118.680103	0.132610
119.370104	0.135940
120.060105	0.134530
120.750105	0.128280
121.440106	0.117410
122.130106	0.102510
122.820107	0.084580
123.510108	0.064980
124.200108	0.045330
124.890109	0.027300
125.580109	0.012400
126.270110	0.001830
126.960111	-0.003660
127.650111	-0.003900
128.340112	0.000740
129.030112	0.009450
129.720113	0.021010
130.410114	0.033980
131.100114	0.046820
131.790115	0.057970
132.480115	0.066050
133.170116	0.070010
133.860117	0.069340
134.550117	0.064150
135.240118	0.055260
135.930118	0.043860
136.620119	0.031260
137.310120	0.018580
138.000120	0.006580
138.690121	-0.004370
139.380121	-0.014160
140.070122	-0.022750
140.760123	-0.030090
141.450123	-0.036090
142.140124	-0.040680
142.830124	-0.043830
143.520125	-0.045640
144.210126	-0.046370
144.900126	-0.046320
145.590127	-0.045910
146.280127	-0.045630
146.970128	-0.046000
147.660129	-0.047490
148.350129	-0.050410
149.040130	-0.054870
149.730130	-0.060680
150.420131	-0.067360
151.110132	-0.074080
151.800132	-0.079590
152.490133	-0.082130
153.180133	-0.079650
153.870134	-0.070330
154.560135	-0.053080
155.250135	-0.028000
155.940136	0.003550
156.630136	0.039380
157.320137	0.076990
158.010138	0.114140
158.700138	0.149100
159.390139	0.180600
160.080139	0.207580
160.770140	0.229150
161.460141	0.244570
162.150141	0.253410
162.840142	0.255720
163.530142	0.252220
164.220143	0.244180
164.910144	0.233240
165.600144	0.221130
166.290145	0.209540
166.980145	0.199960
167.670146	0.193530
168.360147	0.190990
169.050147	0.192550
169.740148	0.197790
170.430148	0.205660
171.120149	0.214450
171.810150	0.221750
172.500150	0.224490
173.190151	0.219190
173.880151	0.202400
174.570152	0.171260
175.260153	0.124160
175.950153	0.061140
176.640154	-0.015880
177.330154	-0.103290
178.020155	-0.196310
178.710156	-0.289870
179.400156	-0.379410
180.090157	-0.461340
180.780157	-0.533150
181.470158	-0.592930
182.160159	-0.638920
182.850159	-0.669440
183.540160	-0.683090
184.230160	-0.679240
184.920161	-0.658260
185.610162	-0.621630
186.300162	-0.571650
186.990163	-0.511120
187.680163	-0.442960
188.370164	-0.369910
189.060165	-0.294320
189.750165	-0.218000
190.440166	-0.142190
191.130166	-0.067590
191.820167	0.005420
192.510168	0.076640
193.200168	0.145710
193.890169	0.212060
194.580169	0.274800
195.270170	0.332930
195.960171	0.385390
196.650171	0.431130
197.340172	0.469060
198.030172	0.497970
198.720173	0.516530
199.410174	0.523550
200.100174	0.518310
200.790175	0.500940
201.480175	0.472490
202.170176	0.434650
202.860177	0.389250
203.550177	0.337850
204.240178	0.281550
204.930178	0.221090
205.620179	0.157100
206.310180	0.090420
207.000180	0.022040
207.690181	-0.046960
208.380181	-0.115620
209.070182	-0.182960
209.760183	-0.247880
210.450183	-0.308950
211.140184	-0.364250
211.830184	-0.411410
212.520185	-0.447610
213.210186	-0.469790
213.900186	-0.475070
214.590187	-0.461420
215.280188	-0.428750
215.970188	-0.379430
216.660189	-0.317700
217.350189	-0.248710
218.040190	-0.177480
218.730191	-0.107940
219.420191	-0.042900
220.110192	0.015000
220.800192	0.062830
221.490193	0.097450
222.180194	0.116280
222.870194	0.118180
223.560195	0.104030
224.250195	0.076950
224.940196	0.041790
225.630197	0.004410
226.320197	-0.029310
227.010198	-0.054350
227.700198	-0.067230
228.390199	-0.066530
229.080200	-0.053030
229.770200	-0.029370
230.460201	0.000620
231.150201	0.032850
231.840202	0.063670
232.530203	0.090470
233.220203	0.111800
233.910204	0.127230
234.600204	0.137060
235.290205	0.142040
235.980206	0.143090
236.670206	0.141010
237.360207	0.136460
238.050207	0.129950
238.740208	0.121960
239.430209	0.113070
240.120209	0.104070
240.810210	0.095860
241.500210	0.089150
242.190211	0.084220
242.880212	0.080660
243.570212	0.077460
244.260213	0.073250
244.950213	0.066690
245.640214	0.056930
246.330215	0.043860
247.020215	0.028090
247.710216	0.010730
248.400216	-0.006770
249.090217	-0.022980
249.780218	-0.036530
250.470218	-0.046180
251.160219	-0.051030
251.850219	-0.050720
252.540220	-0.045490
253.230221	-0.036250
253.920221	-0.024440
254.610222	-0.011850
255.300222	-0.000240
255.990223	0.008830
256.680224	0.014100
257.370224	0.014750
258.060225	0.010520
258.750225	0.001810
259.440226	-0.010270
260.130227	-0.024000
260.820227	-0.037330
261.510228	-0.048350
262.200228	-0.055880
262.890229	-0.059770
263.580230	-0.060780
264.270230	-0.060270
264.960231	-0.059490
265.650231	-0.059190
266.340232	-0.059390
267.030233	-0.059640
267.720233	-0.059260
268.410234	-0.057670
269.100234	-0.054590
269.790235	-0.049990
270.480236	-0.043990
271.170236	-0.036780
271.860237	-0.028530
272.550237	-0.019350
273.240238	-0.009440
273.930239	0.000850
274.620239	0.010990
275.310240	0.020250
276.000240	0.027830
276.690241	0.033030
277.380242	0.035410
278.070242	0.034900
278.760243	0.031850
279.450243	0.026900
280.140244	0.020870
280.830245	0.014520
281.520245	0.008440
282.210246	0.003040
282.900246	-0.001330
283.590247	-0.004230
284.280248	-0.005100
284.970248	-0.003330
285.660249	0.001490
286.350249	0.009390
287.040250	0.019860
287.730251	0.031840
288.420251	0.043870
289.110252	0.054320
289.800252	0.061600
290.490253	0.064380
291.180254	0.061800
291.870254	0.053610
292.560255	0.040280
293.250255	0.023050
293.940256	0.003920
294.630257	-0.014590
295.320257	-0.030020
296.010258	-0.040390
296.700258	-0.044620
297.390259	-0.042580
298.080260	-0.035030
298.770260	-0.023200
299.460261	-0.008500
300.150261	0.007770
300.840262	0.024590
301.530263	0.041260
302.220263	0.057560
302.910264	0.073550
303.600264	0.089440
304.290265	0.105290
304.980266	0.120960
305.670266	0.135990
306.360267	0.149740
307.050267	0.161470
307.740268	0.170450
308.430269	0.176000
309.120269	0.177420
309.810270	0.173910
310.500270	0.164530
311.190271	0.148210
311.880272	0.123870
312.570272	0.090740
313.260273	0.048640
313.950273	-0.001740
314.640274	-0.058600
315.330275	-0.119080
316.020275	-0.179530
316.710276	-0.235890
317.400276	-0.284090
318.090277	-0.320530
318.780278	-0.342350
319.470278	-0.347740
320.160279	-0.336130
320.850279	-0.308380
321.540280	-0.266670
322.230281	-0.214210
322.920281	-0.154740
323.610282	-0.092160
324.300282	-0.030150
324.990283	0.028060
325.680284	0.079860
326.370284	0.123200
327.060285	0.156680
327.750285	0.179490
328.440286	0.191330
329.130287	0.192390
329.820287	0.183280
330.510288	0.165060
331.200288	0.139240
331.890289	0.107760
332.580290	0.073030
333.270290	0.037750
333.960291	0.004730
334.650291	-0.023500
335.340292	-0.045060
336.030293	-0.058970
336.720293	-0.065280
337.410294	-0.064980
338.100294	-0.059790
338.790295	-0.051750
339.480296	-0.042800
340.170296	-0.034320
340.860297	-0.026920
341.550297	-0.020420
342.240298	-0.014070
342.930299	-0.007030
343.620299	0.001230
344.310300	0.010750
345.000300	0.020980
345.690301	0.030940
346.380302	0.039410
347.070302	0.045210
347.760303	0.047440
348.450303	0.045620
349.140304	0.039850
349.830305	0.030930
350.520305	0.020260
351.210306	0.009580
351.900306	0.000480
352.590307	-0.005920
353.280308	-0.009230
353.970308	-0.009680
354.660309	-0.007820
355.350310	-0.004270
356.040310	0.000420
356.730311	0.005850
357.420311	0.011590
358.110312	0.017280
358.800313	0.022670
359.490313	0.027730
360.180314	0.032620
360.870314	0.037600
361.560315	0.042940
362.250316	0.048820
362.940316	0.055270
363.630317	0.062170
364.320317	0.069210
365.010318	0.075930
365.700319	0.081790
366.390319	0.086300
367.080320	0.089130
367.770320	0.090200
368.460321	0.089730
369.150322	0.088110
369.840322	0.085680
370.530323	0.082530
371.220323	0.078270
371.910324	0.071940
372.600325	0.062140
373.290325	0.047340
373.980326	0.026480
374.670326	-0.000680
375.360327	-0.033290
376.050328	-0.069500
376.740328	-0.106620
377.430329	-0.141880
378.120329	-0.173000
378.810330	-0.198430
379.500331	-0.217490
380.190331	-0.230220
380.880332	-0.237010
381.570332	-0.238330
382.260333	-0.234750
382.950334	-0.226990
383.640334	-0.215940
384.330335	-0.202570
385.020335	-0.187730
385.710336	-0.171910
386.400337	-0.155220
387.090337	-0.137400
387.780338	-0.117830
388.470338	-0.095850
389.160339	-0.070930
389.850340	-0.042940
390.540340	-0.012140
391.230341	0.020650
391.920341	0.054220
392.610342	0.087060
393.300343	0.117480
393.990343	0.143830
394.680344	0.164650
395.370344	0.178850
396.060345	0.185870
396.750346	0.185740
397.440346	0.179230
398.130347	0.167870
398.820347	0.153770
399.510348	0.139280
400.200349	0.126510
400.890349	0.117030
401.580350	0.111760
402.270350	0.111100
402.960351	0.115110
403.650352	0.123570
404.340352	0.136020
405.030353	0.151640
405.720353	0.169370
406.410354	0.188020
407.100355	0.206580
407.790355	0.224290
408.480356	0.240720
409.170356	0.255780
409.860357	0.269760
410.550358	0.283280
411.240358	0.297350
411.930359	0.313070
412.620359	0.331260
413.310360	0.351690
414.000361	0.372510
414.690361	0.389980
415.380362	0.398600
416.070362	0.391960
416.760363	0.363760
417.450364	0.309160
418.140364	0.225850
418.830365	0.114910
419.520365	-0.018890
420.210366	-0.167580
420.900367	-0.321020
421.590367	-0.468730
422.280368	-0.601790
422.970368	-0.714040
423.660369	-0.802500
424.350370	-0.866990
425.040370	-0.909320
425.730371	-0.932080
426.420371	-0.937780
427.110372	-0.928250
427.800373	-0.904280
428.490373	-0.865450
429.180374	-0.810370
429.870374	-0.737090
430.560375	-0.643610
431.250376	-0.528360
431.940376	-0.390660
432.630377	-0.231150
433.320377	-0.052610
434.010378	0.139360
434.700379	0.336290
435.390379	0.527770
436.080380	0.702850
436.770380	0.851660
437.460381	0.966780
438.150382	1.043830
438.840382	1.081160
439.530383	1.079250
440.220383	1.040320
440.910384	0.968100
441.600385	0.867850
442.290385	0.746270
442.980386	0.611080
443.670386	0.470130
444.360387	0.330510
445.050388	0.197600
445.740388	0.074710
446.430389	-0.036690
447.120389	-0.136530
447.810390	-0.225550
448.500391	-0.304940
449.190391	-0.376020
449.880392	-0.440010
450.570392	-0.497790
451.260393	-0.549870
451.950394	-0.596190
452.640394	-0.636120
453.330395	-0.668230
454.020395	-0.690320
454.710396	-0.699400
455.400397	-0.692020
456.090397	-0.664960
456.780398	-0.616370
457.470398	-0.546910
458.160399	-0.460640
458.850400	-0.365270
459.540400	-0.271020
460.230401	-0.188130
460.920401	-0.124340
461.610402	-0.083100
462.300403	-0.062970
462.990403	-0.058500
463.680404	-0.062410
464.370404	-0.067610
465.060405	-0.068430
465.750406	-0.061170
466.440406	-0.044180
467.130407	-0.017740
467.820407	0.016410
468.510408	0.055740
469.200409	0.097590
469.890409	0.140090
470.580410	0.182550
471.270410	0.225110
471.960411	0.267880
472.650412	0.310150
473.340412	0.350090
474.030413	0.385140
474.720413	0.412670
475.410414	0.430530
476.100415	0.437380
476.790415	0.432640
477.480416	0.416420
478.170416	0.389720
478.860417	0.354580
479.550418	0.314020
480.240418	0.271740
480.930419	0.231380
481.620419	0.195860
482.310420	0.166670
483.000421	0.143670
483.690421	0.125200
484.380422	0.108600
485.070422	0.090950
485.760423	0.069740
486.450424	0.043510
487.140424	0.012080
487.830425	-0.023490
488.520425	-0.061110
489.210426	-0.097900
489.900427	-0.130610
490.590427	-0.156070
491.280428	-0.171660
491.970428	-0.175770
492.660429	-0.168180
493.350430	-0.150300
494.040430	-0.124940
494.730431	-0.095810
495.420431	-0.066740
496.110432	-0.040990
496.800433	-0.020660
497.490433	-0.006330
498.180434	0.002870
498.870435	0.008970
499.560435	0.014480
500.250436	0.021670
500.940436	0.031900
501.630437	0.045250
502.320438	0.060620
503.010438	0.076120
503.700439	0.089600
504.390439	0.099060
505.080440	0.102930
505.770441	0.100100
506.460441	0.090080
507.150442	0.072880
507.840442	0.049100
508.530443	0.019820
509.220444	-0.013450
509.910444	-0.048990
510.600445	-0.084890
511.290445	-0.119210
511.980446	-0.150180
512.670447	-0.176210
513.360447	-0.195970
514.050448	-0.208490
514.740448	-0.213110
515.430449	-0.209630
516.120450	-0.198270
516.810450	-0.179750
517.500451	-0.155140
518.190451	-0.125860
518.880452	-0.093470
519.570453	-0.059570
520.260453	-0.025650
520.950454	0.007060
521.640454	0.037720
522.330455	0.065800
523.020456	0.091010
523.710456	0.113050
524.400457	0.131420
525.090457	0.145330
525.780458	0.153910
526.470459	0.156490
527.160459	0.152860
527.850460	0.143380
528.540460	0.128950
529.230461	0.110820
529.920462	0.090350
530.610462	0.068870
531.300463	0.047660
531.990463	0.027980
532.680464	0.011060
533.370465	-0.001940
534.060465	-0.010110
534.750466	-0.012940
535.440466	-0.010490
536.130467	-0.003440
536.820468	0.006990
537.510468	0.019300
538.200469	0.031920
538.890469	0.043440
539.580470	0.052730
540.270471	0.059000
540.960471	0.061790
541.650472	0.060800
542.340472	0.055840
543.030473	0.046770
543.720474	0.033600
544.410474	0.016550
545.100475	-0.003780
545.790475	-0.026400
546.480476	-0.049870
547.170477	-0.072450
547.860477	-0.092370
548.550478	-0.108030
549.240478	-0.118400
549.930479	-0.123110
550.620480	-0.122510
551.310480	-0.117530
552.000481	-0.109480
552.690481	-0.099790
553.380482	-0.089700
554.070483	-0.080090
554.760483	-0.071290
555.450484	-0.063050
556.140484	-0.054760
556.830485	-0.045670
557.520486	-0.035180
558.210486	-0.023080
558.900487	-0.009500
559.590487	0.005090
560.280488	0.020060
560.970489	0.034700
561.660489	0.048290
562.350490	0.060200
563.040490	0.069920
563.730491	0.077090
564.420492	0.081480
565.110492	0.083000
565.800493	0.081690
566.490493	0.077730
567.180494	0.071400
567.870495	0.063170
568.560495	0.053610
569.250496	0.043320
569.940496	0.032920
570.630497	0.022930
571.320498	0.013800
572.010498	0.005830
572.700499	-0.000860
573.390499	-0.006310
574.080500	-0.010760
574.770501	-0.014440
575.460501	-0.017570
576.150502	-0.020290
576.840502	-0.022680
577.530503	-0.024830
578.220504	-0.026900
578.910504	-0.029170
579.600505	-0.031910
580.290505	-0.035330
580.980506	-0.039500
581.670507	-0.044370
582.360507	-0.049690
583.050508	-0.054980
583.740508	-0.059420
584.430509	-0.061920
585.120510	-0.061200
585.810510	-0.056160
586.500511	-0.046130
587.190511	-0.031190
587.880512	-0.012190
588.570513	0.009490
589.260513	0.032250
589.950514	0.054580
590.640514	0.075190
591.330515	0.093070
592.020516	0.107430
592.710516	0.117680
593.400517	0.123430
594.090517	0.124610
594.780518	0.121460
595.470519	0.114460
596.160519	0.104230
596.850520	0.091370
597.540520	0.076350
598.230521	0.059480
598.920522	0.040900
599.610522	0.020740
600.300523	-0.000720
600.990523	-0.022990
601.680524	-0.045230
602.370525	-0.066350
603.060525	-0.085210
603.750526	-0.100880
604.440526	-0.112840
605.130527	-0.120910
605.820528	-0.125220
606.510528	-0.125950
607.200529	-0.123150
607.890529	-0.116750
608.580530	-0.106580
609.270531	-0.092560
609.960531	-0.074840
610.650532	-0.053980
611.340532	-0.030980
612.030533	-0.007240
612.720534	0.015580
613.410534	0.035990
614.100535	0.052860
614.790535	0.065750
615.480536	0.074810
616.170537	0.080610
616.860537	0.083760
617.550538	0.084690
618.240538	0.083510
618.930539	0.079940
619.620540	0.073470
620.310540	0.063560
621.000541	0.049950
621.690541	0.033010
622.380542	0.013930
623.070543	-0.005140
623.760543	-0.021520
624.450544	-0.032370
625.140544	-0.035350
625.830545	-0.029060
626.520546	-0.013290
627.210546	0.010940
627.900547	0.041520
628.590547	0.075510
629.280548	0.109590
629.970549	0.140510
630.660549	0.165450
631.350550	0.182150
632.040550	0.189080
632.730551	0.185480
633.420552	0.171690
634.110552	0.149410
634.800553	0.121540
635.490553	0.091620
636.180554	0.062960
636.870555	0.037930
637.560555	0.017470
638.250556	0.001100
638.940557	-0.012520
639.630557	-0.025080
640.320558	-0.037800
641.010558	-0.050990
641.700559	-0.063800
642.390560	-0.074530
643.080560	-0.081240
643.770561	-0.082560
644.460561	-0.078220
645.150562	-0.068950
645.840563	-0.056000
646.530563	-0.040700
647.220564	-0.024080
647.910564	-0.006830
648.600565	0.010620
649.290566	0.028050
649.980566	0.045320
650.670567	0.062330
651.360567	0.079040
652.050568	0.095330
652.740569	0.110810
653.430569	0.124740
654.120570	0.136030
654.810570	0.143460
655.500571	0.145810
656.190572	0.142000
656.880572	0.131230
657.570573	0.112850
658.260573	0.086510
658.950574	0.052140
659.640575	0.010100
660.330575	-0.038760
661.020576	-0.093140
661.710576	-0.151210
662.400577	-0.210780
663.090578	-0.269500
663.780578	-0.325280
664.470579	-0.376430
665.160579	-0.421840
665.850580	-0.460890
666.540581	-0.493020
667.230581	-0.517250
667.920582	-0.532000
668.610582	-0.535030
669.300583	-0.523640
669.990584	-0.495090
670.680584	-0.447190
671.370585	-0.379070
672.060585	-0.291760
672.750586	-0.188600
673.440587	-0.075050
674.130587	0.042250
674.820588	0.156630
675.510588	0.262390
676.200589	0.355490
676.890590	0.433590
677.580590	0.495610
678.270591	0.541120
678.960591	0.570110
679.650592	0.582790
680.340593	0.579690
681.030593	0.561850
681.720594	0.530810
682.410594	0.488510
683.100595	0.437110
683.790596	0.378680
684.480596	0.314910
685.170597	0.247000
685.860597	0.175720
686.550598	0.101650
687.240599	0.025470
687.930599	-0.051740
688.620600	-0.128320
689.310600	-0.202020
690.000601	-0.270180
690.690602	-0.330020
691.380602	-0.378960
692.070603	-0.414860
692.760603	-0.436290
693.450604	-0.442630
694.140605	-0.434150
694.830605	-0.411920
695.520606	-0.377680
696.210606	-0.333580
696.900607	-0.281860
697.590608	-0.224680
698.280608	-0.164080
698.970609	-0.101880
699.660609	-0.039690
700.350610	0.021080
701.040611	0.079180
701.730611	0.133450
702.420612	0.182780
703.110612	0.226000
703.800613	0.261920
704.490614	0.289410
705.180614	0.307610
705.870615	0.316040
706.560615	0.314640
707.250616	0.303770
707.940617	0.284090
708.630617	0.256400
709.320618	0.221520
710.010618	0.180310
710.700619	0.133650
711.390620	0.082590
712.080620	0.028290
712.770621	-0.027920
713.460621	-0.084650
714.150622	-0.140360
714.840623	-0.193470
715.530623	-0.242340
716.220624	-0.285420
716.910624	-0.321220
717.600625	-0.348380
718.290626	-0.365610
718.980626	-0.371740
719.670627	-0.365790
720.360627	-0.347140
721.050628	-0.315660
721.740629	-0.271990
722.430629	-0.217560
723.120630	-0.154650
723.810630	-0.086240
724.500631	-0.015960
725.190632	0.052030
725.880632	0.113400
726.570633	0.164110
727.260633	0.201070
727.950634	0.222740
728.640635	0.229460
729.330635	0.223330
730.020636	0.207550
730.710636	0.185680
731.400637	0.160950
732.090638	0.135890
732.780638	0.112160
733.470639	0.090640
734.160639	0.071700
734.850640	0.055410
735.540641	0.041750
736.230641	0.030740
736.920642	0.022580
737.610642	0.017630
738.300643	0.016240
738.990644	0.018540
739.680644	0.024200
740.370645	0.032380
741.060645	0.041950
741.750646	0.051810
742.440647	0.061250
743.130647	0.070020
743.820648	0.078290
744.510648	0.086330
745.200649	0.094290
745.890650	0.102080
746.580650	0.109520
747.270651	0.116470
747.960651	0.122900
748.650652	0.128800
749.340653	0.134030
750.030653	0.138290
750.720654	0.141110
751.410654	0.141870
752.100655	0.139970
752.790656	0.134760
753.480656	0.125570
754.170657	0.111700
754.860657	0.092660
755.550658	0.068370
756.240659	0.039290
756.930659	0.006460
757.620660	-0.028690
758.310660	-0.064510
759.000661	-0.099270
759.690662	-0.131300
760.380662	-0.159110
761.070663	-0.181490
761.760663	-0.197660
762.450664	-0.207300
763.140665	-0.210560
763.830665	-0.208000
764.520666	-0.200420
765.210666	-0.188790
765.900667	-0.174070
766.590668	-0.157140
767.280668	-0.138690
767.970669	-0.119200
768.660669	-0.098830
769.350670	-0.077520
770.040671	-0.055040
770.730671	-0.031210
771.420672	-0.006080
772.110672	0.019940
772.800673	0.045950
773.490674	0.070490
774.180674	0.091670
774.870675	0.107370
775.560675	0.115610
776.250676	0.115020
776.940677	0.105230
777.630677	0.087110
778.320678	0.062710
779.010678	0.034890
779.700679	0.006780
780.390680	-0.018740
781.080680	-0.039570
781.770681	-0.054580
782.460682	-0.063750
783.150682	-0.067930
783.840683	-0.068580
784.530683	-0.067210
785.220684	-0.065020
785.910685	-0.062630
786.600685	-0.059990
787.290686	-0.056530
787.980686	-0.051430
788.670687	-0.043850
789.360688	-0.033180
790.050688	-0.019120
790.740689	-0.001870
791.430689	0.017950
792.120690	0.039280
792.810691	0.060730
