0.000000	0.007470
0.690003	0.035490
1.380007	0.060740
2.070010	0.081840
2.760014	0.097690
3.450017	0.107590
4.140021	0.111140
4.830024	0.108290
5.520027	0.099190
6.210031	0.084180
6.900034	0.063770
7.590038	0.038670
8.280041	0.009830
8.970045	-0.021540
9.660048	-0.054130
10.350052	-0.086440
11.040055	-0.116990
11.730058	-0.144320
12.420062	-0.167070
13.110065	-0.184020
13.800069	-0.194130
14.490072	-0.196450
15.180076	-0.190040
15.870079	-0.174050
16.560082	-0.147840
17.250086	-0.111220
17.940089	-0.064690
18.630093	-0.009640
19.320096	0.051690
20.010100	0.116290
20.700103	0.180470
21.390106	0.240040
22.080110	0.290620
22.770113	0.328090
23.460117	0.349260
24.150120	0.352450
24.840124	0.337960
25.530127	0.307970
26.220131	0.266070
26.910134	0.216630
27.600137	0.163890
28.290141	0.111290
28.980144	0.061070
29.670148	0.014100
30.360151	-0.029980
31.050155	-0.072360
31.740158	-0.114430
32.430161	-0.157290
33.120165	-0.201270
33.810168	-0.245850
34.500172	-0.289670
35.190175	-0.330800
35.880179	-0.367090
36.570182	-0.396340
37.260185	-0.416460
37.950189	-0.425430
38.640192	-0.421310
39.330196	-0.402360
40.020199	-0.367180
40.710203	-0.315060
41.400206	-0.246460
42.090210	-0.163400
42.780213	-0.069690
43.470216	0.029090
44.160220	0.126240
44.850223	0.214700
45.540227	0.288060
46.230230	0.341520
46.920234	0.372500
47.610237	0.380930
48.300240	0.369090
48.990244	0.341080
49.680247	0.301940
50.370251	0.256780
51.060254	0.210000
51.750258	0.164840
52.440261	0.123290
53.130264	0.086200
53.820268	0.053580
54.510271	0.025040
55.200275	0.000170
55.890278	-0.021170
56.580282	-0.038810
57.270285	-0.052490
57.960289	-0.062210
58.650292	-0.068340
59.340295	-0.071690
60.030299	-0.073280
60.720302	-0.074130
61.410306	-0.074930
62.100309	-0.076090
62.790313	-0.077630
63.480316	-0.079160
64.170319	-0.080020
64.860323	-0.079510
65.550326	-0.077080
66.240330	-0.072490
66.930333	-0.065840
67.620337	-0.057540
68.310340	-0.048140
69.000344	-0.038070
69.690347	-0.027550
70.380350	-0.016540
71.070354	-0.004790
71.760357	0.007830
72.450361	0.021240
73.140364	0.034990
73.830368	0.048400
74.520371	0.060770
75.210374	0.071650
75.900378	0.080940
76.590381	0.088790
77.280385	0.095470
77.970388	0.101210
78.660392	0.105890
79.350395	0.108890
80.040398	0.109220
80.730402	0.105760
81.420405	0.097590
82.110409	0.084310
82.800412	0.066200
83.490416	0.044110
84.180419	0.019370
84.870423	-0.006560
85.560426	-0.032240
86.250429	-0.056310
86.940433	-0.077540
87.630436	-0.094900
88.320440	-0.107580
89.010443	-0.115040
89.700447	-0.117160
90.390450	-0.114330
91.080453	-0.107280
91.770457	-0.096820
92.460460	-0.083540
93.150464	-0.067800
93.840467	-0.049950
94.530471	-0.030540
95.220474	-0.010500
95.910477	0.008900
96.600481	0.026310
97.290484	0.040740
97.980488	0.051720
98.670491	0.059200
99.360495	0.063310
100.050498	0.064150
100.740502	0.061700
101.430505	0.055880
102.120508	0.046590
102.810512	0.033990
103.500515	0.018450
104.190519	0.000550
104.880522	-0.018950
105.570526	-0.039180
106.260529	-0.058990
106.950532	-0.076870
107.640536	-0.091020
108.330539	-0.099530
109.020543	-0.100760
109.710546	-0.093690
110.400550	-0.078380
111.090553	-0.056020
111.780556	-0.028860
112.470560	0.000120
113.160563	0.027610
113.850567	0.050270
114.540570	0.065240
115.230574	0.070540
115.920577	0.065490
116.610581	0.051050
117.300584	0.029700
117.990587	0.005050
118.680591	-0.018890
119.370594	-0.038300
120.060598	-0.050090
120.750601	-0.052170
121.440605	-0.043530
122.130608	-0.024270
122.820611	0.004360
123.510615	0.040160
124.200618	0.080410
124.890622	0.122490
125.580625	0.164380
126.270629	0.204880
126.960632	0.243380
127.650635	0.279480
128.340639	0.312500
129.030642	0.341130
129.720646	0.363400
130.410649	0.376790
131.100653	0.378630
131.790656	0.366590
132.480660	0.339290
133.170663	0.296940
133.860666	0.241450
134.550670	0.176170
135.240673	0.105360
135.930677	0.033640
136.620680	-0.034340
137.310684	-0.094170
138.000687	-0.142050
138.690690	-0.175320
139.380694	-0.192910
140.070697	-0.195510
140.760701	-0.185320
141.450704	-0.165320
142.140708	-0.138750
142.830711	-0.108930
143.520714	-0.079250
144.210718	-0.053240
144.900721	-0.034450
145.590725	-0.026150
146.280728	-0.030830
146.970732	-0.049920
147.660735	-0.083560
148.350739	-0.130700
149.040742	-0.189330
149.730745	-0.256860
150.420749	-0.330320
151.110752	-0.406650
151.800756	-0.482830
152.490759	-0.555870
153.180763	-0.622780
153.870766	-0.680490
154.560769	-0.725690
155.250773	-0.754890
155.940776	-0.764500
156.630780	-0.751240
157.320783	-0.712460
158.010787	-0.646400
158.700790	-0.552410
159.390793	-0.431190
160.080797	-0.285130
160.770800	-0.118770
161.460804	0.060850
162.150807	0.244380
162.840811	0.421100
163.530814	0.580540
164.220818	0.713970
164.910821	0.815570
165.600824	0.882880
166.290828	0.916380
166.980831	0.918740
167.670835	0.893950
168.360838	0.846810
169.050842	0.782420
169.740845	0.705780
170.430848	0.621500
171.120852	0.533650
171.810855	0.445600
172.500859	0.360030
173.190862	0.278860
173.880866	0.203350
174.570869	0.134010
175.260873	0.070790
175.950876	0.013030
176.640879	-0.040380
177.330883	-0.090910
178.020886	-0.140290
178.710890	-0.190310
179.400893	-0.242620
180.090897	-0.298360
180.780900	-0.357710
181.470903	-0.419610
182.160907	-0.481650
182.850910	-0.540290
183.540914	-0.591290
184.230917	-0.630200
184.920921	-0.652920
185.610924	-0.656050
186.300927	-0.637380
186.990931	-0.596290
187.680934	-0.534080
188.370938	-0.453790
189.060941	-0.359590
189.750945	-0.256200
190.440948	-0.148530
191.130952	-0.041610
191.820955	0.059450
192.510958	0.149940
193.200962	0.226180
193.890965	0.286090
194.580969	0.329620
195.270972	0.358470
195.960976	0.375230
196.650979	0.382650
197.340982	0.383130
198.030986	0.378290
198.720989	0.368600
199.410993	0.353390
200.100996	0.331120
200.791000	0.300030
201.481003	0.258980
202.171006	0.208100
202.861010	0.149050
203.551013	0.084790
204.241017	0.018980
204.931020	-0.044860
205.621024	-0.103880
206.311027	-0.156080
207.001031	-0.200230
207.691034	-0.235430
208.381037	-0.260780
209.071041	-0.275090
209.761044	-0.277030
210.451048	-0.265400
211.141051	-0.239760
211.831055	-0.201030
212.521058	-0.151810
213.211061	-0.096320
213.901065	-0.039580
214.591068	0.013680
215.281072	0.059930
215.971075	0.097430
216.661079	0.126250
217.351082	0.147690
218.041085	0.163420
218.731089	0.174770
219.421092	0.182220
220.111096	0.185340
220.801099	0.183210
221.491103	0.174970
222.181106	0.160350
222.871110	0.139980
223.561113	0.115420
224.251116	0.088850
224.941120	0.062670
225.631123	0.039120
226.321127	0.019860
227.011130	0.005540
227.701134	-0.004190
228.391137	-0.010530
229.081140	-0.015230
229.771144	-0.020170
230.461147	-0.026840
231.151151	-0.036080
231.841154	-0.047850
232.531158	-0.061210
233.221161	-0.074510
233.911164	-0.085690
234.601168	-0.092550
235.291171	-0.093200
235.981175	-0.086480
236.671178	-0.072380
237.361182	-0.052150
238.051185	-0.028010
238.741189	-0.002630
239.431192	0.021390
240.121195	0.042140
240.811199	0.058440
241.501202	0.069750
242.191206	0.075940
242.881209	0.077310
243.571213	0.074460
244.261216	0.068150
244.951219	0.059180
245.641223	0.048270
246.331226	0.035870
247.021230	0.022070
247.711233	0.006650
248.401237	-0.010670
249.091240	-0.030110
249.781243	-0.051420
250.471247	-0.073740
251.161250	-0.095590
251.851254	-0.115100
252.541257	-0.130440
253.231261	-0.140030
253.921264	-0.142870
254.611268	-0.138570
255.301271	-0.127200
255.991274	-0.109180
256.681278	-0.085230
257.371281	-0.056360
258.061285	-0.023910
258.751288	0.010420
259.441292	0.044620
260.131295	0.076530
260.821298	0.104280
261.511302	0.126510
262.201305	0.142620
262.891309	0.152770
263.581312	0.157560
264.271316	0.157680
264.961319	0.153670
265.651322	0.145860
266.341326	0.134300
267.031329	0.118980
267.721333	0.100120
268.411336	0.078350
269.101340	0.054720
269.791343	0.030630
270.481347	0.007560
271.171350	-0.013310
271.861353	-0.031320
272.551357	-0.046310
273.241360	-0.058610
273.931364	-0.068780
274.621367	-0.077500
275.311371	-0.085380
276.001374	-0.092820
276.691377	-0.099990
277.381381	-0.106810
278.071384	-0.113070
278.761388	-0.118470
279.451391	-0.122730
280.141395	-0.125640
280.831398	-0.126910
281.521402	-0.126190
282.211405	-0.122990
282.901408	-0.116660
283.591412	-0.106520
284.281415	-0.092040
284.971419	-0.073000
285.661422	-0.049570
286.351426	-0.022530
287.041429	0.006750
287.731432	0.036440
288.421436	0.064390
289.111439	0.088480
289.801443	0.107000
290.491446	0.118830
291.181450	0.123620
291.871453	0.121730
292.561456	0.114090
293.251460	0.101970
293.941463	0.086700
294.631467	0.069450
295.321470	0.051110
296.011474	0.032320
296.701477	0.013780
297.391481	-0.003590
298.081484	-0.018690
298.771487	-0.030330
299.461491	-0.037590
300.151494	-0.040080
300.841498	-0.038050
301.531501	-0.032380
302.221505	-0.024350
302.911508	-0.015420
303.601511	-0.006950
304.291515	0.000000
304.981518	0.004840
305.671522	0.007330
306.361525	0.007600
307.051529	0.006020
307.741532	0.003140
308.431535	-0.000430
309.121539	-0.003930
309.811542	-0.006610
310.501546	-0.007850
311.191549	-0.007310
311.881553	-0.005050
312.571556	-0.001540
313.261560	0.002400
313.951563	0.005820
314.641566	0.007810
315.331570	0.007730
316.021573	0.005360
316.711577	0.001090
317.401580	-0.004030
318.091584	-0.008480
318.781587	-0.010460
319.471590	-0.008450
320.161594	-0.001590
320.851597	0.010010
321.541601	0.025260
322.231604	0.042180
322.921608	0.058230
323.611611	0.070750
324.301614	0.077350
324.991618	0.076140
325.681621	0.065810
326.371625	0.045860
327.061628	0.016820
327.751632	-0.019640
328.441635	-0.060650
329.131639	-0.102370
329.821642	-0.140630
330.511645	-0.171700
331.201649	-0.193000
331.891652	-0.203370
332.581656	-0.203040
333.271659	-0.193260
333.961663	-0.175850
334.651666	-0.152780
335.341669	-0.125840
336.031673	-0.096600
336.721676	-0.066380
337.411680	-0.036390
338.101683	-0.007790
338.791687	0.018360
339.481690	0.041250
340.171693	0.060510
340.861697	0.076230
341.551700	0.088950
342.241704	0.099550
342.931707	0.109110
343.621711	0.118730
344.311714	0.129350
345.001718	0.141560
345.691721	0.155290
346.381724	0.169690
347.071728	0.183230
347.761731	0.194080
348.451735	0.200730
349.141738	0.202410
349.831742	0.199310
350.521745	0.192200
351.211748	0.182040
351.901752	0.169410
352.591755	0.154320
353.281759	0.136380
353.971762	0.115300
354.661766	0.091290
355.351769	0.064890
356.041772	0.036640
356.731776	0.006750
357.421779	-0.024980
358.111783	-0.058960
358.801786	-0.094990
359.491790	-0.131510
360.181793	-0.165350
360.871797	-0.192140
361.561800	-0.207320
362.251803	-0.207210
362.941807	-0.189870
363.631810	-0.155580
364.321814	-0.106660
365.011817	-0.046990
365.701821	0.018620
366.391824	0.084780
367.081827	0.145850
367.771831	0.196350
368.461834	0.231460
369.151838	0.247540
369.841841	0.242930
370.531845	0.218540
371.221848	0.178210
371.911851	0.128130
372.601855	0.075850
373.291858	0.028840
373.981862	-0.006940
374.671865	-0.028170
375.361869	-0.034270
376.051872	-0.027050
376.741876	-0.010020
377.431879	0.012310
378.121882	0.035040
378.811886	0.053330
379.501889	0.062820
380.191893	0.060200
380.881896	0.043730
381.571900	0.013540
382.261903	-0.028520
382.951906	-0.079530
383.641910	-0.136080
384.331913	-0.194990
385.021917	-0.253750
385.711920	-0.310440
386.401924	-0.363560
387.091927	-0.411580
387.781931	-0.452740
388.471934	-0.484900
389.161937	-0.505740
389.851941	-0.513070
390.541944	-0.505180
391.231948	-0.480980
391.921951	-0.440010
392.611955	-0.382330
393.301958	-0.308590
393.991961	-0.220350
394.681965	-0.120800
395.371968	-0.015280
396.061972	0.088700
396.751975	0.182600
397.441979	0.258420
398.131982	0.310450
398.821985	0.336590
399.511989	0.338650
400.201992	0.321630
400.891996	0.292560
401.581999	0.259260
402.272003	0.229060
402.962006	0.207740
403.652010	0.198820
404.342013	0.203290
405.032016	0.219850
405.722020	0.245530
406.412023	0.276520
407.102027	0.308960
407.792030	0.339320
408.482034	0.364580
409.172037	0.382290
409.862040	0.390560
410.552044	0.388000
411.242047	0.373730
411.932051	0.347350
412.622054	0.308900
413.312058	0.258850
414.002061	0.198130
414.692064	0.128180
415.382068	0.051020
416.072071	-0.030740
416.762075	-0.114030
417.452078	-0.195490
418.142082	-0.271750
418.832085	-0.339720
419.522089	-0.396840
420.212092	-0.441140
420.902095	-0.471260
421.592099	-0.486410
422.282102	-0.486260
422.972106	-0.471020
423.662109	-0.441440
424.352113	-0.399010
425.042116	-0.346190
425.732119	-0.286750
426.422123	-0.225550
427.112126	-0.167950
427.802130	-0.119030
428.492133	-0.082600
429.182137	-0.060450
429.872140	-0.052010
430.562143	-0.054580
431.252147	-0.063820
431.942150	-0.074330
432.632154	-0.080460
433.322157	-0.077200
434.012161	-0.060910
434.702164	-0.030070
435.392168	0.014190
436.082171	0.068140
436.772174	0.126200
437.462178	0.182240
438.152181	0.230730
438.842185	0.267790
439.532188	0.291590
440.222192	0.302020
440.912195	0.300270
441.602198	0.288450
442.292202	0.269190
442.982205	0.245250
443.672209	0.219080
444.362212	0.192470
445.052216	0.166430
445.742219	0.141290
446.432222	0.117060
447.122226	0.093630
447.812229	0.070880
448.502233	0.048570
449.192236	0.026210
449.882240	0.003090
450.572243	-0.021560
451.262247	-0.048190
451.952250	-0.076580
452.642253	-0.105710
453.332257	-0.133730
454.022260	-0.158190
454.712264	-0.176460
455.402267	-0.186430
456.092271	-0.186980
456.782274	-0.178230
457.472277	-0.161480
458.162281	-0.138940
458.852284	-0.113300
459.542288	-0.087320
460.232291	-0.063470
460.922295	-0.043620
461.612298	-0.028610
462.302301	-0.017900
462.992305	-0.009420
463.682308	-0.000030
464.372312	0.013850
465.062315	0.035290
465.752319	0.066090
466.442322	0.106140
467.132326	0.153180
467.822329	0.203180
468.512332	0.251170
469.202336	0.292240
469.892339	0.322430
470.582343	0.339450
471.272346	0.342690
471.962350	0.332850
472.652353	0.311450
473.342356	0.280400
474.032360	0.241740
474.722363	0.197460
475.412367	0.149420
476.102370	0.099280
476.792374	0.048430
477.482377	-0.001920
478.172380	-0.050700
478.862384	-0.096940
479.552387	-0.139680
480.242391	-0.178050
480.932394	-0.211280
481.622398	-0.238810
482.312401	-0.260340
483.002405	-0.275840
483.692408	-0.285480
484.382411	-0.289650
485.072415	-0.288890
485.762418	-0.283870
486.452422	-0.275350
487.142425	-0.264150
487.832429	-0.251050
488.522432	-0.236840
489.212435	-0.222380
489.902439	-0.208600
490.592442	-0.196300
491.282446	-0.185790
491.972449	-0.176600
492.662453	-0.167410
493.352456	-0.156280
494.042460	-0.141100
494.732463	-0.120140
495.422466	-0.092290
496.112470	-0.057070
496.802473	-0.014620
497.492477	0.034280
498.182480	0.088140
498.872484	0.144710
499.562487	0.201140
500.252490	0.254370
500.942494	0.301550
501.632497	0.340390
502.322501	0.369330
503.012504	0.387600
503.702508	0.395080
504.392511	0.392100
505.082514	0.379390
505.772518	0.357910
506.462521	0.328770
507.152525	0.293090
507.842528	0.252050
508.532532	0.206800
509.222535	0.158620
509.912539	0.108870
510.602542	0.059050
511.292545	0.010710
511.982549	-0.034760
512.672552	-0.076310
513.362556	-0.113320
514.052559	-0.145470
514.742563	-0.172490
515.432566	-0.193990
516.122569	-0.209380
516.812573	-0.218030
517.502576	-0.219580
518.192580	-0.214200
518.882583	-0.202740
519.572587	-0.186530
520.262590	-0.167120
520.952593	-0.145950
521.642597	-0.124220
522.332600	-0.102770
523.022604	-0.082130
523.712607	-0.062580
524.402611	-0.044210
525.092614	-0.027010
525.782618	-0.010920
526.472621	0.004160
527.162624	0.018330
527.852628	0.031620
528.542631	0.043950
529.232635	0.055100
529.922638	0.064700
530.612642	0.072270
531.302645	0.077380
531.992648	0.079750
532.682652	0.079370
533.372655	0.076380
534.062659	0.071110
534.752662	0.063940
535.442666	0.055200
536.132669	0.044960
536.822672	0.033080
537.512676	0.019300
538.202679	0.003510
538.892683	-0.014130
539.582686	-0.033130
540.272690	-0.052770
540.962693	-0.072360
541.652697	-0.091350
542.342700	-0.109320
543.032703	-0.125820
543.722707	-0.140250
544.412710	-0.151870
545.102714	-0.159710
545.792717	-0.162720
546.482721	-0.159810
547.172724	-0.149940
547.862727	-0.132200
548.552731	-0.106050
549.242734	-0.071470
549.932738	-0.029220
550.622741	0.019030
551.312745	0.070750
552.002748	0.122750
552.692751	0.171670
553.382755	0.214350
554.072758	0.248070
554.762762	0.270660
555.452765	0.280460
556.142769	0.276320
556.832772	0.257760
557.522776	0.225130
558.212779	0.179890
558.902782	0.124560
559.592786	0.062620
560.282789	-0.001870
560.972793	-0.064690
561.662796	-0.121880
562.352800	-0.170140
563.042803	-0.207010
563.732806	-0.230970
564.422810	-0.241450
565.112813	-0.238760
565.802817	-0.224110
566.492820	-0.199510
567.182824	-0.167690
567.872827	-0.131870
568.562830	-0.095400
569.252834	-0.061330
569.942837	-0.031950
570.632841	-0.008340
571.322844	0.009730
572.012848	0.023740
572.702851	0.035830
573.392855	0.048200
574.082858	0.062450
574.772861	0.079170
575.462865	0.097840
576.152868	0.117070
576.842872	0.134970
577.532875	0.149530
578.222879	0.158830
578.912882	0.161290
579.602885	0.155800
580.292889	0.141950
580.982892	0.120100
581.672896	0.091460
582.362899	0.058020
583.052903	0.022410
583.742906	-0.012340
584.432909	-0.042980
585.122913	-0.066240
585.812916	-0.079300
586.502920	-0.080180
587.192923	-0.068130
587.882927	-0.043790
588.572930	-0.009010
589.262934	0.033430
589.952937	0.080220
590.642940	0.127810
591.332944	0.172540
592.022947	0.210790
592.712951	0.239180
593.402954	0.254730
594.092958	0.255060
594.782961	0.238790
595.472964	0.206210
596.162968	0.159800
596.852971	0.104090
597.542975	0.044970
598.232978	-0.011690
598.922982	-0.061420
599.612985	-0.102040
600.302989	-0.133650
600.992992	-0.157930
601.682995	-0.177240
602.372999	-0.193870
603.063002	-0.209520
603.753006	-0.224950
604.443009	-0.239780
605.133013	-0.252670
605.823016	-0.261770
606.513019	-0.265300
607.203023	-0.262130
607.893026	-0.251970
608.583030	-0.235190
609.273033	-0.212520
609.963037	-0.184720
610.653040	-0.152390
611.343043	-0.115990
612.033047	-0.075940
612.723050	-0.032830
613.413054	0.012620
614.103057	0.059580
614.793061	0.107130
615.483064	0.154370
616.173068	0.200440
616.863071	0.244420
617.553074	0.285260
618.243078	0.321640
618.933081	0.352110
619.623085	0.375140
620.313088	0.389240
621.003092	0.393060
621.693095	0.385450
622.383098	0.365670
623.073102	0.333630
623.763105	0.289950
624.453109	0.235950
625.143112	0.173370
625.833116	0.104040
626.523119	0.029620
627.213122	-0.048490
627.903126	-0.128930
628.593129	-0.210070
629.283133	-0.289690
629.973136	-0.365120
630.663140	-0.433670
631.353143	-0.493150
632.043147	-0.542280
632.733150	-0.580760
633.423153	-0.608680
634.113157	-0.625880
634.803160	-0.631420
635.493164	-0.623560
636.183167	-0.600030
636.873171	-0.558640
637.563174	-0.497980
638.253177	-0.417930
638.943181	-0.320040
639.633184	-0.207500
640.323188	-0.085120
641.013191	0.041190
641.703195	0.164970
642.393198	0.280100
643.083201	0.381620
643.773205	0.466220
644.463208	0.532380
645.153212	0.580220
645.843215	0.610930
646.533219	0.626280
647.223222	0.628290
647.913226	0.619080
648.603229	0.600640
649.293232	0.574390
649.983236	0.540980
650.673239	0.500190
651.363243	0.451200
652.053246	0.393030
652.743250	0.325140
653.433253	0.247820
654.123256	0.162340
654.813260	0.070840
655.503263	-0.023950
656.193267	-0.119030
656.883270	-0.211320
657.573274	-0.297880
658.263277	-0.375810
658.953280	-0.442240
659.643284	-0.494260
660.333287	-0.529040
661.023291	-0.544090
661.713294	-0.537590
662.403298	-0.508930
663.093301	-0.459110
663.783305	-0.390980
664.473308	-0.309390
665.163311	-0.220960
665.853315	-0.133380
666.543318	-0.054280
667.233322	0.010080
667.923325	0.056030
668.613329	0.082850
669.303332	0.092600
669.993335	0.088970
670.683339	0.075980
671.373342	0.057040
672.063346	0.034380
672.753349	0.009110
673.443353	-0.018350
674.133356	-0.047850
674.823359	-0.078990
675.513363	-0.110830
676.203366	-0.141720
676.893370	-0.169270
677.583373	-0.190710
678.273377	-0.203400
678.963380	-0.205520
679.653384	-0.196470
680.343387	-0.176880
681.033390	-0.148080
681.723394	-0.111470
682.413397	-0.067980
683.103401	-0.018020
683.793404	0.038180
684.483408	0.100030
685.173411	0.166000
685.863414	0.233470
686.553418	0.298890
687.243421	0.358340
687.933425	0.408200
688.623428	0.445670
689.313432	0.469150
690.003435	0.478290
690.693438	0.473700
691.383442	0.456660
692.073445	0.428920
692.763449	0.392490
693.453452	0.349620
694.143456	0.302630
694.833459	0.253790
695.523463	0.205190
696.213466	0.158590
696.903469	0.115410
697.593473	0.076700
698.283476	0.043190
698.973480	0.015240
699.663483	-0.007110
700.353487	-0.024310
701.043490	-0.037180
701.733493	-0.047010
702.423497	-0.055420
703.113500	-0.064270
703.803504	-0.075420
704.493507	-0.090510
705.183511	-0.110840
705.873514	-0.137260
706.563517	-0.170180
707.253521	-0.209600
707.943524	-0.255070
708.633528	-0.305630
709.323531	-0.359710
710.013535	-0.414970
710.703538	-0.468120
711.393542	-0.515030
712.083545	-0.550920
712.773548	-0.570770
713.463552	-0.569880
714.153555	-0.544550
714.843559	-0.492670
715.533562	-0.414420
716.223566	-0.312670
716.913569	-0.193080
717.603572	-0.063570
718.293576	0.066830
718.983579	0.189430
719.673583	0.297130
720.363586	0.385210
721.053590	0.451460
721.743593	0.495810
722.433597	0.519680
723.123600	0.525340
723.813603	0.515360
724.503607	0.492220
725.193610	0.458150
725.883614	0.415260
726.573617	0.365610
727.263621	0.311380
727.953624	0.254830
728.643627	0.198160
729.333631	0.143300
730.023634	0.091720
730.713638	0.044380
731.403641	0.001750
732.093645	-0.036130
732.783648	-0.069680
733.473651	-0.099470
734.163655	-0.126180
734.853658	-0.150430
735.543662	-0.172550
736.233665	-0.192640
736.923669	-0.210580
737.613672	-0.226140
738.303676	-0.239130
738.993679	-0.249500
739.683682	-0.257270
740.373686	-0.262440
741.063689	-0.264860
741.753693	-0.264270
742.443696	-0.260330
743.133700	-0.252710
743.823703	-0.241140
744.513706	-0.225480
745.203710	-0.205930
745.893713	-0.183110
746.583717	-0.158060
747.273720	-0.131980
747.963724	-0.105790
748.653727	-0.079720
749.343730	-0.053130
750.033734	-0.024680
750.723737	0.007060
751.413741	0.043020
752.103744	0.083070
752.793748	0.125840
753.483751	0.168750
754.173755	0.208520
754.863758	0.241910
755.553761	0.266470
756.243765	0.281100
756.933768	0.286160
757.623772	0.283210
758.313775	0.274490
759.003779	0.262360
759.693782	0.248900
760.383785	0.235530
761.073789	0.222910
761.763792	0.210970
762.453796	0.199030
763.143799	0.186060
763.833803	0.170960
764.523806	0.152740
765.213809	0.130730
765.903813	0.104700
766.593816	0.075020
767.283820	0.042820
767.973823	0.009980
768.663827	-0.021200
769.353830	-0.048600
770.043834	-0.070600
770.733837	-0.086530
771.423840	-0.096570
772.113844	-0.101560
772.803847	-0.102560
773.493851	-0.100700
774.183854	-0.097000
774.873858	-0.092260
775.563861	-0.087030
776.253864	-0.081610
776.943868	-0.076150
777.633871	-0.070730
778.323875	-0.065540
779.013878	-0.060920
779.703882	-0.057380
780.393885	-0.055560
781.083888	-0.056030
781.773892	-0.059190
782.463895	-0.065160
783.153899	-0.073680
783.843902	-0.084110
784.533906	-0.095500
785.223909	-0.106770
785.913913	-0.116800
786.603916	-0.124620
787.293919	-0.129400
787.983923	-0.130450
788.673926	-0.127240
789.363930	-0.119390
790.053933	-0.106670
790.743937	-0.089240
791.433940	-0.067680
792.123943	-0.042960
792.813947	-0.016310
793.503950	0.010940
794.193954	0.037540
794.883957	0.062260
795.573961	0.083950
796.263964	0.101560
796.953967	0.114350
797.643971	0.121920
798.333974	0.124400
799.023978	0.122290
799.713981	0.116330
800.403985	0.107270
801.093988	0.095710
801.783992	0.082070
802.473995	0.066610
803.163998	0.049600
803.854002	0.031390
804.544005	0.012510
805.234009	-0.006420
805.924012	-0.024830
806.614016	-0.042320
807.304019	-0.058610
807.994022	-0.073540
808.684026	-0.086970
809.374029	-0.098700
810.064033	-0.108490
810.754036	-0.116090
811.444040	-0.121200
812.134043	-0.123370
812.824046	-0.121960
813.514050	-0.116140
814.204053	-0.105100
814.894057	-0.088320
815.584060	-0.065750
816.274064	-0.038100
816.964067	-0.006800
817.654071	0.026220
818.344074	0.058880
819.034077	0.089210
819.724081	0.115700
820.414084	0.137440
821.104088	0.154080
821.794091	0.165740
822.484095	0.172850
823.174098	0.175900
823.864101	0.175270
824.554105	0.171150
825.244108	0.163460
825.934112	0.151860
826.624115	0.135780
827.314119	0.114650
828.004122	0.088030
828.694126	0.056040
829.384129	0.019680
830.074132	-0.019110
830.764136	-0.057820
831.454139	-0.093760
832.144143	-0.124580
832.834146	-0.148690
833.524150	-0.165360
834.214153	-0.174580
834.904156	-0.176940
835.594160	-0.173440
836.284163	-0.165290
836.974167	-0.153560
837.664170	-0.139050
838.354174	-0.122250
839.044177	-0.103570
839.734180	-0.083600
840.424184	-0.063290
841.114187	-0.043770
841.804191	-0.026070
842.494194	-0.010620
843.184198	0.002940
843.874201	0.015700
844.564205	0.029060
845.254208	0.044370
845.944211	0.062670
846.634215	0.084580
847.324218	0.110360
848.014222	0.139880
848.704225	0.172630
849.394229	0.207600
850.084232	0.243130
850.774235	0.276970
851.464239	0.306400
852.154242	0.328490
852.844246	0.340500
853.534249	0.340240
854.224253	0.326400
854.914256	0.298680
855.604259	0.257930
856.294263	0.206210
856.984266	0.146910
857.674270	0.084460
858.364273	0.023760
859.054277	-0.030570
859.744280	-0.074960
860.434284	-0.107460
861.124287	-0.127940
861.814290	-0.137870
862.504294	-0.139990
863.194297	-0.137960
863.884301	-0.135890
864.574304	-0.137680
865.264308	-0.146520
865.954311	-0.164470
866.644314	-0.192230
867.334318	-0.229250
868.024321	-0.273990
868.714325	-0.324320
869.404328	-0.377630
870.094332	-0.430870
870.784335	-0.480450
871.474338	-0.522230
872.164342	-0.551630
872.854345	-0.564030
873.544349	-0.555360
874.234352	-0.522700
874.924356	-0.464890
875.614359	-0.382840
876.304363	-0.279790
876.994366	-0.161420
877.684369	-0.035610
878.374373	0.088380
879.064376	0.201180
879.754380	0.294690
880.444383	0.363270
881.134387	0.404540
881.824390	0.419160
882.514393	0.410100
883.204397	0.381790
883.894400	0.339300
884.584404	0.287700
885.274407	0.231650
885.964411	0.175210
886.654414	0.121820
887.344417	0.074310
888.034421	0.035020
888.724424	0.005860
889.414428	-0.011740
890.104431	-0.016930
890.794435	-0.009470
891.484438	0.010040
892.174442	0.040110
892.864445	0.078210
893.554448	0.121070
894.244452	0.165070
894.934455	0.206690
895.624459	0.242970
896.314462	0.271670
897.004466	0.291340
897.694469	0.301070
898.384472	0.300470
899.074476	0.289540
899.764479	0.268710
900.454483	0.238750
901.144486	0.200750
901.834490	0.156080
902.524493	0.106320
903.214496	0.053260
903.904500	-0.001210
904.594503	-0.055320
905.284507	-0.107560
905.974510	-0.156800
906.664514	-0.202220
907.354517	-0.243230
908.044521	-0.279180
908.734524	-0.309300
909.424527	-0.332630
910.114531	-0.348250
910.804534	-0.355580
911.494538	-0.354610
912.184541	-0.346060
912.874545	-0.331280
913.564548	-0.311910
914.254551	-0.289490
914.944555	-0.265130
915.634558	-0.239430
916.324562	-0.212560
917.014565	-0.184490
917.704569	-0.155160
918.394572	-0.124580
919.084575	-0.092830
919.774579	-0.060010
920.464582	-0.026290
921.154586	0.008090
921.844589	0.042850
922.534593	0.077560
923.224596	0.111670
923.914600	0.144530
924.604603	0.175350
925.294606	0.203190
925.984610	0.226960
926.674613	0.245430
927.364617	0.257250
928.054620	0.261120
928.744624	0.256050
929.434627	0.241650
930.124630	0.218370
930.814634	0.187380
931.504637	0.150220
932.194641	0.108430
932.884644	0.063370
933.574648	0.016370
934.264651	-0.030950
934.954655	-0.076400
935.644658	-0.117200
936.334661	-0.150260
937.024665	-0.172840
937.714668	-0.183090
938.404672	-0.180470
939.094675	-0.165910
939.784679	-0.141510
940.474682	-0.110110
941.164685	-0.074770
941.854689	-0.038340
942.544692	-0.003290
943.234696	0.028330
943.924699	0.054850
944.614703	0.075130
945.304706	0.088610
945.994709	0.095470
946.684713	0.096520
947.374716	0.092990
948.064720	0.086240
948.754723	0.077480
949.444727	0.067580
950.134730	0.056990
950.824734	0.045820
951.514737	0.033940
952.204740	0.021100
952.894744	0.007160
953.584747	-0.007730
954.274751	-0.023100
954.964754	-0.038000
955.654758	-0.051140
956.344761	-0.061070
957.034764	-0.066360
957.724768	-0.065870
958.414771	-0.058880
959.104775	-0.045160
959.794778	-0.025090
960.484782	0.000370
961.174785	0.029560
961.864788	0.060170
962.554792	0.089430
963.244795	0.114560
963.934799	0.133170
964.624802	0.143720
965.314806	0.145690
966.004809	0.139490
966.694813	0.126200
967.384816	0.107220
968.074819	0.083980
968.764823	0.057830
969.454826	0.029990
970.144830	0.001570
970.834833	-0.026260
971.524837	-0.052240
972.214840	-0.075080
972.904843	-0.093590
973.594847	-0.106870
974.284850	-0.114480
974.974854	-0.116410
975.664857	-0.113060
976.354861	-0.105120
977.044864	-0.093480
977.734867	-0.079170
978.424871	-0.063220
979.114874	-0.046690
979.804878	-0.030500
980.494881	-0.015410
981.184885	-0.002020
981.874888	0.009250
982.564892	0.018190
983.254895	0.024750
983.944898	0.029080
984.634902	0.031490
985.324905	0.032410
986.014909	0.032350
986.704912	0.031790
987.394916	0.031220
988.084919	0.031050
988.774922	0.031680
989.464926	0.033440
990.154929	0.036640
990.844933	0.041540
991.534936	0.048310
992.224940	0.057010
992.914943	0.067430
993.604946	0.079030
994.294950	0.091000
994.984953	0.102330
995.674957	0.111900
996.364960	0.118650
997.054964	0.121640
997.744967	0.120040
998.434971	0.113170
999.124974	0.100490
999.814977	0.081820
1000.504981	0.057490
1001.194984	0.028530
1001.884988	-0.003460
1002.574991	-0.036540
1003.264995	-0.068740
1003.954998	-0.098490
1004.645001	-0.124840
1005.335005	-0.147510
1006.025008	-0.166850
1006.715012	-0.183610
1007.405015	-0.198650
1008.095019	-0.212730
1008.785022	-0.226260
1009.475025	-0.239220
1010.165029	-0.251130
1010.855032	-0.261140
1011.545036	-0.268110
1012.235039	-0.270770
1012.925043	-0.267820
1013.615046	-0.258160
1014.305050	-0.241050
1014.995053	-0.216260
1015.685056	-0.184150
1016.375060	-0.145730
1017.065063	-0.102410
1017.755067	-0.055840
1018.445070	-0.007590
1019.135074	0.040980
1019.825077	0.088860
1020.515080	0.135170
1021.205084	0.179140
1021.895087	0.220040
1022.585091	0.257150
1023.275094	0.289850
1023.965098	0.317670
1024.655101	0.340220
1025.345104	0.357070
1026.035108	0.367720
1026.725111	0.371420
1027.415115	0.367270
1028.105118	0.354280
1028.795122	0.331560
1029.485125	0.298600
1030.175129	0.255600
1030.865132	0.203700
1031.555135	0.145100
1032.245139	0.082870
1032.935142	0.020680
1033.625146	-0.037720
1034.315149	-0.089000
1035.005153	-0.130510
1035.695156	-0.160530
1036.385159	-0.178370
1037.075163	-0.184360
1037.765166	-0.179850
1038.455170	-0.167180
1039.145173	-0.149400
1039.835177	-0.129920
1040.525180	-0.111960
1041.215184	-0.097920
1041.905187	-0.088990
1042.595190	-0.085160
1043.285194	-0.085370
1043.975197	-0.088020
1044.665201	-0.091470
1045.355204	-0.094360
1046.045208	-0.095790
1046.735211	-0.095290
1047.425214	-0.092720
1048.115218	-0.088080
1048.805221	-0.081350
1049.495225	-0.072520
1050.185228	-0.061600
1050.875232	-0.048760
1051.565235	-0.034380
1052.255238	-0.019080
1052.945242	-0.003650
1053.635245	0.011030
1054.325249	0.024120
1055.015252	0.034850
1055.705256	0.042550
1056.395259	0.046700
1057.085263	0.047050
1057.775266	0.043780
1058.465269	0.037770
1059.155273	0.030580
1059.845276	0.024150
1060.535280	0.020380
1061.225283	0.020760
1061.915287	0.026010
