0.000000	0.123460
0.690005	0.121950
1.380010	0.117270
2.070015	0.109070
2.760020	0.097070
3.450025	0.081360
4.140030	0.062710
4.830035	0.042640
5.520040	0.023140
6.210045	0.006350
6.900050	-0.005920
7.590055	-0.012640
8.280060	-0.013540
8.970065	-0.009070
9.660070	-0.000220
10.350075	0.011630
11.040080	0.024960
11.730085	0.038330
12.420090	0.050700
13.110095	0.061560
13.800100	0.070930
14.490105	0.079140
15.180110	0.086560
15.870115	0.093320
16.560120	0.099300
17.250125	0.104190
17.940130	0.107740
18.630135	0.110050
19.320140	0.111590
20.010145	0.113230
20.700150	0.115900
21.390155	0.120310
22.080160	0.126660
22.770165	0.134610
23.460170	0.143420
24.150175	0.152050
24.840180	0.159350
25.530185	0.163910
26.220190	0.163930
26.910195	0.157100
27.600200	0.140470
28.290205	0.110680
28.980210	0.064290
29.670215	-0.001550
30.360220	-0.088330
31.050225	-0.195170
31.740230	-0.318210
32.430235	-0.450470
33.120240	-0.582520
33.810245	-0.703750
34.500250	-0.803840
35.190255	-0.874080
35.880260	-0.908200
36.570265	-0.902770
37.260270	-0.857280
37.950275	-0.774230
38.640280	-0.659190
39.330285	-0.520380
40.020290	-0.367750
40.710295	-0.211610
41.400300	-0.061190
42.090305	0.076380
42.780310	0.196590
43.470315	0.297130
44.160320	0.377420
44.850325	0.437840
45.540330	0.479180
46.230335	0.502230
46.920340	0.507650
47.610345	0.495920
48.300350	0.467590
48.990355	0.423460
49.680360	0.364910
50.370365	0.293930
51.060370	0.213250
51.750375	0.126320
52.440380	0.037210
53.130385	-0.049580
53.820390	-0.129410
54.510395	-0.197830
55.200400	-0.251080
55.890405	-0.286350
56.580410	-0.301870
57.270415	-0.296900
57.960420	-0.271780
58.650425	-0.227980
59.340430	-0.168580
60.030435	-0.098510
60.720440	-0.024480
61.410445	0.045860
62.100450	0.105370
62.790455	0.148830
63.480460	0.174000
64.170465	0.181840
64.860470	0.175750
65.550475	0.160390
66.240480	0.140330
66.930485	0.119160
67.620490	0.099110
68.310495	0.081280
69.000500	0.066170
69.690505	0.054110
70.380510	0.045500
71.070515	0.040750
71.760520	0.040070
72.450525	0.043280
73.140530	0.049740
73.830535	0.058320
74.520540	0.067420
75.210545	0.075260
75.900550	0.080120
76.590555	0.080810
77.280560	0.076930
77.970565	0.069020
78.660570	0.058360
79.350575	0.046680
80.040580	0.035830
80.730585	0.027490
81.420590	0.022990
82.110595	0.023210
82.800600	0.028400
83.490605	0.038120
84.180610	0.051260
84.870615	0.066150
85.560620	0.080840
86.250625	0.093360
86.940630	0.101970
87.630635	0.105310
88.320640	0.102470
89.010645	0.093030
89.700650	0.077050
90.390655	0.055130
91.080660	0.028390
91.770665	-0.001530
92.460670	-0.032640
93.150675	-0.062690
93.840680	-0.089450
94.530685	-0.111060
95.220690	-0.126310
95.910695	-0.134850
96.600700	-0.137230
97.290705	-0.134640
97.980710	-0.128610
98.670715	-0.120560
99.360720	-0.111550
100.050725	-0.102150
100.740730	-0.092520
101.430735	-0.082580
102.120740	-0.072230
102.810745	-0.061530
103.500750	-0.050730
104.190756	-0.040200
104.880761	-0.030300
105.570766	-0.021230
106.260771	-0.012930
106.950776	-0.005180
107.640781	0.002290
108.330786	0.009750
109.020791	0.017280
109.710796	0.024850
110.400801	0.032330
111.090806	0.039620
111.780811	0.046690
112.470816	0.053680
113.160821	0.060830
113.850826	0.068360
114.540831	0.076350
115.230836	0.084610
115.920841	0.092600
116.610846	0.099540
117.300851	0.104530
117.990856	0.106720
118.680861	0.105490
119.370866	0.100520
120.060871	0.091870
120.750876	0.080000
121.440881	0.065780
122.130886	0.050440
122.820891	0.035300
123.510896	0.021530
124.200901	0.009870
124.890906	0.000520
125.580911	-0.006870
126.270916	-0.012960
126.960921	-0.018510
127.650926	-0.024180
128.340931	-0.030350
129.030936	-0.037160
129.720941	-0.044530
130.410946	-0.052230
131.100951	-0.059950
131.790956	-0.067320
132.480961	-0.073880
133.170966	-0.079020
133.860971	-0.082000
134.550976	-0.082070
135.240981	-0.078660
135.930986	-0.071530
136.620991	-0.060940
137.310996	-0.047610
138.001001	-0.032600
138.691006	-0.017100
139.381011	-0.002270
140.071016	0.010920
140.761021	0.021750
141.451026	0.029750
142.141031	0.034670
142.831036	0.036490
143.521041	0.035380
144.211046	0.031690
144.901051	0.025990
145.591056	0.019080
146.281061	0.011860
146.971066	0.005320
147.661071	0.000400
148.351076	-0.002170
149.041081	-0.001940
149.731086	0.001170
150.421091	0.006870
151.111096	0.014510
151.801101	0.023220
152.491106	0.032140
153.181111	0.040570
153.871116	0.048030
154.561121	0.054320
155.251126	0.059350
155.941131	0.063040
156.631136	0.065210
157.321141	0.065540
158.011146	0.063600
158.701151	0.058950
159.391156	0.051250
160.081161	0.040430
160.771166	0.026740
161.461171	0.010800
162.151176	-0.006480
162.841181	-0.024010
163.531186	-0.040610
164.221191	-0.055190
164.911196	-0.066860
165.601201	-0.075020
166.291206	-0.079420
166.981211	-0.080170
167.671216	-0.077660
168.361221	-0.072480
169.051226	-0.065360
169.741231	-0.056990
170.431236	-0.048070
171.121241	-0.039280
171.811246	-0.031220
172.501251	-0.024350
173.191256	-0.019050
173.881261	-0.015510
174.571266	-0.013800
175.261271	-0.013800
175.951276	-0.015180
176.641281	-0.017450
177.331286	-0.019840
178.021291	-0.021450
178.711296	-0.021410
179.401301	-0.019040
180.091306	-0.014010
180.781311	-0.006390
181.471316	0.003350
182.161321	0.014560
182.851326	0.026520
183.541331	0.038630
184.231336	0.050440
184.921341	0.061530
185.611346	0.071400
186.301351	0.079350
186.991356	0.084570
187.681361	0.086280
188.371366	0.083950
189.061371	0.077450
189.751376	0.067130
190.441381	0.053800
191.131386	0.038620
191.821391	0.023010
192.511396	0.008430
193.201401	-0.003850
193.891406	-0.012950
194.581411	-0.018450
195.271416	-0.020320
195.961421	-0.018920
196.651426	-0.014870
197.341431	-0.008990
198.031436	-0.002180
198.721441	0.004670
199.411446	0.010860
200.101451	0.015830
200.791456	0.019290
201.481461	0.021070
202.171466	0.021070
202.861471	0.019190
203.551476	0.015310
204.241481	0.009420
204.931486	0.001650
205.621491	-0.007530
206.311496	-0.017410
207.001501	-0.027050
207.691506	-0.035400
208.381511	-0.041480
209.071516	-0.044490
209.761521	-0.043880
210.451526	-0.039520
211.141531	-0.031760
211.831536	-0.021450
212.521541	-0.009900
213.211546	0.001350
213.901551	0.010800
214.591556	0.017230
215.281561	0.019920
215.971566	0.018730
216.661571	0.014060
217.351576	0.006700
218.041581	-0.002350
218.731586	-0.012130
219.421591	-0.021840
220.111596	-0.030900
220.801601	-0.039000
221.491606	-0.046060
222.181611	-0.052140
222.871616	-0.057470
223.561621	-0.062370
224.251626	-0.067070
224.941631	-0.071640
225.631636	-0.075860
226.321641	-0.079210
227.011646	-0.080910
227.701651	-0.080060
228.391656	-0.075770
229.081661	-0.067400
229.771666	-0.054690
230.461671	-0.037820
231.151676	-0.017430
231.841681	0.005580
232.531686	0.030260
233.221691	0.055810
233.911696	0.081610
234.601701	0.107200
235.291706	0.132120
235.981711	0.155780
236.671716	0.177450
237.361721	0.196160
238.051726	0.210920
238.741731	0.220800
239.431736	0.225150
240.121741	0.223570
240.811746	0.215910
241.501751	0.202300
242.191756	0.183200
242.881761	0.159590
243.571766	0.133200
244.261771	0.106400
244.951776	0.081770
245.641781	0.061360
246.331786	0.045980
247.021791	0.034870
247.711796	0.025910
248.401801	0.016500
249.091806	0.004650
249.781811	-0.010040
250.471816	-0.026280
251.161821	-0.041470
251.851826	-0.052670
252.541831	-0.057630
253.231836	-0.055370
253.921841	-0.046310
254.611846	-0.031820
255.301851	-0.013700
255.991856	0.006210
256.681861	0.026290
257.371866	0.045150
258.061871	0.061720
258.751876	0.075320
259.441881	0.085730
260.131886	0.093060
260.821891	0.097640
261.511896	0.099880
262.201901	0.100250
262.891906	0.099410
263.581911	0.098280
264.271916	0.097880
264.961921	0.098900
265.651926	0.101310
266.341931	0.104010
267.031936	0.104900
267.721941	0.101170
268.411946	0.089730
269.101951	0.067540
269.791956	0.031880
270.481961	-0.019450
271.171966	-0.087770
271.861971	-0.173100
272.551976	-0.273560
273.241981	-0.384920
273.931986	-0.500560
274.621991	-0.612010
275.311996	-0.709940
276.002001	-0.785310
276.692006	-0.830520
277.382011	-0.840240
278.072016	-0.811960
278.762021	-0.746140
279.452026	-0.646150
280.142031	-0.517650
280.832036	-0.367960
281.522041	-0.205240
282.212046	-0.038000
282.902051	0.125420
283.592056	0.277350
284.282061	0.411180
284.972066	0.521850
285.662071	0.606200
286.352076	0.662890
287.042081	0.692140
287.732086	0.695400
288.422091	0.675000
289.112096	0.633970
289.802101	0.575740
290.492106	0.503900
291.182111	0.421930
291.872116	0.333080
292.562121	0.240210
293.252126	0.145840
293.942131	0.052140
294.632136	-0.038930
295.322141	-0.125580
296.012146	-0.206080
296.702151	-0.278690
297.392156	-0.341590
298.082161	-0.392860
298.772166	-0.430490
299.462171	-0.452490
300.152176	-0.457150
300.842181	-0.443360
301.532186	-0.411050
302.222191	-0.361710
302.912196	-0.298710
303.602201	-0.227170
304.292206	-0.153030
304.982211	-0.081960
305.672216	-0.018220
306.362221	0.036090
307.052226	0.080930
307.742231	0.117610
308.432236	0.147890
309.122241	0.173290
309.812246	0.194590
310.502251	0.211690
311.192257	0.223740
311.882262	0.229500
312.572267	0.227910
313.262272	0.218470
313.952277	0.201570
314.642282	0.178450
315.332287	0.151000
316.022292	0.121500
316.712297	0.092300
317.402302	0.065570
318.092307	0.043030
318.782312	0.025690
319.472317	0.013750
320.162322	0.006670
320.852327	0.003500
321.542332	0.003280
322.232337	0.005430
322.922342	0.009940
323.612347	0.017250
324.302352	0.027890
324.992357	0.041900
325.682362	0.058500
326.372367	0.076020
327.062372	0.092220
327.752377	0.104860
328.442382	0.112260
329.132387	0.113520
329.822392	0.108570
330.512397	0.097990
331.202402	0.082780
331.892407	0.064170
332.582412	0.043420
333.272417	0.021700
333.962422	-0.000090
334.652427	-0.021440
335.342432	-0.042100
336.032437	-0.062060
336.722442	-0.081390
337.412447	-0.100040
338.102452	-0.117720
338.792457	-0.133820
339.482462	-0.147430
340.172467	-0.157420
340.862472	-0.162610
341.552477	-0.161790
342.242482	-0.153910
342.932487	-0.138220
343.622492	-0.114650
344.312497	-0.084000
345.002502	-0.048090
345.692507	-0.009460
346.382512	0.029020
347.072517	0.064730
347.762522	0.095590
348.452527	0.120240
349.142532	0.137890
349.832537	0.148270
350.522542	0.151450
351.212547	0.147840
351.902552	0.138080
352.592557	0.123010
353.282562	0.103610
353.972567	0.081090
354.662572	0.056770
355.352577	0.032070
356.042582	0.008440
356.732587	-0.012780
357.422592	-0.030540
358.112597	-0.044110
358.802602	-0.053200
359.492607	-0.058010
360.182612	-0.059160
360.872617	-0.057600
361.562622	-0.054410
362.252627	-0.050540
362.942632	-0.046650
363.632637	-0.043030
364.322642	-0.039680
365.012647	-0.036420
365.702652	-0.033110
366.392657	-0.029790
367.082662	-0.026630
367.772667	-0.023870
368.462672	-0.021680
369.152677	-0.019940
369.842682	-0.018310
370.532687	-0.016130
371.222692	-0.012640
371.912697	-0.007130
372.602702	0.000700
373.292707	0.010710
373.982712	0.022320
374.672717	0.034630
375.362722	0.046650
376.052727	0.057600
376.742732	0.066960
377.432737	0.074460
378.122742	0.079990
378.812747	0.083480
379.502752	0.084890
380.192757	0.084180
380.882762	0.081200
381.572767	0.075780
382.262772	0.067770
382.952777	0.057230
383.642782	0.044600
384.332787	0.030680
385.022792	0.016640
385.712797	0.003700
386.402802	-0.007110
387.092807	-0.015270
387.782812	-0.020690
388.472817	-0.023630
389.162822	-0.024510
389.852827	-0.023740
390.542832	-0.021690
391.232837	-0.018800
391.922842	-0.015630
392.612847	-0.012910
393.302852	-0.011460
393.992857	-0.012050
394.682862	-0.015280
395.372867	-0.021390
396.062872	-0.030300
396.752877	-0.041490
397.442882	-0.054120
398.132887	-0.067090
398.822892	-0.079200
399.512897	-0.089220
400.202902	-0.096210
400.892907	-0.099590
401.582912	-0.099290
402.272917	-0.095660
402.962922	-0.089430
403.652927	-0.081460
404.342932	-0.072570
405.032937	-0.063480
405.722942	-0.054780
406.412947	-0.046840
407.102952	-0.039890
407.792957	-0.034000
408.482962	-0.029150
409.172967	-0.025240
409.862972	-0.022060
410.552977	-0.019320
411.242982	-0.016610
411.932987	-0.013440
412.622992	-0.009280
413.312997	-0.003790
414.003002	0.003090
414.693007	0.011130
415.383012	0.019670
416.073017	0.027930
416.763022	0.035070
417.453027	0.040450
418.143032	0.043680
418.833037	0.044670
419.523042	0.043560
420.213047	0.040670
420.903052	0.036410
421.593057	0.031290
422.283062	0.025860
422.973067	0.020720
423.663072	0.016420
424.353077	0.013400
425.043082	0.011850
425.733087	0.011720
426.423092	0.012770
427.113097	0.014680
427.803102	0.017090
428.493107	0.019700
429.183112	0.022170
429.873117	0.024130
430.563122	0.025260
431.253127	0.025430
431.943132	0.024870
432.633137	0.024120
433.323142	0.023950
434.013147	0.025090
434.703152	0.027940
435.393157	0.032520
436.083162	0.038510
436.773167	0.045410
437.463172	0.052660
438.153177	0.059760
438.843182	0.066220
439.533187	0.071560
440.223192	0.075150
440.913197	0.076330
441.603202	0.074450
442.293207	0.069030
442.983212	0.059860
443.673217	0.047060
444.363222	0.031050
445.053227	0.012440
445.743232	-0.007940
446.433237	-0.028960
447.123242	-0.049090
447.813247	-0.066570
448.503252	-0.079600
449.193257	-0.086810
449.883262	-0.087640
450.573267	-0.082570
451.263272	-0.073060
451.953277	-0.061270
452.643282	-0.049730
453.333287	-0.040810
454.023292	-0.036340
454.713297	-0.037330
455.403302	-0.043730
456.093307	-0.054530
456.783312	-0.067950
457.473317	-0.081720
458.163322	-0.093500
458.853327	-0.101240
459.543332	-0.103510
460.233337	-0.099670
460.923342	-0.089870
461.613347	-0.074930
462.303352	-0.056120
462.993357	-0.034940
463.683362	-0.012910
464.373367	0.008450
465.063372	0.027820
465.753377	0.044040
466.443382	0.056210
467.133387	0.063680
467.823392	0.066140
468.513397	0.063690
469.203402	0.056880
469.893407	0.046660
470.583412	0.034290
471.273417	0.021260
471.963422	0.009210
472.653427	-0.000180
473.343432	-0.005420
474.033437	-0.005370
474.723442	0.000380
475.413447	0.011470
476.103452	0.026830
476.793457	0.044930
477.483462	0.064140
478.173467	0.082990
478.863472	0.100250
479.553477	0.114950
480.243482	0.126290
480.933487	0.133660
481.623492	0.136650
482.313497	0.135120
483.003502	0.129310
483.693507	0.119820
484.383512	0.107690
485.073517	0.094300
485.763522	0.081080
486.453527	0.069370
487.143532	0.060180
487.833537	0.054170
488.523542	0.051560
489.213547	0.052300
489.903552	0.055500
490.593557	0.059640
491.283562	0.062450
491.973567	0.061540
492.663572	0.055150
493.353577	0.042860
494.043582	0.025840
494.733587	0.005850
495.423592	-0.015650
496.113597	-0.037440
496.803602	-0.058290
497.493607	-0.076400
498.183612	-0.089630
498.873617	-0.097090
499.563622	-0.098600
500.253627	-0.094200
500.943632	-0.084200
501.633637	-0.069110
502.323642	-0.050100
503.013647	-0.028780
503.703652	-0.007090
504.393657	0.013040
505.083662	0.030110
505.773667	0.042950
506.463672	0.050820
507.153677	0.053320
507.843682	0.050270
508.533687	0.041540
509.223692	0.027000
509.913697	0.006420
510.603702	-0.020590
511.293707	-0.054560
511.983712	-0.095860
512.673717	-0.144520
513.363722	-0.199960
514.053727	-0.260650
514.743732	-0.323920
515.433737	-0.386010
516.123742	-0.442390
516.813747	-0.488150
517.503752	-0.518640
518.193758	-0.530070
518.883763	-0.520050
519.573768	-0.487910
520.263773	-0.434950
520.953778	-0.364290
521.643783	-0.280520
522.333788	-0.189110
523.023793	-0.095770
523.713798	-0.005830
524.403803	0.076170
525.093808	0.146840
525.783813	0.204140
526.473818	0.247370
527.163823	0.277090
527.853828	0.294820
528.543833	0.302450
529.233838	0.301740
529.923843	0.293980
530.613848	0.279710
531.303853	0.258820
531.993858	0.230910
532.683863	0.195730
533.373868	0.153640
534.063873	0.105830
534.753878	0.054300
535.443883	0.001660
536.133888	-0.049480
536.823893	-0.096940
537.513898	-0.139160
538.203903	-0.174980
538.893908	-0.203170
539.583913	-0.222060
540.273918	-0.229440
540.963923	-0.222830
541.653928	-0.200290
542.343933	-0.161260
543.033938	-0.107230
543.723943	-0.041870
544.413948	0.029350
545.103953	0.100130
545.793958	0.164360
546.483963	0.217130
547.173968	0.255220
547.863973	0.277020
548.553978	0.282250
549.243983	0.271580
549.933988	0.246480
550.623993	0.209140
551.313998	0.162460
552.004003	0.109990
552.694008	0.055640
553.384013	0.003390
554.074018	-0.043130
554.764023	-0.080960
555.454028	-0.108000
556.144033	-0.123120
556.834038	-0.126270
557.524043	-0.118430
558.214048	-0.101680
558.904053	-0.078940
559.594058	-0.053470
560.284063	-0.028320
560.974068	-0.005840
561.664073	0.012500
562.354078	0.025910
563.044083	0.033870
563.734088	0.035980
564.424093	0.032060
565.114098	0.022290
565.804103	0.007440
566.494108	-0.011000
567.184113	-0.031000
567.874118	-0.050230
568.564123	-0.066300
569.254128	-0.077100
569.944133	-0.081140
570.634138	-0.077810
571.324143	-0.067420
572.014148	-0.051110
572.704153	-0.030690
573.394158	-0.008410
574.084163	0.013470
574.774168	0.033080
575.464173	0.049140
576.154178	0.061150
576.844183	0.069220
577.534188	0.073680
578.224193	0.074820
578.914198	0.072880
579.604203	0.068290
580.294208	0.061910
580.984213	0.055070
581.674218	0.049330
582.364223	0.046190
583.054228	0.046730
583.744233	0.051490
584.434238	0.060420
585.124243	0.072930
585.814248	0.087870
586.504253	0.103520
587.194258	0.117700
587.884263	0.127930
588.574268	0.131920
589.264273	0.127950
589.954278	0.115300
590.644283	0.094450
591.334288	0.067030
592.024293	0.035480
592.714298	0.002570
593.404303	-0.028960
594.094308	-0.056930
594.784313	-0.079850
595.474318	-0.097050
596.164323	-0.108610
596.854328	-0.115190
597.544333	-0.117800
598.234338	-0.117530
598.924343	-0.115230
599.614348	-0.111330
600.304353	-0.105750
600.994358	-0.098030
601.684363	-0.087520
602.374368	-0.073790
603.064373	-0.057010
603.754378	-0.038190
604.444383	-0.019030
605.134388	-0.001530
605.824393	0.012510
606.514398	0.022000
607.204403	0.026710
607.894408	0.027220
608.584413	0.024520
609.274418	0.019680
609.964423	0.013720
610.654428	0.007550
611.344433	0.002100
612.034438	-0.001690
612.724443	-0.002990
613.414448	-0.001250
614.104453	0.003520
614.794458	0.010820
615.484463	0.019710
616.174468	0.029140
616.864473	0.038210
617.554478	0.046310
618.244483	0.053090
618.934488	0.058420
619.624493	0.062250
620.314498	0.064630
621.004503	0.065740
621.694508	0.065820
622.384513	0.065140
623.074518	0.063860
623.764523	0.061920
624.454528	0.058990
625.144533	0.054690
625.834538	0.048660
626.524543	0.040730
627.214548	0.030940
627.904553	0.019530
628.594558	0.006870
629.284563	-0.006620
629.974568	-0.020650
630.664573	-0.034960
631.354578	-0.049180
632.044583	-0.062780
632.734588	-0.075140
633.424593	-0.085600
634.114598	-0.093600
634.804603	-0.098700
635.494608	-0.100600
636.184613	-0.099110
636.874618	-0.094210
637.564623	-0.086120
638.254628	-0.075250
638.944633	-0.062210
639.634638	-0.047700
640.324643	-0.032550
641.014648	-0.017580
641.704653	-0.003610
642.394658	0.008640
643.084663	0.018670
643.774668	0.026250
644.464673	0.031520
645.154678	0.034850
645.844683	0.036670
646.534688	0.037310
647.224693	0.036900
647.914698	0.035410
648.604703	0.032690
649.294708	0.028620
649.984713	0.023200
650.674718	0.016610
651.364723	0.009170
652.054728	0.001250
652.744733	-0.006700
653.434738	-0.014290
654.124743	-0.021150
654.814748	-0.026980
655.504753	-0.031570
656.194758	-0.034820
656.884763	-0.036680
657.574768	-0.037180
658.264773	-0.036330
658.954778	-0.034150
659.644783	-0.030700
660.334788	-0.026090
661.024793	-0.020450
661.714798	-0.014010
662.404803	-0.007050
663.094808	0.000060
663.784813	0.006960
664.474818	0.013330
665.164823	0.018870
665.854828	0.023390
666.544833	0.026830
667.234838	0.029220
667.924843	0.030650
668.614848	0.031260
669.304853	0.031220
669.994858	0.030700
670.684863	0.029840
671.374868	0.028740
672.064873	0.027410
672.754878	0.025820
673.444883	0.023950
674.134888	0.021840
674.824893	0.019600
675.514898	0.017420
676.204903	0.015450
676.894908	0.013830
677.584913	0.012610
678.274918	0.011780
678.964923	0.011370
679.654928	0.011390
680.344933	0.011900
681.034938	0.012930
681.724943	0.014460
682.414948	0.016350
683.104953	0.018330
683.794958	0.019990
684.484963	0.020850
685.174968	0.020510
685.864973	0.018680
686.554978	0.015260
687.244983	0.010220
687.934988	0.003530
688.624993	-0.004880
689.314998	-0.015040
690.005003	-0.026660
690.695008	-0.038990
691.385013	-0.050840
692.075018	-0.060720
692.765023	-0.067180
693.455028	-0.069080
694.145033	-0.065770
694.835038	-0.057160
695.525043	-0.043740
696.215048	-0.026490
696.905053	-0.006810
697.595058	0.013560
698.285063	0.032870
698.975068	0.049450
699.665073	0.061940
700.355078	0.069390
701.045083	0.071280
701.735088	0.067600
702.425093	0.058770
703.115098	0.045740
703.805103	0.029880
704.495108	0.012870
705.185113	-0.003560
705.875118	-0.017880
706.565123	-0.029040
707.255128	-0.036570
707.945133	-0.040590
708.635138	-0.041690
709.325143	-0.040600
710.015148	-0.037880
710.705153	-0.033710
711.395158	-0.027850
712.085163	-0.019800
712.775168	-0.009110
713.465173	0.004350
714.155178	0.020240
714.845183	0.037700
715.535188	0.055490
716.225193	0.072130
716.915198	0.086070
717.605203	0.095810
718.295208	0.100110
718.985213	0.098160
719.675218	0.089820
720.365223	0.075710
721.055228	0.057310
721.745233	0.036720
722.435238	0.016410
723.125243	-0.001210
723.815248	-0.014120
724.505253	-0.020900
725.195258	-0.021000
725.885264	-0.014630
726.575269	-0.002690
727.265274	0.013450
727.955279	0.032380
728.645284	0.052780
729.335289	0.073560
730.025294	0.093840
730.715299	0.112820
731.405304	0.129670
732.095309	0.143670
732.785314	0.154350
733.475319	0.161590
734.165324	0.165640
734.855329	0.166970
735.545334	0.165960
736.235339	0.162670
736.925344	0.156780
737.615349	0.147630
738.305354	0.134470
738.995359	0.116690
739.685364	0.094200
740.375369	0.067520
741.065374	0.037920
741.755379	0.007270
742.445384	-0.022210
743.135389	-0.048360
743.825394	-0.069400
744.515399	-0.084200
745.205404	-0.092420
745.895409	-0.094400
746.585414	-0.091020
747.275419	-0.083440
747.965424	-0.072970
748.655429	-0.061000
749.345434	-0.048900
750.035439	-0.038080
750.725444	-0.029790
751.415449	-0.025130
752.105454	-0.024890
752.795459	-0.029680
753.485464	-0.039840
754.175469	-0.055460
754.865474	-0.076250
755.555479	-0.101350
756.245484	-0.129160
756.935489	-0.157400
757.625494	-0.183440
758.315499	-0.204620
759.005504	-0.218790
759.695509	-0.224570
760.385514	-0.221440
761.075519	-0.209690
761.765524	-0.190160
762.455529	-0.164070
763.145534	-0.132920
763.835539	-0.098420
764.525544	-0.062560
765.215549	-0.027650
765.905554	0.003760
766.595559	0.029090
767.285564	0.045920
767.975569	0.052280
768.665574	0.046840
769.355579	0.029010
770.045584	-0.000940
770.735589	-0.041720
771.425594	-0.090870
772.115599	-0.144580
772.805604	-0.197750
773.495609	-0.244210
774.185614	-0.277260
774.875619	-0.290500
775.565624	-0.278860
776.255629	-0.239800
776.945634	-0.174540
777.635639	-0.088600
778.325644	0.008970
779.015649	0.107540
779.705654	0.197140
780.395659	0.270510
781.085664	0.324060
781.775669	0.357410
782.465674	0.371920
783.155679	0.369450
783.845684	0.351610
784.535689	0.319700
785.225694	0.275120
785.915699	0.219810
786.605704	0.156500
787.295709	0.088690
787.985714	0.020440
788.675719	-0.044000
789.365724	-0.100790
790.055729	-0.146910
790.745734	-0.180670
791.435739	-0.201960
792.125744	-0.212040
792.815749	-0.213030
