0.000000	0.038440
0.690008	0.024680
1.380017	0.011030
2.070025	-0.001510
2.760033	-0.012020
3.450042	-0.019740
4.140050	-0.024180
4.830058	-0.025170
5.520067	-0.022900
6.210075	-0.017930
6.900083	-0.011130
7.590092	-0.003560
8.280100	0.003700
8.970108	0.009740
9.660117	0.013890
10.350125	0.015790
11.040133	0.015340
11.730142	0.012660
12.420150	0.008120
13.110158	0.002250
13.800167	-0.004260
14.490175	-0.010770
15.180183	-0.016720
15.870192	-0.021810
16.560200	-0.026010
17.250208	-0.029490
17.940217	-0.032480
18.630225	-0.035150
19.320233	-0.037560
20.010242	-0.039660
20.700250	-0.041290
21.390258	-0.042300
22.080267	-0.042600
22.770275	-0.042200
23.460283	-0.041290
24.150292	-0.040260
24.840300	-0.039620
25.530308	-0.039880
26.220317	-0.041380
26.910325	-0.044130
27.600333	-0.047690
28.290342	-0.051300
28.980350	-0.054040
29.670358	-0.055040
30.360367	-0.053600
31.050375	-0.049320
31.740383	-0.042020
32.430392	-0.031720
33.120400	-0.018600
33.810408	-0.003060
34.500417	0.014240
35.190425	0.032520
35.880433	0.050800
36.570442	0.067980
37.260450	0.083010
37.950458	0.094930
38.640467	0.103030
39.330475	0.106980
40.020483	0.106970
40.710492	0.103790
41.400500	0.098740
42.090508	0.093300
42.780517	0.088730
43.470525	0.085720
44.160533	0.084180
44.850542	0.083270
45.540550	0.081720
46.230558	0.078180
46.920567	0.071650
47.610575	0.061680
48.300583	0.048550
48.990592	0.033210
49.680600	0.017140
50.370608	0.002060
51.060617	-0.010480
51.750625	-0.019400
52.440633	-0.024130
53.130642	-0.024620
53.820650	-0.021220
54.510658	-0.014440
55.200667	-0.004930
55.890675	0.006690
56.580683	0.019880
57.270692	0.034170
57.960700	0.049190
58.650708	0.064570
59.340717	0.079870
60.030725	0.094530
60.720733	0.107910
61.410742	0.119230
62.100750	0.127690
62.790758	0.132540
63.480767	0.133330
64.170775	0.130030
64.860783	0.123190
65.550792	0.113740
66.240800	0.102670
66.930808	0.090620
67.620817	0.077680
68.310825	0.063230
69.000833	0.046190
69.690842	0.025330
70.380850	-0.000310
71.070858	-0.031070
71.760867	-0.066650
72.450875	-0.106130
73.140883	-0.148160
73.830892	-0.191180
74.520900	-0.233490
75.210908	-0.273280
75.900917	-0.308690
76.590925	-0.337980
77.280933	-0.359660
77.970942	-0.372700
78.660950	-0.376580
79.350958	-0.371320
80.040967	-0.357280
80.730975	-0.335130
81.420983	-0.305710
82.110992	-0.269950
82.801000	-0.228880
83.491008	-0.183610
84.181017	-0.135300
84.871025	-0.085150
85.561033	-0.034380
86.251042	0.015810
86.941050	0.064290
87.631058	0.110030
88.321067	0.152100
89.011075	0.189740
89.701083	0.222420
90.391092	0.249720
91.081100	0.271320
91.771108	0.286900
92.461117	0.296160
93.151125	0.298810
93.841133	0.294710
94.531142	0.283900
95.221150	0.266650
95.911158	0.243580
96.601167	0.215510
97.291175	0.183510
97.981183	0.148720
98.671192	0.112320
99.361200	0.075360
100.051208	0.038650
100.741217	0.002840
101.431225	-0.031680
102.121233	-0.064770
102.811242	-0.096410
103.501250	-0.126680
104.191258	-0.155660
104.881267	-0.183250
105.571275	-0.209050
106.261283	-0.232210
106.951292	-0.251410
107.641300	-0.264930
108.331308	-0.270890
109.021317	-0.267590
109.711325	-0.254100
110.401334	-0.230590
111.091342	-0.198410
111.781350	-0.159710
112.471359	-0.116950
113.161367	-0.072400
113.851375	-0.028000
114.541384	0.014520
115.231392	0.053360
115.921400	0.086600
116.611409	0.112480
117.301417	0.129680
117.991425	0.137490
118.681434	0.135790
119.371442	0.125080
120.061450	0.106440
120.751459	0.081530
121.441467	0.052460
122.131475	0.021630
122.821484	-0.008650
123.511492	-0.036450
124.201500	-0.060220
124.891509	-0.078750
125.581517	-0.091080
126.271525	-0.096570
126.961534	-0.094980
127.651542	-0.086650
128.341550	-0.072540
129.031559	-0.054170
129.721567	-0.033410
130.411575	-0.012170
131.101584	0.007890
131.791592	0.025520
132.481600	0.039880
133.171609	0.050640
133.861617	0.057800
134.551625	0.061730
135.241634	0.063110
135.931642	0.062910
136.621650	0.062250
137.311659	0.062170
138.001667	0.063440
138.691675	0.066360
139.381684	0.070670
140.071692	0.075650
140.761700	0.080320
141.451709	0.083770
142.141717	0.085370
142.831725	0.084950
143.521734	0.082800
144.211742	0.079480
144.901750	0.075680
145.591759	0.072060
146.281767	0.069200
146.971775	0.067520
147.661784	0.067230
148.351792	0.068240
149.041800	0.070170
149.731809	0.072370
150.421817	0.074010
151.111825	0.074280
151.801834	0.072530
152.491842	0.068420
153.181850	0.061840
153.871859	0.052900
154.561867	0.041870
155.251875	0.029080
155.941884	0.014850
156.631892	-0.000500
157.321900	-0.016670
158.011909	-0.033450
158.701917	-0.050620
159.391925	-0.068000
160.081934	-0.085250
160.771942	-0.101830
161.461950	-0.116930
162.151959	-0.129460
162.841967	-0.138150
163.531975	-0.141790
164.221984	-0.139470
164.911992	-0.130860
165.602000	-0.116340
166.292009	-0.097050
166.982017	-0.074590
167.672025	-0.050770
168.362034	-0.027290
169.052042	-0.005570
169.742050	0.013340
170.432059	0.028750
171.122067	0.040320
171.812075	0.048070
172.502084	0.052380
173.192092	0.053910
173.882100	0.053440
174.572109	0.051760
175.262117	0.049620
175.952125	0.047600
176.642134	0.046140
177.332142	0.045490
178.022150	0.045760
178.712159	0.046860
179.402167	0.048570
180.092175	0.050580
180.782184	0.052550
181.472192	0.054070
182.162200	0.054780
182.852209	0.054280
183.542217	0.052190
184.232225	0.048160
184.922234	0.041980
185.612242	0.033520
186.302250	0.022840
186.992259	0.010200
187.682267	-0.003950
188.372275	-0.018920
189.062284	-0.033860
189.752292	-0.047780
190.442300	-0.059730
191.132309	-0.068860
191.822317	-0.074570
192.512325	-0.076540
193.202334	-0.074750
193.892342	-0.069420
194.582350	-0.060960
195.272359	-0.049980
195.962367	-0.037180
196.652375	-0.023320
197.342384	-0.009220
198.032392	0.004360
198.722400	0.016800
199.412409	0.027610
200.102417	0.036490
200.792425	0.043350
201.482434	0.048250
202.172442	0.051280
202.862450	0.052510
203.552459	0.052000
204.242467	0.049730
204.932475	0.045740
205.622484	0.040060
206.312492	0.032840
207.002500	0.024280
207.692509	0.014670
208.382517	0.004300
209.072525	-0.006410
209.762534	-0.017060
210.452542	-0.027140
211.142550	-0.036140
211.832559	-0.043560
212.522567	-0.049080
213.212575	-0.052690
213.902584	-0.054660
214.592592	-0.055530
215.282600	-0.056000
215.972609	-0.056660
216.662617	-0.057920
217.352625	-0.059860
218.042634	-0.062240
218.732642	-0.064480
219.422650	-0.065830
220.112659	-0.065520
220.802667	-0.062840
221.492675	-0.057370
222.182684	-0.049060
222.872692	-0.038190
223.562700	-0.025370
224.252709	-0.011370
224.942717	0.002940
225.632725	0.016810
226.322734	0.029640
227.012742	0.041020
227.702750	0.050740
228.392759	0.058640
229.082767	0.064640
229.772775	0.068680
230.462784	0.070770
231.152792	0.071120
231.842800	0.070160
232.532809	0.068530
233.222817	0.066920
233.912825	0.065870
234.602834	0.065640
235.292842	0.066140
235.982850	0.066980
236.672859	0.067490
237.362867	0.066860
238.052875	0.064330
238.742884	0.059220
239.432892	0.051050
240.122900	0.039690
240.812909	0.025300
241.502917	0.008370
242.192925	-0.010260
242.882934	-0.029650
243.572942	-0.048710
244.262950	-0.066320
244.952959	-0.081410
245.642967	-0.093140
246.332975	-0.100930
247.022984	-0.104610
247.712992	-0.104460
248.403000	-0.101050
249.093009	-0.095020
249.783017	-0.086900
250.473025	-0.076940
251.163034	-0.065150
251.853042	-0.051460
252.543050	-0.035870
253.233059	-0.018550
253.923067	-0.000020
254.613075	0.018900
255.303084	0.037060
255.993092	0.053130
256.683100	0.065710
257.373109	0.073600
258.063117	0.075930
258.753125	0.072350
259.443134	0.062990
260.133142	0.048560
260.823150	0.030260
261.513159	0.009710
262.203167	-0.011230
262.893175	-0.030680
263.583184	-0.046930
264.273192	-0.058710
264.963200	-0.065340
265.653209	-0.066730
266.343217	-0.063240
267.033225	-0.055600
267.723234	-0.044690
268.413242	-0.031340
269.103250	-0.016260
269.793259	-0.000120
270.483267	0.016440
271.173275	0.032760
271.863284	0.048130
272.553292	0.061910
273.243300	0.073710
273.933309	0.083430
274.623317	0.091170
275.313325	0.097100
276.003334	0.101270
276.693342	0.103490
277.383350	0.103280
278.073359	0.100000
278.763367	0.093030
279.453375	0.081920
280.143384	0.066550
280.833392	0.047250
281.523400	0.024770
282.213409	0.000230
282.903417	-0.025060
283.593425	-0.049690
284.283434	-0.072210
284.973442	-0.091210
285.663450	-0.105380
286.353459	-0.113650
287.043467	-0.115460
287.733475	-0.110790
288.423484	-0.100180
289.113492	-0.084630
289.803500	-0.065470
290.493509	-0.044060
291.183517	-0.021620
291.873525	0.000920
292.563534	0.023080
293.253542	0.044580
293.943550	0.065270
294.633559	0.084910
295.323567	0.103080
296.013575	0.119290
296.703584	0.133210
297.393592	0.144750
298.083600	0.154020
298.773609	0.161240
299.463617	0.166700
300.153625	0.170650
300.843634	0.173440
301.533642	0.175430
302.223650	0.176900
302.913659	0.177890
303.603667	0.178100
304.293675	0.176870
304.983684	0.173140
305.673692	0.165690
306.363700	0.153330
307.053709	0.135110
307.743717	0.110560
308.433725	0.079850
309.123734	0.043540
309.813742	0.002380
310.503750	-0.042940
311.193759	-0.091840
311.883767	-0.143590
312.573775	-0.196940
313.263784	-0.249740
313.953792	-0.298900
314.643800	-0.340860
315.333809	-0.372370
316.023817	-0.391240
316.713825	-0.396790
317.403834	-0.390050
318.093842	-0.373380
318.783850	-0.349820
319.473859	-0.322430
320.163867	-0.293760
320.853875	-0.265520
321.543884	-0.238470
322.233892	-0.212490
322.923900	-0.186900
323.613909	-0.160780
324.303917	-0.133200
324.993925	-0.103470
325.683934	-0.071280
326.373942	-0.036800
327.063950	-0.000700
327.753959	0.035920
328.443967	0.071710
329.133975	0.105340
329.823984	0.135670
330.513992	0.161870
331.204001	0.183440
331.894009	0.200080
332.584017	0.211640
333.274026	0.218060
333.964034	0.219420
334.654042	0.216020
335.344051	0.208410
336.034059	0.197430
336.724067	0.184130
337.414076	0.169670
338.104084	0.155180
338.794092	0.141660
339.484101	0.129870
340.174109	0.120290
340.864117	0.113040
341.554126	0.107780
342.244134	0.103720
342.934142	0.099650
343.624151	0.094170
344.314159	0.085950
345.004167	0.074100
345.694176	0.058290
346.384184	0.038950
347.074192	0.017080
347.764201	-0.005910
348.454209	-0.028490
349.144217	-0.049260
349.834226	-0.067240
350.524234	-0.082090
351.214242	-0.094270
351.904251	-0.104900
352.594259	-0.115530
353.284267	-0.127750
353.974276	-0.142730
354.664284	-0.160930
355.354292	-0.181800
356.044301	-0.203910
356.734309	-0.225120
357.424317	-0.242850
358.114326	-0.254430
358.804334	-0.257470
359.494342	-0.250070
360.184351	-0.231080
360.874359	-0.200440
361.564367	-0.159630
362.254376	-0.111840
362.944384	-0.061520
363.634392	-0.013480
364.324401	0.028100
365.014409	0.060490
365.704417	0.082540
366.394426	0.094310
367.084434	0.096420
367.774442	0.089670
368.464451	0.075180
369.154459	0.054680
369.844467	0.030630
370.534476	0.006220
371.224484	-0.014980
371.914492	-0.029560
372.604501	-0.035090
373.294509	-0.030660
373.984517	-0.017040
374.674526	0.003610
375.364534	0.028390
376.054542	0.054340
376.744551	0.078930
377.434559	0.100210
378.124567	0.116790
378.814576	0.127880
379.504584	0.133300
380.194592	0.133580
380.884601	0.129770
381.574609	0.123220
382.264617	0.115260
382.954626	0.106990
383.644634	0.099110
384.334642	0.091970
385.024651	0.085510
385.714659	0.079230
386.404667	0.072350
387.094676	0.064090
387.784684	0.053860
388.474692	0.041430
389.164701	0.027130
389.854709	0.011730
390.544717	-0.003540
391.234726	-0.017300
391.924734	-0.028150
392.614742	-0.035100
393.304751	-0.037710
393.994759	-0.036310
394.684767	-0.031820
395.374776	-0.025560
396.064784	-0.018850
396.754792	-0.012760
397.444801	-0.008010
398.134809	-0.004920
398.824817	-0.003500
399.514826	-0.003650
400.204834	-0.005100
400.894842	-0.007560
401.584851	-0.010750
402.274859	-0.014420
402.964867	-0.018360
403.654876	-0.022330
404.344884	-0.026000
405.034892	-0.028940
405.724901	-0.030530
406.414909	-0.030130
407.104917	-0.027220
407.794926	-0.021560
408.484934	-0.013250
409.174942	-0.002820
409.864951	0.008780
410.554959	0.020390
411.244967	0.030740
411.934976	0.038770
412.624984	0.043780
413.314992	0.045570
414.005001	0.044450
414.695009	0.041100
415.385017	0.036330
416.075026	0.030880
416.765034	0.025180
417.455042	0.019300
418.145051	0.012990
418.835059	0.005840
419.525067	-0.002520
420.215076	-0.012220
420.905084	-0.023000
421.595092	-0.034230
422.285101	-0.044910
422.975109	-0.053840
423.665117	-0.059790
424.355126	-0.061690
425.045134	-0.058890
425.735142	-0.051250
426.425151	-0.039260
427.115159	-0.023900
427.805167	-0.006530
428.495176	0.011380
429.185184	0.028500
429.875192	0.043760
430.565201	0.056360
431.255209	0.065780
431.945217	0.071690
432.635226	0.073880
433.325234	0.072340
434.015242	0.067390
434.705251	0.059730
435.395259	0.050410
436.085267	0.040610
436.775276	0.031390
437.465284	0.023400
438.155292	0.016800
438.845301	0.011170
439.535309	0.005750
440.225317	-0.000430
440.915326	-0.008280
441.605334	-0.018440
442.295342	-0.031020
442.985351	-0.045530
443.675359	-0.060940
444.365367	-0.075800
445.055376	-0.088570
445.745384	-0.098010
446.435392	-0.103350
447.125401	-0.104420
447.815409	-0.101510
448.505417	-0.095210
449.195426	-0.086110
449.885434	-0.074750
450.575442	-0.061550
451.265451	-0.046870
451.955459	-0.031080
452.645467	-0.014560
453.335476	0.002220
454.025484	0.018810
454.715492	0.034620
455.405501	0.049040
456.095509	0.061410
456.785517	0.071050
457.475526	0.077350
458.165534	0.079840
458.855542	0.078270
459.545551	0.072670
460.235559	0.063420
460.925567	0.051140
461.615576	0.036690
462.305584	0.021070
462.995592	0.005330
463.685601	-0.009460
464.375609	-0.022300
465.065617	-0.032300
465.755626	-0.038730
466.445634	-0.041180
467.135642	-0.039550
467.825651	-0.034090
468.515659	-0.025360
469.205667	-0.014160
469.895676	-0.001400
470.585684	0.012000
471.275692	0.025130
471.965701	0.037080
472.655709	0.046990
473.345717	0.054140
474.035726	0.057980
474.725734	0.058290
475.415742	0.055220
476.105751	0.049220
476.795759	0.040930
477.485767	0.031080
478.175776	0.020340
478.865784	0.009350
479.555792	-0.001430
480.245801	-0.011740
480.935809	-0.021370
481.625817	-0.030260
482.315826	-0.038330
483.005834	-0.045450
483.695842	-0.051410
484.385851	-0.055940
485.075859	-0.058820
485.765867	-0.059870
486.455876	-0.059070
487.145884	-0.056480
487.835892	-0.052310
488.525901	-0.046880
489.215909	-0.040620
489.905917	-0.034080
490.595926	-0.027840
491.285934	-0.022400
491.975942	-0.018140
492.665951	-0.015210
493.355959	-0.013520
494.045967	-0.012860
494.735976	-0.012980
495.425984	-0.013680
496.115992	-0.014770
496.806001	-0.016090
497.496009	-0.017420
498.186017	-0.018470
498.876026	-0.018930
499.566034	-0.018650
500.256042	-0.017740
500.946051	-0.016540
501.636059	-0.015530
502.326067	-0.015110
503.016076	-0.015220
503.706084	-0.015250
504.396092	-0.014100
505.086101	-0.010480
505.776109	-0.003300
506.466117	0.008020
507.156126	0.023420
507.846134	0.042200
508.536142	0.063260
509.226151	0.085270
509.916159	0.106900
510.606167	0.126880
511.296176	0.144140
511.986184	0.157810
512.676192	0.167260
513.366201	0.172090
514.056209	0.172180
514.746217	0.167640
515.436226	0.158850
516.126234	0.146440
516.816242	0.131170
517.506251	0.113870
518.196259	0.095150
518.886267	0.075230
519.576276	0.053880
520.266284	0.030460
520.956292	0.004340
521.646301	-0.024780
522.336309	-0.056490
523.026317	-0.089540
523.716326	-0.122000
524.406334	-0.151680
525.096342	-0.176530
525.786351	-0.195050
526.476359	-0.206400
527.166367	-0.210420
527.856376	-0.207510
528.546384	-0.198480
529.236392	-0.184310
529.926401	-0.166120
530.616409	-0.144930
531.306417	-0.121500
531.996426	-0.096200
532.686434	-0.069060
533.376442	-0.039940
534.066451	-0.008780
534.756459	0.024210
535.446467	0.058420
536.136476	0.092830
536.826484	0.126240
537.516492	0.157450
538.206501	0.185400
538.896509	0.209380
539.586517	0.229060
540.276526	0.244410
540.966534	0.255510
541.656542	0.262300
542.346551	0.264400
543.036559	0.261140
543.726567	0.251810
544.416576	0.236140
545.106584	0.214590
545.796592	0.188270
546.486601	0.158610
547.176609	0.127050
547.866617	0.094680
548.556626	0.062260
549.246634	0.030480
549.936643	0.000160
550.626651	-0.027790
551.316659	-0.052630
552.006668	-0.074070
552.696676	-0.092400
553.386684	-0.108500
554.076693	-0.123630
554.766701	-0.139220
555.456709	-0.156640
556.146718	-0.176990
556.836726	-0.200910
557.526734	-0.228390
558.216743	-0.258610
558.906751	-0.289880
559.596759	-0.319660
560.286768	-0.344970
560.976776	-0.362910
561.666784	-0.371210
562.356793	-0.368700
563.046801	-0.355410
563.736809	-0.332330
564.426818	-0.300900
565.116826	-0.262730
565.806834	-0.219340
566.496843	-0.172160
567.186851	-0.122660
567.876859	-0.072360
568.566868	-0.022800
569.256876	0.024660
569.946884	0.068980
570.636893	0.109470
571.326901	0.145840
572.016909	0.178120
572.706918	0.206410
573.396926	0.230880
574.086934	0.251620
574.776943	0.268640
575.466951	0.281900
576.156959	0.291360
576.846968	0.297070
577.536976	0.299210
578.226984	0.298040
578.916993	0.293830
579.607001	0.286670
580.297009	0.276320
580.987018	0.262170
581.677026	0.243370
582.367034	0.219010
583.057043	0.188410
583.747051	0.151270
584.437059	0.107750
585.127068	0.058430
585.817076	0.004260
586.507084	-0.053450
587.197093	-0.112980
587.887101	-0.172070
588.577109	-0.228040
589.267118	-0.277810
589.957126	-0.318230
590.647134	-0.346390
591.337143	-0.360070
592.027151	-0.358170
592.717159	-0.341200
593.407168	-0.311300
594.097176	-0.271970
594.787184	-0.227550
595.477193	-0.182490
596.167201	-0.140790
596.857209	-0.105610
597.547218	-0.079100
598.237226	-0.062330
598.927234	-0.055240
599.617243	-0.056650
600.307251	-0.064360
600.997259	-0.075380
601.687268	-0.086320
602.377276	-0.093820
603.067284	-0.095190
603.757293	-0.088950
604.447301	-0.075200
605.137309	-0.055440
605.827318	-0.032030
606.517326	-0.007410
607.207334	0.016460
607.897343	0.038400
608.587351	0.057960
609.277359	0.075160
609.967368	0.090290
610.657376	0.103770
611.347384	0.115980
612.037393	0.127090
612.727401	0.137030
613.417409	0.145640
614.107418	0.152940
614.797426	0.159450
615.487434	0.166270
616.177443	0.174870
616.867451	0.186600
617.557459	0.202020
618.247468	0.220540
618.937476	0.240360
619.627484	0.258910
620.317493	0.273460
621.007501	0.281770
621.697509	0.282520
622.387518	0.275330
623.077526	0.260540
623.767534	0.238980
624.457543	0.211630
625.147551	0.179390
625.837559	0.142880
626.527568	0.102340
627.217576	0.057650
627.907584	0.008480
628.597593	-0.045480
629.287601	-0.104290
629.977609	-0.167480
630.667618	-0.233930
631.357626	-0.301760
632.047634	-0.368290
632.737643	-0.430120
633.427651	-0.483320
634.117659	-0.523720
634.807668	-0.547250
635.497676	-0.550380
636.187684	-0.530490
636.877693	-0.486400
637.567701	-0.418910
638.257709	-0.331300
638.947718	-0.229340
639.637726	-0.120550
640.327734	-0.013100
641.017743	0.085510
641.707751	0.169700
642.397759	0.236240
643.087768	0.284160
643.777776	0.314210
644.467784	0.328250
645.157793	0.328700
645.847801	0.318130
646.537809	0.299080
647.227818	0.273950
647.917826	0.244930
648.607834	0.213970
649.297843	0.182750
649.987851	0.152590
650.677859	0.124380
651.367868	0.098670
652.057876	0.075640
652.747884	0.055170
653.437893	0.036950
654.127901	0.020590
654.817909	0.005790
655.507918	-0.007500
656.197926	-0.019150
656.887934	-0.028770
657.577943	-0.035840
658.267951	-0.039780
658.957959	-0.040320
659.647968	-0.037590
660.337976	-0.032150
661.027984	-0.024960
661.717993	-0.017180
662.408001	-0.009790
663.098009	-0.003440
663.788018	0.001510
664.478026	0.005000
665.168034	0.007090
665.858043	0.007980
666.548051	0.007880
667.238059	0.007100
667.928068	0.005970
668.618076	0.004840
669.308084	0.004070
669.998093	0.003890
670.688101	0.004390
671.378109	0.005510
672.068118	0.007050
672.758126	0.008840
673.448134	0.010770
674.138143	0.012830
674.828151	0.015050
675.518159	0.017430
676.208168	0.019890
676.898176	0.022210
677.588184	0.023990
678.278193	0.024610
678.968201	0.023310
679.658209	0.019310
680.348218	0.012000
681.038226	0.001110
681.728234	-0.013200
682.418243	-0.030380
683.108251	-0.049420
683.798259	-0.069090
684.488268	-0.087980
685.178276	-0.104650
685.868284	-0.117890
686.558293	-0.126760
687.248301	-0.130660
687.938309	-0.129420
688.628318	-0.123120
689.318326	-0.112030
690.008334	-0.096530
690.698343	-0.077050
691.388351	-0.054040
692.078359	-0.028140
692.768368	-0.000190
693.458376	0.028700
694.148384	0.057160
694.838393	0.083620
695.528401	0.106520
696.218409	0.124480
696.908418	0.136500
697.598426	0.141970
698.288434	0.140710
698.978443	0.132960
699.668451	0.119250
700.358459	0.100370
701.048468	0.077320
701.738476	0.051290
702.428484	0.023600
703.118493	-0.004390
703.808501	-0.031340
704.498509	-0.055980
705.188518	-0.077240
705.878526	-0.094280
706.568534	-0.106460
707.258543	-0.113330
707.948551	-0.114640
708.638559	-0.110440
709.328568	-0.101230
710.018576	-0.087980
710.708584	-0.072130
711.398593	-0.055360
712.088601	-0.039360
712.778609	-0.025500
713.468618	-0.014640
714.158626	-0.007050
714.848634	-0.002460
715.538643	-0.000210
716.228651	0.000650
716.918659	0.001090
717.608668	0.001960
718.298676	0.003870
718.988684	0.007070
719.678693	0.011430
720.368701	0.016370
721.058709	0.021010
721.748718	0.024360
722.438726	0.025510
723.128734	0.023850
723.818743	0.019270
724.508751	0.012170
725.198759	0.003360
725.888768	-0.006160
726.578776	-0.015420
727.268784	-0.023620
727.958793	-0.030280
728.648801	-0.035140
729.338809	-0.038110
730.028818	-0.039190
730.718826	-0.038420
731.408834	-0.035840
732.098843	-0.031530
732.788851	-0.025690
733.478859	-0.018560
734.168868	-0.010410
734.858876	-0.001470
735.548884	0.008150
736.238893	0.018510
736.928901	0.029670
737.618909	0.041740
738.308918	0.054760
738.998926	0.068720
739.688934	0.083460
740.378943	0.098670
741.068951	0.113860
741.758959	0.128310
742.448968	0.141140
743.138976	0.151260
743.828984	0.157580
744.518993	0.159050
745.209001	0.154860
745.899009	0.144660
746.589018	0.128690
747.279026	0.107880
747.969034	0.083880
748.659043	0.059030
749.349051	0.036070
750.039059	0.017740
750.729068	0.006340
751.419076	0.003280
752.109084	0.008770
752.799093	0.021930
753.489101	0.040990
754.179109	0.063640
754.869118	0.087170
755.559126	0.108750
756.249134	0.125380
756.939143	0.134090
757.629151	0.132190
758.319159	0.117780
759.009168	0.090340
759.699176	0.051190
760.389184	0.003320
761.079193	-0.049140
761.769201	-0.101810
762.459209	-0.150960
763.149218	-0.194150
763.839226	-0.230220
764.529234	-0.259070
765.219243	-0.281260
765.909251	-0.297610
766.599259	-0.308880
767.289268	-0.315600
767.979276	-0.318000
768.669285	-0.316050
769.359293	-0.309560
770.049301	-0.298230
770.739310	-0.281870
771.429318	-0.260390
772.119326	-0.233880
772.809335	-0.202670
773.499343	-0.167290
774.189351	-0.128470
774.879360	-0.087100
775.569368	-0.044140
776.259376	-0.000620
776.949385	0.042450
777.639393	0.084120
778.329401	0.123600
779.019410	0.160300
779.709418	0.193820
780.399426	0.223910
781.089435	0.250430
781.779443	0.273260
782.469451	0.292200
783.159460	0.306980
783.849468	0.317270
784.539476	0.322720
785.229485	0.323030
785.919493	0.318020
786.609501	0.307650
787.299510	0.292090
787.989518	0.271690
788.679526	0.247040
789.369535	0.218910
790.059543	0.188170
790.749551	0.155640
791.439560	0.121930
792.129568	0.087470
792.819576	0.052650
793.509585	0.017920
794.199593	-0.016120
794.889601	-0.048760
795.579610	-0.079170
796.269618	-0.106620
796.959626	-0.130670
797.649635	-0.151180
798.339643	-0.168360
799.029651	-0.182610
799.719660	-0.194470
800.409668	-0.204450
801.099676	-0.212960
801.789685	-0.220470
802.479693	-0.227560
803.169701	-0.234790
803.859710	-0.242540
804.549718	-0.250860
805.239726	-0.259270
805.929735	-0.266790
806.619743	-0.271950
807.309751	-0.272990
807.999760	-0.267990
808.689768	-0.255170
809.379776	-0.233150
810.069785	-0.201300
810.759793	-0.159870
811.449801	-0.110090
812.139810	-0.054100
812.829818	0.005360
813.519826	0.065210
814.209835	0.122400
814.899843	0.174230
815.589851	0.218550
816.279860	0.253890
816.969868	0.279410
817.659876	0.294770
818.349885	0.300020
819.039893	0.295540
819.729901	0.281990
820.419910	0.260330
821.109918	0.231760
821.799926	0.197670
822.489935	0.159410
823.179943	0.118220
823.869951	0.075160
824.559960	0.030990
825.249968	-0.013680
825.939976	-0.058330
826.629985	-0.102380
827.319993	-0.145200
828.010001	-0.186050
828.700010	-0.223940
829.390018	-0.257510
830.080026	-0.285030
830.770035	-0.304360
831.460043	-0.313230
832.150051	-0.309710
832.840060	-0.292740
833.530068	-0.262470
834.220076	-0.220440
834.910085	-0.169210
835.600093	-0.111810
836.290101	-0.051080
836.980110	0.010810
837.670118	0.072360
838.360126	0.132300
839.050135	0.189010
839.740143	0.240500
840.430151	0.284590
841.120160	0.319410
841.810168	0.343630
842.500176	0.356480
843.190185	0.357440
843.880193	0.346060
844.570201	0.321900
845.260210	0.284820
845.950218	0.235390
846.640226	0.175020
847.330235	0.105910
848.020243	0.030980
848.710251	-0.046300
849.400260	-0.122310
850.090268	-0.193670
850.780276	-0.257570
851.470285	-0.311930
852.160293	-0.355260
852.850301	-0.386350
853.540310	-0.403860
854.230318	-0.406220
854.920326	-0.391860
855.610335	-0.359710
856.300343	-0.309920
856.990351	-0.244690
857.680360	-0.168600
858.370368	-0.087990
859.060376	-0.009610
859.750385	0.060830
860.440393	0.119890
861.130401	0.166890
861.820410	0.203460
862.510418	0.232500
863.200426	0.257010
863.890435	0.279110
864.580443	0.299450
865.270451	0.317140
865.960460	0.330200
866.650468	0.336230
867.340476	0.333100
868.030485	0.319560
868.720493	0.295290
869.410501	0.260760
870.100510	0.217100
870.790518	0.165880
871.480526	0.108960
872.170535	0.048320
872.860543	-0.014020
873.550551	-0.076160
874.240560	-0.136320
874.930568	-0.192840
875.620576	-0.244170
876.310585	-0.288840
877.000593	-0.325460
877.690601	-0.352720
878.380610	-0.369490
879.070618	-0.374910
879.760626	-0.368480
880.450635	-0.350060
881.140643	-0.320000
881.830651	-0.279220
882.520660	-0.229280
883.210668	-0.172470
883.900676	-0.111770
884.590685	-0.050640
885.280693	0.007310
885.970701	0.058770
886.660710	0.101190
887.350718	0.133150
888.040726	0.154550
888.730735	0.166470
889.420743	0.170840
890.110751	0.169970
890.800760	0.166070
891.490768	0.160900
892.180776	0.155690
892.870785	0.151070
893.560793	0.147220
894.250801	0.143910
894.940810	0.140540
895.630818	0.136340
896.320826	0.130440
897.010835	0.122020
897.700843	0.110480
898.390851	0.095520
899.080860	0.077220
899.770868	0.055980
900.460876	0.032660
901.150885	0.008610
901.840893	-0.014530
902.530901	-0.035130
903.220910	-0.051770
903.910918	-0.063460
904.600926	-0.069700
905.290935	-0.070290
905.980943	-0.065290
906.670951	-0.055070
907.360960	-0.040430
908.050968	-0.022650
908.740976	-0.003390
909.430985	0.015570
910.120993	0.032730
910.811001	0.046910
911.501010	0.057310
912.191018	0.063440
912.881026	0.065150
913.571035	0.062580
914.261043	0.056200
914.951051	0.046780
915.641060	0.035260
916.331068	0.022650
917.021076	0.009880
917.711085	-0.002160
918.401093	-0.012690
919.091101	-0.020940
919.781110	-0.026270
920.471118	-0.028190
921.161126	-0.026470
921.851135	-0.021170
922.541143	-0.012760
923.231151	-0.002050
923.921160	0.009770
924.611168	0.021420
925.301176	0.031520
925.991185	0.038900
926.681193	0.042660
927.371201	0.042280
928.061210	0.037670
928.751218	0.029080
929.441226	0.017110
930.131235	0.002640
930.821243	-0.013180
931.511251	-0.029090
932.201260	-0.043780
932.891268	-0.056020
933.581276	-0.064900
934.271285	-0.069940
934.961293	-0.071190
935.651301	-0.069180
936.341310	-0.064780
937.031318	-0.059120
937.721326	-0.053360
938.411335	-0.048480
939.101343	-0.045220
939.791351	-0.043960
940.481360	-0.044580
941.171368	-0.046560
941.861376	-0.049240
942.551385	-0.051860
943.241393	-0.053730
943.931401	-0.054340
944.621410	-0.053340
945.311418	-0.050560
946.001426	-0.046140
946.691435	-0.040470
947.381443	-0.034200
948.071451	-0.028020
948.761460	-0.022530
949.451468	-0.018090
950.141476	-0.014790
950.831485	-0.012460
951.521493	-0.010790
952.211501	-0.009450
952.901510	-0.008040
953.591518	-0.006100
954.281526	-0.003040
954.971535	0.001780
955.661543	0.009020
956.351551	0.019050
957.041560	0.031890
957.731568	0.047170
958.421576	0.064240
959.111585	0.082210
959.801593	0.100160
960.491601	0.117140
961.181610	0.132160
961.871618	0.144080
962.561626	0.151700
963.251635	0.153790
963.941643	0.149270
964.631651	0.137420
965.321660	0.118080
966.011668	0.091820
966.701676	0.059910
967.391685	0.024190
968.081693	-0.013000
968.771701	-0.049150
969.461710	-0.081810
970.151718	-0.108920
970.841726	-0.129120
971.531735	-0.141850
972.221743	-0.147300
972.911751	-0.146260
973.601760	-0.139800
974.291768	-0.129090
974.981776	-0.115310
975.671785	-0.099680
976.361793	-0.083420
977.051801	-0.067790
977.741810	-0.053910
978.431818	-0.042760
979.121826	-0.035000
979.811835	-0.030900
980.501843	-0.030350
981.191851	-0.032910
981.881860	-0.037860
982.571868	-0.044340
983.261876	-0.051480
983.951885	-0.058470
984.641893	-0.064570
985.331901	-0.069150
986.021910	-0.071710
986.711918	-0.071970
987.401926	-0.069950
988.091935	-0.066000
988.781943	-0.060730
989.471952	-0.054740
990.161960	-0.048430
990.851968	-0.041840
991.541977	-0.034650
992.231985	-0.026320
992.921993	-0.016220
993.612002	-0.003790
994.302010	0.011460
994.992018	0.030000
995.682027	0.052090
996.372035	0.077780
997.062043	0.106840
997.752052	0.138780
998.442060	0.172960
999.132068	0.208720
999.822077	0.245590
1000.512085	0.283350
1001.202093	0.321970
1001.892102	0.361390
1002.582110	0.401300
1003.272118	0.440890
1003.962127	0.478620
1004.652135	0.512110
1005.342143	0.538280
1006.032152	0.553400
1006.722160	0.553490
1007.412168	0.534780
1008.102177	0.494440
1008.792185	0.431350
1009.482193	0.346740
1010.172202	0.244250
1010.862210	0.129460
1011.552218	0.008930
1012.242227	-0.110680
1012.932235	-0.223600
1013.622243	-0.325410
1014.312252	-0.413220
1015.002260	-0.485480
1015.692268	-0.541740
1016.382277	-0.582300
1017.072285	-0.607820
1017.762293	-0.618990
1018.452302	-0.616550
1019.142310	-0.601230
1019.832318	-0.573870
1020.522327	-0.535510
1021.212335	-0.487500
1021.902343	-0.431520
1022.592352	-0.369490
1023.282360	-0.303560
1023.972368	-0.235880
1024.662377	-0.168530
1025.352385	-0.103400
1026.042393	-0.042110
1026.732402	0.014030
1027.422410	0.064110
1028.112418	0.107630
1028.802427	0.144510
1029.492435	0.175110
1030.182443	0.200100
1030.872452	0.220330
1031.562460	0.236670
1032.252468	0.249740
1032.942477	0.259780
1033.632485	0.266540
1034.322493	0.269240
1035.012502	0.266740
1035.702510	0.257740
1036.392518	0.241010
1037.082527	0.215730
1037.772535	0.181710
1038.462543	0.139530
1039.152552	0.090460
1039.842560	0.036270
1040.532568	-0.021180
1041.222577	-0.080120
1041.912585	-0.138950
1042.602593	-0.196150
1043.292602	-0.250050
1043.982610	-0.298770
1044.672618	-0.340260
1045.362627	-0.372620
1046.052635	-0.394210
1046.742643	-0.403780
1047.432652	-0.400500
1048.122660	-0.383920
1048.812668	-0.353920
1049.502677	-0.310940
1050.192685	-0.256240
1050.882693	-0.192040
1051.572702	-0.121460
1052.262710	-0.048100
1052.952718	0.024400
1053.642727	0.093000
1054.332735	0.155450
1055.022743	0.210420
1055.712752	0.257410
1056.402760	0.296490
1057.092768	0.328210
1057.782777	0.353380
1058.472785	0.372910
1059.162793	0.387510
1059.852802	0.397520
1060.542810	0.402810
1061.232818	0.402790
1061.922827	0.396640
