0.000000	-0.073620
0.690008	-0.052420
1.380017	-0.031410
2.070025	-0.010580
2.760033	0.009990
3.450042	0.030060
4.140050	0.049140
4.830058	0.066600
5.520067	0.081880
6.210075	0.094650
6.900083	0.104870
7.590092	0.112740
8.280100	0.118600
8.970108	0.122800
9.660117	0.125610
10.350125	0.127130
11.040133	0.127310
11.730142	0.125860
12.420150	0.122300
13.110158	0.116140
13.800167	0.107090
14.490175	0.095260
15.180183	0.081240
15.870192	0.066070
16.560200	0.050950
17.250208	0.036950
17.940217	0.024820
18.630225	0.014870
19.320233	0.006990
20.010242	0.000730
20.700250	-0.004490
21.390258	-0.009300
22.080267	-0.014080
22.770275	-0.018990
23.460283	-0.023920
24.150292	-0.028600
24.840300	-0.032640
25.530308	-0.035730
26.220317	-0.037630
26.910325	-0.038160
27.600333	-0.037210
28.290342	-0.034710
28.980350	-0.030650
29.670358	-0.025080
30.360367	-0.018120
31.050375	-0.010010
31.740383	-0.001030
32.430392	0.008410
33.120400	0.017920
33.810408	0.027000
34.500417	0.035130
35.190425	0.041820
35.880433	0.046650
36.570442	0.049330
37.260450	0.049790
37.950458	0.048150
38.640467	0.044680
39.330475	0.039700
40.020483	0.033510
40.710492	0.026400
41.400500	0.018720
42.090508	0.010900
42.780517	0.003460
43.470525	-0.003070
44.160533	-0.008340
44.850542	-0.012160
45.540550	-0.014610
46.230558	-0.015960
46.920567	-0.016600
47.610575	-0.017010
48.300583	-0.017700
48.990592	-0.019190
49.680600	-0.021940
50.370608	-0.026230
51.060617	-0.032180
51.750625	-0.039690
52.440633	-0.048510
53.130642	-0.058280
53.820650	-0.068560
54.510658	-0.078720
55.200667	-0.088030
55.890675	-0.095740
56.580683	-0.101060
57.270692	-0.103290
57.960700	-0.101890
58.650708	-0.096530
59.340717	-0.087200
60.030725	-0.074220
60.720733	-0.058270
61.410742	-0.040270
62.100750	-0.021190
62.790758	-0.001950
63.480767	0.016640
64.170775	0.033930
64.860783	0.049340
65.550792	0.062360
66.240800	0.072580
66.930808	0.079740
67.620817	0.083810
68.310825	0.085020
69.000833	0.083740
69.690842	0.080430
70.380850	0.075450
71.070858	0.069060
71.760867	0.061420
72.450875	0.052710
73.140883	0.043200
73.830892	0.033260
74.520900	0.023190
75.210908	0.013260
75.900917	0.003630
76.590925	-0.005570
77.280933	-0.014190
77.970942	-0.022020
78.660950	-0.028870
79.350958	-0.034640
80.040967	-0.039430
80.730975	-0.043520
81.420983	-0.047360
82.110992	-0.051420
82.801000	-0.056090
83.491008	-0.061500
84.181017	-0.067480
84.871025	-0.073440
85.561033	-0.078490
86.251042	-0.081580
86.941050	-0.081700
87.631058	-0.078240
88.321067	-0.071120
89.011075	-0.060830
89.701083	-0.048230
90.391092	-0.034250
91.081100	-0.019810
91.771108	-0.005650
92.461117	0.007600
93.151125	0.019440
93.841133	0.029400
94.531142	0.037130
95.221150	0.042360
95.911158	0.044920
96.601167	0.044860
97.291175	0.042620
97.981183	0.039190
98.671192	0.036060
99.361200	0.035010
100.051208	0.037650
100.741217	0.044970
101.431225	0.057070
102.121233	0.073150
102.811242	0.091770
103.501250	0.111120
104.191258	0.129440
104.881267	0.145140
105.571275	0.156860
106.261283	0.163280
106.951292	0.163110
107.641300	0.155020
108.331308	0.138000
109.021317	0.111720
109.711325	0.076950
110.401334	0.035730
111.091342	-0.008850
111.781350	-0.053150
112.471359	-0.093560
113.161367	-0.127170
113.851375	-0.152010
114.541384	-0.167130
115.231392	-0.172400
115.921400	-0.168260
116.611409	-0.155500
117.301417	-0.135110
117.991425	-0.108320
118.681434	-0.076480
119.371442	-0.041070
120.061450	-0.003650
120.751459	0.034250
121.441467	0.071180
122.131475	0.105730
122.821484	0.136410
123.511492	0.161550
124.201500	0.179290
124.891509	0.187610
125.581517	0.184430
126.271525	0.167870
126.961534	0.136670
127.651542	0.090670
128.341550	0.031550
129.031559	-0.036470
129.721567	-0.106880
130.411575	-0.172050
131.101584	-0.224890
131.791592	-0.260250
132.481600	-0.275920
133.171609	-0.272410
133.861617	-0.252010
134.551625	-0.217780
135.241634	-0.172940
135.931642	-0.120580
136.621650	-0.063590
137.311659	-0.004600
138.001667	0.054030
138.691675	0.110320
139.381684	0.162630
140.071692	0.209650
140.761700	0.250460
141.451709	0.284410
142.141717	0.311100
142.831725	0.330220
143.521734	0.341540
144.211742	0.344900
144.901750	0.340220
145.591759	0.327430
146.281767	0.306480
146.971775	0.277430
147.661784	0.240560
148.351792	0.196500
149.041800	0.146220
149.731809	0.090960
150.421817	0.032110
151.111825	-0.028900
151.801834	-0.090520
152.491842	-0.150990
153.181850	-0.208310
153.871859	-0.260330
154.561867	-0.305080
155.251875	-0.340990
155.941884	-0.367220
156.631892	-0.383660
157.321900	-0.390840
158.011909	-0.389740
158.701917	-0.381550
159.391925	-0.367570
160.081934	-0.349030
160.771942	-0.327040
161.461950	-0.302490
162.151959	-0.276020
162.841967	-0.248120
163.531975	-0.219130
164.221984	-0.189350
164.911992	-0.159140
165.602000	-0.128960
166.292009	-0.099310
166.982017	-0.070680
167.672025	-0.043490
168.362034	-0.018090
169.052042	0.005170
169.742050	0.025830
170.432059	0.043220
171.122067	0.056560
171.812075	0.065240
172.502084	0.069040
173.192092	0.068360
173.882100	0.064160
174.572109	0.057800
175.262117	0.050750
175.952125	0.044280
176.642134	0.039350
177.332142	0.036430
178.022150	0.035490
178.712159	0.036070
179.402167	0.037480
180.092175	0.039060
180.782184	0.040440
181.472192	0.041580
182.162200	0.042720
182.852209	0.044350
183.542217	0.047050
184.232225	0.051480
184.922234	0.058330
185.612242	0.068180
186.302250	0.081280
186.992259	0.097340
187.682267	0.115380
188.372275	0.133950
189.062284	0.151390
189.752292	0.166350
190.442300	0.178050
191.132309	0.186430
191.822317	0.191870
192.512325	0.194950
193.202334	0.196130
193.892342	0.195600
194.582350	0.193270
195.272359	0.188950
195.962367	0.182430
196.652375	0.173510
197.342384	0.162030
198.032392	0.147900
198.722400	0.131150
199.412409	0.111930
200.102417	0.090640
200.792425	0.067860
201.482434	0.044310
202.172442	0.020700
202.862450	-0.002400
203.552459	-0.024650
204.242467	-0.045840
204.932475	-0.065850
205.622484	-0.084460
206.312492	-0.101320
207.002500	-0.115940
207.692509	-0.127840
208.382517	-0.136630
209.072525	-0.142090
209.762534	-0.144190
210.452542	-0.143060
211.142550	-0.139010
211.832559	-0.132540
212.522567	-0.124350
213.212575	-0.115330
213.902584	-0.106470
214.592592	-0.098800
215.282600	-0.093170
215.972609	-0.090220
216.662617	-0.090180
217.352625	-0.092890
218.042634	-0.097790
218.732642	-0.104030
219.422650	-0.110640
220.112659	-0.116670
220.802667	-0.121330
221.492675	-0.124000
222.182684	-0.124340
222.872692	-0.122420
223.562700	-0.118750
224.252709	-0.114130
224.942717	-0.109290
225.632725	-0.104400
226.322734	-0.098790
227.012742	-0.091010
227.702750	-0.079440
228.392759	-0.063040
229.082767	-0.041910
229.772775	-0.017370
230.462784	0.008440
231.152792	0.033370
231.842800	0.055810
232.532809	0.075190
233.222817	0.091910
233.912825	0.106910
234.602834	0.121230
235.292842	0.135530
235.982850	0.149830
236.672859	0.163550
237.362867	0.175660
238.052875	0.184980
238.742884	0.190430
239.432892	0.191290
240.122900	0.187260
240.812909	0.178430
241.502917	0.165080
242.192925	0.147590
242.882934	0.126290
243.572942	0.101570
244.262950	0.073950
244.952959	0.044180
245.642967	0.013350
246.332975	-0.017270
247.022984	-0.046380
247.712992	-0.072770
248.403000	-0.095460
249.093009	-0.113710
249.783017	-0.126970
250.473025	-0.134760
251.163034	-0.136690
251.853042	-0.132580
252.543050	-0.122690
253.233059	-0.107800
253.923067	-0.089200
254.613075	-0.068520
255.303084	-0.047370
255.993092	-0.027080
256.683100	-0.008590
257.373109	0.007590
258.063117	0.021250
258.753125	0.032430
259.443134	0.041350
260.133142	0.048410
260.823150	0.054150
261.513159	0.059110
262.203167	0.063810
262.893175	0.068570
263.583184	0.073540
264.273192	0.078630
264.963200	0.083570
265.653209	0.087990
266.343217	0.091440
267.033225	0.093540
267.723234	0.093990
268.413242	0.092600
269.103250	0.089260
269.793259	0.083950
270.483267	0.076630
271.173275	0.067350
271.863284	0.056190
272.553292	0.043320
273.243300	0.029000
273.933309	0.013560
274.623317	-0.002590
275.313325	-0.019050
276.003334	-0.035320
276.693342	-0.050840
277.383350	-0.065020
278.073359	-0.077230
278.763367	-0.086980
279.453375	-0.093970
280.143384	-0.098120
280.833392	-0.099580
281.523400	-0.098650
282.213409	-0.095760
282.903417	-0.091400
283.593425	-0.086090
284.283434	-0.080310
284.973442	-0.074480
285.663450	-0.068900
286.353459	-0.063760
287.043467	-0.059130
287.733475	-0.055070
288.423484	-0.051590
289.113492	-0.048690
289.803500	-0.046370
290.493509	-0.044570
291.183517	-0.043210
291.873525	-0.042210
292.563534	-0.041530
293.253542	-0.041130
293.943550	-0.041050
294.633559	-0.041300
295.323567	-0.041850
296.013575	-0.042580
296.703584	-0.043230
297.393592	-0.043450
298.083600	-0.042850
298.773609	-0.041060
299.463617	-0.037860
300.153625	-0.033130
300.843634	-0.026880
301.533642	-0.019230
302.223650	-0.010340
302.913659	-0.000490
303.603667	0.010000
304.293675	0.020660
304.983684	0.030950
305.673692	0.040360
306.363700	0.048420
307.053709	0.054810
307.743717	0.059360
308.433725	0.062050
309.123734	0.063090
309.813742	0.062810
310.503750	0.061670
311.193759	0.060140
311.883767	0.058570
312.573775	0.057110
313.263784	0.055680
313.953792	0.054010
314.643800	0.051840
315.333809	0.048940
316.023817	0.045190
316.713825	0.040530
317.403834	0.034860
318.093842	0.028030
318.783850	0.019810
319.473859	0.010030
320.163867	-0.001350
320.853875	-0.014110
321.543884	-0.027820
322.233892	-0.041900
322.923900	-0.055820
323.613909	-0.069170
324.303917	-0.081690
324.993925	-0.093120
325.683934	-0.103020
326.373942	-0.110750
327.063950	-0.115520
327.753959	-0.116720
328.443967	-0.114150
329.133975	-0.108290
329.823984	-0.100200
330.513992	-0.091370
331.204001	-0.083400
331.894009	-0.077700
332.584017	-0.075330
333.274026	-0.076830
333.964034	-0.082180
334.654042	-0.090750
335.344051	-0.101240
336.034059	-0.111730
336.724067	-0.119820
337.414076	-0.122970
338.104084	-0.118950
338.794092	-0.106210
339.484101	-0.084120
340.174109	-0.053000
340.864117	-0.013810
341.554126	0.032080
342.244134	0.083310
342.934142	0.138620
343.624151	0.196980
344.314159	0.257580
345.004167	0.319680
345.694176	0.382370
346.384184	0.444390
347.074192	0.503960
347.764201	0.558790
348.454209	0.606270
349.144217	0.643620
349.834226	0.668100
350.524234	0.676900
351.214242	0.666940
351.904251	0.634770
352.594259	0.576850
353.284267	0.490250
353.974276	0.374110
354.664284	0.231520
355.354292	0.070870
356.044301	-0.095190
356.734309	-0.252410
357.424317	-0.387940
358.114326	-0.493130
358.804334	-0.565200
359.494342	-0.606270
360.184351	-0.621370
360.874359	-0.616600
361.564367	-0.597690
362.254376	-0.569250
362.944384	-0.534590
363.634392	-0.495860
364.324401	-0.454450
365.014409	-0.411330
365.704417	-0.367320
366.394426	-0.323230
367.084434	-0.279720
367.774442	-0.237350
368.464451	-0.196570
369.154459	-0.157710
369.844467	-0.120980
370.534476	-0.086540
371.224484	-0.054560
371.914492	-0.025160
372.604501	0.001520
373.294509	0.025290
373.984517	0.045990
374.674526	0.063540
375.364534	0.077980
376.054542	0.089460
376.744551	0.098220
377.434559	0.104560
378.124567	0.108750
378.814576	0.111040
379.504584	0.111690
380.194592	0.110960
380.884601	0.109110
381.574609	0.106400
382.264617	0.103030
382.954626	0.099150
383.644634	0.094820
384.334642	0.089980
385.024651	0.084480
385.714659	0.078120
386.404667	0.070720
387.094676	0.062150
387.784684	0.052460
388.474692	0.041830
389.164701	0.030580
389.854709	0.019060
390.544717	0.007620
391.234726	-0.003400
391.924734	-0.013740
392.614742	-0.023170
393.304751	-0.031450
393.994759	-0.038380
394.684767	-0.043850
395.374776	-0.047850
396.064784	-0.050460
396.754792	-0.051900
397.444801	-0.052400
398.134809	-0.052240
398.824817	-0.051640
399.514826	-0.050760
400.204834	-0.049600
400.894842	-0.047940
401.584851	-0.045330
402.274859	-0.041190
402.964867	-0.034920
403.654876	-0.026140
404.344884	-0.014730
405.034892	-0.000880
405.724901	0.014920
406.414909	0.032090
407.104917	0.049910
407.794926	0.067580
408.484934	0.084320
409.174942	0.099340
409.864951	0.111920
410.554959	0.121490
411.244967	0.127720
411.934976	0.130450
412.624984	0.129760
413.314992	0.125940
414.005001	0.119490
414.695009	0.110930
415.385017	0.100710
416.075026	0.089310
416.765034	0.077100
417.455042	0.064360
418.145051	0.051450
418.835059	0.038830
419.525067	0.026920
420.215076	0.016060
420.905084	0.006530
421.595092	-0.001530
422.285101	-0.008190
422.975109	-0.013660
423.665117	-0.018270
424.355126	-0.022500
425.045134	-0.026910
425.735142	-0.032090
426.425151	-0.038550
427.115159	-0.046680
427.805167	-0.056700
428.495176	-0.068650
429.185184	-0.082390
429.875192	-0.097600
430.565201	-0.113980
431.255209	-0.131260
431.945217	-0.149220
432.635226	-0.167630
433.325234	-0.186200
434.015242	-0.204510
434.705251	-0.221960
435.395259	-0.237820
436.085267	-0.251220
436.775276	-0.261110
437.465284	-0.266200
438.155292	-0.265060
438.845301	-0.256230
439.535309	-0.238540
440.225317	-0.211400
440.915326	-0.174980
441.605334	-0.130230
442.295342	-0.078620
442.985351	-0.021940
443.675359	0.037920
444.365367	0.098990
445.055376	0.159180
445.745384	0.216370
446.435392	0.268620
447.125401	0.314330
447.815409	0.352480
448.505417	0.382590
449.195426	0.404570
449.885434	0.418580
450.575442	0.424850
451.265451	0.423680
451.955459	0.415490
452.645467	0.400820
453.335476	0.380380
454.025484	0.355060
454.715492	0.325870
455.405501	0.293890
456.095509	0.260210
456.785517	0.225860
457.475526	0.191710
458.165534	0.158370
458.855542	0.126100
459.545551	0.094880
460.235559	0.064420
460.925567	0.034200
461.615576	0.003540
462.305584	-0.028480
462.995592	-0.063110
463.685601	-0.101730
464.375609	-0.145700
465.065617	-0.196070
465.755626	-0.253290
466.445634	-0.317120
467.135642	-0.386550
467.825651	-0.459900
468.515659	-0.534850
469.205667	-0.608520
469.895676	-0.677440
470.585684	-0.737650
471.275692	-0.784700
471.965701	-0.813700
472.655709	-0.819550
473.345717	-0.797260
474.035726	-0.742650
474.725734	-0.653450
475.415742	-0.530840
476.105751	-0.380720
476.795759	-0.213400
477.485767	-0.041690
478.175776	0.121610
478.865784	0.266200
479.555792	0.385830
480.245801	0.478200
480.935809	0.543620
481.625817	0.583950
482.315826	0.601790
483.005834	0.600160
483.695842	0.582240
484.385851	0.551330
485.075859	0.510660
485.765867	0.463350
486.455876	0.412340
487.145884	0.360300
487.835892	0.309400
488.525901	0.261160
489.215909	0.216350
489.905917	0.175140
490.595926	0.137270
491.285934	0.102290
491.975942	0.069720
492.665951	0.039220
493.355959	0.010560
494.045967	-0.016270
494.735976	-0.041150
495.425984	-0.063690
496.115992	-0.083370
496.806001	-0.099560
497.496009	-0.111630
498.186017	-0.119030
498.876026	-0.121260
499.566034	-0.117940
500.256042	-0.108870
500.946051	-0.094120
501.636059	-0.074140
502.326067	-0.049770
503.016076	-0.022230
503.706084	0.007070
504.396092	0.036680
505.086101	0.065160
505.776109	0.091200
506.466117	0.113660
507.156126	0.131570
507.846134	0.144300
508.536142	0.151540
509.226151	0.153280
509.916159	0.149770
510.606167	0.141480
511.296176	0.129010
511.986184	0.113040
512.676192	0.094340
513.366201	0.073670
514.056209	0.051730
514.746217	0.029120
515.436226	0.006410
516.126234	-0.015930
516.816242	-0.037600
517.506251	-0.058370
518.196259	-0.078100
518.886267	-0.096690
519.576276	-0.114000
520.266284	-0.129800
520.956292	-0.143710
521.646301	-0.155210
522.336309	-0.163770
523.026317	-0.168870
523.716326	-0.170170
524.406334	-0.167570
525.096342	-0.161170
525.786351	-0.151320
526.476359	-0.138390
527.166367	-0.122810
527.856376	-0.105140
528.546384	-0.085960
529.236392	-0.066000
529.926401	-0.046130
530.616409	-0.027360
531.306417	-0.010830
531.996426	0.002330
532.686434	0.011070
533.376442	0.014560
534.066451	0.012350
534.756459	0.004310
535.446467	-0.009270
536.136476	-0.027730
536.826484	-0.049920
537.516492	-0.074290
538.206501	-0.099010
538.896509	-0.122120
539.586517	-0.141810
540.276526	-0.156600
540.966534	-0.165420
541.656542	-0.167640
542.346551	-0.163060
543.036559	-0.151900
543.726567	-0.134850
544.416576	-0.113010
545.106584	-0.087890
545.796592	-0.061140
546.486601	-0.034360
547.176609	-0.008810
547.866617	0.014650
548.556626	0.035700
549.246634	0.054430
549.936643	0.071290
550.626651	0.086860
551.316659	0.101690
552.006668	0.116070
552.696676	0.129910
553.386684	0.142780
554.076693	0.153960
554.766701	0.162660
555.456709	0.168220
556.146718	0.170290
556.836726	0.168880
557.526734	0.164530
558.216743	0.158280
558.906751	0.151580
559.596759	0.146010
560.286768	0.142980
560.976776	0.143350
561.666784	0.147200
562.356793	0.153750
563.046801	0.161420
563.736809	0.168020
564.426818	0.171040
565.116826	0.167900
565.806834	0.156350
566.496843	0.134800
567.186851	0.102590
567.876859	0.060140
568.566868	0.008800
569.256876	-0.049160
569.946884	-0.110790
570.636893	-0.172410
571.326901	-0.229920
572.016909	-0.279150
572.706918	-0.316420
573.396926	-0.339120
574.086934	-0.345970
574.776943	-0.336900
575.466951	-0.312840
576.156959	-0.275260
576.846968	-0.226010
577.536976	-0.167250
578.226984	-0.101430
578.916993	-0.031320
579.607001	0.040170
580.297009	0.110090
580.987018	0.175530
581.677026	0.233790
582.367034	0.282420
583.057043	0.319340
583.747051	0.343000
584.437059	0.352470
585.127068	0.347520
585.817076	0.328720
586.507084	0.297550
587.197093	0.256630
587.887101	0.209680
588.577109	0.161040
589.267118	0.115140
589.957126	0.075580
590.647134	0.044480
591.337143	0.022050
592.027151	0.006940
592.717159	-0.003200
593.407168	-0.010960
594.097176	-0.018370
594.787184	-0.026560
595.477193	-0.035950
596.167201	-0.046790
596.857209	-0.059540
597.547218	-0.075010
598.237226	-0.094110
598.927234	-0.117140
599.617243	-0.143350
600.307251	-0.170820
600.997259	-0.196900
601.687268	-0.218850
602.377276	-0.234460
603.067284	-0.242510
603.757293	-0.242830
604.447301	-0.236110
605.137309	-0.223520
605.827318	-0.206500
606.517326	-0.186480
607.207334	-0.164810
607.897343	-0.142630
608.587351	-0.120880
609.277359	-0.100220
609.967368	-0.081040
610.657376	-0.063470
611.347384	-0.047470
612.037393	-0.032810
612.727401	-0.019260
613.417409	-0.006600
614.107418	0.005270
614.797426	0.016280
615.487434	0.026230
616.177443	0.034830
616.867451	0.041800
617.557459	0.046930
618.247468	0.050110
618.937476	0.051330
619.627484	0.050690
620.317493	0.048340
621.007501	0.044480
621.697509	0.039350
622.387518	0.033190
623.077526	0.026260
623.767534	0.018840
624.457543	0.011240
625.147551	0.003780
625.837559	-0.003160
626.527568	-0.009220
627.217576	-0.014000
627.907584	-0.017150
628.597593	-0.018410
629.287601	-0.017620
629.977609	-0.014790
630.667618	-0.010030
631.357626	-0.003560
632.047634	0.004330
632.737643	0.013290
633.427651	0.022870
634.117659	0.032580
634.807668	0.041880
635.497676	0.050270
636.187684	0.057300
636.877693	0.062550
637.567701	0.065690
638.257709	0.066460
638.947718	0.064690
639.637726	0.060410
640.327734	0.053830
641.017743	0.045420
641.707751	0.035880
642.397759	0.026010
643.087768	0.016610
643.777776	0.008370
644.467784	0.001790
645.157793	-0.002860
645.847801	-0.005570
646.537809	-0.006480
647.227818	-0.005880
647.917826	-0.004170
648.607834	-0.001800
649.297843	0.000790
649.987851	0.003290
650.677859	0.005420
651.367868	0.007050
652.057876	0.008110
652.747884	0.008660
653.437893	0.008730
654.127901	0.008440
654.817909	0.007940
655.507918	0.007420
656.197926	0.007070
656.887934	0.007070
657.577943	0.007550
658.267951	0.008470
658.957959	0.009730
659.647968	0.011120
660.337976	0.012430
661.027984	0.013440
661.717993	0.014040
662.408001	0.014190
663.098009	0.013940
663.788018	0.013350
664.478026	0.012460
665.168034	0.011270
665.858043	0.009680
666.548051	0.007520
667.238059	0.004600
667.928068	0.000760
668.618076	-0.004120
669.308084	-0.010130
669.998093	-0.017230
670.688101	-0.025360
671.378109	-0.034360
672.068118	-0.044040
672.758126	-0.054150
673.448134	-0.064360
674.138143	-0.074320
674.828151	-0.083560
675.518159	-0.091490
676.208168	-0.097420
676.898176	-0.100490
677.588184	-0.099740
678.278193	-0.094180
678.968201	-0.082950
679.658209	-0.065500
680.348218	-0.041910
681.038226	-0.013050
681.728234	0.019460
682.418243	0.053490
683.108251	0.086830
683.798259	0.117630
684.488268	0.144700
685.178276	0.167570
685.868284	0.186290
686.558293	0.201240
687.248301	0.212970
687.938309	0.222030
688.628318	0.228980
689.318326	0.234330
690.008334	0.238560
690.698343	0.242200
691.388351	0.245760
692.078359	0.249760
692.768368	0.254590
693.458376	0.260360
694.148384	0.266760
694.838393	0.272890
695.528401	0.277340
696.218409	0.278260
696.908418	0.273570
697.598426	0.261240
698.288434	0.239470
698.978443	0.206780
699.668451	0.162020
700.358459	0.104310
701.048468	0.033070
701.738476	-0.052030
702.428484	-0.150970
703.118493	-0.263210
703.808501	-0.387580
704.498509	-0.522120
705.188518	-0.663980
705.878526	-0.809260
706.568534	-0.952940
707.258543	-1.088730
707.948551	-1.209110
708.638559	-1.305330
709.328568	-1.367720
710.018576	-1.386040
710.708584	-1.350250
711.398593	-1.251470
712.088601	-1.083670
712.778609	-0.845890
713.468618	-0.545100
714.158626	-0.090770
714.848634	0.326350
715.538643	0.707930
716.228651	0.801630
716.918659	1.035460
717.608668	1.199070
718.298676	1.293980
718.988684	1.327070
719.678693	1.308320
720.368701	1.249010
721.058709	1.160320
721.748718	1.052440
722.438726	0.934030
723.128734	0.812040
723.818743	0.691680
724.508751	0.576600
725.198759	0.469130
725.888768	0.370520
726.578776	0.281230
727.268784	0.201160
727.958793	0.129950
728.648801	0.067020
729.338809	0.011770
730.028818	-0.036390
730.718826	-0.078000
731.408834	-0.113400
732.098843	-0.142840
732.788851	-0.166430
733.478859	-0.184260
734.168868	-0.196510
734.858876	-0.203550
735.548884	-0.205950
736.238893	-0.204370
736.928901	-0.199430
737.618909	-0.191570
738.308918	-0.181040
738.998926	-0.167960
739.688934	-0.152600
740.378943	-0.135500
741.068951	-0.117500
741.758959	-0.099560
742.448968	-0.082600
743.138976	-0.067210
743.828984	-0.053530
744.518993	-0.041290
745.209001	-0.029900
745.899009	-0.018640
746.589018	-0.006880
747.279026	0.005700
747.969034	0.019090
748.659043	0.032870
749.349051	0.046390
750.039059	0.058930
750.729068	0.069840
751.419076	0.078580
752.109084	0.084810
752.799093	0.088320
753.489101	0.089050
754.179109	0.087040
754.869118	0.082440
755.559126	0.075550
756.249134	0.066820
756.939143	0.056860
757.629151	0.046380
758.319159	0.036060
759.009168	0.026460
759.699176	0.017820
760.389184	0.010010
761.079193	0.002600
761.769201	-0.005010
762.459209	-0.013520
763.149218	-0.023470
763.839226	-0.035190
764.529234	-0.048710
765.219243	-0.063770
765.909251	-0.079830
766.599259	-0.096030
767.289268	-0.111290
767.979276	-0.124440
768.669285	-0.134300
769.359293	-0.139970
770.049301	-0.140920
770.739310	-0.137100
771.429318	-0.128970
772.119326	-0.117360
772.809335	-0.103340
773.499343	-0.088090
774.189351	-0.072710
774.879360	-0.058160
775.569368	-0.045170
776.259376	-0.034170
776.949385	-0.025370
777.639393	-0.018760
778.329401	-0.014140
779.019410	-0.011200
779.709418	-0.009650
780.399426	-0.009210
781.089435	-0.009760
781.779443	-0.011320
782.469451	-0.013980
783.159460	-0.017780
783.849468	-0.022650
784.539476	-0.028370
785.229485	-0.034600
785.919493	-0.040990
786.609501	-0.047230
787.299510	-0.053080
787.989518	-0.058470
788.679526	-0.063350
789.369535	-0.067670
790.059543	-0.071210
790.749551	-0.073530
791.439560	-0.074060
792.129568	-0.072210
792.819576	-0.067520
793.509585	-0.059790
794.199593	-0.049130
794.889601	-0.035930
795.579610	-0.020750
796.269618	-0.004240
796.959626	0.012860
797.649635	0.029760
798.339643	0.045600
799.029651	0.059580
799.719660	0.071140
800.409668	0.080070
801.099676	0.086710
801.789685	0.091860
802.479693	0.096570
803.169701	0.101900
803.859710	0.108770
804.549718	0.117850
805.239726	0.129650
805.929735	0.144450
806.619743	0.162350
807.309751	0.183120
807.999760	0.206120
808.689768	0.230410
809.379776	0.254710
810.069785	0.277450
810.759793	0.296810
811.449801	0.310730
812.139810	0.316980
812.829818	0.313450
813.519826	0.298500
814.209835	0.271410
814.899843	0.232630
815.589851	0.183930
816.279860	0.128260
816.969868	0.069300
817.659876	0.010940
818.349885	-0.043430
819.039893	-0.091560
819.729901	-0.132520
820.419910	-0.166770
821.109918	-0.195640
821.799926	-0.220530
822.489935	-0.242130
823.179943	-0.259860
823.869951	-0.271820
824.559960	-0.275300
825.249968	-0.267710
825.939976	-0.247520
826.629985	-0.214790
827.319993	-0.171330
828.010001	-0.120450
828.700010	-0.066390
829.390018	-0.013810
830.080026	0.032610
830.770035	0.068560
831.460043	0.090440
832.150051	0.095770
832.840060	0.083600
833.530068	0.054970
834.220076	0.013140
834.910085	-0.036550
835.600093	-0.087640
836.290101	-0.133870
836.980110	-0.170370
837.670118	-0.194500
838.360126	-0.205910
839.050135	-0.205970
839.740143	-0.196880
840.430151	-0.181110
841.120160	-0.161040
841.810168	-0.138780
842.500176	-0.116030
843.190185	-0.094020
843.880193	-0.073440
844.570201	-0.054510
845.260210	-0.037070
845.950218	-0.020700
846.640226	-0.004940
847.330235	0.010580
848.020243	0.026130
848.710251	0.041670
849.400260	0.056950
850.090268	0.071510
850.780276	0.084820
851.470285	0.096350
852.160293	0.105660
852.850301	0.112390
853.540310	0.116270
854.230318	0.117170
854.920326	0.115030
855.610335	0.109850
856.300343	0.101770
856.990351	0.091000
857.680360	0.077850
858.370368	0.062770
859.060376	0.046320
859.750385	0.029210
860.440393	0.012180
861.130401	-0.003940
861.820410	-0.018410
862.510418	-0.030510
863.200426	-0.039680
863.890435	-0.045620
864.580443	-0.048320
865.270451	-0.048130
865.960460	-0.045680
866.650468	-0.041850
867.340476	-0.037570
868.030485	-0.033710
868.720493	-0.030980
869.410501	-0.029810
870.100510	-0.030350
870.790518	-0.032500
871.480526	-0.035970
872.170535	-0.040350
872.860543	-0.045220
873.550551	-0.050160
874.240560	-0.054820
874.930568	-0.058910
875.620576	-0.062200
876.310585	-0.064490
877.000593	-0.065660
877.690601	-0.065670
878.380610	-0.064550
879.070618	-0.062470
879.760626	-0.059640
880.450635	-0.056260
881.140643	-0.052450
881.830651	-0.048240
882.520660	-0.043580
883.210668	-0.038350
883.900676	-0.032430
884.590685	-0.025720
885.280693	-0.018170
885.970701	-0.009750
886.660710	-0.000490
887.350718	0.009640
888.040726	0.020620
888.730735	0.032400
889.420743	0.044870
890.110751	0.057810
890.800760	0.070850
891.490768	0.083510
892.180776	0.095210
892.870785	0.105400
893.560793	0.113590
894.250801	0.119390
894.940810	0.122550
895.630818	0.122980
896.320826	0.120700
897.010835	0.115850
897.700843	0.108650
898.390851	0.099430
899.080860	0.088530
899.770868	0.076340
900.460876	0.063280
901.150885	0.049740
901.840893	0.036160
902.530901	0.023020
903.220910	0.010870
903.910918	0.000240
904.600926	-0.008300
905.290935	-0.014280
905.980943	-0.017380
906.670951	-0.017600
907.360960	-0.015300
908.050968	-0.011120
908.740976	-0.005990
909.430985	-0.000900
910.120993	0.003200
910.811001	0.005600
911.501010	0.005790
912.191018	0.003580
912.881026	-0.000930
913.571035	-0.007430
914.261043	-0.015370
914.951051	-0.024130
915.641060	-0.033070
916.331068	-0.041660
917.021076	-0.049460
917.711085	-0.056200
918.401093	-0.061700
919.091101	-0.065820
919.781110	-0.068390
920.471118	-0.069220
921.161126	-0.068100
921.851135	-0.064880
922.541143	-0.059510
923.231151	-0.052080
923.921160	-0.042860
924.611168	-0.032220
925.301176	-0.020690
925.991185	-0.008810
926.681193	0.002880
927.371201	0.013950
928.061210	0.024080
928.751218	0.033090
929.441226	0.040940
930.131235	0.047690
930.821243	0.053440
931.511251	0.058390
932.201260	0.062720
932.891268	0.066680
933.581276	0.070480
934.271285	0.074370
934.961293	0.078480
935.651301	0.082880
936.341310	0.087490
937.031318	0.092060
937.721326	0.096170
938.411335	0.099240
939.101343	0.100520
939.791351	0.099220
940.481360	0.094510
941.171368	0.085690
941.861376	0.072240
942.551385	0.053960
943.241393	0.030940
943.931401	0.003680
944.621410	-0.027000
945.311418	-0.060040
946.001426	-0.094180
946.691435	-0.128120
947.381443	-0.160690
948.071451	-0.190930
948.761460	-0.218070
949.451468	-0.241460
950.141476	-0.260480
950.831485	-0.274410
951.521493	-0.282450
952.211501	-0.283840
952.901510	-0.278000
953.591518	-0.264760
954.281526	-0.244450
954.971535	-0.218010
955.661543	-0.186940
956.351551	-0.153220
957.041560	-0.119040
957.731568	-0.086480
958.421576	-0.057080
959.111585	-0.031670
959.801593	-0.010330
960.491601	0.007460
961.181610	0.022580
961.871618	0.035980
962.561626	0.048610
963.251635	0.061300
963.941643	0.074730
964.631651	0.089340
965.321660	0.105290
966.011668	0.122440
966.701676	0.140390
967.391685	0.158490
968.081693	0.175910
968.771701	0.191650
969.461710	0.204650
970.151718	0.213900
970.841726	0.218620
971.531735	0.218340
972.221743	0.213010
972.911751	0.203000
973.601760	0.188980
974.291768	0.171840
974.981776	0.152530
975.671785	0.132000
976.361793	0.111070
977.051801	0.090370
977.741810	0.070390
978.431818	0.051390
979.121826	0.033460
979.811835	0.016520
980.501843	0.000380
981.191851	-0.015230
981.881860	-0.030590
982.571868	-0.045840
983.261876	-0.060960
983.951885	-0.075770
984.641893	-0.089910
985.331901	-0.102900
986.021910	-0.114190
986.711918	-0.123170
987.401926	-0.129270
988.091935	-0.131970
988.781943	-0.130920
989.471952	-0.125990
990.161960	-0.117380
990.851968	-0.105610
991.541977	-0.091400
992.231985	-0.075600
992.921993	-0.059010
993.612002	-0.042200
994.302010	-0.025550
994.992018	-0.009260
995.682027	0.006550
996.372035	0.021720
997.062043	0.035970
997.752052	0.048790
998.442060	0.059550
999.132068	0.067480
999.822077	0.071880
1000.512085	0.072190
1001.202093	0.068260
1001.892102	0.060350
1002.582110	0.049170
1003.272118	0.035780
1003.962127	0.021450
1004.652135	0.007460
1005.342143	-0.005040
1006.032152	-0.015230
1006.722160	-0.022670
1007.412168	-0.027360
1008.102177	-0.029660
1008.792185	-0.030140
1009.482193	-0.029390
1010.172202	-0.027800
1010.862210	-0.025460
1011.552218	-0.022150
1012.242227	-0.017400
1012.932235	-0.010710
1013.622243	-0.001690
1014.312252	0.009690
1015.002260	0.023060
1015.692268	0.037550
1016.382277	0.051970
1017.072285	0.064840
1017.762293	0.074710
1018.452302	0.080240
1019.142310	0.080470
1019.832318	0.074850
1020.522327	0.063370
1021.212335	0.046520
1021.902343	0.025250
1022.592352	0.000850
1023.282360	-0.025080
1023.972368	-0.050840
1024.662377	-0.074600
1025.352385	-0.094630
1026.042393	-0.109460
1026.732402	-0.118080
1027.422410	-0.120060
1028.112418	-0.115590
1028.802427	-0.105440
1029.492435	-0.090830
1030.182443	-0.073200
1030.872452	-0.054020
1031.562460	-0.034590
1032.252468	-0.015990
1032.942477	0.001020
1033.632485	0.015900
1034.322493	0.028290
1035.012502	0.037950
1035.702510	0.044750
1036.392518	0.048700
1037.082527	0.049860
1037.772535	0.048420
1038.462543	0.044580
1039.152552	0.038640
1039.842560	0.031000
1040.532568	0.022170
1041.222577	0.012780
1041.912585	0.003430
1042.602593	-0.005380
1043.292602	-0.013370
1043.982610	-0.020370
1044.672618	-0.026340
1045.362627	-0.031210
1046.052635	-0.034900
1046.742643	-0.037240
1047.432652	-0.038090
1048.122660	-0.037300
1048.812668	-0.034760
1049.502677	-0.030360
1050.192685	-0.024060
1050.882693	-0.015840
1051.572702	-0.005760
1052.262710	0.005990
1052.952718	0.019080
1053.642727	0.032980
1054.332735	0.046890
1055.022743	0.059850
1055.712752	0.070840
1056.402760	0.078920
1057.092768	0.083460
1057.782777	0.084260
1058.472785	0.081610
1059.162793	0.076260
1059.852802	0.069270
1060.542810	0.061870
1061.232818	0.055200
1061.922827	0.050200
1062.612835	0.047450
1063.302843	0.047190
1063.992852	0.049350
1064.682860	0.053730
1065.372868	0.060060
1066.062877	0.068040
1066.752885	0.077380
1067.442893	0.087620
1068.132902	0.098100
1068.822910	0.107920
1069.512918	0.115910
1070.202927	0.120810
1070.892935	0.121500
1071.582943	0.117380
1072.272952	0.108710
1072.962960	0.096980
1073.652968	0.084810
1074.342977	0.075600
1075.032985	0.072670
1075.722993	0.078240
1076.413002	0.092720
1077.103010	0.114390
1077.793018	0.139570
1078.483027	0.163230
1079.173035	0.179700
1079.863043	0.183360
1080.553052	0.169300
1081.243060	0.133940
1081.933068	0.075810
1082.623077	-0.003730
1083.313085	-0.100050
1084.003093	-0.205520
1084.693102	-0.310800
1085.383110	-0.406510
1086.073118	-0.484870
1086.763127	-0.540950
1087.453135	-0.572870
1088.143143	-0.581300
1088.833152	-0.568580
1089.523160	-0.538010
1090.213168	-0.493220
1090.903177	-0.437830
1091.593185	-0.375180
1092.283193	-0.308200
1092.973202	-0.239390
1093.663210	-0.170740
1094.353218	-0.103840
1095.043227	-0.039850
1095.733235	0.020300
1096.423243	0.075940
1097.113252	0.126480
1097.803260	0.171440
1098.493268	0.210400
1099.183277	0.243000
1099.873285	0.268980
1100.563293	0.288140
1101.253302	0.300390
1101.943310	0.305730
1102.633318	0.304250
1103.323327	0.296150
1104.013335	0.281690
1104.703343	0.261280
1105.393352	0.235440
1106.083360	0.204890
1106.773368	0.170530
1107.463377	0.133510
1108.153385	0.095140
1108.843393	0.056800
1109.533402	0.019880
1110.223410	-0.014350
1110.913418	-0.044810
1111.603427	-0.070650
1112.293435	-0.091300
1112.983443	-0.106460
1113.673452	-0.116170
1114.363460	-0.120730
1115.053468	-0.120720
1115.743477	-0.116850
1116.433485	-0.109950
1117.123493	-0.100890
1117.813502	-0.090500
1118.503510	-0.079530
1119.193518	-0.068660
1119.883527	-0.058440
1120.573535	-0.049330
1121.263543	-0.041650
1121.953552	-0.035610
1122.643560	-0.031270
1123.333568	-0.028530
1124.023577	-0.027230
1124.713585	-0.027150
1125.403593	-0.028070
1126.093602	-0.029750
1126.783610	-0.031950
1127.473618	-0.034450
1128.163627	-0.037050
1128.853635	-0.039670
1129.543643	-0.042380
1130.233652	-0.045360
1130.923660	-0.048760
1131.613668	-0.052610
1132.303677	-0.056650
1132.993685	-0.060340
1133.683693	-0.063010
1134.373702	-0.064120
1135.063710	-0.063410
1135.753718	-0.060970
1136.443727	-0.057100
1137.133735	-0.052120
1137.823743	-0.046160
1138.513752	-0.039200
1139.203760	-0.031170
1139.893768	-0.022110
1140.583777	-0.012310
1141.273785	-0.002260
1141.963793	0.007380
1142.653802	0.016060
1143.343810	0.023370
1144.033818	0.029150
1144.723827	0.033510
1145.413835	0.036690
1146.103843	0.038980
1146.793852	0.040600
1147.483860	0.041620
1148.173868	0.042040
1148.863877	0.041800
1149.553885	0.040890
1150.243893	0.039370
1150.933902	0.037320
1151.623910	0.034840
1152.313918	0.031950
1153.003927	0.028720
1153.693935	0.025250
1154.383943	0.021740
1155.073952	0.018470
1155.763960	0.015740
1156.453968	0.013790
1157.143977	0.012690
1157.833985	0.012390
1158.523993	0.012720
1159.214002	0.013480
1159.904010	0.014500
1160.594018	0.015600
1161.284027	0.016630
1161.974035	0.017440
1162.664043	0.017950
1163.354052	0.018130
1164.044060	0.018050
1164.734068	0.017840
1165.424077	0.017650
1166.114085	0.017610
1166.804093	0.017830
1167.494102	0.018340
1168.184110	0.019100
1168.874118	0.020060
1169.564127	0.021100
1170.254135	0.022160
1170.944143	0.023150
1171.634152	0.024040
1172.324160	0.024750
1173.014168	0.025150
1173.704177	0.025140
1174.394185	0.024670
1175.084193	0.023680
1175.774202	0.022260
1176.464210	0.020570
1177.154218	0.018880
1177.844227	0.017550
1178.534235	0.016910
1179.224243	0.017210
1179.914252	0.018530
1180.604260	0.020760
1181.294268	0.023650
1181.984277	0.026830
1182.674285	0.029940
1183.364293	0.032670
1184.054302	0.034830
1184.744310	0.036380
1185.434318	0.037380
1186.124327	0.037970
1186.814335	0.038290
1187.504343	0.038430
1188.194352	0.038410
1188.884360	0.038150
1189.574368	0.037510
1190.264377	0.036290
1190.954385	0.034300
1191.644393	0.031420
1192.334402	0.027640
1193.024410	0.023050
1193.714418	0.017890
1194.404427	0.012440
1195.094435	0.007060
1195.784443	0.002080
1196.474452	-0.002190
1197.164460	-0.005550
1197.854468	-0.007890
1198.544477	-0.009240
1199.234485	-0.009750
1199.924493	-0.009640
1200.614502	-0.009190
1201.304510	-0.008620
1201.994518	-0.008080
1202.684527	-0.007620
1203.374535	-0.007200
1204.064543	-0.006700
1204.754552	-0.006000
1205.444560	-0.004970
1206.134568	-0.003560
1206.824577	-0.001790
1207.514585	0.000270
1208.204594	0.002490
1208.894602	0.004680
1209.584610	0.006620
1210.274619	0.008090
1210.964627	0.008830
1211.654635	0.008650
1212.344644	0.007360
1213.034652	0.004820
1213.724660	0.000970
1214.414669	-0.004180
1215.104677	-0.010630
1215.794685	-0.018260
1216.484694	-0.026990
1217.174702	-0.036680
1217.864710	-0.047230
1218.554719	-0.058540
1219.244727	-0.070540
1219.934735	-0.083200
1220.624744	-0.096490
1221.314752	-0.110350
1222.004760	-0.124690
1222.694769	-0.139280
1223.384777	-0.153780
1224.074785	-0.167690
1224.764794	-0.180400
1225.454802	-0.191230
1226.144810	-0.199430
1226.834819	-0.204190
1227.524827	-0.204720
