0.000000	0.036950
0.690005	0.021720
1.380009	0.003550
2.070014	-0.016640
2.760019	-0.037640
3.450024	-0.058030
4.140028	-0.076370
4.830033	-0.091410
5.520038	-0.102240
6.210043	-0.108380
6.900047	-0.109820
7.590052	-0.107020
8.280057	-0.100810
8.970062	-0.092190
9.660066	-0.082220
10.350071	-0.071830
11.040076	-0.061770
11.730081	-0.052560
12.420085	-0.044600
13.110090	-0.038130
13.800095	-0.033300
14.490100	-0.030130
15.180104	-0.028480
15.870109	-0.027980
16.560114	-0.028080
17.250119	-0.028070
17.940123	-0.027260
18.630128	-0.025020
19.320133	-0.020900
20.010138	-0.014580
20.700142	-0.005940
21.390147	0.005020
22.080152	0.018130
22.770157	0.032950
23.460161	0.048780
24.150166	0.064720
24.840171	0.079780
25.530176	0.092970
26.220180	0.103450
26.910185	0.110610
27.600190	0.114060
28.290195	0.113690
28.980199	0.109650
29.670204	0.102350
30.360209	0.092350
31.050213	0.080350
31.740218	0.067110
32.430223	0.053310
33.120228	0.039540
33.810232	0.026260
34.500237	0.013800
35.190242	0.002380
35.880247	-0.007820
36.570251	-0.016640
37.260256	-0.023860
37.950261	-0.029200
38.640266	-0.032370
39.330270	-0.033040
40.020275	-0.030880
40.710280	-0.025650
41.400285	-0.017200
42.090289	-0.005520
42.780294	0.009220
43.470299	0.026700
44.160304	0.046380
44.850308	0.067610
45.540313	0.089560
46.230318	0.111380
46.920323	0.132160
47.610327	0.151000
48.300332	0.167000
48.990337	0.179280
49.680342	0.186880
50.370346	0.188760
51.060351	0.183840
51.750356	0.171010
52.440361	0.149310
53.130365	0.118110
53.820370	0.077360
54.510375	0.027820
55.200380	-0.028730
55.890384	-0.089520
56.580389	-0.150990
57.270394	-0.209170
57.960399	-0.260260
58.650403	-0.301080
59.340408	-0.329450
60.030413	-0.344360
60.720417	-0.345910
61.410422	-0.335170
62.100427	-0.313970
62.790432	-0.284680
63.480436	-0.249930
64.170441	-0.212350
64.860446	-0.174320
65.550451	-0.137710
66.240455	-0.103800
66.930460	-0.073330
67.620465	-0.046730
68.310470	-0.024330
69.000474	-0.006400
69.690479	0.006820
70.380484	0.015350
71.070489	0.019480
71.760493	0.019800
72.450498	0.017140
73.140503	0.012450
73.830508	0.006760
74.520512	0.001190
75.210517	-0.003060
75.900522	-0.004890
76.590527	-0.003450
77.280531	0.001700
77.970536	0.010480
78.660541	0.022280
79.350546	0.036150
80.040550	0.050960
80.730555	0.065610
81.420560	0.079150
82.110565	0.090940
82.800569	0.100580
83.490574	0.107840
84.180579	0.112560
84.870584	0.114500
85.560588	0.113410
86.250593	0.109150
86.940598	0.101830
87.630603	0.091890
88.320607	0.080080
89.010612	0.067300
89.700617	0.054470
90.390621	0.042310
91.080626	0.031330
91.770631	0.021810
92.460636	0.013860
93.150640	0.007430
93.840645	0.002430
94.530650	-0.001250
95.220655	-0.003720
95.910659	-0.004980
96.600664	-0.004930
97.290669	-0.003340
97.980674	-0.000030
98.670678	0.005020
99.360683	0.011560
100.050688	0.018940
100.740693	0.026270
101.430697	0.032530
102.120702	0.036850
102.810707	0.038640
103.500712	0.037730
104.190716	0.034340
104.880721	0.028990
105.570726	0.022340
106.260731	0.015060
106.950735	0.007660
107.640740	0.000530
108.330745	-0.006110
109.020750	-0.012170
109.710754	-0.017600
110.400759	-0.022370
111.090764	-0.026500
111.780769	-0.030020
112.470773	-0.032920
113.160778	-0.035160
113.850783	-0.036600
114.540788	-0.037010
115.230792	-0.036100
115.920797	-0.033620
116.610802	-0.029420
117.300807	-0.023590
117.990811	-0.016410
118.680816	-0.008400
119.370821	-0.000170
120.060825	0.007650
120.750830	0.014540
121.440835	0.020090
122.130840	0.024100
122.820844	0.026480
123.510849	0.027220
124.200854	0.026390
124.890859	0.024140
125.580863	0.020670
126.270868	0.016270
126.960873	0.011270
127.650878	0.006030
128.340882	0.000960
129.030887	-0.003490
129.720892	-0.006910
130.410897	-0.008870
131.100901	-0.009140
131.790906	-0.007650
132.480911	-0.004590
133.170916	-0.000330
133.860920	0.004680
134.550925	0.009980
135.240930	0.015110
135.930935	0.019700
136.620939	0.023400
137.310944	0.025950
138.000949	0.027170
138.690954	0.026990
139.380958	0.025430
140.070963	0.022620
140.760968	0.018870
141.450973	0.014580
142.140977	0.010280
142.830982	0.006420
143.520987	0.003280
144.210992	0.000910
144.900996	-0.000910
145.591001	-0.002560
146.281006	-0.004350
146.971011	-0.006520
147.661015	-0.009110
148.351020	-0.012030
149.041025	-0.015120
149.731029	-0.018230
150.421034	-0.021270
151.111039	-0.024310
151.801044	-0.027480
152.491048	-0.030990
153.181053	-0.034990
153.871058	-0.039500
154.561063	-0.044520
155.251067	-0.049990
155.941072	-0.055980
156.631077	-0.062640
157.321082	-0.070120
158.011086	-0.078420
158.701091	-0.087230
159.391096	-0.095950
160.081101	-0.103730
160.771105	-0.109680
161.461110	-0.112990
162.151115	-0.113110
162.841120	-0.109800
163.531124	-0.103090
164.221129	-0.093250
164.911134	-0.080750
165.601139	-0.066160
166.291143	-0.050110
166.981148	-0.033190
167.671153	-0.015880
168.361158	0.001500
169.051162	0.018810
169.741167	0.036040
170.431172	0.053240
171.121177	0.070490
171.811181	0.087830
172.501186	0.105220
173.191191	0.122570
173.881196	0.139720
174.571200	0.156420
175.261205	0.172380
175.951210	0.187280
176.641215	0.200790
177.331219	0.212550
178.021224	0.222170
178.711229	0.229260
179.401233	0.233430
180.091238	0.234300
180.781243	0.231540
181.471248	0.224980
182.161252	0.214620
182.851257	0.200700
183.541262	0.183700
184.231267	0.164240
184.921271	0.143010
185.611276	0.120690
186.301281	0.097850
186.991286	0.074980
187.681290	0.052430
188.371295	0.030450
189.061300	0.009080
189.751305	-0.011720
190.441309	-0.032100
191.131314	-0.052070
191.821319	-0.071420
192.511324	-0.089730
193.201328	-0.106460
193.891333	-0.121120
194.581338	-0.133510
195.271343	-0.143740
195.961347	-0.152140
196.651352	-0.159110
197.341357	-0.164920
198.031362	-0.169640
198.721366	-0.173070
199.411371	-0.174970
200.101376	-0.175140
200.791381	-0.173620
201.481385	-0.170800
202.171390	-0.167350
202.861395	-0.164090
203.551400	-0.161740
204.241404	-0.160670
204.931409	-0.160790
205.621414	-0.161610
206.311419	-0.162370
207.001423	-0.162250
207.691428	-0.160500
208.381433	-0.156480
209.071437	-0.149670
209.761442	-0.139700
210.451447	-0.126410
211.141452	-0.109810
211.831456	-0.090170
212.521461	-0.067800
213.211466	-0.042980
213.901471	-0.015750
214.591475	0.014030
215.281480	0.046770
215.971485	0.082930
216.661490	0.122890
217.351494	0.166750
218.041499	0.214110
218.731504	0.263910
219.421509	0.314180
220.111513	0.362050
220.801518	0.403700
221.491523	0.434700
222.181528	0.450570
222.871532	0.447490
223.561537	0.423200
224.251542	0.377690
224.941547	0.313480
225.631551	0.235270
226.321556	0.149150
227.011561	0.061490
227.701566	-0.022070
228.391570	-0.097290
229.081575	-0.161490
229.771580	-0.213390
230.461585	-0.252820
231.151589	-0.280470
231.841594	-0.297690
232.531599	-0.306280
233.221604	-0.308290
233.911608	-0.305750
234.601613	-0.300350
235.291618	-0.293290
235.981623	-0.285180
236.671627	-0.276110
237.361632	-0.265750
238.051637	-0.253550
238.741641	-0.238980
239.431646	-0.221700
240.121651	-0.201720
240.811656	-0.179410
241.501660	-0.155440
242.191665	-0.130680
242.881670	-0.106070
243.571675	-0.082590
244.261679	-0.061200
244.951684	-0.042780
245.641689	-0.027970
246.331694	-0.017000
247.021698	-0.009610
247.711703	-0.005010
248.401708	-0.002090
249.091713	0.000350
249.781717	0.003290
250.471722	0.007380
251.161727	0.012900
251.851732	0.019860
252.541736	0.028210
253.231741	0.037890
253.921746	0.048860
254.611751	0.061050
255.301755	0.074260
255.991760	0.088140
256.681765	0.102220
257.371770	0.116000
258.061774	0.129030
258.751779	0.141030
259.441784	0.151850
260.131789	0.161500
260.821793	0.170080
261.511798	0.177730
262.201803	0.184540
262.891808	0.190610
263.581812	0.196020
264.271817	0.200880
264.961822	0.205330
265.651827	0.209620
266.341831	0.214110
267.031836	0.219270
267.721841	0.225610
268.411845	0.233580
269.101850	0.243400
269.791855	0.254930
270.481860	0.267510
271.171864	0.280030
271.861869	0.290910
272.551874	0.298290
273.241879	0.300160
273.931883	0.294550
274.621888	0.279740
275.311893	0.254430
276.001898	0.217840
276.691902	0.169860
277.381907	0.111080
278.071912	0.042970
278.761917	-0.032140
279.451921	-0.110990
280.141926	-0.189530
280.831931	-0.263250
281.521936	-0.327690
282.211940	-0.379000
282.901945	-0.414470
283.591950	-0.432870
284.281955	-0.434490
284.971959	-0.420990
285.661964	-0.394960
286.351969	-0.359480
287.041974	-0.317600
287.731978	-0.272100
288.421983	-0.225310
289.111988	-0.179040
289.801993	-0.134660
290.491997	-0.093030
291.182002	-0.054520
291.872007	-0.018970
292.562012	0.014170
293.252016	0.045770
293.942021	0.076570
294.632026	0.107000
295.322031	0.136950
296.012035	0.165710
296.702040	0.192060
297.392045	0.214440
298.082049	0.231150
298.772054	0.240480
299.462059	0.240920
300.152064	0.231220
300.842068	0.210590
301.532073	0.178780
302.222078	0.136250
302.912083	0.084290
303.602087	0.025070
304.292092	-0.038460
304.982097	-0.102860
305.672102	-0.164560
306.362106	-0.220290
307.052111	-0.267480
307.742116	-0.304470
308.432121	-0.330520
309.122125	-0.345790
309.812130	-0.351160
310.502135	-0.347980
311.192140	-0.337880
311.882144	-0.322530
312.572149	-0.303330
313.262154	-0.281190
313.952159	-0.256290
314.642163	-0.228150
315.332168	-0.195970
316.022173	-0.159130
316.712178	-0.117710
317.402182	-0.072800
318.092187	-0.026340
318.782192	0.019270
319.472197	0.061710
320.162201	0.099020
320.852206	0.129850
321.542211	0.153480
322.232216	0.169700
322.922220	0.178780
323.612225	0.181400
324.302230	0.178490
324.992235	0.171140
325.682239	0.160500
326.372244	0.147710
327.062249	0.133900
327.752253	0.120220
328.442258	0.107750
329.132263	0.097470
329.822268	0.090120
330.512272	0.086090
331.202277	0.085350
331.892282	0.087460
332.582287	0.091700
333.272291	0.097150
333.962296	0.102860
334.652301	0.107960
335.342306	0.111720
336.032310	0.113580
336.722315	0.113170
337.412320	0.110240
338.102325	0.104670
338.792329	0.096430
339.482334	0.085570
340.172339	0.072230
340.862344	0.056660
341.552348	0.039290
342.242353	0.020790
342.932358	0.002100
343.622363	-0.015560
344.312367	-0.030970
345.002372	-0.042970
345.692377	-0.050790
346.382382	-0.054090
347.072386	-0.053070
347.762391	-0.048340
348.452396	-0.040910
349.142401	-0.032010
349.832405	-0.022850
350.522410	-0.014440
351.212415	-0.007380
351.902420	-0.001870
352.592424	0.002160
353.282429	0.004790
353.972434	0.005920
354.662439	0.005220
355.352443	0.002280
356.042448	-0.003150
356.732453	-0.010950
357.422457	-0.020520
358.112462	-0.030900
358.802467	-0.041000
359.492472	-0.049860
360.182476	-0.056900
360.872481	-0.061940
361.562486	-0.065140
362.252491	-0.066790
362.942495	-0.067090
363.632500	-0.066050
364.322505	-0.063460
365.012510	-0.059010
365.702514	-0.052400
366.392519	-0.043530
367.082524	-0.032490
367.772529	-0.019680
368.462533	-0.005740
369.152538	0.008460
369.842543	0.021940
370.532548	0.033720
371.222552	0.043020
371.912557	0.049430
372.602562	0.052880
373.292567	0.053670
373.982571	0.052290
374.672576	0.049310
375.362581	0.045260
376.052586	0.040600
376.742590	0.035760
377.432595	0.031130
378.122600	0.027120
378.812605	0.024100
379.502609	0.022320
380.192614	0.021870
380.882619	0.022630
381.572624	0.024220
382.262628	0.026130
382.952633	0.027800
383.642638	0.028800
384.332643	0.028880
385.022647	0.028070
385.712652	0.026580
386.402657	0.024670
387.092661	0.022490
387.782666	0.020020
388.472671	0.017060
389.162676	0.013300
389.852680	0.008470
390.542685	0.002410
391.232690	-0.004830
391.922695	-0.013000
392.612699	-0.021630
393.302704	-0.030140
393.992709	-0.037960
394.682714	-0.044630
395.372718	-0.049920
396.062723	-0.053790
396.752728	-0.056360
397.442733	-0.057850
398.132737	-0.058490
398.822742	-0.058510
399.512747	-0.058130
400.202752	-0.057510
400.892756	-0.056660
401.582761	-0.055460
402.272766	-0.053640
402.962771	-0.050900
403.652775	-0.047090
404.342780	-0.042340
405.032785	-0.037050
405.722790	-0.031810
406.412794	-0.027270
407.102799	-0.023900
407.792804	-0.021920
408.482809	-0.021250
409.172813	-0.021560
409.862818	-0.022350
410.552823	-0.023050
411.242828	-0.023130
411.932832	-0.022090
412.622837	-0.019520
413.312842	-0.015100
414.002847	-0.008620
414.692851	-0.000080
415.382856	0.010320
416.072861	0.022190
416.762865	0.034980
417.452870	0.048210
418.142875	0.061560
418.832880	0.074900
419.522884	0.088270
420.212889	0.101760
420.902894	0.115440
421.592899	0.129230
422.282903	0.142950
422.972908	0.156230
423.662913	0.168510
424.352918	0.179000
425.042922	0.186680
425.732927	0.190410
426.422932	0.189140
427.112937	0.182170
427.802941	0.169460
428.492946	0.151800
429.182951	0.130710
429.872956	0.108140
430.562960	0.085920
431.252965	0.065370
431.942970	0.047050
432.632975	0.030750
433.322979	0.015770
434.012984	0.001280
434.702989	-0.013460
435.392994	-0.028810
436.082998	-0.044620
436.773003	-0.060210
437.463008	-0.074500
438.153013	-0.086270
438.843017	-0.094480
439.533022	-0.098560
440.223027	-0.098490
440.913032	-0.094760
441.603036	-0.088140
442.293041	-0.079470
442.983046	-0.069410
443.673051	-0.058430
444.363055	-0.046760
445.053060	-0.034540
445.743065	-0.021920
446.433069	-0.009220
447.123074	0.002980
447.813079	0.013900
448.503084	0.022580
449.193088	0.028100
449.883093	0.029860
450.573098	0.027620
451.263103	0.021590
451.953107	0.012210
452.643112	0.000040
453.333117	-0.014480
454.023122	-0.030960
454.713126	-0.049050
455.403131	-0.068280
456.093136	-0.087930
456.783141	-0.107090
457.473145	-0.124670
458.163150	-0.139610
458.853155	-0.151040
459.543160	-0.158380
460.233164	-0.161390
460.923169	-0.160120
461.613174	-0.154790
462.303179	-0.145750
462.993183	-0.133400
463.683188	-0.118180
464.373193	-0.100650
465.063198	-0.081490
465.753202	-0.061470
466.443207	-0.041440
467.133212	-0.022150
467.823217	-0.004220
468.513221	0.011900
469.203226	0.025940
469.893231	0.037720
470.583236	0.047160
471.273240	0.054280
471.963245	0.059230
472.653250	0.062310
473.343255	0.063940
474.033259	0.064580
474.723264	0.064600
475.413269	0.064160
476.103273	0.063250
476.793278	0.061620
477.483283	0.058940
478.173288	0.054850
478.863292	0.049060
479.553297	0.041420
480.243302	0.031950
480.933307	0.020870
481.623311	0.008540
482.313316	-0.004470
483.003321	-0.017570
483.693326	-0.030080
484.383330	-0.041400
485.073335	-0.051050
485.763340	-0.058800
486.453345	-0.064620
487.143349	-0.068670
487.833354	-0.071220
488.523359	-0.072610
489.213364	-0.073140
489.903368	-0.073010
490.593373	-0.072330
491.283378	-0.071050
491.973383	-0.069050
492.663387	-0.066160
493.353392	-0.062270
494.043397	-0.057360
494.733402	-0.051460
495.423406	-0.044650
496.113411	-0.037020
496.803416	-0.028630
497.493421	-0.019620
498.183425	-0.010160
498.873430	-0.000450
499.563435	0.009320
500.253440	0.019060
500.943444	0.028770
501.633449	0.038600
502.323454	0.048740
503.013459	0.059450
503.703463	0.070970
504.393468	0.083500
505.083473	0.097090
505.773477	0.111610
506.463482	0.126750
507.153487	0.142020
507.843492	0.156890
508.533496	0.170800
509.223501	0.183320
509.913506	0.194120
510.603511	0.202960
511.293515	0.209710
511.983520	0.214280
512.673525	0.216580
513.363530	0.216520
514.053534	0.214020
514.743539	0.209100
515.433544	0.202000
516.123549	0.193290
516.813553	0.183950
517.503558	0.175160
518.193563	0.168000
518.883568	0.163040
519.573572	0.160070
520.263577	0.158090
520.953582	0.155480
521.643587	0.150450
522.333591	0.141360
523.023596	0.126880
523.713601	0.105930
524.403606	0.077420
525.093610	0.040170
525.783615	-0.006920
526.473620	-0.064320
527.163625	-0.130960
527.853629	-0.203640
528.543634	-0.277130
529.233639	-0.345090
529.923644	-0.401400
530.613648	-0.441510
531.303653	-0.463170
531.993658	-0.466360
532.683663	-0.452750
533.373667	-0.424950
534.063672	-0.386080
534.753677	-0.339390
535.443681	-0.288110
536.133686	-0.235210
536.823691	-0.183180
537.513696	-0.133880
538.203700	-0.088490
538.893705	-0.047530
539.583710	-0.011070
540.273715	0.021040
540.963719	0.049020
541.653724	0.073010
542.343729	0.093130
543.033734	0.109610
543.723738	0.122830
544.413743	0.133330
545.103748	0.141650
545.793753	0.148100
546.483757	0.152670
547.173762	0.155070
547.863767	0.154890
548.553772	0.151850
549.243776	0.145940
549.933781	0.137420
550.623786	0.126700
551.313791	0.114160
552.003795	0.100020
552.693800	0.084350
553.383805	0.067060
554.073810	0.048060
554.763814	0.027330
555.453819	0.005020
556.143824	-0.018490
556.833829	-0.042570
557.523833	-0.066230
558.213838	-0.088170
558.903843	-0.106900
559.593848	-0.121020
560.283852	-0.129690
560.973857	-0.132900
561.663862	-0.131620
562.353867	-0.127490
563.043871	-0.122330
563.733876	-0.117620
564.423881	-0.114000
565.113886	-0.111280
565.803890	-0.108580
566.493895	-0.104680
567.183900	-0.098440
567.873904	-0.089070
568.563909	-0.076290
569.253914	-0.060440
569.943919	-0.042350
570.633923	-0.023320
571.323928	-0.004870
572.013933	0.011440
572.703938	0.024330
573.393942	0.032970
574.083947	0.037170
574.773952	0.037370
575.463957	0.034440
576.153961	0.029500
576.843966	0.023670
577.533971	0.017890
578.223976	0.012860
578.913980	0.009010
579.603985	0.006620
580.293990	0.005880
580.983995	0.006950
581.673999	0.010030
582.364004	0.015240
583.054009	0.022620
583.744014	0.032030
584.434018	0.043100
585.124023	0.055290
585.814028	0.067860
586.504033	0.080030
587.194037	0.091000
587.884042	0.100120
588.574047	0.106910
589.264052	0.111120
589.954056	0.112740
590.644061	0.111970
591.334066	0.109080
592.024071	0.104330
592.714075	0.097850
593.404080	0.089680
594.094085	0.079780
594.784090	0.068080
595.474094	0.054600
596.164099	0.039470
596.854104	0.022980
597.544108	0.005540
598.234113	-0.012260
598.924118	-0.029720
599.614123	-0.046040
600.304127	-0.060400
600.994132	-0.072060
601.684137	-0.080480
602.374142	-0.085420
603.064146	-0.086990
603.754151	-0.085600
604.444156	-0.081830
605.134161	-0.076270
605.824165	-0.069420
606.514170	-0.061650
607.204175	-0.053230
607.894180	-0.044460
608.584184	-0.035620
609.274189	-0.027030
609.964194	-0.018900
610.654199	-0.011330
611.344203	-0.004310
612.034208	0.002180
612.724213	0.008150
613.414218	0.013490
614.104222	0.018050
614.794227	0.021740
615.484232	0.024550
616.174237	0.026560
616.864241	0.027850
617.554246	0.028460
618.244251	0.028360
618.934256	0.027540
619.624260	0.026000
620.314265	0.023880
621.004270	0.021370
621.694275	0.018680
622.384279	0.016000
623.074284	0.013500
623.764289	0.011360
624.454294	0.009800
625.144298	0.009010
625.834303	0.009170
626.524308	0.010330
627.214312	0.012430
627.904317	0.015320
628.594322	0.018730
629.284327	0.022340
629.974331	0.025740
630.664336	0.028480
631.354341	0.030110
632.044346	0.030230
632.734350	0.028640
633.424355	0.025340
634.114360	0.020510
634.804365	0.014430
635.494369	0.007440
636.184374	-0.000180
636.874379	-0.008170
637.564384	-0.016240
638.254388	-0.024110
638.944393	-0.031500
639.634398	-0.038210
640.324403	-0.044080
641.014407	-0.049080
641.704412	-0.053160
642.394417	-0.056270
643.084422	-0.058370
643.774426	-0.059360
644.464431	-0.059090
645.154436	-0.057460
645.844441	-0.054390
646.534445	-0.049810
647.224450	-0.043770
647.914455	-0.036360
648.604460	-0.027770
649.294464	-0.018280
649.984469	-0.008240
650.674474	0.001940
651.364479	0.011850
652.054483	0.021080
652.744488	0.029230
653.434493	0.035970
654.124498	0.041050
654.814502	0.044330
655.504507	0.045860
656.194512	0.045780
656.884516	0.044380
657.574521	0.041960
658.264526	0.038790
658.954531	0.035060
659.644535	0.030880
660.334540	0.026240
661.024545	0.021100
661.714550	0.015410
662.404554	0.009200
663.094559	0.002550
663.784564	-0.004380
664.474569	-0.011460
665.164573	-0.018540
665.854578	-0.025470
666.544583	-0.031980
667.234588	-0.037620
667.924592	-0.041760
668.614597	-0.043740
669.304602	-0.042940
669.994607	-0.039020
670.684611	-0.031850
671.374616	-0.021640
672.064621	-0.008840
672.754626	0.005870
673.444630	0.021620
674.134635	0.037340
674.824640	0.051930
675.514645	0.064420
676.204649	0.074040
676.894654	0.080360
677.584659	0.083310
678.274664	0.083130
678.964668	0.080230
679.654673	0.075150
680.344678	0.068470
681.034683	0.060830
681.724687	0.052880
682.414692	0.045340
683.104697	0.038980
683.794702	0.034640
684.484706	0.033030
685.174711	0.034600
685.864716	0.039370
686.554720	0.046980
687.244725	0.056660
687.934730	0.067550
688.624735	0.078820
689.314739	0.089850
690.004744	0.100240
690.694749	0.109770
691.384754	0.118290
692.074758	0.125720
692.764763	0.131970
693.454768	0.136770
694.144773	0.139590
694.834777	0.139530
695.524782	0.135490
696.214787	0.126310
696.904792	0.111080
697.594796	0.089280
698.284801	0.060820
698.974806	0.025920
699.664811	-0.014930
700.354815	-0.060970
701.044820	-0.110850
701.734825	-0.162500
702.424830	-0.213130
703.114834	-0.259450
703.804839	-0.298210
704.494844	-0.326690
705.184849	-0.343210
705.874853	-0.347330
706.564858	-0.339750
707.254863	-0.322110
707.944868	-0.296660
708.634872	-0.265800
709.324877	-0.231900
710.014882	-0.197040
710.704887	-0.163000
711.394891	-0.131120
712.084896	-0.102300
712.774901	-0.076950
713.464906	-0.055020
714.154910	-0.036110
714.844915	-0.019710
715.534920	-0.005320
716.224924	0.007450
716.914929	0.018850
717.604934	0.029050
718.294939	0.038150
718.984943	0.046250
719.674948	0.053330
720.364953	0.059300
721.054958	0.063970
721.744962	0.067100
722.434967	0.068460
723.124972	0.067900
723.814977	0.065370
724.504981	0.060940
725.194986	0.054760
725.884991	0.047000
726.574996	0.037850
727.265000	0.027560
727.955005	0.016420
728.645010	0.004830
729.335015	-0.006750
730.025019	-0.017800
730.715024	-0.027750
731.405029	-0.036030
732.095034	-0.042160
732.785038	-0.045730
733.475043	-0.046470
734.165048	-0.044240
734.855053	-0.039080
735.545057	-0.031240
736.235062	-0.021160
736.925067	-0.009490
737.615072	0.002990
738.305076	0.015410
738.995081	0.026870
739.685086	0.036540
740.375091	0.043750
741.065095	0.048150
741.755100	0.049760
742.445105	0.049120
743.135110	0.047210
743.825114	0.045350
744.515119	0.044960
745.205124	0.047290
745.895128	0.053140
746.585133	0.062750
747.275138	0.075770
747.965143	0.091430
748.655147	0.108690
749.345152	0.126450
750.035157	0.143710
750.725162	0.159690
751.415166	0.173870
752.105171	0.185980
752.795176	0.195850
753.485181	0.203310
754.175185	0.208060
754.865190	0.209680
755.555195	0.207730
756.245200	0.201960
756.935204	0.192430
757.625209	0.179570
758.315214	0.164080
759.005219	0.146750
759.695223	0.128260
760.385228	0.109050
761.075233	0.089290
761.765238	0.068870
762.455242	0.047600
763.145247	0.025380
763.835252	0.002460
764.525257	-0.020230
765.215261	-0.041080
765.905266	-0.057890
766.595271	-0.068620
767.285276	-0.072170
767.975280	-0.069150
768.665285	-0.062180
769.355290	-0.055560
770.045295	-0.054270
770.735299	-0.062730
771.425304	-0.083570
772.115309	-0.116830
772.805314	-0.159900
773.495318	-0.208110
774.185323	-0.255720
774.875328	-0.297080
775.565332	-0.327460
776.255337	-0.343560
776.945342	-0.343690
777.635347	-0.327710
778.325351	-0.296950
779.015356	-0.253890
779.705361	-0.201840
780.395366	-0.144570
781.085370	-0.085980
781.775375	-0.029710
782.465380	0.021070
783.155385	0.064040
783.845389	0.097760
784.535394	0.121780
785.225399	0.136440
785.915404	0.142470
786.605408	0.140790
787.295413	0.132510
787.985418	0.118920
788.675423	0.101400
789.365427	0.081400
790.055432	0.060170
790.745437	0.038530
791.435442	0.016830
792.125446	-0.004880
792.815451	-0.026660
793.505456	-0.048470
794.195461	-0.070020
794.885465	-0.090760
795.575470	-0.109890
796.265475	-0.126520
796.955480	-0.139790
797.645484	-0.149050
798.335489	-0.154000
799.025494	-0.154680
799.715499	-0.151510
800.405503	-0.145120
801.095508	-0.136140
801.785513	-0.125110
802.475518	-0.112360
803.165522	-0.098020
803.855527	-0.082060
804.545532	-0.064380
805.235536	-0.044900
805.925541	-0.023740
806.615546	-0.001300
807.305551	0.021550
807.995555	0.043610
808.685560	0.063500
809.375565	0.080010
810.065570	0.092290
810.755574	0.100100
811.445579	0.103620
812.135584	0.103420
812.825589	0.100260
813.515593	0.095080
814.205598	0.088910
814.895603	0.082910
815.585608	0.078190
816.275612	0.075670
816.965617	0.075900
817.655622	0.078890
818.345627	0.084210
819.035631	0.091020
819.725636	0.098320
820.415641	0.105120
821.105646	0.110640
821.795650	0.114380
822.485655	0.116120
823.175660	0.115920
823.865665	0.114020
824.555669	0.110650
825.245674	0.106010
825.935679	0.100180
826.625684	0.093170
827.315688	0.084920
828.005693	0.075360
828.695698	0.064410
829.385703	0.052010
830.075707	0.038080
830.765712	0.022670
831.455717	0.005950
832.145722	-0.011700
832.835726	-0.029750
833.525731	-0.047530
834.215736	-0.064360
834.905740	-0.079610
835.595745	-0.092810
836.285750	-0.103610
836.975755	-0.111780
837.665759	-0.117210
838.355764	-0.119820
839.045769	-0.119550
839.735774	-0.116480
840.425778	-0.110750
841.115783	-0.102660
841.805788	-0.092610
842.495793	-0.081110
843.185797	-0.068680
843.875802	-0.055850
844.565807	-0.043010
845.255812	-0.030380
845.945816	-0.018020
846.635821	-0.005930
847.325826	0.005900
848.015831	0.017370
848.705835	0.028250
849.395840	0.038210
850.085845	0.046870
850.775850	0.053850
851.465854	0.058850
852.155859	0.061660
852.845864	0.062110
853.535869	0.060180
854.225873	0.056020
854.915878	0.049960
855.605883	0.042590
856.295888	0.034610
856.985892	0.026780
857.675897	0.019720
858.365902	0.013850
859.055907	0.009360
859.745911	0.006310
860.435916	0.004610
861.125921	0.004070
861.815926	0.004460
862.505930	0.005470
863.195935	0.006800
863.885940	0.008190
864.575944	0.009430
865.265949	0.010360
865.955954	0.010880
866.645959	0.010940
867.335963	0.010500
868.025968	0.009590
868.715973	0.008200
869.405978	0.006360
870.095982	0.004030
870.785987	0.001230
871.475992	-0.001960
872.165997	-0.005460
872.856001	-0.009090
873.546006	-0.012680
874.236011	-0.016130
874.926016	-0.019360
875.616020	-0.022330
876.306025	-0.025010
876.996030	-0.027350
877.686035	-0.029280
878.376039	-0.030730
879.066044	-0.031640
879.756049	-0.032000
880.446054	-0.031820
881.136058	-0.031110
881.826063	-0.029960
882.516068	-0.028490
883.206073	-0.026850
883.896077	-0.025240
884.586082	-0.023860
885.276087	-0.022900
885.966092	-0.022550
886.656096	-0.022950
887.346101	-0.024110
888.036106	-0.025870
888.726111	-0.027830
889.416115	-0.029330
890.106120	-0.029660
890.796125	-0.028180
891.486130	-0.024540
892.176134	-0.018810
892.866139	-0.011460
893.556144	-0.003320
894.246148	0.004630
894.936153	0.011380
895.626158	0.016050
896.316163	0.018020
897.006167	0.017050
897.696172	0.013190
898.386177	0.006790
899.076182	-0.001650
899.766186	-0.011540
900.456191	-0.022150
901.146196	-0.032650
901.836201	-0.042080
902.526205	-0.049450
903.216210	-0.053860
903.906215	-0.054640
904.596220	-0.051470
905.286224	-0.044320
905.976229	-0.033420
906.666234	-0.019130
907.356239	-0.001860
908.046243	0.017920
908.736248	0.039790
909.426253	0.063180
910.116258	0.087450
910.806262	0.111830
911.496267	0.135430
912.186272	0.157380
912.876277	0.176850
913.566281	0.193220
914.256286	0.206110
914.946291	0.215400
915.636296	0.221250
916.326300	0.224020
917.016305	0.224210
917.706310	0.222340
918.396315	0.218840
919.086319	0.213930
919.776324	0.207710
920.466329	0.200090
921.156334	0.190870
921.846338	0.179700
922.536343	0.166090
923.226348	0.149420
923.916352	0.128980
924.606357	0.104150
925.296362	0.074500
925.986367	0.039910
926.676371	0.000520
927.366376	-0.043180
928.056381	-0.090400
928.746386	-0.139870
929.436390	-0.189840
930.126395	-0.238090
930.816400	-0.282080
931.506405	-0.319200
932.196409	-0.347090
932.886414	-0.363880
933.576419	-0.368440
934.266424	-0.360490
934.956428	-0.340660
935.646433	-0.310340
936.336438	-0.271550
937.026443	-0.226650
937.716447	-0.178160
938.406452	-0.128610
939.096457	-0.080370
939.786462	-0.035600
940.476466	0.003920
941.166471	0.036900
941.856476	0.062560
942.546481	0.080700
943.236485	0.091570
943.926490	0.095700
944.616495	0.093790
945.306500	0.086570
945.996504	0.074790
946.686509	0.059260
947.376514	0.040900
948.066519	0.020790
948.756523	0.000140
949.446528	-0.019870
950.136533	-0.038120
950.826538	-0.053710
951.516542	-0.065900
952.206547	-0.074180
952.896552	-0.078270
953.586556	-0.078350
954.276561	-0.075160
954.966566	-0.070020
955.656571	-0.064580
956.346575	-0.060520
957.036580	-0.059090
957.726585	-0.060880
958.416590	-0.065780
959.106594	-0.073080
959.796599	-0.081810
960.486604	-0.090920
961.176609	-0.099520
961.866613	-0.106950
962.556618	-0.112660
963.246623	-0.116210
963.936628	-0.117030
964.626632	-0.114530
965.316637	-0.108070
966.006642	-0.097150
966.696647	-0.081450
967.386651	-0.060970
968.076656	-0.036090
968.766661	-0.007520
969.456666	0.023660
970.146670	0.056140
970.836675	0.088430
971.526680	0.118960
972.216685	0.146290
972.906689	0.169200
973.596694	0.186820
974.286699	0.198760
974.976704	0.205150
975.666708	0.206650
976.356713	0.204400
977.046718	0.199830
977.736723	0.194510
978.426727	0.189880
979.116732	0.187010
979.806737	0.186540
980.496742	0.188680
981.186746	0.193260
981.876751	0.199940
982.566756	0.208320
983.256760	0.218060
983.946765	0.228950
984.636770	0.240870
985.326775	0.253640
986.016779	0.266860
986.706784	0.279730
987.396789	0.290920
988.086794	0.298550
988.776798	0.300220
989.466803	0.293160
990.156808	0.274430
990.846813	0.241310
991.536817	0.191960
992.226822	0.126140
992.916827	0.045780
993.606832	-0.044880
994.296836	-0.139950
994.986841	-0.232860
995.676846	-0.317590
996.366851	-0.389520
997.056855	-0.445720
997.746860	-0.484800
998.436865	-0.506470
999.126870	-0.511150
999.816874	-0.499830
1000.506879	-0.474220
1001.196884	-0.436800
1001.886889	-0.390870
1002.576893	-0.340160
1003.266898	-0.288380
1003.956903	-0.238680
1004.646908	-0.193330
1005.336912	-0.153670
1006.026917	-0.120350
1006.716922	-0.093560
1007.406927	-0.073220
1008.096931	-0.059010
1008.786936	-0.050290
1009.476941	-0.046000
1010.166946	-0.044630
1010.856950	-0.044260
1011.546955	-0.042850
1012.236960	-0.038560
1012.926964	-0.030070
1013.616969	-0.016920
1014.306974	0.000410
1014.996979	0.020670
1015.686983	0.042190
1016.376988	0.063250
1017.066993	0.082460
1017.756998	0.098930
1018.447002	0.112250
1019.137007	0.122240
1019.827012	0.128760
1020.517017	0.131540
1021.207021	0.130240
1021.897026	0.124600
1022.587031	0.114710
1023.277036	0.101210
1023.967040	0.085320
1024.657045	0.068620
1025.347050	0.052710
1026.037055	0.038770
1026.727059	0.027320
1027.417064	0.018160
1028.107069	0.010590
1028.797074	0.003800
1029.487078	-0.002800
1030.177083	-0.009360
1030.867088	-0.015430
1031.557093	-0.020180
1032.247097	-0.022660
1032.937102	-0.022170
1033.627107	-0.018470
1034.317112	-0.011980
1035.007116	-0.003610
1035.697121	0.005430
1036.387126	0.014030
1037.077131	0.021360
1037.767135	0.027120
1038.457140	0.031450
1039.147145	0.034760
1039.837150	0.037520
1040.527154	0.039960
1041.217159	0.041990
1041.907164	0.043320
1042.597168	0.043590
1043.287173	0.042640
1043.977178	0.040640
1044.667183	0.038040
1045.357187	0.035470
1046.047192	0.033560
1046.737197	0.032770
1047.427202	0.033340
1048.117206	0.035230
1048.807211	0.038200
1049.497216	0.041850
1050.187221	0.045770
1050.877225	0.049560
1051.567230	0.052850
1052.257235	0.055310
1052.947240	0.056680
1053.637244	0.056700
1054.327249	0.055110
1055.017254	0.051690
1055.707259	0.046260
1056.397263	0.038720
1057.087268	0.029070
1057.777273	0.017450
1058.467278	0.004190
1059.157282	-0.010170
1059.847287	-0.024970
1060.537292	-0.039400
1061.227297	-0.052600
1061.917301	-0.063780
