0.000000	0.216920
0.690045	0.209530
1.380090	0.199970
2.070135	0.189370
2.760180	0.178600
3.450225	0.167840
4.140270	0.156420
4.830314	0.143020
5.520359	0.126120
6.210404	0.104700
6.900449	0.078710
7.590494	0.049290
8.280539	0.018500
8.970584	-0.011140
9.660629	-0.037230
10.350674	-0.057880
11.040719	-0.071980
11.730764	-0.079280
12.420809	-0.080250
13.110853	-0.075900
13.800898	-0.067490
14.490943	-0.056370
15.180988	-0.043800
15.871033	-0.030850
16.561078	-0.018460
17.251123	-0.007520
17.941168	0.000990
18.631213	0.006150
19.321258	0.007160
20.011303	0.003620
20.701348	-0.004280
21.391392	-0.015840
22.081437	-0.029940
22.771482	-0.045310
23.461527	-0.060770
24.151572	-0.075240
24.841617	-0.087760
25.531662	-0.097430
26.221707	-0.103350
26.911752	-0.104730
27.601797	-0.101070
28.291842	-0.092320
28.981887	-0.078980
29.671932	-0.062130
30.361976	-0.043210
31.052021	-0.023850
31.742066	-0.005590
32.432111	0.010340
33.122156	0.023180
33.812201	0.032590
34.502246	0.038660
35.192291	0.041810
35.882336	0.042680
36.572381	0.042010
37.262426	0.040480
37.952471	0.038610
38.642515	0.036650
39.332560	0.034600
40.022605	0.032340
40.712650	0.029800
41.402695	0.027010
42.092740	0.024090
42.782785	0.021200
43.472830	0.018390
44.162875	0.015630
44.852920	0.012900
45.542965	0.010220
46.233010	0.007670
46.923054	0.005340
47.613099	0.003270
48.303144	0.001470
48.993189	-0.000020
49.683234	-0.000980
50.373279	-0.001160
51.063324	-0.000270
51.753369	0.001750
52.443414	0.004630
53.133459	0.007840
53.823504	0.010800
54.513549	0.013120
55.203594	0.014690
55.893638	0.015700
56.583683	0.016430
57.273728	0.017050
57.963773	0.017560
58.653818	0.017720
59.343863	0.017190
60.033908	0.015630
60.723953	0.012800
61.413998	0.008660
62.104043	0.003340
62.794088	-0.002820
63.484133	-0.009300
64.174177	-0.015310
64.864222	-0.019980
65.554267	-0.022410
66.244312	-0.021980
66.934357	-0.018480
67.624402	-0.012200
68.314447	-0.003890
69.004492	0.005430
69.694537	0.014780
70.384582	0.023360
71.074627	0.030610
71.764672	0.036230
72.454716	0.040060
73.144761	0.041970
73.834806	0.041880
74.524851	0.039680
75.214896	0.035370
75.904941	0.029000
76.594986	0.020690
77.285031	0.010610
77.975076	-0.000990
78.665121	-0.013760
79.355166	-0.027160
80.045211	-0.040510
80.735255	-0.053060
81.425300	-0.064040
82.115345	-0.072780
82.805390	-0.078690
83.495435	-0.081270
84.185480	-0.080140
84.875525	-0.075130
85.565570	-0.066390
86.255615	-0.054460
86.945660	-0.040330
87.635705	-0.025320
88.325750	-0.010850
89.015795	0.001720
89.705839	0.011390
90.395884	0.017540
91.085929	0.019980
91.775974	0.018960
92.466019	0.015040
93.156064	0.009060
93.846109	0.002000
94.536154	-0.005100
95.226199	-0.011280
95.916244	-0.015750
96.606289	-0.018000
97.296334	-0.017860
97.986378	-0.015460
98.676423	-0.011180
99.366468	-0.005570
100.056513	0.000730
100.746558	0.007100
101.436603	0.012900
102.126648	0.017650
102.816693	0.021050
103.506738	0.023060
104.196783	0.023860
104.886828	0.023770
105.576873	0.023180
106.266917	0.022410
106.956962	0.021680
107.647007	0.021060
108.337052	0.020520
109.027097	0.019870
109.717142	0.018890
110.407187	0.017300
111.097232	0.014910
111.787277	0.011660
112.477322	0.007680
113.167367	0.003290
113.857412	-0.001090
114.547457	-0.005000
115.237501	-0.008000
115.927546	-0.009750
116.617591	-0.010100
117.307636	-0.009040
117.997681	-0.006740
118.687726	-0.003470
119.377771	0.000470
120.067816	0.004810
120.757861	0.009260
121.447906	0.013570
122.137951	0.017460
122.827996	0.020670
123.518040	0.022990
124.208085	0.024340
124.898130	0.024740
125.588175	0.024240
126.278220	0.022900
126.968265	0.020690
127.658310	0.017480
128.348355	0.013060
129.038400	0.007210
129.728445	-0.000210
130.418490	-0.009170
131.108535	-0.019390
131.798579	-0.030290
132.488624	-0.040990
133.178669	-0.050470
133.868714	-0.057700
134.558759	-0.061990
135.248804	-0.063050
135.938849	-0.061150
136.628894	-0.056910
137.318939	-0.051160
138.008984	-0.044680
138.699029	-0.037990
139.389074	-0.031330
140.079119	-0.024670
140.769163	-0.017760
141.459208	-0.010270
142.149253	-0.001860
142.839298	0.007610
143.529343	0.018070
144.219388	0.029070
144.909433	0.039840
145.599478	0.049360
146.289523	0.056610
146.979568	0.060650
147.669613	0.060870
148.359658	0.056990
149.049702	0.049200
149.739747	0.038110
150.429792	0.024770
151.119837	0.010520
151.809882	-0.003130
152.499927	-0.014780
153.189972	-0.023240
153.880017	-0.027740
154.570062	-0.028010
155.260107	-0.024180
155.950152	-0.016810
156.640197	-0.006750
157.330241	0.004970
158.020286	0.017260
158.710331	0.029070
159.400376	0.039480
160.090421	0.047810
160.780466	0.053740
161.470511	0.057370
162.160556	0.059150
162.850601	0.059810
163.540646	0.060080
164.230691	0.060560
164.920736	0.061510
165.610781	0.062940
166.300825	0.064550
166.990870	0.065800
167.680915	0.065870
168.370960	0.063790
169.061005	0.058610
169.751050	0.049810
170.441095	0.037690
171.131140	0.023420
171.821185	0.008930
172.511230	-0.003590
173.201275	-0.012170
173.891320	-0.015480
174.581364	-0.013060
175.271409	-0.005260
175.961454	0.006780
176.651499	0.021480
177.341544	0.037090
178.031589	0.052090
178.721634	0.065430
179.411679	0.076600
180.101724	0.085410
180.791769	0.091840
181.481814	0.095820
182.171859	0.097310
182.861903	0.096420
183.551948	0.093720
184.241993	0.090360
184.932038	0.088050
185.622083	0.088620
186.312128	0.093570
187.002173	0.103550
187.692218	0.118120
188.382263	0.135810
189.072308	0.154520
189.762353	0.171950
190.452398	0.185860
191.142443	0.194090
191.832487	0.194410
192.522532	0.184310
193.212577	0.160900
193.902622	0.121180
194.592667	0.062500
195.282712	-0.016570
195.972757	-0.115390
196.662802	-0.230620
197.352847	-0.356280
198.042892	-0.484180
198.732937	-0.604820
199.422982	-0.708600
200.113026	-0.786890
200.803071	-0.832720
201.493116	-0.841390
202.183161	-0.810960
202.873206	-0.742550
203.563251	-0.640500
204.253296	-0.512320
204.943341	-0.367950
205.633386	-0.218320
206.323431	-0.073700
207.013476	0.057730
207.703521	0.170670
208.393565	0.262580
209.083610	0.333080
209.773655	0.383170
210.463700	0.414760
211.153745	0.430330
211.843790	0.432530
212.533835	0.423830
213.223880	0.406070
213.913925	0.380360
214.603970	0.347170
215.294015	0.306600
215.984060	0.258850
216.674104	0.204470
217.364149	0.144660
218.054194	0.081250
218.744239	0.016700
219.434284	-0.046070
220.124329	-0.103950
220.814374	-0.153910
221.504419	-0.193450
222.194464	-0.220890
222.884509	-0.235400
223.574554	-0.236920
224.264599	-0.225880
224.954644	-0.203010
225.644688	-0.169250
226.334733	-0.126120
227.024778	-0.076120
227.714823	-0.023100
228.404868	0.028070
229.094913	0.072390
229.784958	0.105800
230.475003	0.126130
231.165048	0.133400
231.855093	0.129340
232.545138	0.116460
233.235183	0.097150
233.925227	0.073220
234.615272	0.045910
235.305317	0.016190
235.995362	-0.014820
236.685407	-0.045670
237.375452	-0.074320
238.065497	-0.098280
238.755542	-0.114790
239.445587	-0.121180
240.135632	-0.115470
240.825677	-0.096930
241.515722	-0.066570
242.205766	-0.027290
242.895811	0.016470
243.585856	0.059570
244.275901	0.097230
244.965946	0.125940
245.655991	0.143910
246.346036	0.151190
247.036081	0.149250
247.726126	0.140450
248.416171	0.127590
249.106216	0.113450
249.796261	0.100490
250.486306	0.090570
251.176350	0.084670
251.866395	0.082850
252.556440	0.084270
253.246485	0.087410
253.936530	0.090450
254.626575	0.091600
255.316620	0.089430
256.006665	0.083120
256.696710	0.072550
257.386755	0.058180
258.076800	0.040900
258.766845	0.021850
259.456889	0.002170
260.146934	-0.017060
260.836979	-0.034920
261.527024	-0.050700
262.217069	-0.063940
262.907114	-0.074450
263.597159	-0.082220
264.287204	-0.087390
264.977249	-0.090100
265.667294	-0.090370
266.357339	-0.088140
267.047384	-0.083310
267.737428	-0.075960
268.427473	-0.066560
269.117518	-0.055930
269.807563	-0.045230
270.497608	-0.035640
271.187653	-0.028120
271.877698	-0.023110
272.567743	-0.020530
273.257788	-0.019860
273.947833	-0.020330
274.637878	-0.021100
275.327923	-0.021430
276.017968	-0.020750
276.708012	-0.018690
277.398057	-0.015020
278.088102	-0.009650
278.778147	-0.002620
279.468192	0.005850
280.158237	0.015450
280.848282	0.025700
281.538327	0.036020
282.228372	0.045830
282.918417	0.054610
283.608462	0.061980
284.298507	0.067720
284.988551	0.071750
285.678596	0.074080
286.368641	0.074730
287.058686	0.073730
287.748731	0.071110
288.438776	0.066950
289.128821	0.061380
289.818866	0.054510
290.508911	0.046360
291.198956	0.036850
291.889001	0.025860
292.579046	0.013290
293.269090	-0.000790
293.959135	-0.016220
294.649180	-0.032600
295.339225	-0.049450
296.029270	-0.066170
296.719315	-0.082080
297.409360	-0.096410
298.099405	-0.108390
298.789450	-0.117220
299.479495	-0.122150
300.169540	-0.122520
300.859585	-0.117880
301.549630	-0.108050
302.239674	-0.093200
302.929719	-0.073900
303.619764	-0.051120
304.309809	-0.026180
304.999854	-0.000570
305.689899	0.024120
306.379944	0.046480
307.069989	0.065390
307.760034	0.080110
308.450079	0.090370
309.140124	0.096240
309.830169	0.098070
310.520213	0.096370
311.210258	0.091700
311.900303	0.084680
312.590348	0.075990
313.280393	0.066320
313.970438	0.056310
314.660483	0.046450
315.350528	0.037040
316.040573	0.028130
316.730618	0.019590
317.420663	0.011260
318.110708	0.003040
318.800752	-0.005010
319.490797	-0.012700
320.180842	-0.019650
320.870887	-0.025480
321.560932	-0.029850
322.250977	-0.032580
322.941022	-0.033670
323.631067	-0.033330
324.321112	-0.031950
325.011157	-0.030010
325.701202	-0.027970
326.391247	-0.026230
327.081292	-0.024990
327.771336	-0.024290
328.461381	-0.024030
329.151426	-0.023990
329.841471	-0.023950
330.531516	-0.023730
331.221561	-0.023230
331.911606	-0.022460
332.601651	-0.021560
333.291696	-0.020810
333.981741	-0.020570
334.671786	-0.021190
335.361831	-0.022980
336.051875	-0.026070
336.741920	-0.030440
337.431965	-0.035820
338.122010	-0.041770
338.812055	-0.047640
339.502100	-0.052700
340.192145	-0.056160
340.882190	-0.057420
341.572235	-0.056030
342.262280	-0.051820
342.952325	-0.044820
343.642370	-0.035220
344.332414	-0.023400
345.022459	-0.009870
345.712504	0.004650
346.402549	0.019410
347.092594	0.033590
347.782639	0.046460
348.472684	0.057450
349.162729	0.066130
349.852774	0.072240
350.542819	0.075620
351.232864	0.076210
351.922909	0.074050
352.612953	0.069290
353.302998	0.062200
353.993043	0.053210
354.683088	0.042830
355.373133	0.031630
356.063178	0.020160
356.753223	0.008980
357.443268	-0.001400
358.133313	-0.010560
358.823358	-0.018090
359.513403	-0.023680
360.203448	-0.027140
360.893493	-0.028330
361.583537	-0.027200
362.273582	-0.023790
362.963627	-0.018280
363.653672	-0.011000
364.343717	-0.002430
365.033762	0.006780
365.723807	0.015900
366.413852	0.024120
367.103897	0.030610
367.793942	0.034600
368.483987	0.035450
369.174032	0.032770
369.864076	0.026570
370.554121	0.017300
371.244166	0.005820
371.934211	-0.006700
372.624256	-0.019080
373.314301	-0.030210
374.004346	-0.039220
374.694391	-0.045460
375.384436	-0.048540
376.074481	-0.048320
376.764526	-0.045060
377.454571	-0.039410
378.144615	-0.032440
378.834660	-0.025500
379.524705	-0.019920
380.214750	-0.016720
380.904795	-0.016390
381.594840	-0.018780
382.284885	-0.023110
382.974930	-0.028210
383.664975	-0.032810
384.355020	-0.035810
385.045065	-0.036540
385.735110	-0.034830
386.425155	-0.031040
387.115199	-0.025940
387.805244	-0.020560
388.495289	-0.016030
389.185334	-0.013370
389.875379	-0.013230
390.565424	-0.015810
391.255469	-0.020840
391.945514	-0.027590
392.635559	-0.034950
393.325604	-0.041390
394.015649	-0.045160
394.705694	-0.044580
395.395738	-0.038330
396.085783	-0.025800
396.775828	-0.007310
397.465873	0.015950
398.155918	0.042210
398.845963	0.069400
399.536008	0.095420
400.226053	0.118460
400.916098	0.137170
401.606143	0.150850
402.296188	0.159410
402.986233	0.163370
403.676277	0.163630
404.366322	0.161200
405.056367	0.156930
405.746412	0.151290
406.436457	0.144240
407.126502	0.135390
407.816547	0.124200
408.506592	0.110410
409.196637	0.094320
409.886682	0.076950
410.576727	0.059800
411.266772	0.044330
411.956817	0.031430
412.646861	0.021130
413.336906	0.012650
414.026951	0.004860
414.716996	-0.003070
415.407041	-0.011270
416.097086	-0.019080
416.787131	-0.025440
417.477176	-0.029360
418.167221	-0.030280
418.857266	-0.028310
419.547311	-0.024030
420.237356	-0.018220
420.927400	-0.011610
421.617445	-0.004720
422.307490	0.002170
422.997535	0.009060
423.687580	0.016230
424.377625	0.024190
425.067670	0.033580
425.757715	0.044910
426.447760	0.058350
427.137805	0.073650
427.827850	0.090180
428.517895	0.107130
429.207939	0.123600
429.897984	0.138660
430.588029	0.151190
431.278074	0.159710
431.968119	0.162250
432.658164	0.156400
433.348209	0.139410
434.038254	0.108570
434.728299	0.061600
435.418344	-0.002940
436.108389	-0.085210
436.798434	-0.183780
437.488479	-0.295350
438.178523	-0.414730
438.868568	-0.534810
439.558613	-0.647140
440.248658	-0.742610
440.938703	-0.812460
441.628748	-0.849230
442.318793	-0.847660
443.008838	-0.805360
443.698883	-0.723210
444.388928	-0.605440
445.078973	-0.459230
445.769018	-0.294170
446.459062	-0.121190
447.149107	0.048630
447.839152	0.205430
448.529197	0.341460
449.219242	0.451880
449.909287	0.534870
450.599332	0.591260
451.289377	0.623590
451.979422	0.635030
452.669467	0.628480
453.359512	0.606070
454.049557	0.569060
454.739601	0.518260
455.429646	0.454450
456.119691	0.378950
456.809736	0.293880
457.499781	0.202180
458.189826	0.107500
458.879871	0.013860
459.569916	-0.074770
460.259961	-0.154910
460.950006	-0.223920
461.640051	-0.280240
462.330096	-0.323440
463.020141	-0.353990
463.710185	-0.372970
464.400230	-0.381690
465.090275	-0.381360
465.780320	-0.372860
466.470365	-0.356750
467.160410	-0.333440
467.850455	-0.303610
468.540500	-0.268510
469.230545	-0.230150
469.920590	-0.190860
470.610635	-0.152870
471.300680	-0.117770
471.990724	-0.086110
472.680769	-0.057390
473.370814	-0.030270
474.060859	-0.002840
474.750904	0.026960
475.440949	0.060780
476.130994	0.098850
476.821039	0.139450
477.511084	0.179090
478.201129	0.213520
478.891174	0.239110
479.581219	0.253980
480.271263	0.258290
480.961308	0.253680
481.651353	0.242170
482.341398	0.225520
483.031443	0.205100
483.721488	0.182090
484.411533	0.157790
485.101578	0.133620
485.791623	0.110880
486.481668	0.090370
487.171713	0.072310
487.861758	0.056520
488.551802	0.042720
489.241847	0.030860
489.931892	0.021310
490.621937	0.014750
491.311982	0.011990
492.002027	0.013560
492.692072	0.019480
493.382117	0.028950
494.072162	0.040390
494.762207	0.051660
495.452252	0.060550
496.142297	0.065210
496.832342	0.064540
497.522386	0.058300
498.212431	0.047000
498.902476	0.031620
499.592521	0.013310
500.282566	-0.006880
500.972611	-0.028190
501.662656	-0.050080
502.352701	-0.072230
503.042746	-0.094320
503.732791	-0.115910
504.422836	-0.136370
505.112881	-0.154860
505.802925	-0.170360
506.492970	-0.181810
507.183015	-0.188100
507.873060	-0.188160
508.563105	-0.181120
509.253150	-0.166480
509.943195	-0.144400
510.633240	-0.115750
511.323285	-0.082040
512.013330	-0.045160
512.703375	-0.007030
513.393420	0.030610
514.083464	0.066320
514.773509	0.098810
515.463554	0.126900
516.153599	0.149510
516.843644	0.165740
517.533689	0.175000
518.223734	0.177050
518.913779	0.172110
519.603824	0.160830
520.293869	0.144340
520.983914	0.124080
521.673959	0.101730
522.364004	0.079000
523.054048	0.057360
523.744093	0.037900
524.434138	0.021120
525.124183	0.006990
525.814228	-0.004980
526.504273	-0.015450
527.194318	-0.024990
527.884363	-0.033930
528.574408	-0.042320
529.264453	-0.049980
529.954498	-0.056710
530.644543	-0.062400
531.334587	-0.067050
532.024632	-0.070820
532.714677	-0.073870
533.404722	-0.076290
534.094767	-0.078020
534.784812	-0.078800
535.474857	-0.078240
536.164902	-0.075920
536.854947	-0.071470
537.544992	-0.064660
538.235037	-0.055430
538.925082	-0.043850
539.615126	-0.030120
540.305171	-0.014540
540.995216	0.002430
541.685261	0.020150
542.375306	0.037810
543.065351	0.054370
543.755396	0.068800
544.445441	0.080140
545.135486	0.087680
545.825531	0.091100
546.515576	0.090510
547.205621	0.086360
547.895666	0.079340
548.585710	0.070290
549.275755	0.060130
549.965800	0.049770
550.655845	0.040060
551.345890	0.031600
552.035935	0.024610
552.725980	0.018920
553.416025	0.014070
554.106070	0.009570
554.796115	0.005190
555.486160	0.001030
556.176205	-0.002580
556.866249	-0.005260
557.556294	-0.006800
558.246339	-0.007310
558.936384	-0.007180
559.626429	-0.006930
560.316474	-0.007160
561.006519	-0.008360
561.696564	-0.010840
562.386609	-0.014710
563.076654	-0.019830
563.766699	-0.025880
564.456744	-0.032330
565.146788	-0.038630
565.836833	-0.044250
566.526878	-0.048810
567.216923	-0.052120
567.906968	-0.054180
568.597013	-0.055240
569.287058	-0.055680
569.977103	-0.056040
570.667148	-0.056880
571.357193	-0.058700
572.047238	-0.061780
572.737283	-0.066110
573.427328	-0.071410
574.117372	-0.077240
574.807417	-0.083110
575.497462	-0.088520
576.187507	-0.092900
576.877552	-0.095500
577.567597	-0.095310
578.257642	-0.091170
578.947687	-0.082120
579.637732	-0.067760
580.327777	-0.048530
581.017822	-0.025710
581.707867	-0.001160
582.397911	0.023060
583.087956	0.045100
583.778001	0.063510
584.468046	0.077360
585.158091	0.086180
585.848136	0.089940
586.538181	0.089050
587.228226	0.084380
587.918271	0.077200
588.608316	0.068940
589.298361	0.060930
589.988406	0.054070
590.678450	0.048690
591.368495	0.044610
592.058540	0.041390
592.748585	0.038600
593.438630	0.035960
594.128675	0.033320
594.818720	0.030540
595.508765	0.027430
596.198810	0.023840
596.888855	0.019790
597.578900	0.015610
598.268945	0.011920
598.958990	0.009550
599.649034	0.009220
600.339079	0.011340
601.029124	0.015890
601.719169	0.022420
602.409214	0.030140
603.099259	0.038120
603.789304	0.045420
604.479349	0.051270
605.169394	0.055120
605.859439	0.056700
606.549484	0.056000
607.239529	0.053220
607.929573	0.048700
608.619618	0.042780
609.309663	0.035680
609.999708	0.027360
610.689753	0.017520
611.379798	0.005770
612.069843	-0.008020
612.759888	-0.023390
613.449933	-0.039170
614.139978	-0.053700
614.830023	-0.065310
615.520068	-0.072800
616.210112	-0.075830
616.900157	-0.074980
617.590202	-0.071560
618.280247	-0.067220
618.970292	-0.063590
619.660337	-0.061840
620.350382	-0.062480
621.040427	-0.065340
621.730472	-0.069740
622.420517	-0.074740
623.110562	-0.079370
623.800607	-0.082830
624.490651	-0.084500
625.180696	-0.084020
625.870741	-0.081170
626.560786	-0.075860
627.250831	-0.068070
627.940876	-0.057810
628.630921	-0.045130
629.320966	-0.030070
630.011011	-0.012770
630.701056	0.006530
631.391101	0.027350
632.081146	0.048800
632.771191	0.069540
633.461235	0.087910
634.151280	0.102170
634.841325	0.110910
635.531370	0.113410
636.221415	0.109790
636.911460	0.100970
637.601505	0.088530
638.291550	0.074360
638.981595	0.060420
639.671640	0.048420
640.361685	0.039680
641.051730	0.035050
641.741774	0.034900
642.431819	0.039220
643.121864	0.047740
643.811909	0.059870
644.501954	0.074630
645.191999	0.090660
645.882044	0.106320
646.572089	0.120010
647.262134	0.130580
647.952179	0.137480
648.642224	0.140670
649.332269	0.140110
650.022313	0.135390
650.712358	0.125470
651.402403	0.109000
652.092448	0.085020
652.782493	0.053810
653.472538	0.017350
654.162583	-0.021030
654.852628	-0.057450
655.542673	-0.088470
656.232718	-0.111880
656.922763	-0.126980
657.612808	-0.134230
658.302853	-0.134740
658.992897	-0.129730
659.682942	-0.120320
660.372987	-0.107410
661.063032	-0.091640
661.753077	-0.073510
662.443122	-0.053490
663.133167	-0.032100
663.823212	-0.009900
664.513257	0.012610
665.203302	0.035190
665.893347	0.057870
666.583392	0.080950
667.273436	0.104730
667.963481	0.129230
668.653526	0.153930
669.343571	0.177720
670.033616	0.199120
670.723661	0.216510
671.413706	0.228440
672.103751	0.233810
672.793796	0.231900
673.483841	0.222250
674.173886	0.204480
674.863931	0.178230
675.553975	0.143010
676.244020	0.098340
676.934065	0.043920
677.624110	-0.020160
678.314155	-0.093100
679.004200	-0.173060
679.694245	-0.257020
680.384290	-0.340840
681.074335	-0.419640
681.764380	-0.488420
682.454425	-0.542720
683.144470	-0.579090
683.834515	-0.595310
684.524559	-0.590370
685.214604	-0.564260
685.904649	-0.517890
686.594694	-0.453020
687.284739	-0.372310
687.974784	-0.279320
688.664829	-0.178500
689.354874	-0.074970
690.044919	0.025890
690.734964	0.119000
691.425009	0.200110
692.115054	0.266210
692.805098	0.315730
693.495143	0.348460
694.185188	0.365260
694.875233	0.367750
695.565278	0.357870
696.255323	0.337480
696.945368	0.308080
697.635413	0.270760
698.325458	0.226340
699.015503	0.175770
699.705548	0.120390
700.395593	0.062140
701.085637	0.003440
701.775682	-0.053120
702.465727	-0.105140
703.155772	-0.150740
703.845817	-0.188680
704.535862	-0.218220
705.225907	-0.238910
705.915952	-0.250310
706.605997	-0.251880
707.296042	-0.243120
707.986087	-0.223880
708.676132	-0.194740
709.366177	-0.157240
710.056221	-0.113860
710.746266	-0.067780
711.436311	-0.022450
712.126356	0.018940
712.816401	0.054120
713.506446	0.082020
714.196491	0.102910
714.886536	0.118290
715.576581	0.130280
716.266626	0.140980
716.956671	0.151630
717.646716	0.162220
718.336760	0.171430
719.026805	0.177110
719.716850	0.176990
720.406895	0.169480
721.096940	0.154160
721.786985	0.131990
722.477030	0.105020
723.167075	0.076010
723.857120	0.047800
724.547165	0.022840
725.237210	0.002730
725.927255	-0.011840
726.617299	-0.020970
727.307344	-0.025280
727.997389	-0.025720
728.687434	-0.023590
729.377479	-0.020550
730.067524	-0.018540
730.757569	-0.019430
731.447614	-0.024610
732.137659	-0.034600
732.827704	-0.048930
733.517749	-0.066270
734.207794	-0.084750
734.897839	-0.102220
735.587883	-0.116550
736.277928	-0.125760
736.967973	-0.128330
737.658018	-0.123270
738.348063	-0.110330
739.038108	-0.090050
739.728153	-0.063750
740.418198	-0.033440
741.108243	-0.001490
741.798288	0.029690
742.488333	0.058080
743.178378	0.082130
743.868422	0.100970
744.558467	0.114260
745.248512	0.122190
745.938557	0.125350
746.628602	0.124640
747.318647	0.121140
748.008692	0.115880
748.698737	0.109750
749.388782	0.103440
750.078827	0.097480
750.768872	0.092240
751.458917	0.088030
752.148961	0.084900
752.839006	0.082600
753.529051	0.080410
754.219096	0.077220
754.909141	0.071620
755.599186	0.062340
756.289231	0.048540
756.979276	0.030170
757.669321	0.008030
758.359366	-0.016380
759.049411	-0.041210
759.739456	-0.064610
760.429500	-0.085110
761.119545	-0.101780
761.809590	-0.114290
762.499635	-0.122830
763.189680	-0.127920
763.879725	-0.130230
764.569770	-0.130360
765.259815	-0.128610
765.949860	-0.124890
766.639905	-0.118750
767.329950	-0.109590
768.019995	-0.096940
768.710040	-0.080870
769.400084	-0.062160
770.090129	-0.042230
770.780174	-0.022820
771.470219	-0.005520
772.160264	0.008630
772.850309	0.019400
773.540354	0.027270
774.230399	0.033150
774.920444	0.038050
775.610489	0.042760
776.300534	0.047620
776.990579	0.052600
777.680623	0.057310
778.370668	0.061250
779.060713	0.063910
779.750758	0.064830
780.440803	0.063660
781.130848	0.060160
781.820893	0.054210
782.510938	0.045850
783.200983	0.035380
783.891028	0.023290
784.581073	0.010260
785.271118	-0.002940
785.961162	-0.015570
786.651207	-0.026920
787.341252	-0.036390
788.031297	-0.043480
788.721342	-0.047870
789.411387	-0.049510
790.101432	-0.048660
790.791477	-0.045950
791.481522	-0.042200
792.171567	-0.038270
792.861612	-0.034880
