0.000000	0.264770
0.690008	0.305120
1.380017	0.344380
2.070025	0.381030
2.760034	0.413120
3.450042	0.438080
4.140051	0.452620
4.830059	0.452990
5.520068	0.435400
6.210076	0.397010
6.900085	0.336940
7.590093	0.257320
8.280102	0.163560
8.970110	0.063820
9.660119	-0.032450
10.350127	-0.116360
11.040135	-0.181230
11.730144	-0.223660
12.420152	-0.243720
13.110161	-0.244230
13.800169	-0.229830
14.490178	-0.205910
15.180186	-0.177780
15.870195	-0.149960
16.560203	-0.125870
17.250212	-0.107720
17.940220	-0.096690
18.630229	-0.093150
19.320237	-0.096980
20.010246	-0.107690
20.700254	-0.124530
21.390262	-0.146530
22.080271	-0.172520
22.770279	-0.201230
23.460288	-0.231400
24.150296	-0.261940
24.840305	-0.291960
25.530313	-0.320740
26.220322	-0.347580
26.910330	-0.371630
27.600339	-0.391860
28.290347	-0.406910
28.980356	-0.415170
29.670364	-0.414860
30.360373	-0.404130
31.050381	-0.381270
31.740389	-0.344930
32.430398	-0.294450
33.120406	-0.230140
33.810415	-0.153470
34.500423	-0.067010
35.190432	0.025890
35.880440	0.121620
36.570449	0.216500
37.260457	0.307060
37.950466	0.389960
38.640474	0.461960
39.330483	0.520000
40.020491	0.561440
40.710500	0.584430
41.400508	0.588250
42.090516	0.573370
42.780525	0.541390
43.470533	0.494660
44.160542	0.435960
44.850550	0.368090
45.540559	0.293660
46.230567	0.215010
46.920576	0.134190
47.610584	0.053040
48.300593	-0.026710
48.990601	-0.103410
49.680610	-0.175480
50.370618	-0.241480
51.060627	-0.300200
51.750635	-0.350780
52.440643	-0.392720
53.130652	-0.425700
53.820660	-0.449380
54.510669	-0.463220
55.200677	-0.466480
55.890686	-0.458380
56.580694	-0.438580
57.270703	-0.407500
57.960711	-0.366520
58.650720	-0.317790
59.340728	-0.263910
60.030737	-0.207480
60.720745	-0.150720
61.410754	-0.095380
62.100762	-0.042720
62.790770	0.006360
63.480779	0.051160
64.170787	0.090820
64.860796	0.124340
65.550804	0.150800
66.240813	0.169610
66.930821	0.180930
67.620830	0.185640
68.310838	0.185190
69.000847	0.181120
69.690855	0.174590
70.380864	0.166340
71.070872	0.156790
71.760881	0.146300
72.450889	0.135360
73.140897	0.124620
73.830906	0.114810
74.520914	0.106670
75.210923	0.100880
75.900931	0.097920
76.590940	0.098100
77.280948	0.101410
77.970957	0.107480
78.660965	0.115510
79.350974	0.124340
80.040982	0.132690
80.730991	0.139320
81.420999	0.143240
82.111008	0.143800
82.801016	0.140710
83.491024	0.133930
84.181033	0.123670
84.871041	0.110380
85.561050	0.094650
86.251058	0.077200
86.941067	0.058720
87.631075	0.039800
88.321084	0.020830
89.011092	0.001970
89.701101	-0.016780
90.391109	-0.035510
91.081118	-0.054200
91.771126	-0.072680
92.461135	-0.090580
93.151143	-0.107350
93.841151	-0.122370
94.531160	-0.135050
95.221168	-0.144850
95.911177	-0.151310
96.601185	-0.153990
97.291194	-0.152430
97.981202	-0.146260
98.671211	-0.135290
99.361219	-0.119670
100.051228	-0.100080
100.741236	-0.077660
101.431245	-0.053940
102.121253	-0.030500
102.811262	-0.008790
103.501270	0.010120
104.191278	0.025600
104.881287	0.037370
105.571295	0.045440
106.261304	0.050050
106.951312	0.051580
107.641321	0.050570
108.331329	0.047610
109.021338	0.043320
109.711346	0.038280
110.401355	0.032960
111.091363	0.027730
111.781372	0.022870
112.471380	0.018580
113.161389	0.015060
113.851397	0.012490
114.541405	0.011070
115.231414	0.010950
115.921422	0.012200
116.611431	0.014790
117.301439	0.018580
117.991448	0.023310
118.681456	0.028710
119.371465	0.034570
120.061473	0.040690
120.751482	0.046920
121.441490	0.053070
122.131499	0.058860
122.821507	0.063890
123.511516	0.067680
124.201524	0.069750
124.891532	0.069670
125.581541	0.067170
126.271549	0.062160
126.961558	0.054770
127.651566	0.045370
128.341575	0.034550
129.031583	0.023120
129.721592	0.011930
130.411600	0.001770
131.101609	-0.006860
131.791617	-0.013830
132.481626	-0.019290
133.171634	-0.023590
133.861643	-0.027120
134.551651	-0.030160
135.241659	-0.032860
135.931668	-0.035220
136.621676	-0.037090
137.311685	-0.038190
138.001693	-0.038170
138.691702	-0.036670
139.381710	-0.033490
140.071719	-0.028710
140.761727	-0.022720
141.451736	-0.016110
142.141744	-0.009560
142.831753	-0.003640
143.521761	0.001260
144.211770	0.004920
144.901778	0.007220
145.591786	0.008120
146.281795	0.007620
146.971803	0.005870
147.661812	0.003110
148.351820	-0.000270
149.041829	-0.003860
149.731837	-0.007290
150.421846	-0.010250
151.111854	-0.012600
151.801863	-0.014270
152.491871	-0.015240
153.181880	-0.015490
153.871888	-0.014940
154.561897	-0.013500
155.251905	-0.011100
155.941913	-0.007750
156.631922	-0.003580
157.321930	0.001120
158.011939	0.005990
158.701947	0.010600
159.391956	0.014580
160.081964	0.017660
160.771973	0.019700
161.461981	0.020650
162.151990	0.020460
162.841998	0.019050
163.532007	0.016350
164.222015	0.012290
164.912024	0.006860
165.602032	0.000150
166.292040	-0.007730
166.982049	-0.016620
167.672057	-0.026340
168.362066	-0.036690
169.052074	-0.047380
169.742083	-0.058040
170.432091	-0.068140
171.122100	-0.077030
171.812108	-0.083910
172.502117	-0.087930
173.192125	-0.088300
173.882134	-0.084470
174.572142	-0.076230
175.262151	-0.063860
175.952159	-0.048070
176.642167	-0.029860
177.332176	-0.010370
178.022184	0.009290
178.712193	0.028160
179.402201	0.045510
180.092210	0.060780
180.782218	0.073640
181.472227	0.083840
182.162235	0.091220
182.852244	0.095620
183.542252	0.096840
184.232261	0.094650
184.922269	0.088830
185.612278	0.079290
186.302286	0.066170
186.992294	0.049940
187.682303	0.031500
188.372311	0.012110
189.062320	-0.006740
189.752328	-0.023570
190.442337	-0.037060
191.132345	-0.046320
191.822354	-0.050900
192.512362	-0.050880
193.202371	-0.046690
193.892379	-0.039020
194.582388	-0.028630
195.272396	-0.016320
195.962405	-0.002830
196.652413	0.011080
197.342421	0.024680
198.032430	0.037120
198.722438	0.047510
199.412447	0.054960
200.102455	0.058700
200.792464	0.058190
201.482472	0.053280
202.172481	0.044310
202.862489	0.032120
203.552498	0.017980
204.242506	0.003350
204.932515	-0.010290
205.622523	-0.021820
206.312532	-0.030560
207.002540	-0.036410
207.692548	-0.039740
208.382557	-0.041160
209.072565	-0.041350
209.762574	-0.040860
210.452582	-0.040040
211.142591	-0.039090
211.832599	-0.038140
212.522608	-0.037340
213.212616	-0.036830
213.902625	-0.036690
214.592633	-0.036930
215.282642	-0.037390
215.972650	-0.037890
216.662659	-0.038260
217.352667	-0.038450
218.042675	-0.038580
218.732684	-0.038840
219.422692	-0.039370
220.112701	-0.040190
220.802709	-0.041170
221.492718	-0.042110
222.182726	-0.042800
222.872735	-0.043140
223.562743	-0.043020
224.252752	-0.042300
224.942760	-0.040720
225.632769	-0.037930
226.322777	-0.033530
227.012786	-0.027170
227.702794	-0.018680
228.392802	-0.008140
229.082811	0.004100
229.772819	0.017430
230.462828	0.031050
231.152836	0.044080
231.842845	0.055760
232.532853	0.065550
233.222862	0.073270
233.912870	0.079210
234.602879	0.084070
235.292887	0.088930
235.982896	0.094970
236.672904	0.103330
237.362913	0.114860
238.052921	0.130000
238.742929	0.148630
239.432938	0.170100
240.122946	0.193280
240.812955	0.216760
241.502963	0.239020
242.192972	0.258590
242.882980	0.274130
243.572989	0.284190
244.262997	0.287230
244.953006	0.281720
245.643014	0.266500
246.333023	0.241290
247.023031	0.206980
247.713040	0.165620
248.403048	0.120000
249.093056	0.073030
249.783065	0.027200
250.473073	-0.015680
251.163082	-0.054520
251.853090	-0.088700
252.543099	-0.117990
253.233107	-0.142230
253.923116	-0.161270
254.613124	-0.174940
255.303133	-0.183220
255.993141	-0.186390
256.683150	-0.185260
257.373158	-0.181130
258.063167	-0.175710
258.753175	-0.170790
259.443183	-0.167920
260.133192	-0.168180
260.823200	-0.171980
261.513209	-0.178980
262.203217	-0.188120
262.893226	-0.197690
263.583234	-0.205750
264.273243	-0.210450
264.963251	-0.210500
265.653260	-0.205280
266.343268	-0.194880
267.033277	-0.179840
267.723285	-0.160850
268.413294	-0.138510
269.103302	-0.113160
269.793310	-0.084970
270.483319	-0.054000
271.173327	-0.020390
271.863336	0.015570
272.553344	0.053410
273.243353	0.092390
273.933361	0.131600
274.623370	0.169850
275.313378	0.205650
276.003387	0.237180
276.693395	0.262400
277.383404	0.279300
278.073412	0.286210
278.763421	0.282070
279.453429	0.266640
280.143437	0.240410
280.833446	0.204480
281.523454	0.160320
282.213463	0.109640
282.903471	0.054240
283.593480	-0.003920
284.283488	-0.062790
284.973497	-0.120280
285.663505	-0.174420
286.353514	-0.223560
287.043522	-0.266490
287.733531	-0.302490
288.423539	-0.331340
289.113548	-0.353100
289.803556	-0.367930
290.493564	-0.375970
291.183573	-0.377170
291.873581	-0.371220
292.563590	-0.357650
293.253598	-0.335990
293.943607	-0.305980
294.633615	-0.267880
295.323624	-0.222680
296.013632	-0.172150
296.703641	-0.118720
297.393649	-0.065170
298.083658	-0.014260
298.773666	0.031700
299.463675	0.071210
300.153683	0.103660
300.843691	0.129330
301.533700	0.149160
302.223708	0.164370
302.913717	0.176110
303.603725	0.185120
304.293734	0.191820
304.983742	0.196390
305.673751	0.199040
306.363759	0.200090
307.053768	0.199990
307.743776	0.199090
308.433785	0.197490
309.123793	0.194990
309.813802	0.191140
310.503810	0.185400
311.193818	0.177290
311.883827	0.166440
312.573835	0.152670
313.263844	0.136040
313.953852	0.116920
314.643861	0.096020
315.333869	0.074340
316.023878	0.053140
316.713886	0.033680
317.403895	0.017130
318.093903	0.004400
318.783912	-0.004010
319.473920	-0.008030
320.163929	-0.008000
320.853937	-0.004580
321.543945	0.001290
322.233954	0.008520
322.923962	0.015810
323.613971	0.021810
324.303979	0.025320
324.993988	0.025450
325.683996	0.021840
326.374005	0.014690
327.064013	0.004660
327.754022	-0.007400
328.444030	-0.020560
329.134039	-0.033910
329.824047	-0.046570
330.514056	-0.057610
331.204064	-0.066120
331.894072	-0.071330
332.584081	-0.072730
333.274089	-0.070220
333.964098	-0.064140
334.654106	-0.055220
335.344115	-0.044410
336.034123	-0.032730
336.724132	-0.021160
337.414140	-0.010570
338.104149	-0.001710
338.794157	0.004830
339.484166	0.008830
340.174174	0.010430
340.864183	0.010180
341.554191	0.008900
342.244199	0.007340
342.934208	0.006040
343.624216	0.005150
344.314225	0.004540
345.004233	0.003850
345.694242	0.002700
346.384250	0.000700
347.074259	-0.002420
347.764267	-0.006820
348.454276	-0.012440
349.144284	-0.019000
349.834293	-0.026030
350.524301	-0.032850
351.214310	-0.038710
351.904318	-0.042830
352.594326	-0.044530
353.284335	-0.043320
353.974343	-0.039030
354.664352	-0.031810
355.354360	-0.022150
356.044369	-0.010800
356.734377	0.001320
357.424386	0.013270
358.114394	0.024170
358.804403	0.033340
359.494411	0.040430
360.184420	0.045340
360.874428	0.048250
361.564437	0.049450
362.254445	0.049230
362.944453	0.047820
363.634462	0.045320
364.324470	0.041730
365.014479	0.036990
365.704487	0.031080
366.394496	0.024150
367.084504	0.016600
367.774513	0.009040
368.464521	0.002190
369.154530	-0.003310
369.844538	-0.007050
370.534547	-0.008930
371.224555	-0.009070
371.914564	-0.007650
372.604572	-0.004840
373.294580	-0.000700
373.984589	0.004700
374.674597	0.011260
375.364606	0.018660
376.054614	0.026390
376.744623	0.033860
377.434631	0.040370
378.124640	0.045310
378.814648	0.048070
379.504657	0.048160
380.194665	0.045140
380.884674	0.038700
381.574682	0.028760
382.264691	0.015570
382.954699	-0.000170
383.644707	-0.017350
384.334716	-0.034540
385.024724	-0.050260
385.714733	-0.063160
386.404741	-0.072240
387.094750	-0.076890
387.784758	-0.076900
388.474767	-0.072380
389.164775	-0.063690
389.854784	-0.051440
390.544792	-0.036390
391.234801	-0.019510
391.924809	-0.001930
392.614818	0.015130
393.304826	0.030510
393.994834	0.043190
394.684843	0.052430
395.374851	0.057890
396.064860	0.059510
396.754868	0.057480
397.444877	0.052080
398.134885	0.043640
398.824894	0.032500
399.514902	0.019040
400.204911	0.003750
400.894919	-0.012740
401.584928	-0.029610
402.274936	-0.045880
402.964945	-0.060460
403.654953	-0.072240
404.344961	-0.080280
405.034970	-0.083960
405.724978	-0.083150
406.414987	-0.078210
407.104995	-0.069940
407.795004	-0.059390
408.485012	-0.047650
409.175021	-0.035670
409.865029	-0.024180
410.555038	-0.013630
411.245046	-0.004250
411.935055	0.003890
412.625063	0.010900
413.315072	0.016900
414.005080	0.022030
414.695088	0.026420
415.385097	0.030100
416.075105	0.033020
416.765114	0.035130
417.455122	0.036380
418.145131	0.036830
418.835139	0.036610
419.525148	0.035940
420.215156	0.035000
420.905165	0.033900
421.595173	0.032660
422.285182	0.031260
422.975190	0.029630
423.665198	0.027710
424.355207	0.025420
425.045215	0.022650
425.735224	0.019250
426.425232	0.015160
427.115241	0.010510
427.805249	0.005620
428.495258	0.001040
429.185266	-0.002610
429.875275	-0.004800
430.565283	-0.005250
431.255292	-0.003980
431.945300	-0.001300
432.635309	0.002260
433.325317	0.006090
434.015325	0.009590
434.705334	0.012190
435.395342	0.013500
436.085351	0.013320
436.775359	0.011620
437.465368	0.008570
438.155376	0.004450
438.845385	-0.000370
439.535393	-0.005520
440.225402	-0.010480
440.915410	-0.014690
441.605419	-0.017520
442.295427	-0.018430
442.985436	-0.017060
443.675444	-0.013320
444.365452	-0.007490
445.055461	-0.000070
445.745469	0.008190
446.435478	0.016510
447.125486	0.024080
447.815495	0.030170
448.505503	0.034170
449.195512	0.035570
449.885520	0.033960
450.575529	0.029050
451.265537	0.020670
451.955546	0.008940
452.645554	-0.005610
453.335563	-0.021980
454.025571	-0.038760
454.715579	-0.054410
455.405588	-0.067590
456.095596	-0.077440
456.785605	-0.083680
457.475613	-0.086640
458.165622	-0.087010
458.855630	-0.085680
459.545639	-0.083560
460.235647	-0.081430
460.925656	-0.079750
461.615664	-0.078540
462.305673	-0.077350
462.995681	-0.075290
463.685690	-0.071260
464.375698	-0.064180
465.065706	-0.053240
465.755715	-0.038120
466.445723	-0.019060
467.135732	0.003080
467.825740	0.026980
468.515749	0.050990
469.205757	0.073460
469.895766	0.093070
470.585774	0.109120
471.275783	0.121740
471.965791	0.131890
472.655800	0.141090
473.345808	0.150960
474.035817	0.162730
474.725825	0.176750
475.415833	0.192330
476.105842	0.207910
476.795850	0.221460
477.485859	0.230970
478.175867	0.235000
478.865876	0.233090
479.555884	0.225840
480.245893	0.214550
480.935901	0.200740
481.625910	0.185670
482.315918	0.169910
483.005927	0.153320
483.695935	0.135170
484.385944	0.114530
485.075952	0.090600
485.765960	0.063210
486.455969	0.033010
487.145977	0.001620
487.835986	-0.028590
488.525994	-0.055020
489.216003	-0.075430
489.906011	-0.088400
490.596020	-0.093540
491.286028	-0.091540
491.976037	-0.083950
492.666045	-0.072890
493.356054	-0.060790
494.046062	-0.050100
494.736071	-0.043110
495.426079	-0.041840
496.116087	-0.047880
496.806096	-0.062340
497.496104	-0.085800
498.186113	-0.118260
498.876121	-0.159050
499.566130	-0.206840
500.256138	-0.259680
500.946147	-0.315200
501.636155	-0.370690
502.326164	-0.423340
503.016172	-0.470210
503.706181	-0.508280
504.396189	-0.534290
505.086198	-0.544930
505.776206	-0.537060
506.466214	-0.508140
507.156223	-0.456870
507.846231	-0.383620
508.536240	-0.290830
509.226248	-0.182970
509.916257	-0.066190
510.606265	0.052600
511.296274	0.166610
511.986282	0.269980
512.676291	0.358310
513.366299	0.428770
514.056308	0.480000
514.746316	0.511790
515.436325	0.524870
516.126333	0.520760
516.816341	0.501590
517.506350	0.469890
518.196358	0.428500
518.886367	0.380290
519.576375	0.327980
520.266384	0.274020
520.956392	0.220440
521.646401	0.168700
522.336409	0.119620
523.026418	0.073340
523.716426	0.029410
524.406435	-0.012960
525.096443	-0.054600
525.786452	-0.096080
526.476460	-0.137500
527.166468	-0.178510
527.856477	-0.218380
528.546485	-0.256140
529.236494	-0.290750
529.926502	-0.321050
530.616511	-0.345860
531.306519	-0.363810
531.996528	-0.373430
532.686536	-0.373270
533.376545	-0.362220
534.066553	-0.340020
534.756562	-0.307770
535.446570	-0.267930
536.136579	-0.223830
536.826587	-0.178910
537.516595	-0.135950
538.206604	-0.096480
538.896612	-0.060760
539.586621	-0.028110
540.276629	0.002630
540.966638	0.032720
541.656646	0.063130
542.346655	0.094380
543.036663	0.126430
543.726672	0.158630
544.416680	0.189750
545.106689	0.218020
545.796697	0.241470
546.486706	0.258230
547.176714	0.266890
547.866722	0.266750
548.556731	0.257840
549.246739	0.240760
549.936748	0.216460
550.626756	0.186070
551.316765	0.150930
552.006773	0.112580
552.696782	0.072740
553.386790	0.033180
554.076799	-0.004300
554.766807	-0.037920
555.456816	-0.066010
556.146824	-0.087140
556.836833	-0.100230
557.526841	-0.104760
558.216849	-0.100880
558.906858	-0.089370
559.596866	-0.071510
560.286875	-0.048930
560.976883	-0.023560
561.666892	0.002370
562.356900	0.026530
563.046909	0.046640
563.736917	0.060830
564.426926	0.067960
565.116934	0.067800
565.806943	0.060950
566.496951	0.048560
567.186960	0.032180
567.876968	0.013550
568.566976	-0.005440
569.256985	-0.022860
569.946993	-0.036880
570.637002	-0.046030
571.327010	-0.049450
572.017019	-0.047080
572.707027	-0.039620
573.397036	-0.028290
574.087044	-0.014600
574.777053	0.000030
575.467061	0.014460
576.157070	0.027940
576.847078	0.039990
577.537087	0.050250
578.227095	0.058400
578.917103	0.064100
579.607112	0.067070
580.297120	0.067180
580.987129	0.064540
581.677137	0.059460
582.367146	0.052340
583.057154	0.043600
583.747163	0.033590
584.437171	0.022680
585.127180	0.011210
585.817188	-0.000440
586.507197	-0.011930
587.197205	-0.022970
587.887214	-0.033350
588.577222	-0.042880
589.267230	-0.051360
589.957239	-0.058500
590.647247	-0.063820
591.337256	-0.066690
592.027264	-0.066410
592.717273	-0.062530
593.407281	-0.055000
594.097290	-0.044350
594.787298	-0.031690
595.477307	-0.018420
596.167315	-0.005900
596.857324	0.004880
597.547332	0.013510
598.237341	0.020140
598.927349	0.025210
599.617357	0.029310
600.307366	0.032920
600.997374	0.036350
601.687383	0.039700
602.377391	0.043010
603.067400	0.046250
603.757408	0.049350
604.447417	0.052150
605.137425	0.054390
605.827434	0.055680
606.517442	0.055520
607.207451	0.053450
607.897459	0.049080
608.587468	0.042240
609.277476	0.032920
609.967484	0.021330
610.657493	0.007830
611.347501	-0.007090
612.037510	-0.022800
612.727518	-0.038520
613.417527	-0.053300
614.107535	-0.066140
614.797544	-0.076010
615.487552	-0.082020
616.177561	-0.083580
616.867569	-0.080450
617.557578	-0.072790
618.247586	-0.061060
618.937595	-0.045820
619.627603	-0.027710
620.317611	-0.007320
621.007620	0.014600
621.697628	0.037210
622.387637	0.059390
623.077645	0.079890
623.767654	0.097410
624.457662	0.110730
625.147671	0.118780
625.837679	0.120760
626.527688	0.116140
627.217696	0.104790
627.907705	0.087070
628.597713	0.063770
629.287722	0.036140
629.977730	0.005720
630.667738	-0.025760
631.357747	-0.056580
632.047755	-0.085140
632.737764	-0.110060
633.427772	-0.130350
634.117781	-0.145380
634.807789	-0.154960
635.497798	-0.159240
636.187806	-0.158540
636.877815	-0.153310
637.567823	-0.143960
638.257832	-0.130880
638.947840	-0.114560
639.637849	-0.095630
640.327857	-0.074920
641.017865	-0.053390
641.707874	-0.031980
642.397882	-0.011410
643.087891	0.007830
643.777899	0.025580
644.467908	0.041830
645.157916	0.056640
645.847925	0.069990
646.537933	0.081780
647.227942	0.091760
647.917950	0.099690
648.607959	0.105310
649.297967	0.108470
649.987976	0.109160
650.677984	0.107460
651.367992	0.103470
652.058001	0.097280
652.748009	0.088980
653.438018	0.078670
654.128026	0.066560
654.818035	0.053030
655.508043	0.038560
656.198052	0.023710
656.888060	0.008990
657.578069	-0.005150
658.268077	-0.018390
658.958086	-0.030410
659.648094	-0.040890
660.338103	-0.049530
661.028111	-0.056090
661.718119	-0.060370
662.408128	-0.062280
663.098136	-0.061890
663.788145	-0.059480
664.478153	-0.055520
665.168162	-0.050660
665.858170	-0.045580
666.548179	-0.040850
667.238187	-0.036800
667.928196	-0.033540
668.618204	-0.030980
669.308213	-0.028920
669.998221	-0.027130
670.688230	-0.025390
671.378238	-0.023530
672.068246	-0.021410
672.758255	-0.018930
673.448263	-0.016070
674.138272	-0.012870
674.828280	-0.009550
675.518289	-0.006480
676.208297	-0.004100
676.898306	-0.002800
677.588314	-0.002760
678.278323	-0.003890
678.968331	-0.005800
679.658340	-0.007970
680.348348	-0.009860
681.038357	-0.011010
681.728365	-0.011050
682.418373	-0.009690
683.108382	-0.006750
683.798390	-0.002090
684.488399	0.004260
685.178407	0.012190
685.868416	0.021410
686.558424	0.031500
687.248433	0.042010
687.938441	0.052470
688.628450	0.062430
689.318458	0.071400
690.008467	0.078780
690.698475	0.083860
691.388484	0.085900
692.078492	0.084220
692.768500	0.078360
693.458509	0.068180
694.148517	0.053880
694.838526	0.036090
695.528534	0.015840
696.218543	-0.005480
696.908551	-0.026250
697.598560	-0.044860
698.288568	-0.059900
698.978577	-0.070450
699.668585	-0.076070
700.358594	-0.076780
701.048602	-0.072970
701.738611	-0.065400
702.428619	-0.055220
703.118627	-0.043950
703.808636	-0.033330
704.498644	-0.025010
705.188653	-0.020120
705.878661	-0.018920
706.568670	-0.020740
707.258678	-0.024230
707.948687	-0.027700
708.638695	-0.029570
709.328704	-0.028530
710.018712	-0.023620
710.708721	-0.014150
711.398729	0.000290
712.088738	0.019730
712.778746	0.043580
713.468754	0.070470
714.158763	0.098320
714.848771	0.124640
715.538780	0.146930
716.228788	0.163250
716.918797	0.172630
717.608805	0.175310
718.298814	0.172680
718.988822	0.166920
719.678831	0.160380
720.368839	0.154950
721.058848	0.151530
721.748856	0.149760
722.438865	0.148130
723.128873	0.144450
723.818881	0.136490
724.508890	0.122700
725.198898	0.102890
725.888907	0.078530
726.578915	0.052560
727.268924	0.028630
727.958932	0.010090
728.648941	-0.000920
729.338949	-0.004130
730.028958	-0.001040
730.718966	0.005530
731.408975	0.012250
732.098983	0.015980
732.788992	0.014400
733.479000	0.006300
734.169008	-0.008400
734.859017	-0.028920
735.549025	-0.053980
736.239034	-0.082280
736.929042	-0.112820
737.619051	-0.145040
738.309059	-0.178600
738.999068	-0.213220
739.689076	-0.248370
740.379085	-0.283180
741.069093	-0.316480
741.759102	-0.346820
742.449110	-0.372560
743.139119	-0.391880
743.829127	-0.402890
744.519135	-0.403820
745.209144	-0.393250
745.899152	-0.370350
746.589161	-0.334870
747.279169	-0.287290
747.969178	-0.228800
748.659186	-0.161490
749.349195	-0.088220
750.039203	-0.012460
750.729212	0.062200
751.419220	0.132490
752.109229	0.195810
752.799237	0.250320
753.489246	0.294740
754.179254	0.328260
754.869262	0.350520
755.559271	0.361780
756.249279	0.362950
756.939288	0.355430
757.629296	0.340740
758.319305	0.320190
759.009313	0.294710
759.699322	0.264940
760.389330	0.231370
761.079339	0.194570
761.769347	0.155150
762.459356	0.113750
763.149364	0.070890
763.839373	0.027120
764.529381	-0.016900
765.219389	-0.060420
765.909398	-0.102510
766.599406	-0.142150
767.289415	-0.178230
767.979423	-0.209670
768.669432	-0.235520
769.359440	-0.255160
770.049449	-0.268460
770.739457	-0.275800
771.429466	-0.277970
772.119474	-0.275850
772.809483	-0.270050
773.499491	-0.260730
774.189500	-0.247520
774.879508	-0.229760
775.569516	-0.206850
776.259525	-0.178760
776.949533	-0.146200
777.639542	-0.110540
778.329550	-0.073420
779.019559	-0.036430
779.709567	-0.000760
780.399576	0.032800
781.089584	0.063600
781.779593	0.090870
782.469601	0.113650
783.159610	0.130890
783.849618	0.141700
784.539627	0.145590
785.229635	0.142710
785.919643	0.133830
786.609652	0.120400
787.299660	0.104260
787.989669	0.087340
788.679677	0.071340
789.369686	0.057510
790.059694	0.046500
790.749703	0.038360
791.439711	0.032770
792.129720	0.029260
792.819728	0.027390
