0.000000	0.309700
0.690006	0.318990
1.380012	0.326340
2.070018	0.331250
2.760023	0.332940
3.450029	0.330470
4.140035	0.322850
4.830041	0.309230
5.520047	0.289170
6.210053	0.262650
6.900059	0.230000
7.590064	0.191940
8.280070	0.149750
8.970076	0.105450
9.660082	0.061850
10.350088	0.022010
11.040094	-0.011570
11.730100	-0.037820
12.420105	-0.057540
13.110111	-0.073360
13.800117	-0.089010
14.490123	-0.108390
15.180129	-0.134610
15.870135	-0.169150
16.560141	-0.211440
17.250147	-0.258930
17.940152	-0.307920
18.630158	-0.354560
19.320164	-0.395720
20.010170	-0.429550
20.700176	-0.455300
21.390182	-0.472810
22.080188	-0.482100
22.770193	-0.483230
23.460199	-0.476380
24.150205	-0.462040
24.840211	-0.441000
25.530217	-0.414300
26.220223	-0.383070
26.910229	-0.348430
27.600234	-0.311390
28.290240	-0.272870
28.980246	-0.233670
29.670252	-0.194470
30.360258	-0.155820
31.050264	-0.118120
31.740270	-0.081740
32.430275	-0.047030
33.120281	-0.014400
33.810287	0.015730
34.500293	0.043120
35.190299	0.067710
35.880305	0.089850
36.570311	0.110140
37.260316	0.129310
37.950322	0.147970
38.640328	0.166420
39.330334	0.184560
40.020340	0.201970
40.710346	0.217990
41.400352	0.231910
42.090358	0.243060
42.780363	0.250950
43.470369	0.255260
44.160375	0.255880
44.850381	0.252810
45.540387	0.246210
46.230393	0.236310
46.920399	0.223420
47.610404	0.207950
48.300410	0.190410
48.990416	0.171360
49.680422	0.151440
50.370428	0.131260
51.060434	0.111430
51.750440	0.092460
52.440445	0.074800
53.130451	0.058740
53.820457	0.044420
54.510463	0.031860
55.200469	0.021010
55.890475	0.011840
56.580481	0.004410
57.270486	-0.001090
57.960492	-0.004450
58.650498	-0.005440
59.340504	-0.003900
60.030510	0.000180
60.720516	0.006730
61.410522	0.015570
62.100527	0.026500
62.790533	0.039350
63.480539	0.053980
64.170545	0.070200
64.860551	0.087640
65.550557	0.105630
66.240563	0.123130
66.930569	0.138720
67.620574	0.150800
68.310580	0.157790
69.000586	0.158430
69.690592	0.151900
70.380598	0.138010
71.070604	0.117100
71.760610	0.089980
72.450615	0.057800
73.140621	0.021930
73.830627	-0.016190
74.520633	-0.055170
75.210639	-0.093700
75.900645	-0.130650
76.590651	-0.165060
77.280656	-0.196080
77.970662	-0.222840
78.660668	-0.244460
79.350674	-0.259990
80.040680	-0.268560
80.730686	-0.269530
81.420692	-0.262740
82.110697	-0.248840
82.800703	-0.229580
83.490709	-0.207930
84.180715	-0.187820
84.870721	-0.173350
85.560727	-0.167960
86.250733	-0.173640
86.940738	-0.190550
87.630744	-0.217080
88.320750	-0.250370
89.010756	-0.286650
89.700762	-0.321690
90.390768	-0.350980
91.080774	-0.370060
91.770780	-0.374760
92.460785	-0.361570
93.150791	-0.328200
93.840797	-0.274160
94.530803	-0.201210
95.220809	-0.113470
95.910815	-0.017080
96.600821	0.080490
97.290826	0.171680
97.980832	0.250030
98.670838	0.311180
99.360844	0.353370
100.050850	0.377390
100.740856	0.386020
101.430862	0.383030
102.120867	0.372310
102.810873	0.357180
103.500879	0.340170
104.190885	0.322960
104.880891	0.306510
105.570897	0.291150
106.260903	0.276570
106.950908	0.261810
107.640914	0.245570
108.330920	0.226650
109.020926	0.204380
109.710932	0.179000
110.400938	0.151590
111.090944	0.123680
111.780949	0.096750
112.470955	0.071710
113.160961	0.048710
113.850967	0.027180
114.540973	0.006250
115.230979	-0.014730
115.920985	-0.035770
116.610990	-0.056180
117.300996	-0.074800
117.991002	-0.090570
118.681008	-0.102880
119.371014	-0.111770
120.061020	-0.117670
120.751026	-0.121120
121.441032	-0.122560
122.131037	-0.122250
122.821043	-0.120420
123.511049	-0.117330
124.201055	-0.113350
124.891061	-0.108920
125.581067	-0.104520
126.271073	-0.100510
126.961078	-0.097030
127.651084	-0.093890
128.341090	-0.090620
129.031096	-0.086530
129.721102	-0.080900
130.411108	-0.073170
131.101114	-0.063070
131.791119	-0.050790
132.481125	-0.036930
133.171131	-0.022480
133.861137	-0.008560
134.551143	0.003800
135.241149	0.013950
135.931155	0.021660
136.621160	0.027090
137.311166	0.030570
138.001172	0.032410
138.691178	0.032870
139.381184	0.032140
140.071190	0.030390
140.761196	0.027870
141.451201	0.024840
142.141207	0.021650
142.831213	0.018730
143.521219	0.016570
144.211225	0.015790
144.901231	0.016940
145.591237	0.020470
146.281243	0.026580
146.971248	0.035130
147.661254	0.045630
148.351260	0.057340
149.041266	0.069390
149.731272	0.080970
150.421278	0.091530
151.111284	0.100940
151.801289	0.109470
152.491295	0.117540
153.181301	0.125390
153.871307	0.132750
154.561313	0.138690
155.251319	0.141700
155.941325	0.140000
156.631330	0.131920
157.321336	0.116320
158.011342	0.092680
158.701348	0.061240
159.391354	0.022820
160.081360	-0.021180
160.771366	-0.068840
161.461371	-0.117580
162.151377	-0.164270
162.841383	-0.205480
163.531389	-0.237890
164.221395	-0.258840
164.911401	-0.266680
165.601407	-0.260920
166.291412	-0.242250
166.981418	-0.212290
167.671424	-0.173490
168.361430	-0.128880
169.051436	-0.081820
169.741442	-0.035740
170.431448	0.006220
171.121454	0.041480
171.811459	0.068090
172.501465	0.084880
173.191471	0.091390
173.881477	0.087810
174.571483	0.074960
175.261489	0.054090
175.951495	0.026880
176.641500	-0.004690
177.331506	-0.038410
178.021512	-0.071900
178.711518	-0.102770
179.401524	-0.128770
180.091530	-0.148060
180.781536	-0.159300
181.471541	-0.161770
182.161547	-0.155430
182.851553	-0.140880
183.541559	-0.119360
184.231565	-0.092660
184.921571	-0.062920
185.611577	-0.032320
186.301582	-0.002780
186.991588	0.024260
187.681594	0.047980
188.371600	0.068010
189.061606	0.084300
189.751612	0.096970
190.441618	0.106150
191.131623	0.111950
191.821629	0.114400
192.511635	0.113580
193.201641	0.109700
193.891647	0.103140
194.581653	0.094520
195.271659	0.084620
195.961665	0.074260
196.651670	0.064260
197.341676	0.055290
198.031682	0.047870
198.721688	0.042320
199.411694	0.038740
200.101700	0.037010
200.791706	0.036840
201.481711	0.037930
202.171717	0.040090
202.861723	0.043300
203.551729	0.047620
204.241735	0.052930
204.931741	0.058800
205.621747	0.064370
206.311752	0.068470
207.001758	0.069920
207.691764	0.067840
208.381770	0.061910
209.071776	0.052440
209.761782	0.040240
210.451788	0.026390
211.141793	0.012030
211.831799	-0.001810
212.521805	-0.014330
213.211811	-0.024910
213.901817	-0.033200
214.591823	-0.039160
215.281829	-0.042980
215.971834	-0.045110
216.661840	-0.046080
217.351846	-0.046470
218.041852	-0.046870
218.731858	-0.047930
219.421864	-0.050350
220.111870	-0.054800
220.801875	-0.061710
221.491881	-0.071040
222.181887	-0.082330
222.871893	-0.094770
223.561899	-0.107470
224.251905	-0.119570
224.941911	-0.130240
225.631917	-0.138570
226.321922	-0.143490
227.011928	-0.143850
227.701934	-0.138550
228.391940	-0.126910
229.081946	-0.108760
229.771952	-0.084570
230.461958	-0.055360
231.151963	-0.022590
231.841969	0.012010
232.531975	0.046630
233.221981	0.079430
233.911987	0.108740
234.601993	0.133140
235.291999	0.151660
235.982004	0.163850
236.672010	0.169780
237.362016	0.170010
238.052022	0.165450
238.742028	0.157180
239.432034	0.146380
240.122040	0.134240
240.812045	0.121920
241.502051	0.110500
242.192057	0.100950
242.882063	0.094070
243.572069	0.090470
244.262075	0.090470
244.952081	0.094080
245.642086	0.100960
246.332092	0.110470
247.022098	0.121760
247.712104	0.133960
248.402110	0.146200
249.092116	0.157670
249.782122	0.167470
250.472128	0.174460
251.162133	0.177330
251.852139	0.174630
252.542145	0.165060
253.232151	0.147730
253.922157	0.122550
254.612163	0.090410
255.302169	0.053020
255.992174	0.012570
256.682180	-0.028870
257.372186	-0.069720
258.062192	-0.109000
258.752198	-0.146050
259.442204	-0.180220
260.132210	-0.210890
260.822215	-0.237570
261.512221	-0.260220
262.202227	-0.279230
262.892233	-0.295280
263.582239	-0.308810
264.272245	-0.319820
264.962251	-0.327750
265.652256	-0.331810
266.342262	-0.331300
267.032268	-0.325820
267.722274	-0.315290
268.412280	-0.299780
269.102286	-0.279360
269.792292	-0.254000
270.482297	-0.223760
271.172303	-0.188960
271.862309	-0.150460
272.552315	-0.109660
273.242321	-0.068440
273.932327	-0.028850
274.622333	0.007210
275.312339	0.038310
276.002344	0.063690
276.692350	0.083370
277.382356	0.098120
278.072362	0.109290
278.762368	0.118520
279.452374	0.127360
280.142380	0.136980
280.832385	0.147960
281.522391	0.160280
282.212397	0.173390
282.902403	0.186510
283.592409	0.198790
284.282415	0.209560
284.972421	0.218280
285.662426	0.224550
286.352432	0.227920
287.042438	0.227830
287.732444	0.223610
288.422450	0.214540
289.112456	0.200020
289.802462	0.179670
290.492467	0.153470
291.182473	0.121760
291.872479	0.085310
292.562485	0.045320
293.252491	0.003400
293.942497	-0.038490
294.632503	-0.078200
295.322508	-0.113520
296.012514	-0.142430
296.702520	-0.163370
297.392526	-0.175440
298.082532	-0.178520
298.772538	-0.173250
299.462544	-0.160830
300.152550	-0.142810
300.842555	-0.120760
301.532561	-0.096040
302.222567	-0.069700
302.912573	-0.042420
303.602579	-0.014590
304.292585	0.013560
304.982591	0.041790
305.672596	0.069550
306.362602	0.095930
307.052608	0.119640
307.742614	0.139260
308.432620	0.153590
309.122626	0.162000
309.812632	0.164560
310.502637	0.161950
311.192643	0.155220
311.882649	0.145420
312.572655	0.133400
313.262661	0.119690
313.952667	0.104600
314.642673	0.088400
315.332678	0.071400
316.022684	0.054050
316.712690	0.036780
317.402696	0.019820
318.092702	0.003100
318.782708	-0.013700
319.472714	-0.031040
320.162719	-0.049350
320.852725	-0.068990
321.542731	-0.090310
322.232737	-0.113770
322.922743	-0.139840
323.612749	-0.168890
324.302755	-0.200940
324.992760	-0.235420
325.682766	-0.271070
326.372772	-0.305780
327.062778	-0.336720
327.752784	-0.360470
328.442790	-0.373380
329.132796	-0.372010
329.822802	-0.353800
330.512807	-0.317730
331.202813	-0.264920
331.892819	-0.198700
332.582825	-0.124060
333.272831	-0.046640
333.962837	0.028360
334.652843	0.097000
335.342848	0.156740
336.032854	0.206170
336.722860	0.244540
337.412866	0.271500
338.102872	0.287080
338.792878	0.291800
339.482884	0.286760
340.172889	0.273590
340.862895	0.254200
341.552901	0.230480
342.242907	0.204040
342.932913	0.176100
343.622919	0.147640
344.312925	0.119530
345.002930	0.092780
345.692936	0.068620
346.382942	0.048400
347.072948	0.033280
347.762954	0.023920
348.452960	0.020210
349.142966	0.021110
349.832971	0.024900
350.522977	0.029620
351.212983	0.033570
351.902989	0.035690
352.592995	0.035800
353.283001	0.034410
353.973007	0.032480
354.663013	0.031000
355.353018	0.030720
356.043024	0.031910
356.733030	0.034280
357.423036	0.037010
358.113042	0.038940
358.803048	0.038850
359.493054	0.035670
360.183059	0.028690
360.873065	0.017550
361.563071	0.002380
362.253077	-0.016350
362.943083	-0.037770
363.633089	-0.060610
364.323095	-0.083200
365.013100	-0.103690
365.703106	-0.120280
366.393112	-0.131530
367.083118	-0.136650
367.773124	-0.135540
368.463130	-0.128710
369.153136	-0.117020
369.843141	-0.101550
370.533147	-0.083370
371.223153	-0.063560
371.913159	-0.043140
372.603165	-0.023030
373.293171	-0.003920
373.983177	0.013730
374.673182	0.029790
375.363188	0.044310
376.053194	0.057500
376.743200	0.069540
377.433206	0.080570
378.123212	0.090570
378.813218	0.099280
379.503224	0.106170
380.193229	0.110560
380.883235	0.111790
381.573241	0.109470
382.263247	0.103670
382.953253	0.094990
383.643259	0.084500
384.333265	0.073590
385.023270	0.063720
385.713276	0.056180
386.403282	0.051920
387.093288	0.051400
387.783294	0.054530
388.473300	0.060660
389.163306	0.068710
389.853311	0.077340
390.543317	0.085080
391.233323	0.090410
391.923329	0.091940
392.613335	0.088390
393.303341	0.078620
393.993347	0.061770
394.683352	0.037440
395.373358	0.006000
396.063364	-0.031240
396.753370	-0.072090
397.443376	-0.113820
398.133382	-0.153610
398.823388	-0.189060
399.513393	-0.218510
400.203399	-0.241080
400.893405	-0.256600
401.583411	-0.265420
402.273417	-0.268310
402.963423	-0.266240
403.653429	-0.260310
404.343435	-0.251590
405.033440	-0.241010
405.723446	-0.229340
406.413452	-0.217200
407.103458	-0.205020
407.793464	-0.193040
408.483470	-0.181300
409.173476	-0.169570
409.863481	-0.157410
410.553487	-0.144130
411.243493	-0.128930
411.933499	-0.110920
412.623505	-0.089400
413.313511	-0.064020
414.003517	-0.035010
414.693522	-0.003310
415.383528	0.029550
416.073534	0.061790
416.763540	0.091720
417.453546	0.118070
418.143552	0.140130
418.833558	0.157630
419.523563	0.170600
420.213569	0.179170
420.903575	0.183490
421.593581	0.183710
422.283587	0.180150
422.973593	0.173340
423.663599	0.164070
424.353604	0.153310
425.043610	0.142080
425.733616	0.131260
426.423622	0.121410
427.113628	0.112720
427.803634	0.104940
428.493640	0.097470
429.183645	0.089490
429.873651	0.080250
430.563657	0.069290
431.253663	0.056600
431.943669	0.042690
432.633675	0.028460
433.323681	0.014920
434.013687	0.002940
434.703692	-0.006850
435.393698	-0.014170
436.083704	-0.018970
436.773710	-0.021330
437.463716	-0.021390
438.153722	-0.019280
438.843728	-0.015040
439.533733	-0.008640
440.223739	-0.000010
440.913745	0.010950
441.603751	0.024310
442.293757	0.040060
442.983763	0.057990
443.673769	0.077610
444.363774	0.098070
445.053780	0.118100
445.743786	0.136140
446.433792	0.150340
447.123798	0.158830
447.813804	0.159750
448.503810	0.151470
449.193815	0.132790
449.883821	0.103170
450.573827	0.063090
451.263833	0.014260
451.953839	-0.040360
452.643845	-0.096910
453.333851	-0.151180
454.023856	-0.199360
454.713862	-0.238630
455.403868	-0.267450
456.093874	-0.285650
456.783880	-0.294110
457.473886	-0.294370
458.163892	-0.288180
458.853898	-0.277000
459.543903	-0.261870
460.233909	-0.243420
460.923915	-0.222190
461.613921	-0.198760
462.303927	-0.173930
462.993933	-0.148550
463.683939	-0.123230
464.373944	-0.098160
465.063950	-0.073160
465.753956	-0.047810
466.443962	-0.021520
467.133968	0.006230
467.823974	0.035950
468.513980	0.067890
469.203985	0.102080
469.893991	0.138150
470.583997	0.175270
471.274003	0.212140
471.964009	0.246940
472.654015	0.277360
473.344021	0.300810
474.034026	0.314670
474.724032	0.316750
475.414038	0.305900
476.104044	0.282630
476.794050	0.249440
477.484056	0.210620
478.174062	0.171440
478.864067	0.137210
479.554073	0.112360
480.244079	0.100060
480.934085	0.102010
481.624091	0.118580
482.314097	0.148890
483.004103	0.190830
483.694109	0.241130
484.384114	0.295430
485.074120	0.348590
485.764126	0.394780
486.454132	0.427880
487.144138	0.441890
487.834144	0.431530
488.524150	0.392890
489.214155	0.324020
489.904161	0.225420
490.594167	0.100460
491.284173	-0.044420
491.974179	-0.200070
492.664185	-0.355500
493.354191	-0.499100
494.044196	-0.620510
494.734202	-0.711890
495.424208	-0.768660
496.114214	-0.789500
496.804220	-0.775880
497.494226	-0.731450
498.184232	-0.661380
498.874237	-0.571890
499.564243	-0.469740
500.254249	-0.361840
500.944255	-0.254850
501.634261	-0.154800
502.324267	-0.066740
503.014273	0.005480
503.704278	0.059450
504.394284	0.094170
505.084290	0.110070
505.774296	0.108850
506.464302	0.093280
507.154308	0.066840
507.844314	0.033380
508.534320	-0.003220
509.224325	-0.039270
509.914331	-0.071300
510.604337	-0.096160
511.294343	-0.111150
511.984349	-0.114210
512.674355	-0.104200
513.364361	-0.081070
514.054366	-0.046110
514.744372	-0.001840
515.434378	0.048060
516.124384	0.099290
516.814390	0.147440
517.504396	0.188800
518.194402	0.220840
518.884407	0.242460
519.574413	0.253880
520.264419	0.256290
520.954425	0.251330
521.644431	0.240750
522.334437	0.226240
523.024443	0.209250
523.714448	0.190990
524.404454	0.172400
525.094460	0.154240
525.784466	0.137070
526.474472	0.121250
527.164478	0.107050
527.854484	0.094590
528.544489	0.083990
529.234495	0.075380
529.924501	0.068880
530.614507	0.064570
531.304513	0.062310
531.994519	0.061670
532.684525	0.061870
533.374531	0.061780
534.064536	0.060170
534.754542	0.055860
535.444548	0.047940
536.134554	0.035960
536.824560	0.019960
537.514566	0.000470
538.204572	-0.021570
538.894577	-0.045000
539.584583	-0.068450
540.274589	-0.090560
540.964595	-0.110130
541.654601	-0.126200
542.344607	-0.138150
543.034613	-0.145680
543.724618	-0.148800
544.414624	-0.147620
545.104630	-0.142270
545.794636	-0.132750
546.484642	-0.119000
547.174648	-0.100870
547.864654	-0.078370
548.554659	-0.051820
549.244665	-0.022060
549.934671	0.009560
550.624677	0.041290
551.314683	0.071200
552.004689	0.097550
552.694695	0.118980
553.384700	0.134560
554.074706	0.143800
554.764712	0.146490
555.454718	0.142600
556.144724	0.132300
556.834730	0.115880
557.524736	0.093660
558.214741	0.065920
558.904747	0.032800
559.594753	-0.005640
560.284759	-0.049340
560.974765	-0.097970
561.664771	-0.150690
562.354777	-0.206050
563.044783	-0.261980
563.734788	-0.315940
564.424794	-0.365070
565.114800	-0.406450
565.804806	-0.437330
566.494812	-0.455250
567.184818	-0.458140
567.874824	-0.444300
568.564829	-0.412530
569.254835	-0.362220
569.944841	-0.293680
570.634847	-0.208620
571.324853	-0.110680
572.014859	-0.005640
572.704865	0.098980
573.394870	0.195200
574.084876	0.276030
574.774882	0.337020
575.464888	0.377030
576.154894	0.398150
576.844900	0.404690
577.534906	0.401870
578.224911	0.394580
578.914917	0.386430
579.604923	0.379370
580.294929	0.373690
580.984935	0.368380
581.674941	0.361700
582.364947	0.351770
583.054952	0.336960
583.744958	0.316100
584.434964	0.288440
585.124970	0.253610
585.814976	0.211490
586.504982	0.162210
587.194988	0.106270
587.884994	0.044680
588.574999	-0.020910
589.265005	-0.088340
589.955011	-0.155020
590.645017	-0.218280
591.335023	-0.275480
592.025029	-0.324210
592.715035	-0.362200
593.405040	-0.387370
594.095046	-0.397920
594.785052	-0.392630
595.475058	-0.371210
596.165064	-0.334690
596.855070	-0.285390
597.545076	-0.226610
598.235081	-0.162020
598.925087	-0.095170
599.615093	-0.029120
600.305099	0.033530
600.995105	0.090550
601.685111	0.139970
602.375117	0.180180
603.065122	0.210140
603.755128	0.229570
604.445134	0.238880
605.135140	0.239090
605.825146	0.231570
606.515152	0.217820
607.205158	0.199370
607.895163	0.177640
608.585169	0.153950
609.275175	0.129480
609.965181	0.105280
610.655187	0.082300
611.345193	0.061340
612.035199	0.043100
612.725205	0.028150
613.415210	0.016880
614.105216	0.009480
614.795222	0.005940
615.485228	0.005970
616.175234	0.009000
616.865240	0.014080
617.555246	0.019910
618.245251	0.024960
618.935257	0.027580
619.625263	0.026230
620.315269	0.019670
621.005275	0.007140
621.695281	-0.011500
622.385287	-0.035810
623.075292	-0.064680
623.765298	-0.096470
624.455304	-0.129290
625.145310	-0.161130
625.835316	-0.190130
626.525322	-0.214730
627.215328	-0.233720
627.905333	-0.246240
628.595339	-0.251710
629.285345	-0.249740
629.975351	-0.240040
630.665357	-0.222480
631.355363	-0.197210
632.045369	-0.164940
632.735374	-0.127160
633.425380	-0.086160
634.115386	-0.044710
634.805392	-0.005540
635.495398	0.029240
636.185404	0.058440
636.875410	0.081840
637.565416	0.099940
638.255421	0.113580
638.945427	0.123570
639.635433	0.130580
640.325439	0.135030
641.015445	0.137160
641.705451	0.137080
642.395457	0.134790
643.085462	0.130210
643.775468	0.123120
644.465474	0.113280
645.155480	0.100440
645.845486	0.084490
646.535492	0.065470
647.225498	0.043640
647.915503	0.019500
648.605509	-0.006250
649.295515	-0.032680
649.985521	-0.058720
650.675527	-0.083270
651.365533	-0.105340
652.055539	-0.124070
652.745544	-0.138760
653.435550	-0.148830
654.125556	-0.153790
654.815562	-0.153220
655.505568	-0.146930
656.195574	-0.134930
656.885580	-0.117470
657.575585	-0.094900
658.265591	-0.067660
658.955597	-0.036180
659.645603	-0.000950
660.335609	0.037470
661.025615	0.078450
661.715621	0.121130
662.405626	0.164560
663.095632	0.207590
663.785638	0.248830
664.475644	0.286630
665.165650	0.319110
665.855656	0.344350
666.545662	0.360640
667.235668	0.366610
667.925673	0.361270
668.615679	0.343900
669.305685	0.313900
669.995691	0.270720
670.685697	0.213960
671.375703	0.143750
672.065709	0.061180
672.755714	-0.031240
673.445720	-0.129530
674.135726	-0.228480
674.825732	-0.322220
675.515738	-0.405050
676.205744	-0.472110
676.895750	-0.519740
677.585755	-0.545700
678.275761	-0.549090
678.965767	-0.530170
679.655773	-0.490260
680.345779	-0.431610
681.035785	-0.357220
681.725791	-0.270710
682.415796	-0.176160
683.105802	-0.077860
683.795808	0.019860
684.485814	0.112920
685.175820	0.197530
685.865826	0.270430
686.555832	0.328920
687.245837	0.370960
687.935843	0.395240
688.625849	0.401120
689.315855	0.388660
690.005861	0.358580
690.695867	0.312260
691.385873	0.251910
692.075879	0.180620
692.765884	0.102350
693.455890	0.021640
694.145896	-0.056860
694.835902	-0.128940
695.525908	-0.191170
696.215914	-0.241220
696.905920	-0.277820
697.595925	-0.300750
698.285931	-0.310700
698.975937	-0.309070
699.665943	-0.297710
700.355949	-0.278650
701.045955	-0.253830
701.735961	-0.224990
702.425966	-0.193650
703.115972	-0.161110
703.805978	-0.128390
704.495984	-0.096060
705.185990	-0.064240
705.875996	-0.032560
706.566002	-0.000400
707.256007	0.032850
707.946013	0.067670
708.636019	0.104020
709.326025	0.141470
710.016031	0.179300
710.706037	0.216650
711.396043	0.252640
712.086048	0.286610
712.776054	0.318210
713.466060	0.347500
714.156066	0.374990
714.846072	0.401490
715.536078	0.428000
716.226084	0.455370
716.916090	0.484000
717.606095	0.513580
718.296101	0.542890
718.986107	0.569860
719.676113	0.591660
720.366119	0.604880
721.056125	0.605840
721.746131	0.590950
722.436136	0.557160
723.126142	0.502440
723.816148	0.425930
724.506154	0.328190
725.196160	0.211280
725.886166	0.078610
726.576172	-0.065210
727.266177	-0.214690
727.956183	-0.363770
728.646189	-0.506350
729.336195	-0.636780
730.026201	-0.750110
730.716207	-0.842390
731.406213	-0.910820
732.096218	-0.953890
732.786224	-0.971450
733.476230	-0.964670
734.166236	-0.935780
734.856242	-0.887760
735.546248	-0.823850
736.236254	-0.747190
736.926259	-0.660670
737.616265	-0.566840
738.306271	-0.467980
738.996277	-0.366310
739.686283	-0.264120
740.376289	-0.163920
741.066295	-0.068480
741.756301	0.019290
742.446306	0.096550
743.136312	0.160830
743.826318	0.210340
744.516324	0.244300
745.206330	0.263020
745.896336	0.267980
746.586342	0.261650
747.276347	0.247260
747.966353	0.228380
748.656359	0.208630
749.346365	0.191280
750.036371	0.179020
750.726377	0.173760
751.416383	0.176500
752.106388	0.187300
752.796394	0.205230
753.486400	0.228450
754.176406	0.254370
754.866412	0.279860
755.556418	0.301590
756.246424	0.316450
756.936429	0.322050
757.626435	0.317010
758.316441	0.301130
759.006447	0.275360
759.696453	0.241610
760.386459	0.202380
761.076465	0.160390
761.766470	0.118300
762.456476	0.078360
763.146482	0.042220
763.836488	0.010920
764.526494	-0.015140
765.216500	-0.036050
765.906506	-0.052200
766.596511	-0.064130
767.286517	-0.072440
767.976523	-0.077740
768.666529	-0.080600
769.356535	-0.081550
770.046541	-0.081080
770.736547	-0.079610
771.426553	-0.077470
772.116558	-0.074910
772.806564	-0.072100
773.496570	-0.069190
774.186576	-0.066290
774.876582	-0.063540
775.566588	-0.061080
776.256594	-0.059060
776.946599	-0.057530
777.636605	-0.056460
778.326611	-0.055680
779.016617	-0.054870
779.706623	-0.053610
780.396629	-0.051360
781.086635	-0.047570
781.776640	-0.041690
782.466646	-0.033280
783.156652	-0.022060
783.846658	-0.007980
784.536664	0.008780
785.226670	0.027800
785.916676	0.048350
786.606681	0.069510
787.296687	0.090210
787.986693	0.109320
788.676699	0.125770
789.366705	0.138620
790.056711	0.147110
790.746717	0.150740
791.436722	0.149270
792.126728	0.142790
792.816734	0.131710
793.506740	0.116740
794.196746	0.098820
794.886752	0.078970
795.576758	0.058160
796.266764	0.037100
796.956769	0.016130
797.646775	-0.004760
798.336781	-0.025980
799.026787	-0.048120
799.716793	-0.071840
800.406799	-0.097690
801.096805	-0.125950
801.786810	-0.156450
802.476816	-0.188500
803.166822	-0.220860
803.856828	-0.251760
804.546834	-0.279070
805.236840	-0.300410
805.926846	-0.313390
806.616851	-0.315780
807.306857	-0.305880
807.996863	-0.282940
808.686869	-0.247770
809.376875	-0.203020
810.066881	-0.153230
810.756887	-0.104120
811.446892	-0.061410
812.136898	-0.029490
812.826904	-0.010470
813.516910	-0.003790
814.206916	-0.006820
814.896922	-0.015910
815.586928	-0.027490
816.276933	-0.038910
816.966939	-0.048820
817.656945	-0.057000
818.346951	-0.063920
819.036957	-0.070170
819.726963	-0.076010
820.416969	-0.081000
821.106975	-0.083960
821.796980	-0.083050
822.486986	-0.076130
823.176992	-0.061130
823.866998	-0.036480
824.557004	-0.001500
825.247010	0.043380
825.937016	0.096480
826.627021	0.154940
827.317027	0.215060
828.007033	0.272780
828.697039	0.324020
829.387045	0.365190
830.077051	0.393410
830.767057	0.406780
831.457062	0.404430
832.147068	0.386640
832.837074	0.354800
833.527080	0.311340
834.217086	0.259550
834.907092	0.203270
835.597098	0.146640
836.287103	0.093610
836.977109	0.047540
837.667115	0.010730
838.357121	-0.015830
839.047127	-0.032590
839.737133	-0.041130
840.427139	-0.043730
841.117144	-0.042890
841.807150	-0.040820
842.497156	-0.039180
843.187162	-0.038950
843.877168	-0.040480
844.567174	-0.043650
845.257180	-0.048060
845.947186	-0.053190
846.637191	-0.058550
847.327197	-0.063690
848.017203	-0.068210
848.707209	-0.071760
849.397215	-0.074010
850.087221	-0.074690
850.777227	-0.073700
851.467232	-0.071050
852.157238	-0.066820
852.847244	-0.061160
853.537250	-0.054160
854.227256	-0.045870
854.917262	-0.036370
855.607268	-0.025800
856.297273	-0.014430
856.987279	-0.002580
857.677285	0.009410
858.367291	0.021300
859.057297	0.032860
859.747303	0.043890
860.437309	0.054130
861.127314	0.063190
861.817320	0.070660
862.507326	0.076200
863.197332	0.079660
863.887338	0.081040
864.577344	0.080490
865.267350	0.078230
865.957355	0.074410
866.647361	0.069060
867.337367	0.062160
868.027373	0.053700
868.717379	0.043770
869.407385	0.032620
870.097391	0.020670
870.787396	0.008520
871.477402	-0.003170
872.167408	-0.013840
872.857414	-0.023000
873.547420	-0.030380
874.237426	-0.035890
874.927432	-0.039590
875.617438	-0.041680
876.307443	-0.042380
876.997449	-0.041910
877.687455	-0.040490
878.377461	-0.038330
879.067467	-0.035700
879.757473	-0.032920
880.447479	-0.030430
881.137484	-0.028720
881.827490	-0.028160
882.517496	-0.029020
883.207502	-0.031290
883.897508	-0.034820
884.587514	-0.039380
885.277520	-0.044820
885.967525	-0.051110
886.657531	-0.058280
887.347537	-0.066230
888.037543	-0.074670
888.727549	-0.083030
889.417555	-0.090610
890.107561	-0.096730
890.797566	-0.100860
891.487572	-0.102710
892.177578	-0.102160
892.867584	-0.099170
893.557590	-0.093730
894.247596	-0.085800
894.937602	-0.075380
895.627607	-0.062520
896.317613	-0.047390
897.007619	-0.030270
897.697625	-0.011580
898.387631	0.008130
899.077637	0.028210
899.767643	0.047890
900.457649	0.066370
901.147654	0.082810
901.837660	0.096510
902.527666	0.106930
903.217672	0.113820
903.907678	0.117290
904.597684	0.117710
905.287690	0.115670
905.977695	0.111840
906.667701	0.106840
907.357707	0.101140
908.047713	0.095050
908.737719	0.088670
909.427725	0.081900
910.117731	0.074490
910.807736	0.066190
911.497742	0.056860
912.187748	0.046630
912.877754	0.035890
913.567760	0.025260
914.257766	0.015450
914.947772	0.007060
915.637777	0.000530
916.327783	-0.003850
917.017789	-0.005940
917.707795	-0.005580
918.397801	-0.002650
919.087807	0.002940
919.777813	0.011130
920.467818	0.021620
921.157824	0.033890
921.847830	0.047100
922.537836	0.060200
923.227842	0.071920
923.917848	0.080830
924.607854	0.085480
925.297860	0.084560
925.987865	0.077170
926.677871	0.063080
927.367877	0.042870
928.057883	0.017860
928.747889	-0.010180
929.437895	-0.039310
930.127901	-0.067750
930.817906	-0.094030
931.507912	-0.117080
932.197918	-0.136150
932.887924	-0.150910
933.577930	-0.161430
934.267936	-0.168210
934.957942	-0.172010
935.647947	-0.173680
936.337953	-0.173880
937.027959	-0.172840
937.717965	-0.170240
938.407971	-0.165270
939.097977	-0.156920
939.787983	-0.144300
940.477988	-0.126970
941.167994	-0.105180
941.858000	-0.079900
942.548006	-0.052600
943.238012	-0.024980
943.928018	0.001370
944.618024	0.025260
945.308029	0.046060
945.998035	0.063710
946.688041	0.078620
947.378047	0.091440
948.068053	0.102760
948.758059	0.112920
949.448065	0.121880
950.138071	0.129210
950.828076	0.134220
951.518082	0.136150
952.208088	0.134320
952.898094	0.128310
953.588100	0.118110
954.278106	0.104290
954.968112	0.088010
955.658117	0.070980
956.348123	0.055260
957.038129	0.042890
957.728135	0.035490
958.418141	0.033980
959.108147	0.038430
959.798153	0.048130
960.488158	0.061800
961.178164	0.077880
961.868170	0.094960
962.558176	0.112080
963.248182	0.128920
963.938188	0.145770
964.628194	0.163260
965.318199	0.182070
966.008205	0.202560
966.698211	0.224590
967.388217	0.247550
968.078223	0.270440
968.768229	0.291950
969.458235	0.310710
970.148240	0.325280
970.838246	0.334220
971.528252	0.336100
972.218258	0.329400
972.908264	0.312490
973.598270	0.283570
974.288276	0.240940
974.978281	0.183330
975.668287	0.110630
976.358293	0.024480
977.048299	-0.071430
977.738305	-0.171680
978.428311	-0.269850
979.118317	-0.359620
979.808323	-0.435820
980.498328	-0.495100
981.188334	-0.536180
981.878340	-0.559680
982.568346	-0.567690
983.258352	-0.563160
983.948358	-0.549360
984.638364	-0.529410
985.328369	-0.505920
986.018375	-0.480870
986.708381	-0.455450
987.398387	-0.430210
988.088393	-0.405210
988.778399	-0.380140
989.468405	-0.354550
990.158410	-0.327830
990.848416	-0.299230
991.538422	-0.267780
992.228428	-0.232410
992.918434	-0.192130
993.608440	-0.146350
994.298446	-0.095270
994.988451	-0.040220
995.678457	0.016410
996.368463	0.071600
997.058469	0.122360
997.748475	0.166380
998.438481	0.202420
999.128487	0.230300
999.818492	0.250500
1000.508498	0.263720
1001.198504	0.270670
1001.888510	0.271980
1002.578516	0.268230
1003.268522	0.260040
1003.958528	0.248040
1004.648534	0.232890
1005.338539	0.215280
1006.028545	0.195880
1006.718551	0.175400
1007.408557	0.154480
1008.098563	0.133670
1008.788569	0.113350
1009.478575	0.093730
1010.168580	0.074840
1010.858586	0.056580
1011.548592	0.038740
1012.238598	0.021070
1012.928604	0.003360
1013.618610	-0.014530
1014.308616	-0.032570
1014.998621	-0.050420
1015.688627	-0.067440
1016.378633	-0.082790
1017.068639	-0.095490
1017.758645	-0.104700
1018.448651	-0.109910
1019.138657	-0.111020
1019.828662	-0.108340
1020.518668	-0.102440
1021.208674	-0.094000
1021.898680	-0.083620
1022.588686	-0.071740
1023.278692	-0.058680
1023.968698	-0.044650
1024.658703	-0.029850
1025.348709	-0.014400
1026.038715	0.001590
1026.728721	0.018070
1027.418727	0.035000
1028.108733	0.052310
1028.798739	0.069930
1029.488745	0.087800
1030.178750	0.105800
1030.868756	0.123830
1031.558762	0.141780
1032.248768	0.159520
1032.938774	0.176940
1033.628780	0.193850
1034.318786	0.209960
1035.008791	0.224800
1035.698797	0.237700
1036.388803	0.247870
1037.078809	0.254450
1037.768815	0.256680
1038.458821	0.253930
1039.148827	0.245760
1039.838832	0.231940
1040.528838	0.212440
1041.218844	0.187450
1041.908850	0.157380
1042.598856	0.122940
1043.288862	0.085110
1043.978868	0.045100
1044.668873	0.004330
1045.358879	-0.035710
1046.048885	-0.073590
1046.738891	-0.108000
1047.428897	-0.137850
1048.118903	-0.162410
1048.808909	-0.181280
1049.498914	-0.194410
1050.188920	-0.202110
1050.878926	-0.204930
1051.568932	-0.203620
1052.258938	-0.199000
1052.948944	-0.191880
1053.638950	-0.183070
1054.328956	-0.173300
1055.018961	-0.163260
1055.708967	-0.153630
1056.398973	-0.145100
1057.088979	-0.138360
1057.778985	-0.134110
1058.468991	-0.133010
1059.158997	-0.135580
1059.849002	-0.142090
1060.539008	-0.152470
1061.229014	-0.166160
1061.919020	-0.182130
1062.609026	-0.198900
1063.299032	-0.214650
1063.989038	-0.227400
1064.679043	-0.235260
1065.369049	-0.236620
1066.059055	-0.230440
1066.749061	-0.216340
1067.439067	-0.194700
1068.129073	-0.166510
1068.819079	-0.133090
1069.509084	-0.095960
1070.199090	-0.056660
1070.889096	-0.016700
1071.579102	0.022310
1072.269108	0.058860
1072.959114	0.091540
1073.649120	0.119320
1074.339125	0.141700
1075.029131	0.158730
1075.719137	0.171000
1076.409143	0.179430
1077.099149	0.185140
1077.789155	0.189230
1078.479161	0.192580
1079.169166	0.195740
1079.859172	0.198800
1080.549178	0.201460
1081.239184	0.203060
1081.929190	0.202800
1082.619196	0.199840
1083.309202	0.193510
1083.999208	0.183390
1084.689213	0.169430
1085.379219	0.151860
1086.069225	0.131220
1086.759231	0.108250
1087.449237	0.083810
1088.139243	0.058770
1088.829249	0.033960
1089.519254	0.010100
1090.209260	-0.012210
1090.899266	-0.032570
1091.589272	-0.050660
1092.279278	-0.066230
1092.969284	-0.078980
1093.659290	-0.088490
1094.349295	-0.094140
1095.039301	-0.095180
1095.729307	-0.090820
1096.419313	-0.080430
1097.109319	-0.063730
1097.799325	-0.041000
1098.489331	-0.013180
1099.179336	0.018230
1099.869342	0.051320
1100.559348	0.083990
1101.249354	0.114220
1101.939360	0.140240
1102.629366	0.160640
1103.319372	0.174370
1104.009377	0.180760
1104.699383	0.179480
1105.389389	0.170490
1106.079395	0.154100
1106.769401	0.131020
1107.459407	0.102440
1108.149413	0.069980
1108.839419	0.035540
1109.529424	0.001090
1110.219430	-0.031680
1110.909436	-0.061570
1111.599442	-0.087890
1112.289448	-0.110430
1112.979454	-0.129260
1113.669460	-0.144550
1114.359465	-0.156470
1115.049471	-0.165200
1115.739477	-0.170870
1116.429483	-0.173720
1117.119489	-0.174030
1117.809495	-0.172100
1118.499501	-0.168190
1119.189506	-0.162410
1119.879512	-0.154680
1120.569518	-0.144860
1121.259524	-0.132860
1121.949530	-0.118830
1122.639536	-0.103250
1123.329542	-0.086880
1124.019547	-0.070580
1124.709553	-0.055160
1125.399559	-0.041120
1126.089565	-0.028570
1126.779571	-0.017200
1127.469577	-0.006410
1128.159583	0.004470
1128.849588	0.016050
1129.539594	0.028600
1130.229600	0.041960
1130.919606	0.055590
1131.609612	0.068670
1132.299618	0.080280
1132.989624	0.089590
1133.679630	0.095980
1134.369635	0.099060
1135.059641	0.098600
1135.749647	0.094530
1136.439653	0.086840
1137.129659	0.075700
1137.819665	0.061550
1138.509671	0.045170
1139.199676	0.027750
1139.889682	0.010790
1140.579688	-0.004040
1141.269694	-0.015200
1141.959700	-0.021420
1142.649706	-0.021930
1143.339712	-0.016610
1144.029717	-0.005910
1144.719723	0.009210
1145.409729	0.027480
1146.099735	0.047550
1146.789741	0.068150
1147.479747	0.088290
1148.169753	0.107250
1148.859758	0.124640
1149.549764	0.140250
1150.239770	0.153900
1150.929776	0.165270
1151.619782	0.173800
1152.309788	0.178610
1152.999794	0.178560
1153.689799	0.172370
1154.379805	0.158920
1155.069811	0.137460
1155.759817	0.107910
1156.449823	0.071150
1157.139829	0.029000
1157.829835	-0.015820
1158.519841	-0.060190
1159.209846	-0.100930
1159.899852	-0.135310
1160.589858	-0.161410
1161.279864	-0.178200
1161.969870	-0.185630
1162.659876	-0.184470
1163.349882	-0.176140
1164.039887	-0.162510
1164.729893	-0.145690
1165.419899	-0.127740
1166.109905	-0.110520
1166.799911	-0.095440
1167.489917	-0.083370
1168.179923	-0.074550
1168.869928	-0.068660
1169.559934	-0.064920
1170.249940	-0.062280
1170.939946	-0.059620
1171.629952	-0.055950
1172.319958	-0.050600
1173.009964	-0.043320
1173.699969	-0.034240
1174.389975	-0.023800
1175.079981	-0.012600
1175.769987	-0.001270
1176.459993	0.009540
1177.149999	0.019270
1177.840005	0.027360
1178.530010	0.033330
1179.220016	0.036910
1179.910022	0.038100
1180.600028	0.037170
1181.290034	0.034670
1181.980040	0.031190
1182.670046	0.027240
1183.360051	0.023100
1184.050057	0.018790
1184.740063	0.014060
1185.430069	0.008550
1186.120075	0.001930
1186.810081	-0.005970
1187.500087	-0.015080
1188.190093	-0.024920
1188.880098	-0.034660
1189.570104	-0.043110
1190.260110	-0.048800
1190.950116	-0.050160
1191.640122	-0.045760
1192.330128	-0.034520
1193.020134	-0.015930
1193.710139	0.009780
1194.400145	0.041700
1195.090151	0.078250
1195.780157	0.117350
1196.470163	0.156710
1197.160169	0.194060
1197.850175	0.227520
1198.540180	0.255800
1199.230186	0.278390
1199.920192	0.295540
1200.610198	0.307950
1201.300204	0.316540
1201.990210	0.322050
1202.680216	0.324780
1203.370221	0.324550
1204.060227	0.320810
1204.750233	0.312750
1205.440239	0.299410
1206.130245	0.279690
1206.820251	0.252350
1207.510257	0.216160
1208.200262	0.170120
1208.890268	0.113960
1209.580274	0.048720
1210.270280	-0.022850
1210.960286	-0.096460
1211.650292	-0.166950
1212.340298	-0.229360
1213.030304	-0.279830
1213.720309	-0.316250
1214.410315	-0.338260
1215.100321	-0.346800
1215.790327	-0.343500
1216.480333	-0.330320
1217.170339	-0.309320
1217.860345	-0.282610
1218.550350	-0.252310
1219.240356	-0.220520
1219.930362	-0.189230
1220.620368	-0.160150
1221.310374	-0.134620
1222.000380	-0.113500
1222.690386	-0.097110
1223.380391	-0.085170
1224.070397	-0.076890
1224.760403	-0.071030
1225.450409	-0.066140
1226.140415	-0.060830
1226.830421	-0.053980
1227.520427	-0.044870
