0.000000	0.009020
0.690018	-0.006060
1.380037	-0.021890
2.070055	-0.038090
2.760074	-0.054050
3.450092	-0.069030
4.140110	-0.082280
4.830129	-0.093250
5.520147	-0.101650
6.210166	-0.107570
6.900184	-0.111270
7.590203	-0.113120
8.280221	-0.113280
8.970239	-0.111720
9.660258	-0.108090
10.350276	-0.101870
11.040295	-0.092460
11.730313	-0.079300
12.420331	-0.062030
13.110350	-0.040590
13.800368	-0.015250
14.490387	0.013310
15.180405	0.044090
15.870424	0.075800
16.560442	0.107010
17.250460	0.136260
17.940479	0.162190
18.630497	0.183600
19.320516	0.199510
20.010534	0.209180
20.700552	0.212120
21.390571	0.208110
22.080589	0.197170
22.770608	0.179530
23.460626	0.155600
24.150645	0.125970
24.840663	0.091420
25.530681	0.052920
26.220700	0.011660
26.910718	-0.031010
27.600737	-0.073680
28.290755	-0.114970
28.980773	-0.153640
29.670792	-0.188720
30.360810	-0.219510
31.050829	-0.245650
31.740847	-0.267040
32.430866	-0.283770
33.120884	-0.296070
33.810902	-0.304170
34.500921	-0.308320
35.190939	-0.308710
35.880958	-0.305520
36.570976	-0.298890
37.260994	-0.288960
37.951013	-0.275900
38.641031	-0.259900
39.331050	-0.241130
40.021068	-0.219790
40.711087	-0.196060
41.401105	-0.170180
42.091123	-0.142490
42.781142	-0.113380
43.471160	-0.083300
44.161179	-0.052690
44.851197	-0.022060
45.541215	0.007920
46.231234	0.036310
46.921252	0.061970
47.611271	0.083800
48.301289	0.101060
48.991308	0.113620
49.681326	0.122000
50.371344	0.127260
51.061363	0.130670
51.751381	0.133410
52.441400	0.136320
53.131418	0.139740
53.821436	0.143550
54.511455	0.147290
55.201473	0.150430
55.891492	0.152550
56.581510	0.153430
57.271529	0.153070
57.961547	0.151610
58.651565	0.149160
59.341584	0.145730
60.031602	0.141220
60.721621	0.135390
61.411639	0.128040
62.101657	0.119070
62.791676	0.108630
63.481694	0.097130
64.171713	0.085190
64.861731	0.073570
65.551750	0.062970
66.241768	0.053850
66.931786	0.046370
67.621805	0.040330
68.311823	0.035260
69.001842	0.030510
69.691860	0.025430
70.381878	0.019440
71.071897	0.012190
71.761915	0.003560
72.451934	-0.006250
73.141952	-0.016810
73.831971	-0.027480
74.521989	-0.037600
75.212007	-0.046560
75.902026	-0.053890
76.592044	-0.059320
77.282063	-0.062680
77.972081	-0.063980
78.662099	-0.063370
79.352118	-0.061120
80.042136	-0.057660
80.732155	-0.053460
81.422173	-0.048980
82.112191	-0.044580
82.802210	-0.040440
83.492228	-0.036590
84.182247	-0.032950
84.872265	-0.029380
85.562284	-0.025800
86.252302	-0.022180
86.942320	-0.018580
87.632339	-0.015090
88.322357	-0.011770
89.012376	-0.008610
89.702394	-0.005600
90.392412	-0.002710
91.082431	0.000020
91.772449	0.002490
92.462468	0.004590
93.152486	0.006240
93.842505	0.007410
94.532523	0.008110
95.222541	0.008410
95.912560	0.008340
96.602578	0.007920
97.292597	0.007140
97.982615	0.006040
98.672633	0.004790
99.362652	0.003660
100.052670	0.003010
100.742689	0.003210
101.432707	0.004510
102.122726	0.007010
102.812744	0.010580
103.502762	0.014930
104.192781	0.019670
104.882799	0.024410
105.572818	0.028790
106.262836	0.032540
106.952854	0.035510
107.642873	0.037650
108.332891	0.038970
109.022910	0.039530
109.712928	0.039390
110.402947	0.038630
111.092965	0.037340
111.782983	0.035620
112.473002	0.033610
113.163020	0.031420
113.853039	0.029170
114.543057	0.026960
115.233075	0.024880
115.923094	0.022980
116.613112	0.021280
117.303131	0.019710
117.993149	0.018160
118.683168	0.016460
119.373186	0.014450
120.063204	0.012000
120.753223	0.009050
121.443241	0.005590
122.133260	0.001730
122.823278	-0.002440
123.513296	-0.006840
124.203315	-0.011450
124.893333	-0.016340
125.583352	-0.021630
126.273370	-0.027460
126.963389	-0.033910
127.653407	-0.041000
128.343425	-0.048670
129.033444	-0.056840
129.723462	-0.065350
130.413481	-0.073980
131.103499	-0.082430
131.793517	-0.090310
132.483536	-0.097170
133.173554	-0.102450
133.863573	-0.105600
134.553591	-0.106090
135.243610	-0.103500
135.933628	-0.097570
136.623646	-0.088280
137.313665	-0.075890
138.003683	-0.060910
138.693702	-0.044150
139.383720	-0.026570
140.073738	-0.009230
140.763757	0.006900
141.453775	0.021100
142.143794	0.032950
142.833812	0.042390
143.523831	0.049670
144.213849	0.055270
144.903867	0.059780
145.593886	0.063870
146.283904	0.068110
146.973923	0.072990
147.663941	0.078840
148.353959	0.085800
149.043978	0.093820
149.733996	0.102700
150.424015	0.112070
151.114033	0.121450
151.804052	0.130250
152.494070	0.137790
153.184088	0.143310
153.874107	0.146070
154.564125	0.145350
155.254144	0.140590
155.944162	0.131430
156.634180	0.117810
157.324199	0.099940
158.014217	0.078380
158.704236	0.053970
159.394254	0.027770
160.084272	0.001020
160.774291	-0.025030
161.464309	-0.049090
162.154328	-0.070000
162.844346	-0.086810
163.534365	-0.098860
164.224383	-0.105840
164.914401	-0.107800
165.604420	-0.105140
166.294438	-0.098570
166.984457	-0.089010
167.674475	-0.077530
168.364493	-0.065200
169.054512	-0.052980
169.744530	-0.041620
170.434549	-0.031510
171.124567	-0.022690
171.814586	-0.014860
172.504604	-0.007510
173.194622	-0.000050
173.884641	0.008090
174.574659	0.017410
175.264678	0.028230
175.954696	0.040670
176.644714	0.054620
177.334733	0.069630
178.024751	0.084960
178.714770	0.099570
179.404788	0.112270
180.094807	0.121880
180.784825	0.127320
181.474843	0.127770
182.164862	0.122760
182.854880	0.112280
183.544899	0.096830
184.234917	0.077410
184.924935	0.055440
185.614954	0.032570
186.304972	0.010340
186.994991	-0.009990
187.685009	-0.027650
188.375028	-0.042320
189.065046	-0.054110
189.755064	-0.063380
190.445083	-0.070680
191.135101	-0.076640
191.825120	-0.081940
192.515138	-0.087310
193.205156	-0.093410
193.895175	-0.100770
194.585193	-0.109700
195.275212	-0.120200
195.965230	-0.131930
196.655249	-0.144310
197.345267	-0.156520
198.035285	-0.167680
198.725304	-0.176890
199.415322	-0.183370
200.105341	-0.186470
200.795359	-0.185730
201.485377	-0.180920
202.175396	-0.172080
202.865414	-0.159580
203.555433	-0.144170
204.245451	-0.126870
204.935470	-0.108870
205.625488	-0.091370
206.315506	-0.075320
207.005525	-0.061410
207.695543	-0.049990
208.385562	-0.041100
209.075580	-0.034570
209.765598	-0.029950
210.455617	-0.026570
211.145635	-0.023690
211.835654	-0.020570
212.525672	-0.016690
213.215691	-0.011750
213.905709	-0.005670
214.595727	0.001620
215.285746	0.010180
215.975764	0.020180
216.665783	0.031650
217.355801	0.044370
218.045819	0.057770
218.735838	0.071000
219.425856	0.083030
220.115875	0.092980
220.805893	0.100220
221.495912	0.104530
222.185930	0.106030
222.875948	0.105150
223.565967	0.102460
224.255985	0.098570
224.946004	0.094060
225.636022	0.089410
226.326040	0.085050
227.016059	0.081410
227.706077	0.078950
228.396096	0.078190
229.086114	0.079700
229.776133	0.083940
230.466151	0.091250
231.156169	0.101710
231.846188	0.115130
232.536206	0.130980
233.226225	0.148500
233.916243	0.166650
234.606261	0.184240
235.296280	0.200010
235.986298	0.212740
236.676317	0.221380
237.366335	0.225120
238.056353	0.223570
238.746372	0.216710
239.436390	0.204960
240.126409	0.189030
240.816427	0.169890
241.506446	0.148600
242.196464	0.126240
242.886482	0.103860
243.576501	0.082460
244.266519	0.062980
244.956538	0.046220
245.646556	0.032720
246.336574	0.022730
247.026593	0.016060
247.716611	0.012080
248.406630	0.009790
249.096648	0.007950
249.786667	0.005190
250.476685	0.000170
251.166703	-0.008350
251.856722	-0.021340
252.546740	-0.039460
253.236759	-0.062950
253.926777	-0.091580
254.616795	-0.124610
255.306814	-0.160880
255.996832	-0.198930
256.686851	-0.237210
257.376869	-0.274180
258.066888	-0.308400
258.756906	-0.338550
259.446924	-0.363400
260.136943	-0.381790
260.826961	-0.392680
261.516980	-0.395160
262.206998	-0.388550
262.897016	-0.372400
263.587035	-0.346640
264.277053	-0.311600
264.967072	-0.268220
265.657090	-0.218010
266.347109	-0.163040
267.037127	-0.105720
267.727145	-0.048570
268.417164	0.005950
269.107182	0.055680
269.797201	0.098770
270.487219	0.133760
271.177237	0.159700
271.867256	0.176200
272.557274	0.183450
273.247293	0.182220
273.937311	0.173720
274.627330	0.159440
275.317348	0.140990
276.007366	0.119980
276.697385	0.097880
277.387403	0.075990
278.077422	0.055400
278.767440	0.036960
279.457458	0.021220
280.147477	0.008490
280.837495	-0.001210
281.527514	-0.008040
282.217532	-0.012260
282.907551	-0.014160
283.597569	-0.014030
284.287587	-0.012180
284.977606	-0.009000
285.667624	-0.004950
286.357643	-0.000530
287.047661	0.003870
287.737679	0.008130
288.427698	0.012430
289.117716	0.017220
289.807735	0.022980
290.497753	0.030050
291.187772	0.038390
291.877790	0.047640
292.567808	0.057270
293.257827	0.066690
293.947845	0.075490
294.637864	0.083350
295.327882	0.090060
296.017900	0.095420
296.707919	0.099260
297.397937	0.101420
298.087956	0.101830
298.777974	0.100480
299.467993	0.097430
300.158011	0.092840
300.848029	0.086970
301.538048	0.080200
302.228066	0.073060
302.918085	0.066030
303.608103	0.059500
304.298121	0.053650
304.988140	0.048390
305.678158	0.043450
306.368177	0.038440
307.058195	0.033020
307.748214	0.026930
308.438232	0.020100
309.128250	0.012590
309.818269	0.004610
310.508287	-0.003540
311.198306	-0.011590
311.888324	-0.019300
312.578342	-0.026540
313.268361	-0.033300
313.958379	-0.039610
314.648398	-0.045510
315.338416	-0.050890
316.028435	-0.055520
316.718453	-0.059070
317.408471	-0.061260
318.098490	-0.061940
318.788508	-0.061150
319.478527	-0.059140
320.168545	-0.056170
320.858563	-0.052500
321.548582	-0.048250
322.238600	-0.043450
322.928619	-0.038140
323.618637	-0.032380
324.308655	-0.026360
324.998674	-0.020380
325.688692	-0.014760
326.378711	-0.009860
327.068729	-0.005980
327.758748	-0.003300
328.448766	-0.001840
329.138784	-0.001460
329.828803	-0.001910
330.518821	-0.002830
331.208840	-0.003860
331.898858	-0.004640
332.588876	-0.004960
333.278895	-0.004660
333.968913	-0.003700
334.658932	-0.002160
335.348950	-0.000190
336.038969	0.002000
336.728987	0.004260
337.419005	0.006410
338.109024	0.008400
338.799042	0.010290
339.489061	0.012230
340.179079	0.014420
340.869097	0.017060
341.559116	0.020310
342.249134	0.024220
342.939153	0.028730
343.629171	0.033650
344.319190	0.038720
345.009208	0.043660
345.699226	0.048180
346.389245	0.052000
347.079263	0.054910
347.769282	0.056760
348.459300	0.057470
349.149318	0.057040
349.839337	0.055560
350.529355	0.053090
351.219374	0.049690
351.909392	0.045380
352.599411	0.040160
353.289429	0.034020
353.979447	0.027000
354.669466	0.019170
355.359484	0.010630
356.049503	0.001570
356.739521	-0.007790
357.429539	-0.017140
358.119558	-0.026110
358.809576	-0.034360
359.499595	-0.041580
360.189613	-0.047610
360.879632	-0.052430
361.569650	-0.056120
362.259668	-0.058880
362.949687	-0.060850
363.639705	-0.062110
364.329724	-0.062640
365.019742	-0.062340
365.709760	-0.061100
366.399779	-0.058800
367.089797	-0.055400
367.779816	-0.050940
368.469834	-0.045490
369.159853	-0.039190
369.849871	-0.032190
370.539889	-0.024690
371.229908	-0.016880
371.919926	-0.008990
372.609945	-0.001210
373.299963	0.006200
373.989981	0.013010
374.680000	0.018850
375.370018	0.023370
376.060037	0.026190
376.750055	0.027090
377.440074	0.026000
378.130092	0.023030
378.820110	0.018420
379.510129	0.012420
380.200147	0.005310
380.890166	-0.002690
381.580184	-0.011340
382.270202	-0.020390
382.960221	-0.029560
383.650239	-0.038560
384.340258	-0.047100
385.030276	-0.054810
385.720295	-0.061290
386.410313	-0.066050
387.100331	-0.068580
387.790350	-0.068420
388.480368	-0.065260
389.170387	-0.059000
389.860405	-0.049760
390.550423	-0.037840
391.240442	-0.023650
391.930460	-0.007610
392.620479	0.009880
393.310497	0.028510
394.000516	0.047910
394.690534	0.067690
395.380552	0.087330
396.070571	0.106180
396.760589	0.123490
397.450608	0.138540
398.140626	0.150660
398.830644	0.159430
399.520663	0.164690
400.210681	0.166580
400.900700	0.165550
401.590718	0.162260
402.280736	0.157510
402.970755	0.152150
403.660773	0.146940
404.350792	0.142390
405.040810	0.138660
405.730829	0.135520
406.420847	0.132390
407.110865	0.128560
407.800884	0.123350
408.490902	0.116320
409.180921	0.107360
409.870939	0.096560
410.560957	0.084060
411.250976	0.069950
411.940994	0.054140
412.631013	0.036330
413.321031	0.016170
414.011050	-0.006660
414.701068	-0.032330
415.391086	-0.060610
416.081105	-0.090850
416.771123	-0.121990
417.461142	-0.152610
418.151160	-0.181040
418.841178	-0.205480
419.531197	-0.224150
420.221215	-0.235540
420.911234	-0.238590
421.601252	-0.232930
422.291271	-0.218950
422.981289	-0.197640
423.671307	-0.170310
424.361326	-0.138280
425.051344	-0.102700
425.741363	-0.064470
426.431381	-0.024350
427.121399	0.016920
427.811418	0.058570
428.501436	0.099670
429.191455	0.139090
429.881473	0.175530
430.571492	0.207500
431.261510	0.233260
431.951528	0.250960
432.641547	0.258780
433.331565	0.255180
434.021584	0.239180
434.711602	0.210720
435.401620	0.170740
436.091639	0.121120
436.781657	0.064420
437.471676	0.003480
438.161694	-0.058960
438.851713	-0.120540
439.541731	-0.179320
440.231749	-0.233770
440.921768	-0.282700
441.611786	-0.325190
442.301805	-0.360510
442.991823	-0.388100
443.681841	-0.407530
444.371860	-0.418480
445.061878	-0.420770
445.751897	-0.414380
446.441915	-0.399530
447.131934	-0.376640
447.821952	-0.346360
448.511970	-0.309530
449.201989	-0.267220
449.892007	-0.220690
450.582026	-0.171450
451.272044	-0.121190
451.962062	-0.071660
452.652081	-0.024470
453.342099	0.019090
454.032118	0.058220
454.722136	0.092590
455.412155	0.122280
456.102173	0.147680
456.792191	0.169370
457.482210	0.187960
458.172228	0.204120
458.862247	0.218450
459.552265	0.231560
460.242283	0.244000
460.932302	0.256190
461.622320	0.268320
462.312339	0.280280
463.002357	0.291610
463.692376	0.301560
464.382394	0.309160
465.072412	0.313270
465.762431	0.312610
466.452449	0.305790
467.142468	0.291410
467.832486	0.268280
468.522504	0.235800
469.212523	0.194200
469.902541	0.144870
470.592560	0.090320
471.282578	0.033970
471.972597	-0.020280
472.662615	-0.068660
473.352633	-0.107940
474.042652	-0.135940
474.732670	-0.151600
475.422689	-0.154940
476.112707	-0.146820
476.802725	-0.128680
477.492744	-0.102310
478.182762	-0.069680
478.872781	-0.032830
479.562799	0.006220
480.252817	0.045570
480.942836	0.083460
481.632854	0.118400
482.322873	0.149190
483.012891	0.174920
483.702910	0.195010
484.392928	0.209200
485.082946	0.217490
485.772965	0.220040
486.462983	0.217100
487.153002	0.208810
487.843020	0.195250
488.533038	0.176320
489.223057	0.151870
489.913075	0.121780
490.603094	0.086130
491.293112	0.045320
491.983131	0.000200
492.673149	-0.048000
493.363167	-0.097750
494.053186	-0.147390
494.743204	-0.195350
495.433223	-0.240250
496.123241	-0.280940
496.813259	-0.316450
497.503278	-0.345970
498.193296	-0.368760
498.883315	-0.384140
499.573333	-0.391590
500.263352	-0.390780
500.953370	-0.381660
501.643388	-0.364520
502.333407	-0.339930
503.023425	-0.308800
503.713444	-0.272330
504.403462	-0.232000
505.093480	-0.189380
505.783499	-0.146110
506.473517	-0.103620
507.163536	-0.063100
507.853554	-0.025410
508.543573	0.008850
509.233591	0.039240
509.923609	0.065370
510.613628	0.086830
511.303646	0.103220
511.993665	0.114150
512.683683	0.119310
513.373701	0.118650
514.063720	0.112440
514.753738	0.101400
515.443757	0.086710
516.133775	0.069960
516.823794	0.053040
517.513812	0.037920
518.203830	0.026480
518.893849	0.020190
519.583867	0.019840
520.273886	0.025370
520.963904	0.035890
521.653922	0.049950
522.343941	0.065860
523.033959	0.081960
523.723978	0.096760
524.413996	0.109010
525.104015	0.117700
525.794033	0.122090
526.484051	0.121750
527.174070	0.116620
527.864088	0.106860
528.554107	0.092850
529.244125	0.075140
529.934143	0.054450
530.624162	0.031750
531.314180	0.008220
532.004199	-0.014830
532.694217	-0.036190
533.384236	-0.054800
534.074254	-0.069850
534.764272	-0.080710
535.454291	-0.086820
536.144309	-0.087630
536.834328	-0.082690
537.524346	-0.071810
538.214364	-0.055330
538.904383	-0.034270
539.594401	-0.010250
540.284420	0.014820
540.974438	0.039120
541.664457	0.061190
542.354475	0.080130
543.044493	0.095510
543.734512	0.107160
544.424530	0.115040
545.114549	0.119120
545.804567	0.119420
546.494585	0.116070
547.184604	0.109460
547.874622	0.100180
548.564641	0.089060
549.254659	0.077030
549.944678	0.064880
550.634696	0.053220
551.324714	0.042370
552.014733	0.032350
552.704751	0.023010
553.394770	0.014110
554.084788	0.005410
554.774806	-0.003190
555.464825	-0.011740
556.154843	-0.020130
556.844862	-0.028210
557.534880	-0.035770
558.224898	-0.042570
558.914917	-0.048350
559.604935	-0.052850
560.294954	-0.055930
560.984972	-0.057630
561.674991	-0.058110
562.365009	-0.057670
563.055027	-0.056620
563.745046	-0.055210
564.435064	-0.053600
565.125083	-0.051850
565.815101	-0.049940
566.505119	-0.047700
567.195138	-0.044800
567.885156	-0.040780
568.575175	-0.035190
569.265193	-0.027670
569.955212	-0.018180
570.645230	-0.007050
571.335248	0.004960
572.025267	0.016920
572.715285	0.027790
573.405304	0.036650
574.095322	0.042830
574.785340	0.045960
575.475359	0.045990
576.165377	0.043160
576.855396	0.037870
577.545414	0.030650
578.235433	0.022040
578.925451	0.012550
579.615469	0.002630
580.305488	-0.007310
580.995506	-0.016940
581.685525	-0.025980
582.375543	-0.034150
583.065561	-0.041160
583.755580	-0.046620
584.445598	-0.050080
585.135617	-0.051100
585.825635	-0.049360
586.515654	-0.044790
587.205672	-0.037540
587.895690	-0.028000
588.585709	-0.016720
589.275727	-0.004330
589.965746	0.008490
590.655764	0.021140
591.345782	0.033060
592.035801	0.043840
592.725819	0.053130
593.415838	0.060670
594.105856	0.066190
594.795875	0.069410
595.485893	0.070100
596.175911	0.068170
596.865930	0.063660
597.555948	0.056850
598.245967	0.048110
598.935985	0.037910
599.626003	0.026660
600.316022	0.014710
601.006040	0.002330
601.696059	-0.010200
602.386077	-0.022580
603.076096	-0.034470
603.766114	-0.045460
604.456132	-0.055150
605.146151	-0.063150
605.836169	-0.069120
606.526188	-0.072810
607.216206	-0.074090
607.906224	-0.072980
608.596243	-0.069660
609.286261	-0.064370
609.976280	-0.057430
610.666298	-0.049130
611.356317	-0.039720
612.046335	-0.029460
612.736353	-0.018600
613.426372	-0.007450
614.116390	0.003640
614.806409	0.014280
615.496427	0.024060
616.186445	0.032550
616.876464	0.039380
617.566482	0.044220
618.256501	0.046790
618.946519	0.046870
619.636538	0.044240
620.326556	0.038800
621.016574	0.030530
621.706593	0.019620
622.396611	0.006460
623.086630	-0.008340
623.776648	-0.024000
624.466666	-0.039590
625.156685	-0.054170
625.846703	-0.066840
626.536722	-0.076840
627.226740	-0.083640
627.916759	-0.086910
628.606777	-0.086540
629.296795	-0.082520
629.986814	-0.074870
630.676832	-0.063690
631.366851	-0.049170
632.056869	-0.031710
632.746887	-0.011910
633.436906	0.009410
634.126924	0.031370
634.816943	0.053130
635.506961	0.074010
636.196979	0.093470
636.886998	0.111160
637.577016	0.126860
638.267035	0.140510
638.957053	0.152250
639.647072	0.162340
640.337090	0.171170
641.027108	0.179040
641.717127	0.186100
642.407145	0.192200
643.097164	0.196870
643.787182	0.199450
644.477200	0.199170
645.167219	0.195320
645.857237	0.187360
646.547256	0.175040
647.237274	0.158510
647.927293	0.138300
648.617311	0.115280
649.307329	0.090550
649.997348	0.065180
650.687366	0.040070
651.377385	0.015760
652.067403	-0.007520
652.757421	-0.029840
653.447440	-0.051310
654.137458	-0.071880
654.827477	-0.091170
655.517495	-0.108400
656.207514	-0.122490
656.897532	-0.132320
657.587550	-0.136990
658.277569	-0.136070
658.967587	-0.129780
659.657606	-0.119000
660.347624	-0.105190
661.037642	-0.090290
661.727661	-0.076450
662.417679	-0.065730
663.107698	-0.059800
663.797716	-0.059630
664.487735	-0.065430
665.177753	-0.076610
665.867771	-0.092050
666.557790	-0.110240
667.247808	-0.129520
667.937827	-0.148270
668.627845	-0.165020
669.317863	-0.178570
670.007882	-0.188100
670.697900	-0.193180
671.387919	-0.193770
672.077937	-0.190140
672.767956	-0.182820
673.457974	-0.172480
674.147992	-0.159900
674.838011	-0.145870
675.528029	-0.131130
676.218048	-0.116350
676.908066	-0.102050
677.598084	-0.088660
678.288103	-0.076510
678.978121	-0.065890
679.668140	-0.057050
680.358158	-0.050170
681.048177	-0.045310
681.738195	-0.042320
682.428213	-0.040830
683.118232	-0.040280
683.808250	-0.040000
684.498269	-0.039310
685.188287	-0.037620
685.878305	-0.034390
686.568324	-0.029220
687.258342	-0.021820
687.948361	-0.012090
688.638379	-0.000090
689.328398	0.013840
690.018416	0.029190
690.708434	0.045280
691.398453	0.061330
692.088471	0.076630
692.778490	0.090590
693.468508	0.102710
694.158526	0.112550
694.848545	0.119710
695.538563	0.123820
696.228582	0.124550
696.918600	0.121710
697.608619	0.115370
698.298637	0.105880
698.988655	0.093830
699.678674	0.080060
700.368692	0.065550
701.058711	0.051280
701.748729	0.038190
702.438747	0.027040
703.128766	0.018360
703.818784	0.012460
704.508803	0.009430
705.198821	0.009130
705.888840	0.011260
706.578858	0.015430
707.268876	0.021230
707.958895	0.028340
708.648913	0.036630
709.338932	0.046170
710.028950	0.057120
710.718968	0.069630
711.408987	0.083710
712.099005	0.099120
712.789024	0.115430
713.479042	0.132060
714.169060	0.148390
714.859079	0.163840
715.549097	0.177960
716.239116	0.190460
716.929134	0.201190
717.619153	0.210090
718.309171	0.217070
718.999189	0.221990
719.689208	0.224630
720.379226	0.224700
721.069245	0.221880
721.759263	0.215900
722.449281	0.206540
723.139300	0.193650
723.829318	0.177190
724.519337	0.157180
725.209355	0.133740
725.899374	0.107110
726.589392	0.077590
727.279410	0.045510
727.969429	0.011220
728.659447	-0.024960
729.349466	-0.062680
730.039484	-0.101410
730.729502	-0.140290
731.419521	-0.178030
732.109539	-0.212940
732.799558	-0.243130
733.489576	-0.266830
734.179595	-0.282710
734.869613	-0.290130
735.559631	-0.289260
736.249650	-0.280930
736.939668	-0.266460
737.629687	-0.247360
738.319705	-0.225090
739.009723	-0.200970
739.699742	-0.176070
740.389760	-0.151280
741.079779	-0.127280
741.769797	-0.104620
742.459816	-0.083710
743.149834	-0.064910
743.839852	-0.048540
744.529871	-0.034960
745.219889	-0.024530
745.909908	-0.017560
746.599926	-0.014240
747.289944	-0.014590
747.979963	-0.018440
748.669981	-0.025560
749.360000	-0.035630
750.050018	-0.048260
750.740037	-0.062970
751.430055	-0.079140
752.120073	-0.095980
752.810092	-0.112590
753.500110	-0.127980
754.190129	-0.141100
754.880147	-0.150820
755.570165	-0.155970
756.260184	-0.155420
756.950202	-0.148290
757.640221	-0.134280
758.330239	-0.113830
759.020258	-0.088160
759.710276	-0.059110
760.400294	-0.028690
761.090313	0.001220
761.780331	0.029190
762.470350	0.054330
763.160368	0.076120
763.850386	0.094270
764.540405	0.108580
765.230423	0.118900
765.920442	0.125200
766.610460	0.127620
767.300479	0.126560
767.990497	0.122650
768.680515	0.116630
769.370534	0.109230
770.060552	0.101080
770.750571	0.092780
771.440589	0.084820
772.130607	0.077640
772.820626	0.071570
773.510644	0.066790
774.200663	0.063380
774.890681	0.061300
775.580700	0.060450
776.270718	0.060650
776.960736	0.061670
777.650755	0.063230
778.340773	0.065100
779.030792	0.067070
779.720810	0.069000
780.410828	0.070750
781.100847	0.072170
781.790865	0.073020
782.480884	0.072960
783.170902	0.071640
783.860921	0.068770
784.550939	0.064260
785.240957	0.058250
785.930976	0.051050
786.620994	0.043100
787.311013	0.034830
788.001031	0.026590
788.691049	0.018650
789.381068	0.011170
790.071086	0.004200
790.761105	-0.002300
791.451123	-0.008460
792.141141	-0.014440
792.831160	-0.020310
