0.000000	-0.000410
0.690006	-0.011900
1.380012	-0.024040
2.070018	-0.036020
2.760023	-0.046770
3.450029	-0.054960
4.140035	-0.059160
4.830041	-0.058050
5.520047	-0.050690
6.210053	-0.036720
6.900059	-0.016430
7.590064	0.009310
8.280070	0.039280
8.970076	0.072030
9.660082	0.105900
10.350088	0.139110
11.040094	0.169760
11.730100	0.195900
12.420105	0.215900
13.110111	0.228750
13.800117	0.234570
14.490123	0.234580
15.180129	0.230740
15.870135	0.225070
16.560141	0.218850
17.250147	0.212220
17.940152	0.204140
18.630158	0.193050
19.320164	0.177580
20.010170	0.157120
20.700176	0.132090
21.390182	0.103820
22.080188	0.074200
22.770193	0.045200
23.460199	0.018420
24.150205	-0.005130
24.840211	-0.025190
25.530217	-0.042000
26.220223	-0.056150
26.910229	-0.068300
27.600234	-0.079060
28.290240	-0.088910
28.980246	-0.098350
29.670252	-0.107920
30.360258	-0.118290
31.050264	-0.130140
31.740270	-0.144080
32.430275	-0.160520
33.120281	-0.179660
33.810287	-0.201390
34.500293	-0.225250
35.190299	-0.250340
35.880305	-0.275180
36.570311	-0.297730
37.260316	-0.315510
37.950322	-0.325920
38.640328	-0.326670
39.330334	-0.316070
40.020340	-0.293270
40.710346	-0.258260
41.400352	-0.211860
42.090358	-0.155590
42.780363	-0.091660
43.470369	-0.022780
44.160375	0.047860
44.850381	0.116910
45.540387	0.180890
46.230393	0.236610
46.920399	0.281320
47.610404	0.313090
48.300410	0.330850
48.990416	0.334480
49.680422	0.324600
50.370428	0.302320
51.060434	0.268960
51.750440	0.225900
52.440445	0.174550
53.130451	0.116320
53.820457	0.052790
54.510463	-0.014320
55.200469	-0.083190
55.890475	-0.151890
56.580481	-0.218520
57.270486	-0.281240
57.960492	-0.338280
58.650498	-0.387990
59.340504	-0.428730
60.030510	-0.458880
60.720516	-0.476830
61.410522	-0.481030
62.100527	-0.470120
62.790533	-0.443190
63.480539	-0.400100
64.170545	-0.341940
64.860551	-0.271210
65.550557	-0.191820
66.240563	-0.108630
66.930569	-0.026810
67.620574	0.048920
68.310580	0.114930
69.000586	0.168890
69.690592	0.209710
70.380598	0.237280
71.070604	0.252140
71.760610	0.255250
72.450615	0.247980
73.140621	0.232180
73.830627	0.210220
74.520633	0.184910
75.210639	0.159170
75.900645	0.135780
76.590651	0.117070
77.280656	0.104740
77.970662	0.099740
78.660668	0.102260
79.350674	0.111600
80.040680	0.126270
80.730686	0.144070
81.420692	0.162340
82.110697	0.178340
82.800703	0.189570
83.490709	0.194260
84.180715	0.191550
84.870721	0.181680
85.560727	0.165810
86.250733	0.145750
86.940738	0.123550
87.630744	0.101090
88.320750	0.079880
89.010756	0.060930
89.700762	0.044790
90.390768	0.031660
91.080774	0.021440
91.770780	0.013770
92.460785	0.008030
93.150791	0.003370
93.840797	-0.001120
94.530803	-0.006350
95.220809	-0.013000
95.910815	-0.021530
96.600821	-0.032120
97.290826	-0.044720
97.980832	-0.058990
98.670838	-0.074260
99.360844	-0.089490
100.050850	-0.103400
100.740856	-0.114580
101.430862	-0.121750
102.120867	-0.123950
102.810873	-0.120690
103.500879	-0.112080
104.190885	-0.098800
104.880891	-0.082090
105.570897	-0.063490
106.260903	-0.044640
106.950908	-0.026990
107.640914	-0.011650
108.330920	0.000750
109.020926	0.009950
109.710932	0.016050
110.400938	0.019330
111.090944	0.020160
111.780949	0.018970
112.470955	0.016170
113.160961	0.012220
113.850967	0.007580
114.540973	0.002700
115.230979	-0.001930
115.920985	-0.005920
116.610990	-0.008890
117.300996	-0.010490
117.991002	-0.010470
118.681008	-0.008670
119.371014	-0.005110
120.061020	-0.000010
120.751026	0.006210
121.441032	0.013020
122.131037	0.019870
122.821043	0.026280
123.511049	0.031870
124.201055	0.036430
124.891061	0.039800
125.581067	0.041860
126.271073	0.042540
126.961078	0.041780
127.651084	0.039630
128.341090	0.036250
129.031096	0.031970
129.721102	0.027260
130.411108	0.022640
131.101114	0.018620
131.791119	0.015610
132.481125	0.013820
133.171131	0.013230
133.861137	0.013540
134.551143	0.014200
135.241149	0.014530
135.931155	0.013850
136.621160	0.011670
137.311166	0.007710
138.001172	0.001980
138.691178	-0.005320
139.381184	-0.013880
140.071190	-0.023210
140.761196	-0.032630
141.451201	-0.041220
142.141207	-0.047870
142.831213	-0.051380
143.521219	-0.050680
144.211225	-0.045100
144.901231	-0.034570
145.591237	-0.019710
146.281243	-0.001780
146.971248	0.017500
147.661254	0.036230
148.351260	0.052610
149.041266	0.065190
149.731272	0.073000
150.421278	0.075630
151.111284	0.073130
151.801289	0.065950
152.491295	0.054820
153.181301	0.040690
153.871307	0.024640
154.561313	0.007870
155.251319	-0.008400
155.941325	-0.023030
156.631330	-0.035030
157.321336	-0.043660
158.011342	-0.048490
158.701348	-0.049410
159.391354	-0.046610
160.081360	-0.040490
160.771366	-0.031600
161.461371	-0.020580
162.151377	-0.008110
162.841383	0.005090
163.531389	0.018310
164.221395	0.030770
164.911401	0.041680
165.601407	0.050260
166.291412	0.055860
166.981418	0.058010
167.671424	0.056480
168.361430	0.051340
169.051436	0.042840
169.741442	0.031380
170.431448	0.017440
171.121454	0.001580
171.811459	-0.015500
172.501465	-0.032950
173.191471	-0.049800
173.881477	-0.065010
174.571483	-0.077730
175.261489	-0.087370
175.951495	-0.093710
176.641500	-0.096810
177.331506	-0.096890
178.021512	-0.094240
178.711518	-0.089090
179.401524	-0.081700
180.091530	-0.072370
180.781536	-0.061540
181.471541	-0.049770
182.161547	-0.037740
182.851553	-0.026090
183.541559	-0.015360
184.231565	-0.005870
184.921571	0.002310
185.611577	0.009410
186.301582	0.015800
186.991588	0.021880
187.681594	0.027970
188.371600	0.034160
189.061606	0.040310
189.751612	0.046070
190.441618	0.050950
191.131623	0.054430
191.821629	0.056120
192.511635	0.055800
193.201641	0.053560
193.891647	0.049740
194.581653	0.044910
195.271659	0.039730
195.961665	0.034870
196.651670	0.030890
197.341676	0.028250
198.031682	0.027220
198.721688	0.027890
199.411694	0.030120
200.101700	0.033480
200.791706	0.037290
201.481711	0.040630
202.171717	0.042570
202.861723	0.042260
203.551729	0.039210
204.241735	0.033310
204.931741	0.024830
205.621747	0.014340
206.311752	0.002560
207.001758	-0.009810
207.691764	-0.022150
208.381770	-0.033890
209.071776	-0.044500
209.761782	-0.053500
210.451788	-0.060380
211.141793	-0.064680
211.831799	-0.066010
212.521805	-0.064110
213.211811	-0.058850
213.901817	-0.050280
214.591823	-0.038620
215.281829	-0.024330
215.971834	-0.008140
216.661840	0.008900
217.351846	0.025510
218.041852	0.040210
218.731858	0.051580
219.421864	0.058370
220.111870	0.059780
220.801875	0.055540
221.491881	0.045910
222.181887	0.031580
222.871893	0.013600
223.561899	-0.006740
224.251905	-0.027950
224.941911	-0.048370
225.631917	-0.066320
226.321922	-0.080340
227.011928	-0.089440
227.701934	-0.093240
228.391940	-0.092020
229.081946	-0.086540
229.771952	-0.077830
230.461958	-0.067030
231.151963	-0.055240
231.841969	-0.043400
232.531975	-0.032210
233.221981	-0.022070
233.911987	-0.013010
234.601993	-0.004700
235.291999	0.003460
235.982004	0.012130
236.672010	0.021720
237.362016	0.032210
238.052022	0.043070
238.742028	0.053380
239.432034	0.062100
240.122040	0.068500
240.812045	0.072530
241.502051	0.074960
242.192057	0.077260
242.882063	0.081120
243.572069	0.087900
244.262075	0.098240
244.952081	0.111900
245.642086	0.127930
246.332092	0.144920
247.022098	0.161320
247.712104	0.175600
248.402110	0.186570
249.092116	0.193440
249.782122	0.195940
250.472128	0.194210
251.162133	0.188550
251.852139	0.179190
252.542145	0.166150
253.232151	0.149260
253.922157	0.128230
254.612163	0.102850
255.302169	0.073260
255.992174	0.040220
256.682180	0.005320
257.372186	-0.029130
258.062192	-0.060460
258.752198	-0.086100
259.442204	-0.103940
260.132210	-0.112640
260.822215	-0.111710
261.512221	-0.101510
262.202227	-0.083250
262.892233	-0.058900
263.582239	-0.031150
264.272245	-0.003110
264.962251	0.021900
265.652256	0.040610
266.342262	0.049950
267.032268	0.047440
267.722274	0.031500
268.412280	0.001860
269.102286	-0.040240
269.792292	-0.092300
270.482297	-0.150980
271.172303	-0.212700
271.862309	-0.274070
272.552315	-0.332140
273.242321	-0.384280
273.932327	-0.427930
274.622333	-0.460470
275.312339	-0.479210
276.002344	-0.481580
276.692350	-0.465450
277.382356	-0.429510
278.072362	-0.373610
278.762368	-0.299020
279.452374	-0.208530
280.142380	-0.106440
280.832385	0.001610
281.522391	0.109210
282.212397	0.209800
282.902403	0.297480
283.592409	0.367720
284.282415	0.417760
284.972421	0.446800
285.662426	0.455770
286.352432	0.446940
287.042438	0.423490
287.732444	0.388960
288.422450	0.346800
289.112456	0.300090
289.802462	0.251340
290.492467	0.202510
291.182473	0.155010
291.872479	0.109750
292.562485	0.067160
293.252491	0.027280
293.942497	-0.010190
294.632503	-0.045770
295.322508	-0.080000
296.012514	-0.113330
296.702520	-0.145980
297.392526	-0.177880
298.082532	-0.208650
298.772538	-0.237580
299.462544	-0.263670
300.152550	-0.285760
300.842555	-0.302610
301.532561	-0.313160
302.222567	-0.316820
302.912573	-0.313730
303.602579	-0.304910
304.292585	-0.292000
304.982591	-0.276800
305.672596	-0.260590
306.362602	-0.243560
307.052608	-0.224690
307.742614	-0.202000
308.432620	-0.173200
309.122626	-0.136480
309.812632	-0.091080
310.502637	-0.037590
311.192643	0.021990
311.882649	0.084660
312.572655	0.146870
313.262661	0.205070
313.952667	0.256080
314.642673	0.297350
315.332678	0.327030
316.022684	0.343990
316.712690	0.347860
317.402696	0.339090
318.092702	0.318950
318.782708	0.289380
319.472714	0.252830
320.162719	0.211890
320.852725	0.169060
321.542731	0.126510
322.232737	0.085970
322.922743	0.048690
323.612749	0.015500
324.302755	-0.013190
324.992760	-0.037380
325.682766	-0.057400
326.372772	-0.073890
327.062778	-0.087570
327.752784	-0.098990
328.442790	-0.108310
329.132796	-0.115100
329.822802	-0.118480
330.512807	-0.117320
331.202813	-0.110620
331.892819	-0.097880
332.582825	-0.079320
333.272831	-0.056030
333.962837	-0.029940
334.652843	-0.003580
335.342848	0.020220
336.032854	0.038940
336.722860	0.050690
337.412866	0.054660
338.102872	0.051210
338.792878	0.041650
339.482884	0.027980
340.172889	0.012410
340.862895	-0.002890
341.552901	-0.016090
342.242907	-0.025670
342.932913	-0.030570
343.622919	-0.030120
344.312925	-0.024120
345.002930	-0.012870
345.692936	0.002760
346.382942	0.021460
347.072948	0.041510
347.762954	0.061070
348.452960	0.078460
349.142966	0.092360
349.832971	0.102000
350.522977	0.107020
351.212983	0.107400
351.902989	0.103240
352.592995	0.094750
353.283001	0.082260
353.973007	0.066300
354.663013	0.047730
355.353018	0.027700
356.043024	0.007520
356.733030	-0.011470
357.423036	-0.028170
358.113042	-0.041760
358.803048	-0.051790
359.493054	-0.058150
360.183059	-0.061080
360.873065	-0.061110
361.563071	-0.059050
362.253077	-0.055830
362.943083	-0.052330
363.633089	-0.049200
364.323095	-0.046730
365.013100	-0.044830
365.703106	-0.043040
366.393112	-0.040700
367.083118	-0.037100
367.773124	-0.031690
368.463130	-0.024210
369.153136	-0.014820
369.843141	-0.004050
370.533147	0.007320
371.223153	0.018510
371.913159	0.028790
372.603165	0.037630
373.293171	0.044670
373.983177	0.049650
374.673182	0.052300
375.363188	0.052330
376.053194	0.049360
376.743200	0.043110
377.433206	0.033450
378.123212	0.020600
378.813218	0.005150
379.503224	-0.011910
380.193229	-0.029320
380.883235	-0.045670
381.573241	-0.059600
382.263247	-0.069940
382.953253	-0.075840
383.643259	-0.076860
384.333265	-0.072930
385.023270	-0.064400
385.713276	-0.051870
386.403282	-0.036150
387.093288	-0.018140
387.783294	0.001280
388.473300	0.021350
389.163306	0.041430
389.853311	0.060940
390.543317	0.079310
391.233323	0.095870
391.923329	0.109880
392.613335	0.120580
393.303341	0.127310
393.993347	0.129580
394.683352	0.127090
395.373358	0.119740
396.063364	0.107580
396.753370	0.090830
397.443376	0.069940
398.133382	0.045590
398.823388	0.018680
399.513393	-0.009660
400.203399	-0.038230
400.893405	-0.065750
401.583411	-0.090970
402.273417	-0.112820
402.963423	-0.130380
403.653429	-0.143040
404.343435	-0.150500
405.033440	-0.152800
405.723446	-0.150240
406.413452	-0.143390
407.103458	-0.132950
407.793464	-0.119690
408.483470	-0.104420
409.173476	-0.087940
409.863481	-0.071030
410.553487	-0.054410
411.243493	-0.038660
411.933499	-0.024240
412.623505	-0.011330
413.313511	0.000130
414.003517	0.010430
414.693522	0.020090
415.383528	0.029640
416.073534	0.039540
416.763540	0.050010
417.453546	0.061000
418.143552	0.072170
418.833558	0.083010
419.523563	0.092880
420.213569	0.101080
420.903575	0.106880
421.593581	0.109580
422.283587	0.108600
422.973593	0.103610
423.663599	0.094600
424.353604	0.081990
425.043610	0.066510
425.733616	0.049110
426.423622	0.030730
427.113628	0.012210
427.803634	-0.005780
428.493640	-0.022750
429.183645	-0.038200
429.873651	-0.051650
430.563657	-0.062650
431.253663	-0.070750
431.943669	-0.075700
432.633675	-0.077420
433.323681	-0.076090
434.013687	-0.072130
434.703692	-0.066140
435.393698	-0.058820
436.083704	-0.050910
436.773710	-0.043080
437.463716	-0.035780
438.153722	-0.029260
438.843728	-0.023510
439.533733	-0.018290
440.223739	-0.013210
440.913745	-0.007820
441.603751	-0.001740
442.293757	0.005260
442.983763	0.013220
443.673769	0.021900
444.363774	0.030830
445.053780	0.039360
445.743786	0.046740
446.433792	0.052250
447.123798	0.055220
447.813804	0.055160
448.503810	0.051780
449.193815	0.045030
449.883821	0.035280
450.573827	0.023260
451.263833	0.010060
451.953839	-0.003010
452.643845	-0.014670
453.333851	-0.023790
454.023856	-0.029580
454.713862	-0.031560
455.403868	-0.029560
456.093874	-0.023590
456.783880	-0.013880
457.473886	-0.000860
458.163892	0.014780
458.853898	0.032060
459.543903	0.049690
460.233909	0.066130
460.923915	0.079740
461.613921	0.088940
462.303927	0.092450
462.993933	0.089420
463.683939	0.079740
464.373944	0.064160
465.063950	0.044430
465.753956	0.023000
466.443962	0.002500
467.133968	-0.014810
467.823974	-0.027640
468.513980	-0.035820
469.203985	-0.040170
469.893991	-0.042120
470.583997	-0.043230
471.274003	-0.044910
471.964009	-0.048230
472.654015	-0.053840
473.344021	-0.061900
474.034026	-0.072020
474.724032	-0.083200
475.414038	-0.093960
476.104044	-0.102640
476.794050	-0.107780
477.484056	-0.108490
478.174062	-0.104660
478.864067	-0.096810
479.554073	-0.085820
480.244079	-0.072470
480.934085	-0.057220
481.624091	-0.040000
482.314097	-0.020510
483.004103	0.001570
483.694109	0.026260
484.384114	0.053010
485.074120	0.080840
485.764126	0.108440
486.454132	0.134450
487.144138	0.157580
487.834144	0.176770
488.524150	0.191240
489.214155	0.200530
489.904161	0.204460
490.594167	0.203110
491.284173	0.196720
491.974179	0.185700
492.664185	0.170620
493.354191	0.152310
494.044196	0.131920
494.734202	0.111000
495.424208	0.091430
496.114214	0.075230
496.804220	0.064290
497.494226	0.060070
498.184232	0.063340
498.874237	0.074050
499.564243	0.091280
500.254249	0.113360
500.944255	0.137950
501.634261	0.162240
502.324267	0.183090
503.014273	0.197230
503.704278	0.201530
504.394284	0.193190
505.084290	0.170030
505.774296	0.130870
506.464302	0.075870
507.154308	0.006780
507.844314	-0.073210
508.534320	-0.159900
509.224325	-0.248620
509.914331	-0.334800
510.604337	-0.414280
511.294343	-0.483390
511.984349	-0.539000
512.674355	-0.578560
513.364361	-0.600250
514.054366	-0.603130
514.744372	-0.587090
515.434378	-0.552770
516.124384	-0.501440
516.814390	-0.435010
517.504396	-0.356050
518.194402	-0.267830
518.884407	-0.174210
519.574413	-0.079360
520.264419	0.012590
520.954425	0.098000
521.644431	0.173910
522.334437	0.238210
523.024443	0.289590
523.714448	0.327530
524.404454	0.352280
525.094460	0.364730
525.784466	0.366340
526.474472	0.358870
527.164478	0.344130
527.854484	0.323750
528.544489	0.299060
529.234495	0.271090
529.924501	0.240640
530.614507	0.208380
531.304513	0.174840
531.994519	0.140450
532.684525	0.105480
533.374531	0.070100
534.064536	0.034400
534.754542	-0.001500
535.444548	-0.037520
536.134554	-0.073460
536.824560	-0.109030
537.514566	-0.143840
538.204572	-0.177380
538.894577	-0.208990
539.584583	-0.237890
540.274589	-0.263150
540.964595	-0.283690
541.654601	-0.298230
542.344607	-0.305350
543.034613	-0.303610
543.724618	-0.291870
544.414624	-0.269690
545.104630	-0.237830
545.794636	-0.198320
546.484642	-0.154220
547.174648	-0.108880
547.864654	-0.065070
548.554659	-0.024320
549.244665	0.013270
549.934671	0.048670
550.624677	0.083060
551.314683	0.117000
552.004689	0.149860
552.694695	0.179750
553.384700	0.204110
554.074706	0.220510
554.764712	0.227420
555.454718	0.224670
556.144724	0.213410
556.834730	0.195740
557.524736	0.174120
558.214741	0.150940
558.904747	0.128100
559.594753	0.106780
560.284759	0.087350
560.974765	0.069550
561.664771	0.052810
562.354777	0.036720
563.044783	0.021390
563.734788	0.007620
564.424794	-0.003310
565.114800	-0.010080
565.804806	-0.011790
566.494812	-0.008450
567.184818	-0.001050
567.874824	0.008710
568.564829	0.018900
569.254835	0.027870
569.944841	0.034590
570.634847	0.038740
571.324853	0.040600
572.014859	0.040770
572.704865	0.040000
573.394870	0.038900
574.084876	0.037860
574.774882	0.036960
575.464888	0.036020
576.154894	0.034610
576.844900	0.032100
577.534906	0.027600
578.224911	0.020110
578.914917	0.008620
579.604923	-0.007550
580.294929	-0.028540
580.984935	-0.053730
581.674941	-0.081770
582.364947	-0.110770
583.054952	-0.138460
583.744958	-0.162420
584.434964	-0.180240
585.124970	-0.189600
585.814976	-0.188600
586.504982	-0.175970
587.194988	-0.151400
587.884994	-0.115800
588.574999	-0.071330
589.265005	-0.021260
589.955011	0.030630
590.645017	0.080590
591.335023	0.125440
592.025029	0.162970
592.715035	0.191940
593.405040	0.211970
594.095046	0.223180
594.785052	0.226050
595.475058	0.221190
596.165064	0.209350
596.855070	0.191330
597.545076	0.168100
598.235081	0.140750
598.925087	0.110530
599.615093	0.078780
600.305099	0.046870
600.995105	0.016020
601.685111	-0.012820
602.375117	-0.039050
603.065122	-0.062420
603.755128	-0.082970
604.445134	-0.100910
605.135140	-0.116490
605.825146	-0.129970
606.515152	-0.141370
607.205158	-0.150470
607.895163	-0.156650
608.585169	-0.159080
609.275175	-0.156880
609.965181	-0.149450
610.655187	-0.136760
611.345193	-0.119400
612.035199	-0.098460
612.725205	-0.075320
613.415210	-0.051240
614.105216	-0.027260
614.795222	-0.004060
615.485228	0.017940
616.175234	0.038360
616.865240	0.056730
617.555246	0.072350
618.245251	0.084390
618.935257	0.092030
619.625263	0.094650
620.315269	0.092040
621.005275	0.084500
621.695281	0.072930
622.385287	0.058690
623.075292	0.043420
623.765298	0.028720
624.455304	0.015900
625.145310	0.005670
625.835316	-0.001800
626.525322	-0.006850
627.215328	-0.010030
627.905333	-0.011960
628.595339	-0.013160
629.285345	-0.014030
629.975351	-0.014760
630.665357	-0.015390
631.355363	-0.015800
632.045369	-0.015850
632.735374	-0.015390
633.425380	-0.014350
634.115386	-0.012800
634.805392	-0.010860
635.495398	-0.008700
636.185404	-0.006470
636.875410	-0.004310
637.565416	-0.002270
638.255421	-0.000340
638.945427	0.001570
639.635433	0.003650
640.325439	0.006050
641.015445	0.008790
641.705451	0.011670
642.395457	0.014190
643.085462	0.015650
643.775468	0.015320
644.465474	0.012640
645.155480	0.007420
645.845486	-0.000090
646.535492	-0.009370
647.225498	-0.019710
647.915503	-0.030470
648.605509	-0.041110
649.295515	-0.051280
649.985521	-0.060720
650.675527	-0.069230
651.365533	-0.076600
652.055539	-0.082590
652.745544	-0.086930
653.435550	-0.089310
654.125556	-0.089510
654.815562	-0.087360
655.505568	-0.082780
656.195574	-0.075740
656.885580	-0.066250
657.575585	-0.054350
658.265591	-0.040090
658.955597	-0.023550
659.645603	-0.004800
660.335609	0.016000
661.025615	0.038660
661.715621	0.062740
662.405626	0.087570
663.095632	0.112180
663.785638	0.135340
664.475644	0.155700
665.165650	0.171840
665.855656	0.182380
666.545662	0.186080
667.235668	0.181910
667.925673	0.169170
668.615679	0.147700
669.305685	0.117970
669.995691	0.081320
670.685697	0.039890
671.375703	-0.003450
672.065709	-0.045560
672.755714	-0.083390
673.445720	-0.114390
674.135726	-0.136810
674.825732	-0.149700
675.515738	-0.152900
676.205744	-0.146770
676.895750	-0.132090
677.585755	-0.109910
678.275761	-0.081550
678.965767	-0.048610
679.655773	-0.013010
680.345779	0.022990
681.035785	0.056950
681.725791	0.086360
682.415796	0.108850
683.105802	0.122420
683.795808	0.125570
684.485814	0.117530
685.175820	0.098470
685.865826	0.069740
686.555832	0.033930
687.245837	-0.005340
687.935843	-0.043960
688.625849	-0.077930
689.315855	-0.104030
690.005861	-0.120220
690.695867	-0.125830
691.385873	-0.121470
692.075879	-0.108940
692.765884	-0.090970
693.455890	-0.070880
694.145896	-0.052020
694.835902	-0.037130
695.525908	-0.027740
696.215914	-0.024010
696.905920	-0.024920
697.595925	-0.028760
698.285931	-0.033650
698.975937	-0.038030
699.665943	-0.040770
700.355949	-0.041120
701.045955	-0.038660
701.735961	-0.033220
702.425966	-0.024850
703.115972	-0.013860
703.805978	-0.000850
704.495984	0.013340
705.185990	0.027690
705.875996	0.041050
706.566002	0.052270
707.256007	0.060330
707.946013	0.064390
708.636019	0.063860
709.326025	0.058430
710.016031	0.048220
710.706037	0.033800
711.396043	0.016350
712.086048	-0.002390
712.776054	-0.020220
713.466060	-0.034810
714.156066	-0.044050
714.846072	-0.046470
715.536078	-0.041440
716.226084	-0.029240
716.916090	-0.010880
717.606095	0.012050
718.296101	0.037690
718.986107	0.064090
719.676113	0.089450
720.366119	0.112300
721.056125	0.131610
721.746131	0.146750
722.436136	0.157360
723.126142	0.163150
723.816148	0.163870
724.506154	0.159290
725.196160	0.149360
725.886166	0.134310
726.576172	0.114670
727.266177	0.091230
727.956183	0.064980
728.646189	0.037230
729.336195	0.009710
730.026201	-0.015490
730.716207	-0.036090
731.406213	-0.049980
732.096218	-0.055690
732.786224	-0.052700
733.476230	-0.041410
734.166236	-0.022970
734.856242	0.001030
735.546248	0.028920
736.236254	0.059090
736.926259	0.090230
737.616265	0.121350
738.306271	0.151750
738.996277	0.180880
739.686283	0.208150
740.376289	0.232700
741.066295	0.253320
741.756301	0.268360
742.446306	0.275930
743.136312	0.274040
743.826318	0.260930
744.516324	0.235180
745.206330	0.196050
745.896336	0.143530
746.586342	0.078550
747.276347	0.002910
747.966353	-0.080760
748.656359	-0.169180
749.346365	-0.258640
750.036371	-0.345260
750.726377	-0.425200
751.416383	-0.494830
752.106388	-0.550940
752.796394	-0.590910
753.486400	-0.612890
754.176406	-0.615850
754.866412	-0.599660
755.556418	-0.564990
756.246424	-0.513340
756.936429	-0.446920
757.626435	-0.368650
758.316441	-0.281930
759.006447	-0.190460
759.696453	-0.097960
760.386459	-0.007830
761.076465	0.077040
761.766470	0.154370
762.456476	0.222380
763.146482	0.279780
763.836488	0.325560
764.526494	0.358990
765.216500	0.379580
765.906506	0.387080
766.596511	0.381570
767.286517	0.363480
767.976523	0.333650
768.666529	0.293410
769.356535	0.244520
770.046541	0.189120
770.736547	0.129660
771.426553	0.068710
772.116558	0.008930
772.806564	-0.047070
773.496570	-0.096900
774.186576	-0.138480
774.876582	-0.170190
775.566588	-0.191050
776.256594	-0.200770
776.946599	-0.199860
777.636605	-0.189610
778.326611	-0.172080
779.016617	-0.149900
779.706623	-0.126060
780.396629	-0.103490
781.086635	-0.084710
781.776640	-0.071410
782.466646	-0.064150
783.156652	-0.062220
783.846658	-0.063750
784.536664	-0.066010
785.226670	-0.066040
785.916676	-0.061240
786.606681	-0.049990
787.296687	-0.032000
787.986693	-0.008310
788.676699	0.018940
789.366705	0.046960
790.056711	0.072650
790.746717	0.092950
791.436722	0.105210
792.126728	0.107460
792.816734	0.098800
