0.000000	-0.305760
0.690003	-0.292430
1.380005	-0.265950
2.070008	-0.226640
2.760010	-0.175980
3.450013	-0.117040
4.140015	-0.054480
4.830018	0.006030
5.520020	0.058780
6.210023	0.099180
6.900026	0.124520
7.590028	0.134120
8.280031	0.128920
8.970033	0.110900
9.660036	0.082710
10.350038	0.047310
11.040041	0.007820
11.730043	-0.032620
12.420046	-0.071030
13.110049	-0.104750
13.800051	-0.131670
14.490054	-0.150300
15.180056	-0.159780
15.870059	-0.159670
16.560061	-0.149780
17.250064	-0.130070
17.940066	-0.100610
18.630069	-0.061760
19.320072	-0.014440
20.010074	0.039650
20.700077	0.097900
21.390079	0.156850
22.080082	0.212570
22.770084	0.261220
23.460087	0.299530
24.150089	0.325280
24.840092	0.337470
25.530095	0.336290
26.220097	0.322960
26.910100	0.299470
27.600102	0.268320
28.290105	0.232220
28.980107	0.193790
29.670110	0.155270
30.360112	0.118360
31.050115	0.084140
31.740118	0.053130
32.430120	0.025340
33.120123	0.000520
33.810125	-0.021670
34.500128	-0.041530
35.190130	-0.059130
35.880133	-0.074470
36.570135	-0.087550
37.260138	-0.098610
37.950140	-0.108200
38.640143	-0.117080
39.330146	-0.126010
40.020148	-0.135400
40.710151	-0.145160
41.400153	-0.154560
42.090156	-0.162360
42.780158	-0.167000
43.470161	-0.166870
44.160163	-0.160690
44.850166	-0.147830
45.540169	-0.128580
46.230171	-0.104150
46.920174	-0.076460
47.610176	-0.047750
48.300179	-0.020080
48.990181	0.004980
49.680184	0.026590
50.370186	0.044560
51.060189	0.059170
51.750192	0.070870
52.440194	0.079970
53.130197	0.086460
53.820199	0.090050
54.510202	0.090360
55.200204	0.087170
55.890207	0.080630
56.580209	0.071320
57.270212	0.060060
57.960215	0.047760
58.650217	0.035200
59.340220	0.022970
60.030222	0.011410
60.720225	0.000700
61.410227	-0.009000
62.100230	-0.017430
62.790232	-0.024010
63.480235	-0.027910
64.170238	-0.028180
64.860240	-0.024150
65.550243	-0.015730
66.240245	-0.003600
66.930248	0.010890
67.620250	0.026080
68.310253	0.040340
69.000255	0.052400
69.690258	0.061420
70.380261	0.066960
71.070263	0.068810
71.760266	0.066860
72.450268	0.061140
73.140271	0.051730
73.830273	0.038860
74.520276	0.022980
75.210278	0.004800
75.900281	-0.014700
76.590284	-0.034450
77.280286	-0.053320
77.970289	-0.070250
78.660291	-0.084410
79.350294	-0.095180
80.040296	-0.102170
80.730299	-0.105180
81.420301	-0.104240
82.110304	-0.099580
82.800307	-0.091600
83.490309	-0.080860
84.180312	-0.068030
84.870314	-0.053810
85.560317	-0.038840
86.250319	-0.023740
86.940322	-0.009090
87.630324	0.004540
88.320327	0.016550
89.010330	0.026240
89.700332	0.032910
90.390335	0.035930
91.080337	0.034860
91.770340	0.029460
92.460342	0.019850
93.150345	0.006500
93.840347	-0.009650
94.530350	-0.027220
95.220353	-0.044430
95.910355	-0.059430
96.600358	-0.070660
97.290360	-0.077220
97.980363	-0.079010
98.670365	-0.076610
99.360368	-0.070870
100.050370	-0.062530
100.740373	-0.051960
101.430376	-0.039220
102.120378	-0.024350
102.810381	-0.007710
103.500383	0.009820
104.190386	0.026970
104.880388	0.042230
105.570391	0.054310
106.260393	0.062440
106.950396	0.066470
107.640399	0.066780
108.330401	0.064070
109.020404	0.059160
109.710406	0.052860
110.400409	0.045990
111.090411	0.039400
111.780414	0.034020
112.470416	0.030680
113.160419	0.030000
113.850421	0.032210
114.540424	0.037130
115.230427	0.044220
115.920429	0.052750
116.610432	0.061880
117.300434	0.070730
117.990437	0.078470
118.680439	0.084300
119.370442	0.087490
120.060444	0.087450
120.750447	0.083830
121.440450	0.076610
122.130452	0.066120
122.820455	0.052960
123.510457	0.037810
124.200460	0.021300
124.890462	0.003860
125.580465	-0.014240
126.270467	-0.032780
126.960470	-0.051350
127.650473	-0.069440
128.340475	-0.086500
129.030478	-0.102140
129.720480	-0.116270
130.410483	-0.129060
131.100485	-0.140720
131.790488	-0.151250
132.480490	-0.160250
133.170493	-0.167010
133.860496	-0.170740
134.550498	-0.170920
135.240501	-0.167450
135.930503	-0.160780
136.620506	-0.151740
137.310508	-0.141330
138.000511	-0.130480
138.690513	-0.119830
139.380516	-0.109670
140.070519	-0.099960
140.760521	-0.090390
141.450524	-0.080480
142.140526	-0.069640
142.830529	-0.057160
143.520531	-0.042300
144.210534	-0.024340
144.900536	-0.002760
145.590539	0.022640
146.280542	0.051570
146.970544	0.083170
147.660547	0.116040
148.350549	0.148460
149.040552	0.178570
149.730554	0.204700
150.420557	0.225620
151.110559	0.240770
151.800562	0.250380
152.490565	0.255420
153.180567	0.257290
153.870570	0.257410
154.560572	0.256900
155.250575	0.256370
155.940577	0.255980
156.630580	0.255640
157.320582	0.255270
158.010585	0.254740
158.700588	0.253830
159.390590	0.252080
160.080593	0.248760
160.770595	0.242930
161.460598	0.233700
162.150600	0.220530
162.840603	0.203460
163.530605	0.183170
164.220608	0.160720
164.910611	0.137100
165.600613	0.112760
166.290616	0.087150
166.980618	0.058700
167.670621	0.025170
168.360623	-0.015560
169.050626	-0.064590
169.740628	-0.121080
170.430631	-0.182050
171.120634	-0.242920
171.810636	-0.298590
172.500639	-0.344620
173.190641	-0.378300
173.880644	-0.398830
174.570646	-0.407080
175.260649	-0.404880
175.950651	-0.394510
176.640654	-0.378190
177.330657	-0.357850
178.020659	-0.335060
178.710662	-0.311060
179.400664	-0.286850
180.090667	-0.263230
180.780669	-0.240750
181.470672	-0.219650
182.160674	-0.199790
182.850677	-0.180650
183.540679	-0.161350
184.230682	-0.140940
184.920685	-0.118510
185.610687	-0.093450
186.300690	-0.065600
186.990692	-0.035290
187.680695	-0.003370
188.370697	0.028840
189.060700	0.059810
189.750702	0.087990
190.440705	0.112170
191.130708	0.131700
191.820710	0.146540
192.510713	0.157230
193.200715	0.164610
193.890718	0.169590
194.580720	0.172930
195.270723	0.175100
195.960725	0.176330
196.650728	0.176640
197.340731	0.175960
198.030733	0.174210
198.720736	0.171360
199.410738	0.167490
200.100741	0.162680
200.790743	0.157080
201.480746	0.150850
202.170748	0.144180
202.860751	0.137250
203.550754	0.130240
204.240756	0.123250
204.930759	0.116330
205.620761	0.109430
206.310764	0.102480
207.000766	0.095380
207.690769	0.088040
208.380771	0.080350
209.070774	0.072180
209.760777	0.063350
210.450779	0.053720
211.140782	0.043200
211.830784	0.031820
212.520787	0.019800
213.210789	0.007560
213.900792	-0.004310
214.590794	-0.015100
215.280797	-0.024020
215.970800	-0.030260
216.660802	-0.033140
217.350805	-0.032180
218.040807	-0.027140
218.730810	-0.018060
219.420812	-0.005170
220.110815	0.011160
220.800817	0.030530
221.490820	0.052340
222.180823	0.075730
222.870825	0.099390
223.560828	0.121520
224.250830	0.140020
224.940833	0.152910
225.630835	0.158650
226.320838	0.156480
227.010840	0.146370
227.700843	0.128870
228.390846	0.104750
229.080848	0.074690
229.770851	0.039250
230.460853	-0.001080
231.150856	-0.045850
231.840858	-0.094360
232.530861	-0.145730
233.220863	-0.198910
233.910866	-0.252780
234.600869	-0.306260
235.290871	-0.358170
235.980874	-0.407080
236.670876	-0.451000
237.360879	-0.487320
238.050881	-0.512780
238.740884	-0.523750
239.430886	-0.516850
240.120889	-0.489740
240.810892	-0.442090
241.500894	-0.376360
242.190897	-0.297770
242.880899	-0.213330
243.570902	-0.130320
244.260904	-0.054830
244.950907	0.009450
245.640909	0.061500
246.330912	0.102420
247.020915	0.134690
247.710917	0.161210
248.400920	0.184570
249.090922	0.206490
249.780925	0.227590
250.470927	0.247390
251.160930	0.264600
251.850932	0.277490
252.540935	0.284220
253.230937	0.283250
253.920940	0.273580
254.610943	0.255070
255.300945	0.228450
255.990948	0.195380
256.680950	0.158300
257.370953	0.120130
258.060955	0.084010
258.750958	0.052950
259.440960	0.029610
260.130963	0.016000
260.820966	0.013260
261.510968	0.021360
262.200971	0.038790
262.890973	0.062540
263.580976	0.088460
264.270978	0.112230
264.960981	0.130240
265.650983	0.140420
266.340986	0.142560
267.030989	0.137940
267.720991	0.128630
268.410994	0.116670
269.100996	0.103560
269.790999	0.090040
270.481001	0.076250
271.171004	0.062030
271.861006	0.047230
272.551009	0.031850
273.241012	0.016110
273.931014	0.000300
274.621017	-0.015290
275.311019	-0.030290
276.001022	-0.044280
276.691024	-0.056820
277.381027	-0.067510
278.071029	-0.076220
278.761032	-0.083080
279.451035	-0.088540
280.141037	-0.093150
280.831040	-0.097470
281.521042	-0.101790
282.211045	-0.106130
282.901047	-0.110230
283.591050	-0.113620
284.281052	-0.115750
284.971055	-0.116100
285.661058	-0.114260
286.351060	-0.109970
287.041063	-0.103310
287.731065	-0.094720
288.421068	-0.085010
289.111070	-0.075090
289.801073	-0.065770
290.491075	-0.057450
291.181078	-0.049990
291.871081	-0.042790
292.561083	-0.035060
293.251086	-0.026120
293.941088	-0.015590
294.631091	-0.003390
295.321093	0.010240
296.011096	0.024860
296.701098	0.039740
297.391101	0.053930
298.081104	0.066270
298.771106	0.075550
299.461109	0.080740
300.151111	0.081190
300.841114	0.076910
301.531116	0.068710
302.221119	0.058150
302.911121	0.047390
303.601124	0.038780
304.291127	0.034320
304.981129	0.035280
305.671132	0.042000
306.361134	0.053960
307.051137	0.070160
307.741139	0.089400
308.431142	0.110420
309.121144	0.131820
309.811147	0.151910
310.501150	0.168600
311.191152	0.179550
311.881155	0.182500
312.571157	0.175740
313.261160	0.158380
313.951162	0.130500
314.641165	0.093070
315.331167	0.047870
316.021170	-0.002580
316.711173	-0.055080
317.401175	-0.105820
318.091178	-0.150730
318.781180	-0.185980
319.471183	-0.208510
320.161185	-0.216520
320.851188	-0.209580
321.541190	-0.188650
322.231193	-0.155900
322.921196	-0.114520
323.611198	-0.068460
324.301201	-0.022000
324.991203	0.020680
325.681206	0.056020
326.371208	0.081370
327.061211	0.095120
327.751213	0.096580
328.441216	0.085810
329.131218	0.063490
329.821221	0.030840
330.511224	-0.010340
331.201226	-0.057640
331.891229	-0.108050
332.581231	-0.158120
333.271234	-0.204270
333.961236	-0.243160
334.651239	-0.272040
335.341241	-0.289040
336.031244	-0.293220
336.721247	-0.284550
337.411249	-0.263770
338.101252	-0.232260
338.791254	-0.191970
339.481257	-0.145260
340.171259	-0.094710
340.861262	-0.042980
341.551264	0.007380
342.241267	0.054200
342.931270	0.095760
343.621272	0.130880
344.311275	0.158870
345.001277	0.179510
345.691280	0.192930
346.381282	0.199480
347.071285	0.199650
347.761287	0.194070
348.451290	0.183540
349.141293	0.169080
349.831295	0.151870
350.521298	0.133250
351.211300	0.114570
351.901303	0.097160
352.591305	0.082230
353.281308	0.070800
353.971310	0.063640
354.661313	0.061050
355.351316	0.062790
356.041318	0.068110
356.731321	0.075880
357.421323	0.084820
358.111326	0.093690
358.801328	0.101460
359.491331	0.107280
360.181333	0.110490
360.871336	0.110520
361.561339	0.106950
362.251341	0.099480
362.941344	0.087990
363.631346	0.072640
364.321349	0.053970
365.011351	0.032920
365.701354	0.010790
366.391356	-0.010810
367.081359	-0.030270
367.771362	-0.046200
368.461364	-0.057680
369.151367	-0.064430
369.841369	-0.066870
370.531372	-0.065970
371.221374	-0.063090
371.911377	-0.059660
372.601379	-0.056980
373.291382	-0.056020
373.981385	-0.057430
374.671387	-0.061580
375.361390	-0.068590
376.051392	-0.078400
376.741395	-0.090660
377.431397	-0.104590
378.121400	-0.119020
378.811402	-0.132520
379.501405	-0.143630
380.191408	-0.151130
380.881410	-0.154270
381.571413	-0.152760
382.261415	-0.146690
382.951418	-0.136330
383.641420	-0.122100
384.331423	-0.104450
385.021425	-0.083910
385.711428	-0.061120
386.401431	-0.036870
387.091433	-0.012070
387.781436	0.012300
388.471438	0.035280
389.161441	0.055980
389.851443	0.073620
390.541446	0.087580
391.231448	0.097380
391.921451	0.102650
392.611454	0.103190
393.301456	0.098910
393.991459	0.089970
394.681461	0.076840
395.371464	0.060550
396.061466	0.042750
396.751469	0.025630
397.441471	0.011680
398.131474	0.003270
398.821476	0.002200
399.511479	0.009480
400.201482	0.025120
400.891484	0.048340
401.581487	0.077610
402.271489	0.111020
402.961492	0.146490
403.651494	0.182100
404.341497	0.216120
405.031499	0.247090
405.721502	0.273730
406.411505	0.294800
407.101507	0.309090
407.791510	0.315440
408.481512	0.312950
409.171515	0.301120
409.861517	0.280060
410.551520	0.250470
411.241522	0.213470
411.931525	0.170400
412.621528	0.122640
413.311530	0.071640
414.001533	0.019060
414.691535	-0.033190
415.381538	-0.083090
416.071540	-0.128860
416.761543	-0.169430
417.451545	-0.204670
418.141548	-0.235310
418.831551	-0.262520
419.521553	-0.287340
420.211556	-0.310360
420.901558	-0.331590
421.591561	-0.350690
422.281563	-0.367230
422.971566	-0.380870
423.661568	-0.391290
424.351571	-0.397930
425.041574	-0.399820
425.731576	-0.395490
426.421579	-0.383270
427.111581	-0.361810
427.801584	-0.330560
428.491586	-0.290070
429.181589	-0.241970
429.871591	-0.188700
430.561594	-0.133040
431.251597	-0.077690
431.941599	-0.024940
432.631602	0.023510
433.321604	0.066670
434.011607	0.104130
434.701609	0.136070
435.391612	0.163090
436.081614	0.185970
436.771617	0.205590
437.461620	0.222670
438.151622	0.237790
438.841625	0.251280
439.531627	0.263310
440.221630	0.273940
440.911632	0.283050
441.601635	0.290290
442.291637	0.295000
442.981640	0.296260
443.671643	0.292950
444.361645	0.283960
445.051648	0.268360
445.741650	0.245510
446.431653	0.215200
447.121655	0.177650
447.811658	0.133660
448.501660	0.084630
449.191663	0.032500
449.881666	-0.020420
450.571668	-0.071650
451.261671	-0.118800
451.951673	-0.159810
452.641676	-0.193120
453.331678	-0.217820
454.021681	-0.233680
454.711683	-0.241080
455.401686	-0.240840
456.091689	-0.233940
456.781691	-0.221360
457.471694	-0.203890
458.161696	-0.182050
458.851699	-0.156160
459.541701	-0.126420
460.231704	-0.093020
460.921706	-0.056400
461.611709	-0.017480
462.301712	0.022140
462.991714	0.060160
463.681717	0.093830
464.371719	0.120310
465.061722	0.137280
465.751724	0.143250
466.441727	0.137870
467.131729	0.121790
467.821732	0.096440
468.511734	0.063670
469.201737	0.025490
469.891740	-0.016140
470.581742	-0.059420
471.271745	-0.102650
471.961747	-0.144110
472.651750	-0.181920
473.341752	-0.213910
474.031755	-0.237590
474.721757	-0.250310
475.411760	-0.249500
476.101763	-0.233200
476.791765	-0.200680
477.481768	-0.153060
478.171770	-0.093570
478.861773	-0.027070
479.551775	0.040740
480.241778	0.104460
480.931780	0.159690
481.621783	0.203540
482.311786	0.234320
483.001788	0.251280
483.691791	0.254380
484.381793	0.244300
485.071796	0.222410
485.761798	0.190830
486.451801	0.152340
487.141803	0.110220
487.831806	0.067990
488.521809	0.029040
489.211811	-0.003660
489.901814	-0.028000
490.591816	-0.042850
491.281819	-0.048280
491.971821	-0.045480
492.661824	-0.036580
493.351826	-0.024230
494.041829	-0.011160
494.731832	0.000320
495.421834	0.008640
496.111837	0.013120
496.801839	0.013860
497.491842	0.011530
498.181844	0.007040
498.871847	0.001310
499.561849	-0.004940
500.251852	-0.011250
500.941855	-0.017240
501.631857	-0.022500
502.321860	-0.026320
503.011862	-0.027770
503.701865	-0.025860
504.391867	-0.020010
505.081870	-0.010420
505.771872	0.001770
506.461875	0.014660
507.151878	0.026120
507.841880	0.034420
508.531883	0.038740
509.221885	0.039390
509.911888	0.037610
510.601890	0.035050
511.291893	0.033290
511.981895	0.033380
512.671898	0.035500
513.361901	0.038990
514.051903	0.042490
514.741906	0.044350
515.431908	0.043030
516.121911	0.037500
516.811913	0.027400
517.501916	0.013090
518.191918	-0.004550
518.881921	-0.024320
519.571924	-0.044860
520.261926	-0.064680
520.951929	-0.082290
521.641931	-0.096250
522.331934	-0.105360
523.021936	-0.108920
523.711939	-0.106830
524.401941	-0.099610
525.091944	-0.088210
525.781947	-0.073730
526.471949	-0.057160
527.161952	-0.039270
527.851954	-0.020640
528.541957	-0.001720
529.231959	0.016930
529.921962	0.034740
530.611964	0.051010
531.301967	0.065130
531.991970	0.076650
532.681972	0.085400
533.371975	0.091470
534.061977	0.095260
534.751980	0.097290
535.441982	0.098100
536.131985	0.098060
536.821987	0.097260
537.511990	0.095500
538.201993	0.092360
538.891995	0.087430
539.581998	0.080510
540.272000	0.071870
540.962003	0.062230
541.652005	0.052700
542.342008	0.044500
543.032010	0.038710
543.722013	0.036030
544.412015	0.036650
545.102018	0.040310
545.792021	0.046280
546.482023	0.053550
547.172026	0.060850
547.862028	0.066750
548.552031	0.069690
549.242033	0.068180
549.932036	0.060920
550.622038	0.047020
551.312041	0.026160
552.002044	-0.001150
552.692046	-0.033600
553.382049	-0.069130
554.072051	-0.105290
554.762054	-0.139620
555.452056	-0.170120
556.142059	-0.195460
556.832061	-0.215090
557.522064	-0.229100
558.212067	-0.238020
558.902069	-0.242680
559.592072	-0.243990
560.282074	-0.242840
560.972077	-0.239910
561.662079	-0.235670
562.352082	-0.230320
563.042084	-0.223830
563.732087	-0.216020
564.422090	-0.206630
565.112092	-0.195360
565.802095	-0.181920
566.492097	-0.166040
567.182100	-0.147590
567.872102	-0.126510
568.562105	-0.102790
569.252107	-0.076430
569.942110	-0.047500
570.632113	-0.016260
571.322115	0.016660
572.012118	0.050170
572.702120	0.082660
573.392123	0.112340
574.082125	0.137550
574.772128	0.157070
575.462130	0.170300
576.152133	0.177320
576.842136	0.178710
577.532138	0.175370
578.222141	0.168300
578.912143	0.158540
579.602146	0.147100
580.292148	0.134940
580.982151	0.122910
581.672153	0.111700
582.362156	0.101740
583.052159	0.093110
583.742161	0.085630
584.432164	0.078930
585.122166	0.072520
585.812169	0.065930
586.502171	0.058760
587.192174	0.050750
587.882176	0.041850
588.572179	0.032240
589.262182	0.022370
589.952184	0.012860
590.642187	0.004450
591.332189	-0.002120
592.022192	-0.006210
592.712194	-0.007360
593.402197	-0.005340
594.092199	-0.000240
594.782202	0.007630
595.472205	0.017820
596.162207	0.029760
596.852210	0.042870
597.542212	0.056630
598.232215	0.070500
598.922217	0.083950
599.612220	0.096370
600.302222	0.107060
600.992225	0.115320
601.682228	0.120560
602.372230	0.122390
603.062233	0.120650
603.752235	0.115240
604.442238	0.105920
605.132240	0.092140
605.822243	0.072960
606.512245	0.047360
607.202248	0.014690
607.892251	-0.024720
608.582253	-0.069240
609.272256	-0.116060
609.962258	-0.161760
610.652261	-0.203030
611.342263	-0.237340
612.032266	-0.263350
612.722268	-0.280900
613.412271	-0.290750
614.102273	-0.294130
614.792276	-0.292260
615.482279	-0.285920
616.172281	-0.275290
616.862284	-0.260150
617.552286	-0.240270
618.242289	-0.215730
618.932291	-0.187120
619.622294	-0.155380
620.312296	-0.121530
621.002299	-0.086430
621.692302	-0.050750
622.382304	-0.014960
623.072307	0.020560
623.762309	0.055540
624.452312	0.089650
625.142314	0.122480
625.832317	0.153570
626.522319	0.182400
627.212322	0.208420
627.902325	0.231020
628.592327	0.249440
629.282330	0.262710
629.972332	0.269570
630.662335	0.268700
631.352337	0.259020
632.042340	0.240260
632.732342	0.213300
633.422345	0.180520
634.112348	0.145490
634.802350	0.112440
635.492353	0.085570
636.182355	0.068370
636.872358	0.063210
637.562360	0.071250
638.252363	0.092390
638.942365	0.125410
639.632368	0.168030
640.322371	0.217030
641.012373	0.268380
641.702376	0.317440
642.392378	0.359140
643.082381	0.388300
643.772383	0.400090
644.462386	0.390500
645.152388	0.356910
645.842391	0.298490
646.532394	0.216540
647.222396	0.114640
647.912399	-0.001350
648.602401	-0.123870
649.292404	-0.244480
649.982406	-0.354950
650.672409	-0.448370
651.362411	-0.519850
652.052414	-0.566710
652.742417	-0.588270
653.432419	-0.585460
654.122422	-0.560410
654.812424	-0.516230
655.502427	-0.456720
656.192429	-0.386280
656.882432	-0.309700
657.572434	-0.231910
658.262437	-0.157700
658.952440	-0.091480
659.642442	-0.036940
660.332445	0.003190
661.022447	0.027360
661.712450	0.035270
662.402452	0.027890
663.092455	0.007310
663.782457	-0.023550
664.472460	-0.061240
665.162463	-0.102080
665.852465	-0.142410
666.542468	-0.178710
667.232470	-0.207700
667.922473	-0.226520
668.612475	-0.232790
669.302478	-0.224890
669.992480	-0.202090
670.682483	-0.164710
671.372486	-0.114250
672.062488	-0.053480
672.752491	0.013630
673.442493	0.082220
674.132496	0.147170
674.822498	0.204010
675.512501	0.249580
676.202503	0.282480
676.892506	0.302980
677.582509	0.312530
678.272511	0.313110
678.962514	0.306760
679.652516	0.295280
680.342519	0.280130
681.032521	0.262510
681.722524	0.243410
682.412526	0.223730
683.102529	0.204260
683.792531	0.185660
684.482534	0.168430
685.172537	0.152810
685.862539	0.138760
686.552542	0.126020
687.242544	0.114120
687.932547	0.102480
688.622549	0.090530
689.312552	0.077660
690.002554	0.063370
690.692557	0.047170
691.382560	0.028660
692.072562	0.007610
692.762565	-0.016000
693.452567	-0.041880
694.142570	-0.069370
694.832572	-0.097540
695.522575	-0.125200
696.212577	-0.151090
696.902580	-0.173990
697.592583	-0.192810
698.282585	-0.206710
698.972588	-0.215080
699.662590	-0.217530
700.352593	-0.213840
701.042595	-0.203860
701.732598	-0.187490
702.422600	-0.164670
703.112603	-0.135460
703.802606	-0.100150
704.492608	-0.059400
705.182611	-0.014360
705.872613	0.033240
706.562616	0.081230
707.252618	0.127110
707.942621	0.168420
708.632623	0.203150
709.322626	0.229920
710.012629	0.248080
710.702631	0.257530
711.392634	0.258520
712.082636	0.251410
712.772639	0.236640
713.462641	0.214800
714.152644	0.186660
714.842646	0.153150
715.532649	0.115190
716.222652	0.073460
716.912654	0.028270
717.602657	-0.020480
718.292659	-0.073090
718.982662	-0.129730
719.672664	-0.190130
720.362667	-0.253330
721.052669	-0.317590
721.742672	-0.380480
722.432675	-0.439130
723.122677	-0.490440
723.812680	-0.531290
724.502682	-0.558640
725.192685	-0.569590
725.882687	-0.561380
726.572690	-0.531620
727.262692	-0.478580
727.952695	-0.401940
728.642698	-0.303690
729.332700	-0.188900
730.022703	-0.065720
730.712705	0.056030
731.402708	0.166780
732.092710	0.259240
732.782713	0.329800
733.472715	0.378840
734.162718	0.409600
734.852721	0.426680
735.542723	0.434540
736.232726	0.436570
736.922728	0.434740
737.612731	0.429800
738.302733	0.421700
738.992736	0.410130
739.682738	0.394730
740.372741	0.375120
741.062744	0.350750
741.752746	0.320830
742.442749	0.284460
743.132751	0.240800
743.822754	0.189400
744.512756	0.130570
745.202759	0.065550
745.892761	-0.003590
746.582764	-0.074200
747.272767	-0.143440
747.962769	-0.208570
748.652772	-0.267130
749.342774	-0.316790
750.032777	-0.355330
750.722779	-0.380580
751.412782	-0.390640
752.102784	-0.384190
752.792787	-0.360960
753.482790	-0.322050
754.172792	-0.269870
754.862795	-0.207830
755.552797	-0.139840
756.242800	-0.069910
756.932802	-0.001760
757.622805	0.061360
758.312807	0.116780
759.002810	0.162490
759.692812	0.197350
760.382815	0.221100
761.072818	0.234230
761.762820	0.237790
762.452823	0.233180
763.142825	0.221980
763.832828	0.205780
764.522830	0.186170
765.212833	0.164600
765.902835	0.142440
766.592838	0.120850
767.282841	0.100820
767.972843	0.083130
768.662846	0.068330
769.352848	0.056690
770.042851	0.048160
770.732853	0.042410
771.422856	0.038870
772.112858	0.036860
772.802861	0.035670
773.492864	0.034580
774.182866	0.032770
774.872869	0.029380
775.562871	0.023430
776.252874	0.014000
776.942876	0.000290
777.632879	-0.018210
778.322881	-0.041510
779.012884	-0.069110
779.702887	-0.099880
780.392889	-0.132120
781.082892	-0.163810
781.772894	-0.192900
782.462897	-0.217580
783.152899	-0.236550
783.842902	-0.249050
784.532904	-0.254770
785.222907	-0.253670
785.912910	-0.245850
786.602912	-0.231450
787.292915	-0.210680
787.982917	-0.183900
788.672920	-0.151860
789.362922	-0.115830
790.052925	-0.077640
790.742927	-0.039350
791.432930	-0.002910
792.122933	0.030200
792.812935	0.059160
793.502938	0.083670
794.192940	0.103760
794.882943	0.119540
795.572945	0.131020
796.262948	0.138210
796.952950	0.141210
797.642953	0.140300
798.332956	0.135980
799.022958	0.128880
799.712961	0.119610
800.402963	0.108650
801.092966	0.096220
801.782968	0.082370
802.472971	0.067000
803.162973	0.050010
803.852976	0.031410
804.542979	0.011400
805.232981	-0.009620
805.922984	-0.031080
806.612986	-0.052220
807.302989	-0.072250
807.992991	-0.090430
808.682994	-0.106160
809.372996	-0.118990
810.062999	-0.128530
810.753002	-0.134420
811.443004	-0.136310
812.133007	-0.133870
812.823009	-0.126900
813.513012	-0.115350
814.203014	-0.099350
814.893017	-0.079130
815.583019	-0.055050
816.273022	-0.027520
816.963025	0.003000
817.653027	0.036040
818.343030	0.071110
819.033032	0.107750
819.723035	0.145440
820.413037	0.183530
821.103040	0.221170
821.793042	0.257140
822.483045	0.289930
823.173048	0.317750
823.863050	0.338760
824.553053	0.351110
825.243055	0.353140
825.933058	0.343400
826.623060	0.320710
827.313063	0.284180
828.003065	0.233390
828.693068	0.168650
829.383070	0.091330
830.073073	0.004010
830.763076	-0.089550
831.453078	-0.184650
832.143081	-0.276030
832.833083	-0.358450
833.523086	-0.427150
834.213088	-0.478350
834.903091	-0.509420
835.593093	-0.519040
836.283096	-0.507150
836.973099	-0.474820
837.663101	-0.424050
838.353104	-0.357630
839.043106	-0.279000
839.733109	-0.192040
840.423111	-0.100910
841.113114	-0.009840
841.803116	0.077110
842.493119	0.156310
843.183122	0.224620
843.873124	0.279520
844.563127	0.319180
845.253129	0.342410
845.943132	0.348660
846.633134	0.338030
847.323137	0.311370
848.013139	0.270260
848.703142	0.217140
849.393145	0.155160
850.083147	0.088120
850.773150	0.020090
851.463152	-0.044990
852.153155	-0.103740
852.843157	-0.153580
853.533160	-0.193010
854.223162	-0.221540
854.913165	-0.239610
855.603168	-0.248280
856.293170	-0.248930
856.983173	-0.242970
857.673175	-0.231560
858.363178	-0.215560
859.053180	-0.195640
859.743183	-0.172410
860.433185	-0.146520
861.123188	-0.118540
861.813191	-0.088870
862.503193	-0.057640
863.193196	-0.024760
863.883198	0.009940
864.573201	0.046550
865.263203	0.084970
865.953206	0.124910
866.643208	0.165950
867.333211	0.207630
868.023214	0.249440
868.713216	0.290930
869.403219	0.331650
870.093221	0.371320
870.783224	0.409940
871.473226	0.447900
872.163229	0.485810
872.853231	0.524240
873.543234	0.563260
874.233237	0.601950
874.923239	0.638170
875.613242	0.668600
876.303244	0.689000
876.993247	0.694670
877.683249	0.680930
878.373252	0.643700
879.063254	0.579950
879.753257	0.488180
880.443260	0.368830
881.133262	0.224560
881.823265	0.060440
882.513267	-0.116100
883.203270	-0.295910
883.893272	-0.469160
884.583275	-0.626730
885.273277	-0.761350
885.963280	-0.868150
886.653283	-0.944870
887.343285	-0.991370
888.033288	-1.009110
888.723290	-1.000730
889.413293	-0.969600
890.103295	-0.919470
890.793298	-0.854080
891.483300	-0.776910
892.173303	-0.691080
892.863306	-0.599280
893.553308	-0.503880
894.243311	-0.407000
894.933313	-0.310550
895.623316	-0.216400
896.313318	-0.126380
897.003321	-0.042380
897.693323	0.033760
898.383326	0.100420
899.073329	0.156220
899.763331	0.200160
900.453334	0.231680
901.143336	0.250710
901.833339	0.257710
902.523341	0.253760
903.213344	0.240580
903.903346	0.220520
904.593349	0.196320
905.283351	0.170940
905.973354	0.147270
906.663357	0.127890
907.353359	0.114930
908.043362	0.109920
908.733364	0.113730
909.423367	0.126530
910.113369	0.147660
910.803372	0.175520
911.493374	0.207570
912.183377	0.240530
912.873380	0.270750
913.563382	0.294730
914.253385	0.309650
914.943387	0.313860
915.633390	0.307020
916.323392	0.289940
917.013395	0.264330
917.703397	0.232320
918.393400	0.196100
919.083403	0.157700
919.773405	0.118830
920.463408	0.080980
921.153410	0.045340
921.843413	0.012910
922.533415	-0.015560
923.223418	-0.039580
923.913420	-0.058870
924.603423	-0.073400
925.293426	-0.083360
925.983428	-0.089090
926.673431	-0.091060
927.363433	-0.089800
928.053436	-0.085890
928.743438	-0.079920
929.433441	-0.072500
930.123443	-0.064260
930.813446	-0.055780
931.503449	-0.047580
932.193451	-0.040100
932.883454	-0.033640
933.573456	-0.028410
934.263459	-0.024490
934.953461	-0.021850
935.643464	-0.020310
936.333466	-0.019570
937.023469	-0.019240
937.713472	-0.018820
938.403474	-0.017800
939.093477	-0.015720
939.783479	-0.012280
940.473482	-0.007340
941.163484	-0.000950
941.853487	0.006670
942.543489	0.015230
943.233492	0.024400
943.923495	0.033830
944.613497	0.043170
945.303500	0.052050
945.993502	0.060080
946.683505	0.066860
947.373507	0.071970
948.063510	0.075030
948.753512	0.075730
949.443515	0.073880
950.133518	0.069410
950.823520	0.062440
951.513523	0.053200
952.203525	0.042060
952.893528	0.029450
953.583530	0.015810
954.273533	0.001540
954.963535	-0.013050
955.653538	-0.027830
956.343541	-0.042680
957.033543	-0.057570
957.723546	-0.072360
958.413548	-0.086830
959.103551	-0.100690
959.793553	-0.113600
960.483556	-0.125330
961.173558	-0.135760
961.863561	-0.144850
962.553564	-0.152510
963.243566	-0.158510
963.933569	-0.162330
964.623571	-0.163140
965.313574	-0.159880
966.003576	-0.151410
966.693579	-0.136850
967.383581	-0.115920
968.073584	-0.089330
968.763587	-0.059010
969.453589	-0.027950
970.143592	0.000270
970.833594	0.022200
971.523597	0.035240
972.213599	0.037970
972.903602	0.030230
973.593604	0.012900
974.283607	-0.012500
974.973609	-0.044100
975.663612	-0.079720
976.353615	-0.117040
977.043617	-0.153550
977.733620	-0.186590
978.423622	-0.213370
979.113625	-0.231090
979.803627	-0.237140
980.493630	-0.229400
981.183632	-0.206670
981.873635	-0.169070
982.563638	-0.118270
983.253640	-0.057450
983.943643	0.009180
984.633645	0.077110
985.323648	0.142110
986.013650	0.200800
986.703653	0.250770
987.393655	0.290440
988.083658	0.318840
988.773661	0.335450
989.463663	0.340190
990.153666	0.333530
990.843668	0.316600
991.533671	0.291240
992.223673	0.259940
992.913676	0.225630
993.603678	0.191290
994.293681	0.159450
994.983684	0.131810
995.673686	0.108980
996.363689	0.090540
997.053691	0.075380
997.743694	0.062160
998.433696	0.049730
999.123699	0.037410
999.813701	0.024950
1000.503704	0.012440
1001.193707	0.000110
1001.883709	-0.011830
1002.573712	-0.023240
1003.263714	-0.034080
1003.953717	-0.044310
1004.643719	-0.053800
1005.333722	-0.062340
1006.023724	-0.069560
1006.713727	-0.075090
1007.403730	-0.078550
1008.093732	-0.079700
1008.783735	-0.078400
1009.473737	-0.074650
1010.163740	-0.068520
1010.853742	-0.060170
1011.543745	-0.049800
1012.233747	-0.037660
1012.923750	-0.024090
1013.613753	-0.009480
1014.303755	0.005680
1014.993758	0.020860
1015.683760	0.035480
1016.373763	0.048910
1017.063765	0.060530
1017.753768	0.069770
1018.443770	0.076200
1019.133773	0.079530
1019.823776	0.079710
1020.513778	0.076880
1021.203781	0.071370
1021.893783	0.063630
1022.583786	0.054200
1023.273788	0.043580
1023.963791	0.032210
1024.653793	0.020430
1025.343796	0.008440
1026.033799	-0.003590
1026.723801	-0.015460
1027.413804	-0.026840
1028.103806	-0.037380
1028.793809	-0.046760
1029.483811	-0.054800
1030.173814	-0.061420
1030.863816	-0.066690
1031.553819	-0.070710
1032.243822	-0.073540
1032.933824	-0.075160
1033.623827	-0.075470
1034.313829	-0.074370
1035.003832	-0.071860
1035.693834	-0.068010
1036.383837	-0.063040
1037.073839	-0.057230
1037.763842	-0.050940
1038.453845	-0.044560
1039.143847	-0.038490
1039.833850	-0.033080
1040.523852	-0.028660
1041.213855	-0.025450
1041.903857	-0.023550
1042.593860	-0.022940
1043.283862	-0.023470
1043.973865	-0.024850
1044.663867	-0.026660
1045.353870	-0.028440
1046.043873	-0.029740
1046.733875	-0.030180
1047.423878	-0.029450
1048.113880	-0.027350
1048.803883	-0.023760
1049.493885	-0.018660
1050.183888	-0.012160
1050.873890	-0.004440
1051.563893	0.004220
1052.253896	0.013540
1052.943898	0.023210
1053.633901	0.032920
1054.323903	0.042330
1055.013906	0.051040
1055.703908	0.058610
1056.393911	0.064620
1057.083913	0.068700
1057.773916	0.070650
1058.463919	0.070420
1059.153921	0.068190
1059.843924	0.064250
1060.533926	0.058980
1061.223929	0.052780
1061.913931	0.046010
1062.603934	0.039010
1063.293936	0.032050
1063.983939	0.025400
1064.673942	0.019320
1065.363944	0.014040
1066.053947	0.009810
1066.743949	0.006830
1067.433952	0.005230
1068.123954	0.005010
1068.813957	0.006040
1069.503959	0.008100
1070.193962	0.010900
1070.883965	0.014130
1071.573967	0.017500
1072.263970	0.020740
1072.953972	0.023560
1073.643975	0.025710
1074.333977	0.026940
1075.023980	0.027110
1075.713982	0.026200
1076.403985	0.024370
1077.093988	0.021900
1077.783990	0.019110
1078.473993	0.016200
1079.163995	0.013250
1079.853998	0.010080
1080.544000	0.006440
1081.234003	0.002000
1081.924005	-0.003490
1082.614008	-0.010170
1083.304011	-0.018060
1083.994013	-0.027050
1084.684016	-0.036940
1085.374018	-0.047410
1086.064021	-0.058030
1086.754023	-0.068260
1087.444026	-0.077520
1088.134028	-0.085200
1088.824031	-0.090820
1089.514034	-0.094130
1090.204036	-0.095160
1090.894039	-0.094290
1091.584041	-0.092130
1092.274044	-0.089360
1092.964046	-0.086410
1093.654049	-0.083390
1094.344051	-0.079960
1095.034054	-0.075540
1095.724057	-0.069600
1096.414059	-0.061870
1097.104062	-0.052530
1097.794064	-0.042170
1098.484067	-0.031590
1099.174069	-0.021590
1099.864072	-0.012690
1100.554074	-0.004940
1101.244077	0.002040
1101.934080	0.009050
1102.624082	0.016930
1103.314085	0.026440
1104.004087	0.037960
1104.694090	0.051550
1105.384092	0.066900
1106.074095	0.083450
1106.764097	0.100510
1107.454100	0.117290
1108.144103	0.132920
1108.834105	0.146480
1109.524108	0.157060
1110.214110	0.163850
1110.904113	0.166200
1111.594115	0.163840
1112.284118	0.156900
1112.974120	0.146050
1113.664123	0.132410
1114.354126	0.117550
1115.044128	0.103330
1115.734131	0.091700
1116.424133	0.084440
1117.114136	0.082890
1117.804138	0.087800
1118.494141	0.099150
1119.184143	0.116280
1119.874146	0.137970
1120.564148	0.162650
1121.254151	0.188580
1121.944154	0.214060
1122.634156	0.237590
1123.324159	0.257910
1124.014161	0.274030
1124.704164	0.285180
1125.394166	0.290600
1126.084169	0.289470
1126.774171	0.280720
1127.464174	0.263020
1128.154177	0.234860
1128.844179	0.194840
1129.534182	0.142060
1130.224184	0.076650
1130.914187	0.000160
1131.604189	-0.084320
1132.294192	-0.172340
1132.984194	-0.258700
1133.674197	-0.338170
1134.364200	-0.406270
1135.054202	-0.459870
1135.744205	-0.497440
1136.434207	-0.519060
1137.124210	-0.526090
1137.814212	-0.520820
1138.504215	-0.505980
1139.194217	-0.484370
1139.884220	-0.458520
1140.574223	-0.430590
1141.264225	-0.402210
1141.954228	-0.374610
1142.644230	-0.348630
1143.334233	-0.324780
1144.024235	-0.303200
1144.714238	-0.283600
1145.404240	-0.265230
1146.094243	-0.246820
1146.784246	-0.226730
1147.474248	-0.203110
1148.164251	-0.174160
1148.854253	-0.138400
1149.544256	-0.095040
1150.234258	-0.044270
1150.924261	0.012550
1151.614263	0.072870
1152.304266	0.133220
1152.994269	0.189820
1153.684271	0.239240
1154.374274	0.278960
1155.064276	0.307680
1155.754279	0.325300
1156.444281	0.332590
1157.134284	0.330830
1157.824286	0.321500
1158.514289	0.306040
1159.204292	0.285670
1159.894294	0.261430
1160.584297	0.234180
1161.274299	0.204720
1161.964302	0.173870
1162.654304	0.142400
1163.344307	0.111050
1164.034309	0.080400
1164.724312	0.050930
1165.414315	0.023020
1166.104317	-0.002970
1166.794320	-0.026730
1167.484322	-0.047920
1168.174325	-0.066280
1168.864327	-0.081620
1169.554330	-0.093790
1170.244332	-0.102660
1170.934335	-0.108050
1171.624338	-0.109840
1172.314340	-0.108050
1173.004343	-0.102940
1173.694345	-0.095090
1174.384348	-0.085300
1175.074350	-0.074480
1175.764353	-0.063450
1176.454355	-0.052840
1177.144358	-0.043000
1177.834361	-0.034030
1178.524363	-0.025670
1179.214366	-0.017390
1179.904368	-0.008410
1180.594371	0.002050
1181.284373	0.014530
1181.974376	0.029120
1182.664378	0.045400
1183.354381	0.062560
1184.044384	0.079660
1184.734386	0.095860
1185.424389	0.110600
1186.114391	0.123640
1186.804394	0.135030
1187.494396	0.144980
1188.184399	0.153810
1188.874401	0.161840
1189.564404	0.169380
1190.254406	0.176640
1190.944409	0.183680
1191.634412	0.190440
1192.324414	0.196680
1193.014417	0.201960
1193.704419	0.205710
1194.394422	0.207240
1195.084424	0.205800
1195.774427	0.200680
1196.464429	0.191310
1197.154432	0.177300
1197.844435	0.158480
1198.534437	0.134900
1199.224440	0.106810
1199.914442	0.074690
1200.604445	0.039220
1201.294447	0.001250
1201.984450	-0.038220
1202.674452	-0.078120
1203.364455	-0.117320
1204.054458	-0.154710
1204.744460	-0.189280
1205.434463	-0.220100
1206.124465	-0.246360
1206.814468	-0.267480
1207.504470	-0.283030
1208.194473	-0.292790
1208.884475	-0.296680
1209.574478	-0.294650
1210.264481	-0.286720
1210.954483	-0.273020
1211.644486	-0.254020
1212.334488	-0.230690
1213.024491	-0.204670
1213.714493	-0.178100
1214.404496	-0.153300
1215.094498	-0.132280
1215.784501	-0.116400
1216.474504	-0.106060
1217.164506	-0.100770
1217.854509	-0.099320
1218.544511	-0.100050
1219.234514	-0.101130
1219.924516	-0.100690
1220.614519	-0.097050
1221.304521	-0.088810
1221.994524	-0.074980
1222.684527	-0.055160
1223.374529	-0.029600
1224.064532	0.000670
1224.754534	0.034010
1225.444537	0.068260
1226.134539	0.101140
1226.824542	0.130510
1227.514544	0.154770
