0.000000	-0.624350
0.690002	-0.597370
1.380003	-0.553910
2.070005	-0.494900
2.760006	-0.422620
3.450008	-0.340670
4.140010	-0.253600
4.830011	-0.166340
5.520013	-0.083340
6.210014	-0.007930
6.900016	0.058130
7.590018	0.114760
8.280019	0.163220
8.970021	0.205670
9.660022	0.244530
10.350024	0.281920
11.040026	0.319210
11.730027	0.356850
12.420029	0.394410
13.110030	0.430730
13.800032	0.464140
14.490034	0.492720
15.180035	0.514530
15.870037	0.527810
16.560038	0.531150
17.250040	0.523710
17.940042	0.505320
18.630043	0.476460
19.320045	0.438240
20.010046	0.392290
20.700048	0.340660
21.390050	0.285610
22.080051	0.229430
22.770053	0.174200
23.460054	0.121590
24.150056	0.072780
24.840058	0.028430
25.530059	-0.011260
26.220061	-0.046510
26.910062	-0.077810
27.600064	-0.105900
28.290066	-0.131640
28.980067	-0.155970
29.670069	-0.179770
30.360070	-0.203780
31.050072	-0.228510
31.740074	-0.254100
32.430075	-0.280280
33.120077	-0.306310
33.810078	-0.331010
34.500080	-0.352900
35.190082	-0.370300
35.880083	-0.381590
36.570085	-0.385310
37.260086	-0.380430
37.950088	-0.366500
38.640090	-0.343830
39.330091	-0.313650
40.020093	-0.277970
40.710094	-0.239350
41.400096	-0.200470
42.090098	-0.163680
42.780099	-0.130700
43.470101	-0.102480
44.160102	-0.079340
44.850104	-0.061070
45.540106	-0.047110
46.230107	-0.036620
46.920109	-0.028460
47.610110	-0.021250
48.300112	-0.013410
48.990114	-0.003280
49.680115	0.010770
50.370117	0.030220
51.060118	0.056220
51.750120	0.089440
52.440122	0.129800
53.130123	0.176260
53.820125	0.226620
54.510126	0.277610
55.200128	0.325250
55.890130	0.365300
56.580131	0.393920
57.270133	0.408340
57.960134	0.407130
58.650136	0.390370
59.340138	0.359490
60.030139	0.316880
60.720141	0.265480
61.410142	0.208420
62.100144	0.148760
62.790146	0.089400
63.480147	0.033030
64.170149	-0.017900
64.860150	-0.061290
65.550152	-0.095460
66.240154	-0.119300
66.930155	-0.132390
67.620157	-0.135060
68.310158	-0.128440
69.000160	-0.114360
69.690162	-0.095110
70.380163	-0.073200
71.070165	-0.051070
71.760166	-0.030810
72.450168	-0.014140
73.140170	-0.002360
73.830171	0.003490
74.520173	0.002680
75.210174	-0.005290
75.900176	-0.020640
76.590178	-0.043210
77.280179	-0.072480
77.970181	-0.107570
78.660182	-0.147220
79.350184	-0.189810
80.040186	-0.233330
80.730187	-0.275440
81.420189	-0.313530
82.110190	-0.344830
82.800192	-0.366560
83.490194	-0.376010
84.180195	-0.370730
84.870197	-0.348630
85.560198	-0.308300
86.250200	-0.249350
86.940202	-0.172850
87.630203	-0.081790
88.320205	0.018760
89.010207	0.122020
89.700208	0.220280
90.390210	0.306130
91.080211	0.373650
91.770213	0.419230
92.460215	0.441820
93.150216	0.442590
93.840218	0.424350
94.530219	0.390880
95.220221	0.346390
95.910223	0.295090
96.600224	0.240860
97.290226	0.187060
97.980227	0.136320
98.670229	0.090540
99.360231	0.050860
100.050232	0.017810
100.740234	-0.008540
101.430235	-0.028490
102.120237	-0.042530
102.810239	-0.051280
103.500240	-0.055450
104.190242	-0.055700
104.880243	-0.052680
105.570245	-0.046960
106.260247	-0.039130
106.950248	-0.029800
107.640250	-0.019710
108.330251	-0.009670
109.020253	-0.000510
109.710255	0.007010
110.400256	0.012230
111.090258	0.014690
111.780259	0.014140
112.470261	0.010600
113.160263	0.004330
113.850264	-0.004180
114.540266	-0.014320
115.230267	-0.025410
115.920269	-0.036810
116.610271	-0.047920
117.300272	-0.058180
117.990274	-0.067070
118.680275	-0.074130
119.370277	-0.078970
120.060279	-0.081370
120.750280	-0.081290
121.440282	-0.078850
122.130283	-0.074380
122.820285	-0.068270
123.510287	-0.060960
124.200288	-0.052820
124.890290	-0.044190
125.580291	-0.035340
126.270293	-0.026510
126.960295	-0.017940
127.650296	-0.009870
128.340298	-0.002600
129.030299	0.003560
129.720301	0.008320
130.410303	0.011450
131.100304	0.012820
131.790306	0.012440
132.480307	0.010450
133.170309	0.007040
133.860311	0.002450
134.550312	-0.003150
135.240314	-0.009680
135.930315	-0.017160
136.620317	-0.025760
137.310319	-0.035760
138.000320	-0.047450
138.690322	-0.061030
139.380323	-0.076410
140.070325	-0.093110
140.760327	-0.110260
141.450328	-0.126680
142.140330	-0.141000
142.830331	-0.151850
143.520333	-0.157980
144.210335	-0.158360
144.900336	-0.152250
145.590338	-0.139300
146.280339	-0.119670
146.970341	-0.094120
147.660343	-0.063960
148.350344	-0.030990
149.040346	0.002750
149.730347	0.035270
150.420349	0.064860
151.110351	0.090290
151.800352	0.110860
152.490354	0.126410
153.180355	0.137150
153.870357	0.143520
154.560359	0.145960
155.250360	0.144860
155.940362	0.140490
156.630363	0.133040
157.320365	0.122690
158.010367	0.109680
158.700368	0.094380
159.390370	0.077380
160.080371	0.059480
160.770373	0.041760
161.460375	0.025480
162.150376	0.012060
162.840378	0.002830
163.530379	-0.001020
164.220381	0.001400
164.910383	0.010670
165.600384	0.027040
166.290386	0.050420
166.980387	0.080300
167.670389	0.115760
168.360391	0.155380
169.050392	0.197320
169.740394	0.239410
170.430395	0.279240
171.120397	0.314240
171.810399	0.341760
172.500400	0.359050
173.190402	0.363430
173.880403	0.352430
174.570405	0.324200
175.260407	0.277840
175.950408	0.213730
176.640410	0.133620
177.330411	0.040570
178.020413	-0.061280
178.710415	-0.167000
179.400416	-0.271150
180.090418	-0.368230
180.780419	-0.453130
181.470421	-0.521700
182.160423	-0.571220
182.850424	-0.600590
183.540426	-0.610260
184.230427	-0.601870
184.920429	-0.577790
185.610431	-0.540700
186.300432	-0.493350
186.990434	-0.438420
187.680435	-0.378490
188.370437	-0.315970
189.060439	-0.253070
189.750440	-0.191690
190.440442	-0.133410
191.130443	-0.079430
191.820445	-0.030660
192.510447	0.012350
193.200448	0.049370
193.890450	0.080460
194.580451	0.105950
195.270453	0.126460
195.960455	0.142800
196.650456	0.155930
197.340458	0.166860
198.030459	0.176580
198.720461	0.185950
199.410463	0.195600
200.100464	0.205840
200.790466	0.216620
201.480467	0.227570
202.170469	0.238110
202.860471	0.247560
203.550472	0.255270
204.240474	0.260730
204.930475	0.263620
205.620477	0.263810
206.310479	0.261390
207.000480	0.256670
207.690482	0.250160
208.380483	0.242590
209.070485	0.234860
209.760487	0.228020
210.450488	0.223110
211.140490	0.221060
211.830491	0.222560
212.520493	0.227910
213.210495	0.236950
213.900496	0.248960
214.590498	0.262560
215.280499	0.275680
215.970501	0.285580
216.660503	0.288990
217.350504	0.282470
218.040506	0.263040
218.730507	0.228880
219.420509	0.180130
220.110511	0.119370
220.800512	0.051640
221.490514	-0.016290
222.180515	-0.077360
222.870517	-0.125610
223.560519	-0.157430
224.250520	-0.172210
224.940522	-0.172180
225.630523	-0.161760
226.320525	-0.146600
227.010527	-0.132640
227.700528	-0.125150
228.390530	-0.127950
229.080531	-0.143030
229.770533	-0.170520
230.460535	-0.209090
231.150536	-0.256600
231.840538	-0.310660
232.530539	-0.368910
233.220541	-0.429120
233.910543	-0.489150
234.600544	-0.546940
235.290546	-0.600520
235.980547	-0.648110
236.670549	-0.688090
237.360551	-0.718970
238.050552	-0.739250
238.740554	-0.747360
239.430555	-0.741520
240.120557	-0.719790
240.810559	-0.680140
241.500560	-0.620620
242.190562	-0.539740
242.880563	-0.437120
243.570565	-0.314190
244.260567	-0.174680
244.950568	-0.024660
245.640570	0.127920
246.330571	0.274510
247.020573	0.407390
247.710575	0.520810
248.400576	0.611570
249.090578	0.678960
249.780579	0.724110
250.470581	0.749250
251.160583	0.757040
251.850584	0.750190
252.540586	0.731160
253.230587	0.702100
253.920589	0.664880
254.610591	0.621190
255.300592	0.572560
255.990594	0.520470
256.680595	0.466340
257.370597	0.411430
258.060599	0.356760
258.750600	0.303150
259.440602	0.251130
260.130603	0.200980
260.820605	0.152730
261.510607	0.106210
262.200608	0.061190
262.890610	0.017450
263.580611	-0.025060
264.270613	-0.066140
264.960615	-0.105350
265.650616	-0.142040
266.340618	-0.175620
267.030620	-0.205630
267.720621	-0.231940
268.410623	-0.254720
269.100624	-0.274540
269.790626	-0.292180
270.480628	-0.308420
271.170629	-0.323800
271.860631	-0.338480
272.550632	-0.352040
273.240634	-0.363460
273.930636	-0.371220
274.620637	-0.373480
275.310639	-0.368240
276.000640	-0.353600
276.690642	-0.328200
277.380644	-0.291540
278.070645	-0.244360
278.760647	-0.188710
279.450648	-0.127890
280.140650	-0.066090
280.830652	-0.007820
281.520653	0.042590
282.210655	0.081480
282.900656	0.106120
283.590658	0.114980
284.280660	0.107810
284.970661	0.085710
285.660663	0.051060
286.350664	0.007400
287.040666	-0.040830
287.730668	-0.088760
288.420669	-0.131510
289.110671	-0.164710
289.800672	-0.184960
290.490674	-0.190120
291.180676	-0.179420
291.870677	-0.153480
292.560679	-0.114170
293.250680	-0.064430
293.940682	-0.008080
294.630684	0.050590
295.320685	0.107220
296.010687	0.157850
296.700688	0.199360
297.390690	0.229770
298.080692	0.248320
298.770693	0.255410
299.460695	0.252410
300.150696	0.241390
300.840698	0.224810
301.530700	0.205110
302.220701	0.184410
302.910703	0.164210
303.600704	0.145390
304.290706	0.128250
304.980708	0.112730
305.670709	0.098550
306.360711	0.085350
307.050712	0.072720
307.740714	0.060290
308.430716	0.047740
309.120717	0.034930
309.810719	0.021950
310.500720	0.009100
311.190722	-0.003150
311.880724	-0.014320
312.570725	-0.023990
313.260727	-0.031890
313.950728	-0.037960
314.640730	-0.042280
315.330732	-0.045110
316.020733	-0.046730
316.710735	-0.047460
317.400736	-0.047480
318.090738	-0.046910
318.780740	-0.045690
319.470741	-0.043690
320.160743	-0.040750
320.850744	-0.036750
321.540746	-0.031660
322.230748	-0.025550
322.920749	-0.018640
323.610751	-0.011290
324.300752	-0.003980
324.990754	0.002680
325.680756	0.008160
326.370757	0.012000
327.060759	0.013950
327.750760	0.014080
328.440762	0.012740
329.130764	0.010470
329.820765	0.007970
330.510767	0.005900
331.200768	0.004830
331.890770	0.005070
332.580772	0.006670
333.270773	0.009460
333.960775	0.013040
334.650776	0.016850
335.340778	0.020230
336.030780	0.022380
336.720781	0.022500
337.410783	0.019840
338.100784	0.013860
338.790786	0.004290
339.480788	-0.008650
340.170789	-0.024300
340.860791	-0.041410
341.550792	-0.058290
342.240794	-0.072970
342.930796	-0.083470
343.620797	-0.088100
344.310799	-0.085730
345.000800	-0.076020
345.690802	-0.059610
346.380804	-0.038010
347.070805	-0.013480
347.760807	0.011330
348.450808	0.033830
349.140810	0.051880
349.830812	0.064050
350.520813	0.069760
351.210815	0.069240
351.900816	0.063340
352.590818	0.053340
353.280820	0.040750
353.970821	0.027110
354.660823	0.013770
355.350824	0.001800
356.040826	-0.008060
356.730828	-0.015530
357.420829	-0.020560
358.110831	-0.023340
358.800832	-0.024200
359.490834	-0.023490
360.180836	-0.021670
360.870837	-0.019250
361.560839	-0.016830
362.250840	-0.015090
362.940842	-0.014680
363.630844	-0.016160
364.320845	-0.019890
365.010847	-0.025970
365.700848	-0.034270
366.390850	-0.044450
367.080852	-0.055990
367.770853	-0.068240
368.460855	-0.080440
369.150856	-0.091680
369.840858	-0.100990
370.530860	-0.107310
371.220861	-0.109590
371.910863	-0.106890
372.600864	-0.098580
373.290866	-0.084440
373.980868	-0.064750
374.670869	-0.040310
375.360871	-0.012300
376.050872	0.017850
376.740874	0.048640
377.430876	0.078560
378.120877	0.106100
378.810879	0.129870
379.500880	0.148620
380.190882	0.161400
380.880884	0.167600
381.570885	0.167010
382.260887	0.159750
382.950888	0.146150
383.640890	0.126820
384.330892	0.102570
385.020893	0.074550
385.710895	0.044180
386.400896	0.013080
387.090898	-0.017070
387.780900	-0.044680
388.470901	-0.068310
389.160903	-0.086760
389.850904	-0.099120
390.540906	-0.104850
391.230908	-0.103800
391.920909	-0.096300
392.610911	-0.083080
393.300912	-0.065250
393.990914	-0.044200
394.680916	-0.021510
395.370917	0.001170
396.060919	0.022360
396.750920	0.040780
397.440922	0.055600
398.130924	0.066410
398.820925	0.073190
399.510927	0.076160
400.200928	0.075680
400.890930	0.072140
401.580932	0.065940
402.270933	0.057490
402.960935	0.047330
403.650936	0.036070
404.340938	0.024350
405.030940	0.012800
405.720941	0.001920
406.410943	-0.007980
407.100944	-0.016900
407.790946	-0.025040
408.480948	-0.032810
409.170949	-0.040610
409.860951	-0.048710
410.550952	-0.057010
411.240954	-0.065040
411.930956	-0.072010
412.620957	-0.077100
413.310959	-0.079800
414.000960	-0.080100
414.690962	-0.078580
415.380964	-0.076220
416.070965	-0.074060
416.760967	-0.072890
417.450968	-0.073030
418.140970	-0.074320
418.830972	-0.076200
419.520973	-0.077870
420.210975	-0.078450
420.900976	-0.077050
421.590978	-0.072950
422.280980	-0.065610
422.970981	-0.054760
423.660983	-0.040470
424.350984	-0.023160
425.040986	-0.003680
425.730988	0.016730
426.420989	0.036590
427.110991	0.054280
427.800992	0.068310
428.490994	0.077520
429.180996	0.081200
429.870997	0.079180
430.560999	0.071900
431.251000	0.060320
431.941002	0.045850
432.631004	0.030160
433.321005	0.014970
434.011007	0.001780
434.701008	-0.008340
435.391010	-0.014810
436.081012	-0.017610
436.771013	-0.017160
437.461015	-0.014230
438.151016	-0.009770
438.841018	-0.004700
439.531020	0.000220
440.221021	0.004660
440.911023	0.008690
441.601025	0.012730
442.291026	0.017430
442.981028	0.023360
443.671029	0.030830
444.361031	0.039790
445.051033	0.049900
445.741034	0.060680
446.431036	0.071620
447.121037	0.082290
447.811039	0.092370
448.501041	0.101670
449.191042	0.110170
449.881044	0.118040
450.571045	0.125600
451.261047	0.133260
451.951049	0.141340
452.641050	0.149950
453.331052	0.159040
454.021053	0.168360
454.711055	0.177430
455.401057	0.185410
456.091058	0.191150
456.781060	0.193340
457.471061	0.190820
458.161063	0.183070
458.851065	0.170360
459.541066	0.153690
460.231068	0.134400
460.921069	0.113890
461.611071	0.093480
462.301073	0.074550
462.991074	0.058490
463.681076	0.046640
464.371077	0.039860
465.061079	0.038190
465.751081	0.040560
466.441082	0.044910
467.131084	0.048430
467.821085	0.047910
468.511087	0.040000
469.201089	0.021550
469.891090	-0.010080
470.581092	-0.056670
471.271093	-0.118780
471.961095	-0.195400
472.651097	-0.283730
473.341098	-0.379270
474.031100	-0.476200
474.721101	-0.568140
475.411103	-0.649130
476.101105	-0.714550
476.791106	-0.761490
477.481108	-0.788820
478.171109	-0.796880
478.861111	-0.787040
479.551113	-0.761230
480.241114	-0.721480
480.931116	-0.669450
481.621117	-0.606060
482.311119	-0.531270
483.001121	-0.444210
483.691122	-0.343840
484.381124	-0.229870
485.071125	-0.103700
485.761127	0.031150
486.451129	0.169270
487.141130	0.304260
487.831132	0.429880
488.521133	0.541030
489.211135	0.634260
489.901137	0.707770
490.591138	0.761130
491.281140	0.794960
491.971141	0.810650
492.661143	0.810060
493.351145	0.795230
494.041146	0.768220
494.731148	0.730940
495.421149	0.685050
496.111151	0.631990
496.801153	0.572940
497.491154	0.508780
498.181156	0.440140
498.871157	0.367520
499.561159	0.291560
500.251161	0.213180
500.941162	0.133710
501.631164	0.054900
502.321165	-0.021360
503.011167	-0.093170
503.701169	-0.158860
504.391170	-0.217090
505.081172	-0.267020
505.771173	-0.308290
506.461175	-0.341180
507.151177	-0.366560
507.841178	-0.385790
508.531180	-0.400520
509.221181	-0.412440
509.911183	-0.423040
510.601185	-0.433330
511.291186	-0.443750
511.981188	-0.453990
512.671189	-0.463040
513.361191	-0.469250
514.051193	-0.470550
514.741194	-0.464660
515.431196	-0.449460
516.121197	-0.423290
516.811199	-0.385290
517.501201	-0.335620
518.191202	-0.275510
518.881204	-0.207270
519.571205	-0.134090
520.261207	-0.059840
520.951209	0.011330
521.641210	0.075590
522.331212	0.129940
523.021213	0.172820
523.711215	0.204170
524.401217	0.225270
525.091218	0.238080
525.781220	0.244700
526.471221	0.246770
527.161223	0.245270
527.851225	0.240500
528.541226	0.232330
529.231228	0.220440
529.921229	0.204620
530.611231	0.184980
531.301233	0.162090
531.991234	0.136930
532.681236	0.110820
533.371237	0.085400
534.061239	0.062380
534.751241	0.043330
535.441242	0.029380
536.131244	0.021040
536.821245	0.018070
537.511247	0.019550
538.201249	0.024140
538.891250	0.030270
539.581252	0.036390
540.271253	0.041130
540.961255	0.043400
541.651257	0.042530
542.341258	0.038280
543.031260	0.030950
543.721261	0.021290
544.411263	0.010450
545.101265	-0.000260
545.791266	-0.009560
546.481268	-0.016480
547.171269	-0.020370
547.861271	-0.020990
548.551273	-0.018440
549.241274	-0.013070
549.931276	-0.005440
550.621277	0.003800
551.311279	0.013860
552.001281	0.023910
552.691282	0.033100
553.381284	0.040700
554.071285	0.046100
554.761287	0.048900
555.451289	0.048910
556.141290	0.046100
556.831292	0.040620
557.521293	0.032660
558.211295	0.022540
558.901297	0.010570
559.591298	-0.002870
560.281300	-0.017300
560.971301	-0.032110
561.661303	-0.046620
562.351305	-0.060030
563.041306	-0.071520
563.731308	-0.080290
564.421309	-0.085640
565.111311	-0.087150
565.801313	-0.084730
566.491314	-0.078650
567.181316	-0.069410
567.871317	-0.057690
568.561319	-0.044130
569.251321	-0.029230
569.941322	-0.013400
570.631324	0.003080
571.321325	0.019890
572.011327	0.036560
572.701329	0.052350
573.391330	0.066360
574.081332	0.077610
574.771333	0.085280
575.461335	0.088860
576.151337	0.088240
576.841338	0.083700
577.531340	0.075820
578.221341	0.065440
578.911343	0.053610
579.601345	0.041440
580.291346	0.030010
580.981348	0.020250
581.671349	0.012760
582.361351	0.007750
583.051353	0.004940
583.741354	0.003600
584.431356	0.002650
585.121357	0.000940
585.811359	-0.002510
586.501361	-0.008280
587.191362	-0.016370
587.881364	-0.026270
588.571365	-0.037110
589.261367	-0.047810
589.951369	-0.057440
590.641370	-0.065260
591.331372	-0.070910
592.021373	-0.074430
592.711375	-0.076140
593.401377	-0.076630
594.091378	-0.076560
594.781380	-0.076550
595.471381	-0.077020
596.161383	-0.078120
596.851385	-0.079560
597.541386	-0.080750
598.231388	-0.080810
598.921389	-0.078760
599.611391	-0.073660
600.301393	-0.064830
600.991394	-0.051970
601.681396	-0.035220
602.371397	-0.015130
603.061399	0.007320
603.751401	0.030980
604.441402	0.054480
605.131404	0.076450
605.821405	0.095620
606.511407	0.110940
607.201409	0.121700
607.891410	0.127550
608.581412	0.128540
609.271413	0.124970
609.961415	0.117240
610.651417	0.105850
611.341418	0.091260
612.031420	0.074000
612.721421	0.054690
613.411423	0.034100
614.101425	0.013160
614.791426	-0.007090
615.481428	-0.025610
616.171429	-0.041360
616.861431	-0.053430
617.551433	-0.061140
618.241434	-0.064180
618.931436	-0.062750
619.621438	-0.057500
620.311439	-0.049450
621.001441	-0.039770
621.691442	-0.029500
622.381444	-0.019470
623.071446	-0.010200
623.761447	-0.001990
624.451449	0.005070
625.141450	0.011000
625.831452	0.015870
626.521454	0.019710
627.211455	0.022390
627.901457	0.023680
628.591458	0.023240
629.281460	0.020840
629.971462	0.016440
630.661463	0.010280
631.351465	0.002870
632.041466	-0.005100
632.731468	-0.012850
633.421470	-0.019600
634.111471	-0.024620
634.801473	-0.027430
635.491474	-0.027860
636.181476	-0.026140
636.871478	-0.022920
637.561479	-0.019180
638.251481	-0.016140
638.941482	-0.014970
639.631484	-0.016640
640.321486	-0.021650
641.011487	-0.029960
641.701489	-0.040880
642.391490	-0.053170
643.081492	-0.065390
643.771494	-0.076090
644.461495	-0.084050
645.151497	-0.088430
645.841498	-0.088880
646.531500	-0.085500
647.221502	-0.078780
647.911503	-0.069370
648.601505	-0.057890
649.291506	-0.044640
649.981508	-0.029630
650.671510	-0.012720
651.361511	0.006230
652.051513	0.027060
652.741514	0.049260
653.431516	0.072020
654.121518	0.094310
654.811519	0.114990
655.501521	0.133030
656.191522	0.147570
656.881524	0.157990
657.571526	0.163910
658.261527	0.165140
658.951529	0.161490
659.641530	0.152600
660.331532	0.138110
661.021534	0.117830
661.711535	0.092060
662.401537	0.061910
663.091538	0.029310
663.781540	-0.003230
664.471542	-0.033130
665.161543	-0.058180
665.851545	-0.077040
666.541546	-0.089320
667.231548	-0.095480
667.921550	-0.096590
668.611551	-0.093970
669.301553	-0.088940
669.991554	-0.082610
670.681556	-0.075820
671.371558	-0.069110
672.061559	-0.062850
672.751561	-0.057170
673.441562	-0.052080
674.131564	-0.047520
674.821566	-0.043540
675.511567	-0.040320
676.201569	-0.038230
676.891570	-0.037760
677.581572	-0.039260
678.271574	-0.042780
678.961575	-0.047940
679.651577	-0.053930
680.341578	-0.059750
681.031580	-0.064390
681.721582	-0.067030
682.411583	-0.067210
683.101585	-0.064850
683.791586	-0.060210
684.481588	-0.053750
685.171590	-0.045970
685.861591	-0.037290
686.551593	-0.027930
687.241594	-0.017840
687.931596	-0.006780
688.621598	0.005580
689.311599	0.019690
690.001601	0.036010
690.691602	0.054950
691.381604	0.076690
692.071606	0.101030
692.761607	0.127310
693.451609	0.154410
694.141610	0.180880
694.831612	0.205190
695.521614	0.225810
696.211615	0.241330
696.901617	0.250600
697.591618	0.252900
698.281620	0.248060
698.971622	0.236560
699.661623	0.219460
700.351625	0.198320
701.041626	0.174980
701.731628	0.151470
702.421630	0.129860
703.111631	0.112020
703.801633	0.099550
704.491634	0.093580
705.181636	0.094610
705.871638	0.102340
706.561639	0.115530
707.251641	0.131900
707.941642	0.148230
708.631644	0.160700
709.321646	0.165410
710.011647	0.159030
710.701649	0.139360
711.391650	0.105690
712.081652	0.058800
712.771654	0.000660
713.461655	-0.066110
714.151657	-0.138720
714.841658	-0.214480
715.531660	-0.291120
716.221662	-0.366830
716.911663	-0.440250
717.601665	-0.510440
718.291666	-0.576800
718.981668	-0.638780
719.671670	-0.695660
720.361671	-0.746180
721.051673	-0.788500
721.741674	-0.820090
722.431676	-0.837860
723.121678	-0.838200
723.811679	-0.817240
724.501681	-0.771060
725.191682	-0.696210
725.881684	-0.590460
726.571686	-0.453990
727.261687	-0.290420
727.951689	-0.107120
728.641690	0.085500
729.331692	0.275700
730.021694	0.452260
730.711695	0.606260
731.401697	0.731880
732.091698	0.826300
732.781700	0.889170
733.471702	0.921860
734.161703	0.926950
734.851705	0.907760
735.541706	0.867960
736.231708	0.811360
736.921710	0.741690
737.611711	0.662510
738.301713	0.577140
738.991714	0.488620
739.681716	0.399530
740.371718	0.311930
741.061719	0.227350
741.751721	0.146830
742.441722	0.071110
743.131724	0.000710
743.821726	-0.064000
744.511727	-0.122860
745.201729	-0.175880
745.891730	-0.223290
746.581732	-0.265500
747.271734	-0.302960
747.961735	-0.336190
748.651737	-0.365660
749.341738	-0.391700
750.031740	-0.414390
750.721742	-0.433440
751.411743	-0.448160
752.101745	-0.457620
752.791746	-0.460730
753.481748	-0.456470
754.171750	-0.444030
754.861751	-0.422950
755.551753	-0.393260
756.241754	-0.355580
756.931756	-0.311280
757.621758	-0.262400
758.311759	-0.211480
759.001761	-0.161290
759.691762	-0.114350
760.381764	-0.072570
761.071766	-0.036950
761.761767	-0.007440
762.451769	0.016880
763.141770	0.037570
763.831772	0.056250
764.521774	0.074270
765.211775	0.092390
765.901777	0.110710
766.591778	0.128850
767.281780	0.146100
767.971782	0.161770
768.661783	0.175380
769.351785	0.186710
770.041786	0.195850
770.731788	0.203110
771.421790	0.208920
772.111791	0.213720
772.801793	0.217850
773.491794	0.221440
774.181796	0.224370
774.871798	0.226220
775.561799	0.226330
776.251801	0.223850
776.941802	0.217920
777.631804	0.207750
778.321806	0.192800
779.011807	0.172880
779.701809	0.148130
780.391810	0.119130
781.081812	0.086710
781.771814	0.051900
782.461815	0.015850
783.151817	-0.020290
783.841818	-0.055340
784.531820	-0.088140
785.221822	-0.117510
785.911823	-0.142430
786.601825	-0.162060
787.291826	-0.175870
787.981828	-0.183670
788.671830	-0.185600
789.361831	-0.182060
790.051833	-0.173590
790.741834	-0.160740
791.431836	-0.144030
792.121838	-0.123960
792.811839	-0.101010
793.501841	-0.075770
794.191843	-0.048960
794.881844	-0.021490
795.571846	0.005470
796.261847	0.030670
796.951849	0.052770
797.641851	0.070540
798.331852	0.083130
799.021854	0.090200
799.711855	0.092060
800.401857	0.089710
801.091859	0.084610
801.781860	0.078450
802.471862	0.072750
803.161863	0.068550
803.851865	0.066110
804.541867	0.064890
805.231868	0.063700
805.921870	0.061000
806.611871	0.055350
807.301873	0.045770
807.991875	0.031960
808.681876	0.014350
809.371878	-0.006030
810.061879	-0.027830
810.751881	-0.049570
811.441883	-0.069960
812.131884	-0.087970
812.821886	-0.102930
813.511887	-0.114550
814.201889	-0.122840
814.891891	-0.128130
815.581892	-0.131010
816.271894	-0.132190
816.961895	-0.132340
817.651897	-0.131870
818.341899	-0.130780
819.031900	-0.128460
819.721902	-0.123730
820.411903	-0.114960
821.101905	-0.100320
821.791907	-0.078120
822.481908	-0.047210
823.171910	-0.007220
823.861911	0.041270
824.551913	0.096740
825.241915	0.156750
825.931916	0.218150
826.621918	0.277440
827.311919	0.331100
828.001921	0.376000
828.691923	0.409610
829.381924	0.430190
830.071926	0.436690
830.761927	0.428670
831.451929	0.406230
832.141931	0.370080
832.831932	0.321450
833.521934	0.262150
834.211935	0.194460
834.901937	0.120910
835.591939	0.044060
836.281940	-0.033770
836.971942	-0.110660
837.661943	-0.185160
838.351945	-0.256110
839.041947	-0.322550
839.731948	-0.383420
840.421950	-0.437440
841.111951	-0.483010
841.801953	-0.518230
842.491955	-0.540990
843.181956	-0.549130
843.871958	-0.540710
844.561959	-0.514250
845.251961	-0.469250
845.941963	-0.406610
846.631964	-0.328990
847.321966	-0.240690
848.011967	-0.147250
848.701969	-0.054630
849.391971	0.031670
850.081972	0.107440
850.771974	0.170000
851.461975	0.218260
852.151977	0.252470
852.841979	0.273940
853.531980	0.284630
854.221982	0.286870
854.911983	0.283010
855.601985	0.275220
856.291987	0.265220
856.981988	0.254140
857.671990	0.242460
858.361991	0.230110
859.051993	0.216500
859.741995	0.200810
860.431996	0.182170
861.121998	0.159880
861.811999	0.133480
862.502001	0.102840
863.192003	0.068190
863.882004	0.030130
864.572006	-0.010270
865.262007	-0.051470
865.952009	-0.091440
866.642011	-0.127830
867.332012	-0.158320
868.022014	-0.180890
868.712015	-0.194190
869.402017	-0.197730
870.092019	-0.191970
870.782020	-0.178200
871.472022	-0.158330
872.162023	-0.134610
872.852025	-0.109330
873.542027	-0.084400
874.232028	-0.061210
874.922030	-0.040480
875.612031	-0.022420
876.302033	-0.006810
876.992035	0.006760
877.682036	0.018770
878.372038	0.029630
879.062039	0.039660
879.752041	0.048970
880.442043	0.057500
881.132044	0.065010
881.822046	0.071210
882.512047	0.075900
883.202049	0.079010
883.892051	0.080720
884.582052	0.081330
885.272054	0.081180
885.962055	0.080540
886.652057	0.079550
887.342059	0.078150
888.032060	0.076100
888.722062	0.073030
889.412063	0.068500
890.102065	0.062110
890.792067	0.053630
891.482068	0.043140
892.172070	0.031020
892.862071	0.017950
893.552073	0.004710
894.242075	-0.007970
894.932076	-0.019570
895.622078	-0.029800
896.312079	-0.038540
897.002081	-0.045810
897.692083	-0.051600
898.382084	-0.055840
899.072086	-0.058480
899.762087	-0.059500
900.452089	-0.059060
901.142091	-0.057430
901.832092	-0.055050
902.522094	-0.052340
903.212095	-0.049690
903.902097	-0.047410
904.592099	-0.045630
905.282100	-0.044350
905.972102	-0.043430
906.662103	-0.042620
907.352105	-0.041670
908.042107	-0.040390
908.732108	-0.038650
909.422110	-0.036390
910.112111	-0.033690
910.802113	-0.030680
911.492115	-0.027580
912.182116	-0.024670
912.872118	-0.022180
913.562119	-0.020310
914.252121	-0.019240
914.942123	-0.019150
915.632124	-0.020230
916.322126	-0.022570
917.012127	-0.026050
917.702129	-0.030080
918.392131	-0.033730
919.082132	-0.035790
919.772134	-0.035060
920.462135	-0.030560
921.152137	-0.021780
921.842139	-0.008690
922.532140	0.008290
923.222142	0.028430
923.912143	0.050760
924.602145	0.074160
925.292147	0.097490
925.982148	0.119650
926.672150	0.139660
927.362151	0.156690
928.052153	0.169980
928.742155	0.178930
929.432156	0.183100
930.122158	0.182330
930.812159	0.176950
931.502161	0.167820
932.192163	0.156310
932.882164	0.144050
933.572166	0.132650
934.262167	0.123370
934.952169	0.116890
935.642171	0.113290
936.332172	0.112130
937.022174	0.112660
937.712175	0.114020
938.402177	0.115400
939.092179	0.116240
939.782180	0.116200
940.472182	0.115100
941.162183	0.112900
941.852185	0.109680
942.542187	0.105600
943.232188	0.100910
943.922190	0.095980
944.612191	0.091320
945.302193	0.087460
945.992195	0.084630
946.682196	0.082470
947.372198	0.079890
948.062199	0.075140
948.752201	0.066120
949.442203	0.050950
950.132204	0.028520
950.822206	-0.001290
951.512207	-0.037550
952.202209	-0.078350
952.892211	-0.121280
953.582212	-0.163850
954.272214	-0.204020
954.962215	-0.240480
955.652217	-0.272820
956.342219	-0.301430
957.032220	-0.327240
957.722222	-0.351500
958.412223	-0.375540
959.102225	-0.400540
959.792227	-0.427320
960.482228	-0.456160
961.172230	-0.486700
961.862231	-0.517910
962.552233	-0.548160
963.242235	-0.575260
963.932236	-0.596510
964.622238	-0.608830
965.312239	-0.608980
966.002241	-0.593970
966.692243	-0.561450
967.382244	-0.510050
968.072246	-0.439640
968.762247	-0.351330
969.452249	-0.247330
970.142251	-0.130860
970.832252	-0.005960
971.522254	0.122560
972.212256	0.249360
972.902257	0.368840
973.592259	0.475850
974.282260	0.566230
974.972262	0.637240
975.662264	0.687780
976.352265	0.718190
977.042267	0.729770
977.732268	0.724440
978.422270	0.704370
979.112272	0.671870
979.802273	0.629260
980.492275	0.578770
981.182276	0.522470
981.872278	0.462200
982.562280	0.399530
983.252281	0.335790
983.942283	0.272070
984.632284	0.209280
985.322286	0.148230
986.012288	0.089630
986.702289	0.034200
987.392291	-0.017300
988.082292	-0.064020
988.772294	-0.105070
989.462296	-0.139570
990.152297	-0.166880
990.842299	-0.186640
991.532300	-0.198920
992.222302	-0.204280
992.912304	-0.203660
993.602305	-0.198300
994.292307	-0.189570
994.982308	-0.178770
995.672310	-0.166980
996.362312	-0.154960
997.052313	-0.143090
997.742315	-0.131490
998.432316	-0.120190
999.122318	-0.109320
999.812320	-0.099290
1000.502321	-0.090820
1001.192323	-0.084840
1001.882324	-0.082280
1002.572326	-0.083850
1003.262328	-0.089870
1003.952329	-0.100220
1004.642331	-0.114380
1005.332332	-0.131590
1006.022334	-0.151000
1006.712336	-0.171730
1007.402337	-0.192910
1008.092339	-0.213610
1008.782340	-0.232760
1009.472342	-0.249100
1010.162344	-0.261210
1010.852345	-0.267650
1011.542347	-0.267160
1012.232348	-0.258820
1012.922350	-0.242260
1013.612352	-0.217700
1014.302353	-0.185990
1014.992355	-0.148510
1015.682356	-0.107100
1016.372358	-0.063850
1017.062360	-0.020880
1017.752361	0.019880
1018.442363	0.056960
1019.132364	0.089290
1019.822366	0.116340
1020.512368	0.138010
1021.202369	0.154560
1021.892371	0.166570
1022.582372	0.174900
1023.272374	0.180590
1023.962376	0.184750
1024.652377	0.188370
1025.342379	0.192230
1026.032380	0.196720
1026.722382	0.201880
1027.412384	0.207370
1028.102385	0.212610
1028.792387	0.216910
1029.482388	0.219600
1030.172390	0.220120
1030.862392	0.218100
1031.552393	0.213400
1032.242395	0.206080
1032.932396	0.196370
1033.622398	0.184630
1034.312400	0.171140
1035.002401	0.156060
1035.692403	0.139370
1036.382404	0.120830
1037.072406	0.100200
1037.762408	0.077300
1038.452409	0.052170
1039.142411	0.025120
1039.832412	-0.003220
1040.522414	-0.032020
1041.212416	-0.060290
1041.902417	-0.086990
1042.592419	-0.111130
1043.282420	-0.131930
1043.972422	-0.148830
1044.662424	-0.161600
1045.352425	-0.170310
1046.042427	-0.175290
1046.732428	-0.177000
1047.422430	-0.175990
1048.112432	-0.172720
1048.802433	-0.167540
1049.492435	-0.160590
1050.182436	-0.151740
1050.872438	-0.140680
1051.562440	-0.126990
1052.252441	-0.110250
1052.942443	-0.090130
1053.632444	-0.066490
1054.322446	-0.039430
1055.012448	-0.009330
1055.702449	0.023080
1056.392451	0.056750
1057.082452	0.090200
1057.772454	0.121560
1058.462456	0.148720
1059.152457	0.169410
1059.842459	0.181500
1060.532460	0.183210
1061.222462	0.173400
1061.912464	0.151840
