0.000000	-0.049490
0.690002	-0.018220
1.380004	0.017780
2.070007	0.057050
2.760009	0.097740
3.450011	0.137710
4.140013	0.174560
4.830015	0.205900
5.520017	0.229580
6.210020	0.243980
6.900022	0.248190
7.590024	0.242000
8.280026	0.225760
8.970028	0.200260
9.660030	0.166510
10.350033	0.125680
11.040035	0.079000
11.730037	0.027760
12.420039	-0.026650
13.110041	-0.082640
13.800044	-0.138220
14.490046	-0.190990
15.180048	-0.238240
15.870050	-0.277140
16.560052	-0.305110
17.250054	-0.320230
17.940057	-0.321390
18.630059	-0.308530
19.320061	-0.282700
20.010063	-0.246050
20.700065	-0.201690
21.390068	-0.153310
22.080070	-0.104740
22.770072	-0.059380
23.460074	-0.019700
24.150076	0.013040
24.840078	0.038760
25.530081	0.058290
26.220083	0.073070
26.910085	0.084760
27.600087	0.094880
28.290089	0.104590
28.980091	0.114550
29.670094	0.124930
30.360096	0.135390
31.050098	0.145280
31.740100	0.153750
32.430102	0.159960
33.120105	0.163170
33.810107	0.162850
34.500109	0.158670
35.190111	0.150470
35.880113	0.138230
36.570115	0.122070
37.260118	0.102230
37.950120	0.079090
38.640122	0.053180
39.330124	0.025140
40.020126	-0.004220
40.710128	-0.034040
41.400131	-0.063250
42.090133	-0.090670
42.780135	-0.115040
43.470137	-0.135100
44.160139	-0.149740
44.850142	-0.158130
45.540144	-0.159860
46.230146	-0.155030
46.920148	-0.144250
47.610150	-0.128570
48.300152	-0.109380
48.990155	-0.088130
49.680157	-0.066140
50.370159	-0.044480
51.060161	-0.023830
51.750163	-0.004530
52.440165	0.013260
53.130168	0.029420
53.820170	0.043660
54.510172	0.055410
55.200174	0.063840
55.890176	0.068020
56.580179	0.067150
57.270181	0.060720
57.960183	0.048760
58.650185	0.031800
59.340187	0.010860
60.030189	-0.012740
60.720192	-0.037500
61.410194	-0.061900
62.100196	-0.084510
62.790198	-0.104080
63.480200	-0.119540
64.170203	-0.130080
64.860205	-0.135150
65.550207	-0.134420
66.240209	-0.127820
66.930211	-0.115470
67.620213	-0.097680
68.310216	-0.074860
69.000218	-0.047480
69.690220	-0.015930
70.380222	0.019470
71.070224	0.058510
71.760226	0.100980
72.450229	0.146480
73.140231	0.194180
73.830233	0.242560
74.520235	0.289280
75.210237	0.331290
75.900240	0.365110
76.590242	0.387340
77.280244	0.395260
77.970246	0.387220
78.660248	0.362960
79.350250	0.323670
80.040253	0.271740
80.730255	0.210400
81.420257	0.143260
82.110259	0.073860
82.800261	0.005340
83.490263	-0.059580
84.180266	-0.118640
84.870268	-0.169850
85.560270	-0.211550
86.250272	-0.242470
86.940274	-0.261960
87.630277	-0.270110
88.320279	-0.267810
89.010281	-0.256610
89.700283	-0.238550
90.390285	-0.215840
91.080287	-0.190680
91.770290	-0.165090
92.460292	-0.140740
93.150294	-0.118960
93.840296	-0.100580
94.530298	-0.086040
95.220301	-0.075440
95.910303	-0.068610
96.600305	-0.065320
97.290307	-0.065280
97.980309	-0.068170
98.670311	-0.073580
99.360314	-0.080940
100.050316	-0.089520
100.740318	-0.098460
101.430320	-0.106900
102.120322	-0.114060
102.810324	-0.119310
103.500327	-0.122130
104.190329	-0.122090
104.880331	-0.118810
105.570333	-0.111970
106.260335	-0.101280
106.950338	-0.086650
107.640340	-0.068210
108.330342	-0.046420
109.020344	-0.022060
109.710346	0.003780
110.400348	0.029810
111.090351	0.054650
111.780353	0.077080
112.470355	0.096200
113.160357	0.111580
113.850359	0.123250
114.540361	0.131640
115.230364	0.137380
115.920366	0.141130
116.610368	0.143530
117.300370	0.145060
117.990372	0.146060
118.680375	0.146610
119.370377	0.146570
120.060379	0.145500
120.750381	0.142700
121.440383	0.137370
122.130385	0.128670
122.820388	0.115970
123.510390	0.098950
124.200392	0.077760
124.890394	0.052990
125.580396	0.025750
126.270398	-0.002310
126.960401	-0.029230
127.650403	-0.052890
128.340405	-0.071480
129.030407	-0.083740
129.720409	-0.089060
130.410412	-0.087260
131.100414	-0.078450
131.790416	-0.062780
132.480418	-0.040430
133.170420	-0.011720
133.860422	0.022780
134.550425	0.062080
135.240427	0.104580
135.930429	0.147960
136.620431	0.189280
137.310433	0.225270
138.000436	0.252790
138.690438	0.269360
139.380440	0.273550
140.070442	0.265270
140.760444	0.245830
141.450446	0.217780
142.140449	0.184580
142.830451	0.150030
143.520453	0.117670
144.210455	0.090430
144.900457	0.070260
145.590459	0.058110
146.280462	0.053890
146.970464	0.056550
147.660466	0.064110
148.350468	0.073770
149.040470	0.082190
149.730473	0.086070
150.420475	0.082730
151.110477	0.070380
151.800479	0.048160
152.490481	0.015780
153.180483	-0.026730
153.870486	-0.079160
154.560488	-0.140720
155.250490	-0.209750
155.940492	-0.283560
156.630494	-0.358630
157.320496	-0.431080
158.010499	-0.497190
158.700501	-0.553620
159.390503	-0.597510
160.080505	-0.626520
160.770507	-0.638960
161.460510	-0.634060
162.150512	-0.612270
162.840514	-0.575330
163.530516	-0.526040
164.220518	-0.467630
164.910520	-0.403070
165.600523	-0.334480
166.290525	-0.262980
166.980527	-0.188830
167.670529	-0.111930
168.360531	-0.032140
169.050534	0.050280
169.740536	0.134580
170.430538	0.219340
171.120540	0.302580
171.810542	0.381960
172.500544	0.455040
173.190547	0.519500
173.880549	0.573340
174.570551	0.614910
175.260553	0.642910
175.950555	0.656530
176.640557	0.655460
177.330560	0.639950
178.020562	0.610620
178.710564	0.568370
179.400566	0.514250
180.090568	0.449490
180.780571	0.375500
181.470573	0.293870
182.160575	0.206320
182.850577	0.114680
183.540579	0.020900
184.230581	-0.072830
184.920584	-0.164100
185.610586	-0.250110
186.300588	-0.327750
186.990590	-0.393740
187.680592	-0.444930
188.370594	-0.478650
189.060597	-0.493300
189.750599	-0.488800
190.440601	-0.466880
191.130603	-0.431040
191.820605	-0.386090
192.510608	-0.337390
193.200610	-0.290000
193.890612	-0.248010
194.580614	-0.214150
195.270616	-0.189660
195.960618	-0.174370
196.650621	-0.166970
197.340623	-0.165130
198.030625	-0.165900
198.720627	-0.165980
199.410629	-0.162130
200.100631	-0.151610
200.790634	-0.132340
201.480636	-0.103090
202.170638	-0.063380
202.860640	-0.013380
203.550642	0.046000
204.240645	0.113030
204.930647	0.184840
205.620649	0.257410
206.310651	0.325670
207.000653	0.384200
207.690655	0.428070
208.380658	0.453680
209.070660	0.459380
209.760662	0.445630
210.450664	0.414820
211.140666	0.370590
211.830669	0.317150
212.520671	0.258560
213.210673	0.198190
213.900675	0.138430
214.590677	0.080640
215.280679	0.025430
215.970682	-0.027060
216.660684	-0.076790
217.350686	-0.123430
218.040688	-0.166220
218.730690	-0.203920
219.420692	-0.235000
220.110695	-0.257910
220.800697	-0.271420
221.490699	-0.274850
222.180701	-0.268150
222.870703	-0.251800
223.560706	-0.226680
224.250708	-0.194030
224.940710	-0.155540
225.630712	-0.113370
226.320714	-0.070160
227.010716	-0.028780
227.700719	0.008060
228.390721	0.038330
229.080723	0.060970
229.770725	0.076010
230.460727	0.084420
231.150729	0.087780
231.840732	0.087800
232.530734	0.085960
233.220736	0.083210
233.910738	0.080000
234.600740	0.076320
235.290743	0.071960
235.980745	0.066770
236.670747	0.060810
237.360749	0.054410
238.050751	0.048030
238.740753	0.042120
239.430756	0.036870
240.120758	0.032100
240.810760	0.027250
241.500762	0.021520
242.190764	0.014050
242.880767	0.004150
243.570769	-0.008580
244.260771	-0.024200
244.950773	-0.042320
245.640775	-0.062180
246.330777	-0.082650
247.020780	-0.102270
247.710782	-0.119440
248.400784	-0.132490
249.090786	-0.139930
249.780788	-0.140550
250.470790	-0.133710
251.160793	-0.119440
251.850795	-0.098560
252.540797	-0.072520
253.230799	-0.043120
253.920801	-0.012250
254.610804	0.018540
255.300806	0.048120
255.990808	0.075710
256.680810	0.100740
257.370812	0.122640
258.060814	0.140720
258.750817	0.154240
259.440819	0.162480
260.130821	0.164870
260.820823	0.161130
261.510825	0.151300
262.200827	0.135780
262.890830	0.115300
263.580832	0.090890
264.270834	0.063700
264.960836	0.034950
265.650838	0.005780
266.340841	-0.022830
267.030843	-0.050060
267.720845	-0.075180
268.410847	-0.097600
269.100849	-0.116840
269.790851	-0.132480
270.480854	-0.144180
271.170856	-0.151580
271.860858	-0.154260
272.550860	-0.151650
273.240862	-0.143050
273.930864	-0.127680
274.620867	-0.104880
275.310869	-0.074390
276.000871	-0.036550
276.690873	0.007480
277.380875	0.055710
278.070878	0.105380
278.760880	0.153320
279.450882	0.196320
280.140884	0.231500
280.830886	0.256690
281.520888	0.270630
282.210891	0.273000
282.900893	0.264350
283.590895	0.245950
284.280897	0.219560
284.970899	0.187210
285.660902	0.151010
286.350904	0.112940
287.040906	0.074710
287.730908	0.037630
288.420910	0.002600
289.110912	-0.029730
289.800915	-0.058910
290.490917	-0.084480
291.180919	-0.105950
291.870921	-0.122860
292.560923	-0.134930
293.250925	-0.142240
293.940928	-0.145310
294.630930	-0.145100
295.320932	-0.142910
296.010934	-0.140160
296.700936	-0.138220
297.390939	-0.138190
298.080941	-0.140830
298.770943	-0.146420
299.460945	-0.154800
300.150947	-0.165370
300.840949	-0.177240
301.530952	-0.189250
302.220954	-0.200140
302.910956	-0.208630
303.600958	-0.213510
304.290960	-0.213790
304.980962	-0.208760
305.670965	-0.198040
306.360967	-0.181620
307.050969	-0.159800
307.740971	-0.133050
308.430973	-0.101990
309.120976	-0.067250
309.810978	-0.029470
310.500980	0.010630
311.190982	0.052280
311.880984	0.094550
312.570986	0.136350
313.260989	0.176510
313.950991	0.213780
314.640993	0.246850
315.330995	0.274500
316.020997	0.295660
316.711000	0.309520
317.401002	0.315670
318.091004	0.314150
318.781006	0.305400
319.471008	0.290150
320.161010	0.269290
320.851013	0.243700
321.541015	0.214250
322.231017	0.181660
322.921019	0.146620
323.611021	0.109860
324.301023	0.072120
324.991026	0.034220
325.681028	-0.003000
326.371030	-0.038810
327.061032	-0.072540
327.751034	-0.103560
328.441037	-0.131280
329.131039	-0.155120
329.821041	-0.174580
330.511043	-0.189400
331.201045	-0.199580
331.891047	-0.205520
332.581050	-0.207830
333.271052	-0.207250
333.961054	-0.204490
334.651056	-0.199990
335.341058	-0.193950
336.031060	-0.186220
336.721063	-0.176370
337.411065	-0.163800
338.101067	-0.147940
338.791069	-0.128310
339.481071	-0.104730
340.171074	-0.077320
340.861076	-0.046580
341.551078	-0.013350
342.241080	0.021290
342.931082	0.056140
343.621084	0.089830
344.311087	0.121010
345.001089	0.148300
345.691091	0.170430
346.381093	0.186330
347.071095	0.195220
347.761097	0.196770
348.451100	0.191220
349.141102	0.179350
349.831104	0.162400
350.521106	0.141810
351.211108	0.119020
351.901111	0.095220
352.591113	0.071180
353.281115	0.047280
353.971117	0.023610
354.661119	0.000080
355.351121	-0.023380
356.041124	-0.046640
356.731126	-0.069350
357.421128	-0.090990
358.111130	-0.111020
358.801132	-0.129020
359.491135	-0.144870
360.181137	-0.158700
360.871139	-0.170780
361.561141	-0.181320
362.251143	-0.190170
362.941145	-0.196770
363.631148	-0.200160
364.321150	-0.199190
365.011152	-0.192860
365.701154	-0.180480
366.391156	-0.161750
367.081158	-0.136760
367.771161	-0.105810
368.461163	-0.069410
369.151165	-0.028260
369.841167	0.016710
370.531169	0.064490
371.221172	0.113930
371.911174	0.163850
372.601176	0.213140
373.291178	0.260790
373.981180	0.305850
374.671182	0.347400
375.361185	0.384570
376.051187	0.416540
376.741189	0.442510
377.431191	0.461600
378.121193	0.472630
378.811195	0.473880
379.501198	0.463110
380.191200	0.437940
380.881202	0.396700
381.571204	0.339460
382.261206	0.268560
382.951209	0.188610
383.641211	0.105730
384.331213	0.026310
385.021215	-0.043960
385.711217	-0.100850
386.401219	-0.141960
387.091222	-0.166660
387.781224	-0.175970
388.471226	-0.172340
389.161228	-0.159370
389.851230	-0.141420
390.541233	-0.123220
391.231235	-0.109590
391.921237	-0.105040
392.611239	-0.113390
393.301241	-0.137160
393.991243	-0.177160
394.681246	-0.232410
395.371248	-0.300350
396.061250	-0.377100
396.751252	-0.457870
397.441254	-0.537410
398.131256	-0.610680
398.821259	-0.672800
399.511261	-0.719000
400.201263	-0.745260
400.891265	-0.748620
401.581267	-0.727200
402.271270	-0.680160
402.961272	-0.607860
403.651274	-0.512060
404.341276	-0.396070
405.031278	-0.264720
405.721280	-0.124070
406.411283	0.019160
407.101285	0.158320
407.791287	0.287470
408.481289	0.401930
409.171291	0.498510
409.861293	0.575520
410.551296	0.632530
411.241298	0.670140
411.931300	0.689630
412.621302	0.692630
413.311304	0.680970
414.001307	0.656400
414.691309	0.620660
415.381311	0.575330
416.071313	0.521920
416.761315	0.461860
417.451317	0.396500
418.141320	0.327110
418.831322	0.254840
419.521324	0.180730
420.211326	0.105720
420.901328	0.030710
421.591330	-0.043350
422.281333	-0.115460
422.971335	-0.184510
423.661337	-0.249320
424.351339	-0.308700
425.041341	-0.361500
425.731344	-0.406590
426.421346	-0.442820
427.111348	-0.469000
427.801350	-0.483940
428.491352	-0.486430
429.181354	-0.475300
429.871357	-0.449570
430.561359	-0.408710
431.251361	-0.352930
431.941363	-0.283650
432.631365	-0.203670
433.321368	-0.117150
434.011370	-0.029250
434.701372	0.054490
435.391374	0.128860
436.081376	0.189630
436.771378	0.233950
437.461381	0.260600
438.151383	0.270060
438.841385	0.264230
439.531387	0.246150
440.221389	0.219580
440.911391	0.188570
441.601394	0.157090
442.291396	0.128700
442.981398	0.106230
443.671400	0.091310
444.361402	0.083980
445.051405	0.082620
445.741407	0.084140
446.431409	0.084720
447.121411	0.080790
447.811413	0.069860
448.501415	0.050990
449.191418	0.024780
449.881420	-0.007070
450.571422	-0.042320
451.261424	-0.078600
451.951426	-0.113690
452.641428	-0.145650
453.331431	-0.172800
454.021433	-0.193590
454.711435	-0.206540
455.401437	-0.210420
456.091439	-0.204510
456.781442	-0.189090
457.471444	-0.165690
458.161446	-0.137180
458.851448	-0.107360
459.541450	-0.080320
460.231452	-0.059570
460.921455	-0.047450
461.611457	-0.044670
462.301459	-0.050340
462.991461	-0.062150
463.681463	-0.076870
464.371465	-0.090900
465.061468	-0.100830
465.751470	-0.103730
466.441472	-0.097470
467.131474	-0.080740
467.821476	-0.053060
468.511479	-0.014710
469.201481	0.033250
469.891483	0.089090
470.581485	0.150340
471.271487	0.213850
471.961489	0.275900
472.651492	0.332440
473.341494	0.379400
474.031496	0.413070
474.721498	0.430590
475.411500	0.430210
476.101503	0.411540
476.791505	0.375500
477.481507	0.324290
478.171509	0.261170
478.861511	0.190080
479.551513	0.115390
480.241516	0.041360
480.931518	-0.028210
481.621520	-0.090380
482.311522	-0.143080
483.001524	-0.185140
483.691526	-0.216240
484.381529	-0.236680
485.071531	-0.247320
485.761533	-0.249380
486.451535	-0.244350
487.141537	-0.233720
487.831540	-0.218890
488.521542	-0.201020
489.211544	-0.181050
489.901546	-0.159710
490.591548	-0.137640
491.281550	-0.115420
491.971553	-0.093650
492.661555	-0.072830
493.351557	-0.053370
494.041559	-0.035520
494.731561	-0.019450
495.421563	-0.005300
496.111566	0.006780
496.801568	0.016680
497.491570	0.024250
498.181572	0.029540
498.871574	0.032780
499.561577	0.034430
500.251579	0.035170
500.941581	0.035820
501.631583	0.037160
502.321585	0.039770
503.011587	0.043910
503.701590	0.049430
504.391592	0.055850
505.081594	0.062470
505.771596	0.068580
506.461598	0.073560
507.151601	0.077040
507.841603	0.078850
508.531605	0.079040
509.221607	0.077860
509.911609	0.075700
510.601611	0.073010
511.291614	0.070290
511.981616	0.068030
512.671618	0.066590
513.361620	0.066170
514.051622	0.066740
514.741624	0.068020
515.431627	0.069510
516.121629	0.070560
516.811631	0.070400
517.501633	0.068230
518.191635	0.063330
518.881638	0.055160
519.571640	0.043440
520.261642	0.028130
520.951644	0.009400
521.641646	-0.012440
522.331648	-0.036950
523.021651	-0.063390
523.711653	-0.090600
524.401655	-0.117010
525.091657	-0.140620
525.781659	-0.159350
526.471661	-0.171380
527.161664	-0.175520
527.851666	-0.171480
528.541668	-0.159880
529.231670	-0.142090
529.921672	-0.119930
530.611675	-0.095320
531.301677	-0.070090
531.991679	-0.045850
532.681681	-0.024010
533.371683	-0.005690
534.061685	0.008340
534.751688	0.017760
535.441690	0.022670
536.131692	0.023560
536.821694	0.021190
537.511696	0.016420
538.201698	0.010100
538.891701	0.003050
539.581703	-0.003940
540.271705	-0.010180
540.961707	-0.015020
541.651709	-0.017890
542.341712	-0.018340
543.031714	-0.016130
543.721716	-0.011250
544.411718	-0.003970
545.101720	0.005140
545.791722	0.015290
546.481725	0.025610
547.171727	0.035310
547.861729	0.043800
548.551731	0.050740
549.241733	0.056070
549.931736	0.059990
550.621738	0.062830
551.311740	0.064980
552.001742	0.066740
552.691744	0.068340
553.381746	0.069830
554.071749	0.071180
554.761751	0.072270
555.451753	0.072970
556.141755	0.073130
556.831757	0.072650
557.521759	0.071480
558.211762	0.069620
558.901764	0.067120
559.591766	0.064060
560.281768	0.060590
560.971770	0.056810
561.661773	0.052830
562.351775	0.048550
563.041777	0.043650
563.731779	0.037510
564.421781	0.029420
565.111783	0.018840
565.801786	0.005650
566.491788	-0.009730
567.181790	-0.026370
567.871792	-0.043020
568.561794	-0.058340
569.251796	-0.071110
569.941799	-0.080360
570.631801	-0.085500
571.321803	-0.086450
572.011805	-0.083750
572.701807	-0.078400
573.391810	-0.071730
574.081812	-0.065080
574.771814	-0.059610
575.461816	-0.056110
576.151818	-0.054930
576.841820	-0.056070
577.531823	-0.059220
578.221825	-0.063810
578.911827	-0.069120
579.601829	-0.074380
580.291831	-0.078860
580.981834	-0.081950
581.671836	-0.083160
582.361838	-0.082110
583.051840	-0.078440
583.741842	-0.071840
584.431844	-0.061960
585.121847	-0.048510
585.811849	-0.031470
586.501851	-0.011240
587.191853	0.011170
587.881855	0.034240
588.571857	0.056070
589.261860	0.074720
589.951862	0.088560
590.641864	0.096510
591.331866	0.098100
592.021868	0.093370
592.711871	0.082790
593.401873	0.067200
594.091875	0.047740
594.781877	0.025890
595.471879	0.003440
596.161881	-0.017710
596.851884	-0.035900
597.541886	-0.050010
598.231888	-0.059620
598.921890	-0.064970
599.611892	-0.066700
600.301894	-0.065460
600.991897	-0.061690
601.681899	-0.055600
602.371901	-0.047240
603.061903	-0.036670
603.751905	-0.024030
604.441908	-0.009530
605.131910	0.006600
605.821912	0.024250
606.511914	0.043350
607.201916	0.063880
607.891918	0.085790
608.581921	0.108920
609.271923	0.132810
609.961925	0.156650
610.651927	0.179300
611.341929	0.199300
612.031931	0.215150
612.721934	0.225470
613.411936	0.229120
614.101938	0.225310
614.791940	0.213860
615.481942	0.195370
616.171945	0.171330
616.861947	0.144150
617.551949	0.116800
618.241951	0.092140
618.931953	0.072210
619.621955	0.057760
620.311958	0.048330
621.001960	0.042720
621.691962	0.039750
622.381964	0.038990
623.071966	0.040940
623.761969	0.046880
624.451971	0.058140
625.141973	0.075320
625.831975	0.097780
626.521977	0.123440
627.211979	0.149000
627.901982	0.170470
628.591984	0.183800
629.281986	0.185460
629.971988	0.172850
630.661990	0.144650
631.351992	0.101070
632.041995	0.043780
632.731997	-0.024440
633.421999	-0.100350
634.112001	-0.180870
634.802003	-0.263440
635.492006	-0.346050
636.182008	-0.426850
636.872010	-0.503810
637.562012	-0.574520
638.252014	-0.636230
638.942016	-0.686080
639.632019	-0.721340
640.322021	-0.739570
641.012023	-0.738840
641.702025	-0.717940
642.392027	-0.676640
643.082029	-0.616020
643.772032	-0.538520
644.462034	-0.447770
645.152036	-0.348220
645.842038	-0.244570
646.532040	-0.141030
647.222043	-0.040840
647.912045	0.053880
648.602047	0.142070
649.292049	0.223420
649.982051	0.297990
650.672053	0.365900
651.362056	0.427190
652.052058	0.481710
652.742060	0.529190
653.432062	0.569140
654.122064	0.600990
654.812067	0.624000
655.502069	0.637390
656.192071	0.640330
656.882073	0.632130
657.572075	0.612310
658.262077	0.580710
658.952080	0.537500
659.642082	0.483270
660.332084	0.418970
661.022086	0.346020
661.712088	0.266320
662.402090	0.182250
663.092093	0.096470
663.782095	0.011860
664.472097	-0.068630
665.162099	-0.142240
665.852101	-0.206450
666.542104	-0.259220
667.232106	-0.299170
667.922108	-0.325780
668.612110	-0.339470
669.302112	-0.341520
669.992114	-0.333840
670.682117	-0.318690
671.372119	-0.298440
672.062121	-0.275290
672.752123	-0.251140
673.442125	-0.227530
674.132127	-0.205650
674.822130	-0.186340
675.512132	-0.170140
676.202134	-0.157480
676.892136	-0.148800
677.582138	-0.144680
678.272141	-0.145910
678.962143	-0.153430
679.652145	-0.168170
680.342147	-0.190600
681.032149	-0.220400
681.722151	-0.256010
682.412154	-0.294520
683.102156	-0.331630
683.792158	-0.362010
684.482160	-0.379930
685.172162	-0.380010
685.862164	-0.358310
686.552167	-0.313080
687.242169	-0.245250
687.932171	-0.158160
688.622173	-0.056660
689.312175	0.054020
690.002178	0.169270
690.692180	0.285470
691.382182	0.399850
692.072184	0.510030
692.762186	0.613510
693.452188	0.707440
694.142191	0.788440
694.832193	0.852420
695.522195	0.894500
696.212197	0.908990
696.902199	0.889840
697.592202	0.831750
698.282204	0.731600
698.972206	0.589900
699.662208	0.411700
700.352210	0.206610
701.042212	-0.012210
701.732215	-0.229710
702.422217	-0.430800
703.112219	-0.602020
703.802221	-0.732790
704.492223	-0.816140
705.182225	-0.849200
705.872228	-0.833390
706.562230	-0.774190
707.252232	-0.680510
707.942234	-0.563460
708.632236	-0.434820
709.322239	-0.305470
710.012241	-0.184220
710.702243	-0.077230
711.392245	0.011980
712.082247	0.082190
712.772249	0.133870
713.462252	0.168730
714.152254	0.189200
714.842256	0.197980
715.532258	0.197810
716.222260	0.191280
716.912262	0.180670
717.602265	0.167980
718.292267	0.154800
718.982269	0.142350
719.672271	0.131360
720.362273	0.122040
721.052276	0.114150
721.742278	0.107110
722.432280	0.100200
723.122282	0.092750
723.812284	0.084280
724.502286	0.074620
725.192289	0.063890
725.882291	0.052390
726.572293	0.040590
727.262295	0.028970
727.952297	0.018020
728.642300	0.008130
729.332302	-0.000430
730.022304	-0.007590
730.712306	-0.013480
731.402308	-0.018430
732.092310	-0.022850
732.782313	-0.027070
733.472315	-0.031260
734.162317	-0.035330
734.852319	-0.039010
735.542321	-0.042070
736.232323	-0.044390
736.922326	-0.046160
737.612328	-0.047810
738.302330	-0.049940
738.992332	-0.053120
739.682334	-0.057760
740.372337	-0.064020
741.062339	-0.071710
741.752341	-0.080340
742.442343	-0.089150
743.132345	-0.097260
743.822347	-0.103790
744.512350	-0.107990
745.202352	-0.109350
745.892354	-0.107580
746.582356	-0.102610
747.272358	-0.094480
747.962360	-0.083260
748.652363	-0.068890
749.342365	-0.051270
750.032367	-0.030220
750.722369	-0.005690
751.412371	0.022060
752.102374	0.052410
752.792376	0.084230
753.482378	0.116000
754.172380	0.145940
754.862382	0.172220
755.552384	0.193240
756.242387	0.207740
756.932389	0.214980
757.622391	0.214700
758.312393	0.207060
759.002395	0.192630
759.692397	0.172320
760.382400	0.147330
761.072402	0.119060
761.762404	0.089010
762.452406	0.058550
763.142408	0.028790
763.832411	0.000540
764.522413	-0.025650
765.212415	-0.049480
765.902417	-0.070720
766.592419	-0.089120
767.282421	-0.104360
767.972424	-0.116050
768.662426	-0.123700
769.352428	-0.126850
770.042430	-0.125180
770.732432	-0.118600
771.422435	-0.107450
772.112437	-0.092460
772.802439	-0.074750
773.492441	-0.055690
774.182443	-0.036700
774.872445	-0.019130
775.562448	-0.004010
776.252450	0.007930
776.942452	0.016390
777.632454	0.021400
778.322456	0.023230
779.012458	0.022360
779.702461	0.019390
780.392463	0.015020
781.082465	0.010050
781.772467	0.005350
782.462469	0.001790
783.152472	0.000090
783.842474	0.000640
784.532476	0.003460
785.222478	0.008130
785.912480	0.013880
786.602482	0.019800
787.292485	0.025040
787.982487	0.028910
788.672489	0.030980
789.362491	0.031020
790.052493	0.028950
790.742495	0.024760
791.432498	0.018470
792.122500	0.010120
792.812502	-0.000240
