0.000000	0.009830
0.690015	0.018340
1.380031	0.025090
2.070046	0.028820
2.760062	0.028550
3.450077	0.023730
4.140093	0.014310
4.830108	0.000800
5.520124	-0.015840
6.210139	-0.034250
6.900155	-0.052970
7.590170	-0.070680
8.280186	-0.086400
8.970201	-0.099560
9.660217	-0.109990
10.350232	-0.117800
11.040248	-0.123190
11.730263	-0.126350
12.420279	-0.127360
13.110294	-0.126150
13.800310	-0.122550
14.490325	-0.116330
15.180341	-0.107260
15.870356	-0.095210
16.560372	-0.080250
17.250387	-0.062740
17.940403	-0.043420
18.630418	-0.023350
19.320434	-0.003850
20.010449	0.013710
20.700465	0.028160
21.390480	0.038670
22.080496	0.044900
22.770511	0.047020
23.460527	0.045610
24.150542	0.041570
24.840558	0.035950
25.530573	0.029880
26.220589	0.024470
26.910604	0.020730
27.600620	0.019540
28.290635	0.021550
28.980651	0.027210
29.670666	0.036610
30.360682	0.049530
31.050697	0.065370
31.740713	0.083200
32.430728	0.101900
33.120744	0.120290
33.810759	0.137290
34.500775	0.152060
35.190790	0.164080
35.880806	0.173150
36.570821	0.179330
37.260837	0.182840
37.950852	0.183940
38.640868	0.182810
39.330883	0.179440
40.020899	0.173710
40.710914	0.165370
41.400930	0.154280
42.090945	0.140500
42.780961	0.124400
43.470976	0.106550
44.160991	0.087570
44.851007	0.067940
45.541022	0.047810
46.231038	0.026980
46.921053	0.005030
47.611069	-0.018430
48.301084	-0.043570
48.991100	-0.070060
49.681115	-0.097120
50.371131	-0.123540
51.061146	-0.148010
51.751162	-0.169350
52.441177	-0.186730
53.131193	-0.199790
53.821208	-0.208640
54.511224	-0.213740
55.201239	-0.215660
55.891255	-0.214970
56.581270	-0.212070
57.271286	-0.207160
57.961301	-0.200170
58.651317	-0.190880
59.341332	-0.178960
60.031348	-0.164080
60.721363	-0.146060
61.411379	-0.125000
62.101394	-0.101300
62.791410	-0.075720
63.481425	-0.049330
64.171441	-0.023390
64.861456	0.000780
65.551472	0.021930
66.241487	0.039030
66.931503	0.051310
67.621518	0.058340
68.311534	0.060040
69.001549	0.056660
69.691565	0.048690
70.381580	0.036870
71.071596	0.022040
71.761611	0.005160
72.451627	-0.012820
73.141642	-0.030990
73.831658	-0.048510
74.521673	-0.064680
75.211689	-0.078960
75.901704	-0.091020
76.591720	-0.100760
77.281735	-0.108280
77.971751	-0.113870
78.661766	-0.117880
79.351782	-0.120640
80.041797	-0.122330
80.731813	-0.122940
81.421828	-0.122270
82.111844	-0.119940
82.801859	-0.115440
83.491875	-0.108250
84.181890	-0.097840
84.871906	-0.083730
85.561921	-0.065530
86.251937	-0.042920
86.941952	-0.015780
87.631967	0.015760
88.321983	0.051230
89.011998	0.089710
89.702014	0.129800
90.392029	0.169750
91.082045	0.207610
91.772060	0.241380
92.462076	0.269190
93.152091	0.289480
93.842107	0.301080
94.532122	0.303460
95.222138	0.296810
95.912153	0.282200
96.602169	0.261420
97.292184	0.236760
97.982200	0.210560
98.672215	0.184750
99.362231	0.160580
100.052246	0.138510
100.742262	0.118330
101.432277	0.099390
102.122293	0.080880
102.812308	0.062020
103.502324	0.042270
104.192339	0.021410
104.882355	-0.000470
105.572370	-0.022990
106.262386	-0.045510
106.952401	-0.067310
107.642417	-0.087670
108.332432	-0.105980
109.022448	-0.121780
109.712463	-0.134810
110.402479	-0.144900
111.092494	-0.151950
111.782510	-0.155850
112.472525	-0.156470
113.162541	-0.153670
113.852556	-0.147370
114.542572	-0.137620
115.232587	-0.124650
115.922603	-0.108900
116.612618	-0.091010
117.302634	-0.071760
117.992649	-0.052030
118.682665	-0.032660
119.372680	-0.014420
120.062696	0.002100
120.752711	0.016500
121.442727	0.028650
122.132742	0.038570
122.822758	0.046380
123.512773	0.052230
124.202789	0.056190
124.892804	0.058240
125.582820	0.058290
126.272835	0.056190
126.962851	0.051840
127.652866	0.045150
128.342882	0.036100
129.032897	0.024720
129.722913	0.011090
130.412928	-0.004670
131.102943	-0.022410
131.792959	-0.041880
132.482974	-0.062750
133.172990	-0.084570
133.863005	-0.106750
134.553021	-0.128550
135.243036	-0.148990
135.933052	-0.166890
136.623067	-0.180950
137.313083	-0.189790
138.003098	-0.192170
138.693114	-0.187100
139.383129	-0.174030
140.073145	-0.152880
140.763160	-0.124170
141.453176	-0.088980
142.143191	-0.048980
142.833207	-0.006280
143.523222	0.036720
144.213238	0.077540
144.903253	0.113860
145.593269	0.143710
146.283284	0.165730
146.973300	0.179260
147.663315	0.184310
148.353331	0.181520
149.043346	0.171950
149.733362	0.156980
150.423377	0.138090
151.113393	0.116810
151.803408	0.094580
152.493424	0.072590
153.183439	0.051660
153.873455	0.032160
154.563470	0.013970
155.253486	-0.003260
155.943501	-0.019950
156.633517	-0.036190
157.323532	-0.051590
158.013548	-0.065270
158.703563	-0.076050
159.393579	-0.082680
160.083594	-0.084190
160.773610	-0.080110
161.463625	-0.070670
162.153641	-0.056750
162.843656	-0.039750
163.533672	-0.021340
164.223687	-0.003050
164.913703	0.013900
165.603718	0.028800
166.293734	0.041330
166.983749	0.051500
167.673765	0.059470
168.363780	0.065450
169.053796	0.069670
169.743811	0.072270
170.433827	0.073270
171.123842	0.072480
171.813858	0.069510
172.503873	0.063850
173.193889	0.055130
173.883904	0.043300
174.573920	0.028790
175.263935	0.012570
175.953950	-0.004040
176.643966	-0.019540
177.333981	-0.032440
178.023997	-0.041440
178.714012	-0.045580
179.404028	-0.044320
180.094043	-0.037590
180.784059	-0.025820
181.474074	-0.009870
182.164090	0.009030
182.854105	0.029500
183.544121	0.050020
184.234136	0.069190
184.924152	0.085780
185.614167	0.098810
186.304183	0.107560
186.994198	0.111600
187.684214	0.110710
188.374229	0.104910
189.064245	0.094500
189.754260	0.079990
190.444276	0.062180
191.134291	0.042110
191.824307	0.021000
192.514322	0.000100
193.204338	-0.019470
193.894353	-0.036870
194.584369	-0.051590
195.274384	-0.063520
195.964400	-0.072850
196.654415	-0.079910
197.344431	-0.085110
198.034446	-0.088800
198.724462	-0.091180
199.414477	-0.092300
200.104493	-0.092070
200.794508	-0.090330
201.484524	-0.086910
202.174539	-0.081700
202.864555	-0.074790
203.554570	-0.066420
204.244586	-0.056970
204.934601	-0.046900
205.624617	-0.036700
206.314632	-0.026760
207.004648	-0.017410
207.694663	-0.008910
208.384679	-0.001400
209.074694	0.005010
209.764710	0.010340
210.454725	0.014650
211.144741	0.018090
211.834756	0.020880
212.524772	0.023270
213.214787	0.025450
213.904803	0.027560
214.594818	0.029680
215.284834	0.031810
215.974849	0.033960
216.664865	0.036130
217.354880	0.038400
218.044896	0.040890
218.734911	0.043810
219.424926	0.047410
220.114942	0.051980
220.804957	0.057890
221.494973	0.065440
222.184988	0.074840
222.875004	0.086060
223.565019	0.098770
224.255035	0.112230
224.945050	0.125300
225.635066	0.136500
226.325081	0.144140
227.015097	0.146560
227.705112	0.142330
228.395128	0.130530
229.085143	0.110850
229.775159	0.083710
230.465174	0.050150
231.155190	0.011730
231.845205	-0.029610
232.535221	-0.071780
233.225236	-0.112650
233.915252	-0.150210
234.605267	-0.182660
235.295283	-0.208560
235.985298	-0.226820
236.675314	-0.236840
237.365329	-0.238450
238.055345	-0.231950
238.745360	-0.218060
239.435376	-0.197810
240.125391	-0.172470
240.815407	-0.143460
241.505422	-0.112270
242.195438	-0.080380
242.885453	-0.049230
243.575469	-0.020080
244.265484	0.006040
244.955500	0.028490
245.645515	0.046980
246.335531	0.061550
247.025546	0.072430
247.715562	0.079900
248.405577	0.084150
249.095593	0.085250
249.785608	0.083220
250.475624	0.078190
251.165639	0.070450
251.855655	0.060540
252.545670	0.049230
253.235686	0.037350
253.925701	0.025720
254.615717	0.015030
255.305732	0.005750
255.995748	-0.001840
256.685763	-0.007740
257.375779	-0.012100
258.065794	-0.015250
258.755810	-0.017690
259.445825	-0.019910
260.135841	-0.022370
260.825856	-0.025380
261.515872	-0.029010
262.205887	-0.033080
262.895902	-0.037200
263.585918	-0.040810
264.275933	-0.043310
264.965949	-0.044110
265.655964	-0.042700
266.345980	-0.038650
267.035995	-0.031710
267.726011	-0.021690
268.416026	-0.008560
269.106042	0.007670
269.796057	0.026920
270.486073	0.049030
271.176088	0.073710
271.866104	0.100510
272.556119	0.128690
273.246135	0.157200
273.936150	0.184670
274.626166	0.209510
275.316181	0.230060
276.006197	0.244840
276.696212	0.252660
277.386228	0.252870
278.076243	0.245320
278.766259	0.230390
279.456274	0.208870
280.146290	0.181810
280.836305	0.150350
281.526321	0.115670
282.216336	0.078870
282.906352	0.040950
283.596367	0.002850
284.286383	-0.034520
284.976398	-0.070330
285.666414	-0.103670
286.356429	-0.133630
287.046445	-0.159280
287.736460	-0.179780
288.426476	-0.194430
289.116491	-0.202740
289.806507	-0.204520
290.496522	-0.199830
291.186538	-0.188990
291.876553	-0.172600
292.566569	-0.151500
293.256584	-0.126840
293.946600	-0.099960
294.636615	-0.072310
295.326631	-0.045290
296.016646	-0.020080
296.706662	0.002490
297.396677	0.021920
298.086693	0.038120
298.776708	0.051220
299.466724	0.061480
300.156739	0.069220
300.846755	0.074670
301.536770	0.077870
302.226786	0.078620
302.916801	0.076520
303.606817	0.071020
304.296832	0.061580
304.986848	0.047760
305.676863	0.029430
306.366878	0.006790
307.056894	-0.019540
307.746909	-0.048630
308.436925	-0.079250
309.126940	-0.110140
309.816956	-0.140080
310.506971	-0.167940
311.196987	-0.192710
311.887002	-0.213490
312.577018	-0.229440
313.267033	-0.239850
313.957049	-0.244180
314.647064	-0.242010
315.337080	-0.233040
316.027095	-0.216990
316.717111	-0.193670
317.407126	-0.163150
318.097142	-0.125980
318.787157	-0.083430
319.477173	-0.037550
320.167188	0.008970
320.857204	0.053170
321.547219	0.092240
322.237235	0.123920
322.927250	0.146770
323.617266	0.160220
324.307281	0.164500
324.997297	0.160420
325.687312	0.149130
326.377328	0.131900
327.067343	0.109920
327.757359	0.084200
328.447374	0.055530
329.137390	0.024520
329.827405	-0.008240
330.517421	-0.042110
331.207436	-0.076200
331.897452	-0.109390
332.587467	-0.140380
333.277483	-0.167810
333.967498	-0.190300
334.657514	-0.206520
335.347529	-0.215190
336.037545	-0.215130
336.727560	-0.205280
337.417576	-0.184900
338.107591	-0.153700
338.797607	-0.111970
339.487622	-0.060550
340.177638	-0.000870
340.867653	0.065090
341.557669	0.134860
342.247684	0.205510
342.937700	0.273770
343.627715	0.336240
344.317731	0.389630
345.007746	0.431090
345.697762	0.458360
346.387777	0.469950
347.077793	0.465150
347.767808	0.444110
348.457824	0.407820
349.147839	0.358150
349.837854	0.297810
350.527870	0.230250
351.217885	0.159450
351.907901	0.089520
352.597916	0.024300
353.287932	-0.033060
353.977947	-0.080390
354.667963	-0.116600
355.357978	-0.141660
356.047994	-0.156310
356.738009	-0.161900
357.428025	-0.160110
358.118040	-0.152730
358.808056	-0.141500
359.498071	-0.127950
360.188087	-0.113350
360.878102	-0.098610
361.568118	-0.084290
362.258133	-0.070660
362.948149	-0.057760
363.638164	-0.045550
364.328180	-0.034050
365.018195	-0.023440
365.708211	-0.014090
366.398226	-0.006500
367.088242	-0.001160
367.778257	0.001530
368.468273	0.001360
369.158288	-0.001690
369.848304	-0.007480
370.538319	-0.015710
371.228335	-0.025910
371.918350	-0.037440
372.608366	-0.049540
373.298381	-0.061400
373.988397	-0.072300
374.678412	-0.081780
375.368428	-0.089670
376.058443	-0.096040
376.748459	-0.101200
377.438474	-0.105520
378.128490	-0.109420
378.818505	-0.113270
379.508521	-0.117350
380.198536	-0.121770
380.888552	-0.126460
381.578567	-0.131140
382.268583	-0.135370
382.958598	-0.138610
383.648614	-0.140300
384.338629	-0.139920
385.028645	-0.137030
385.718660	-0.131320
386.408676	-0.122650
387.098691	-0.111050
387.788707	-0.096760
388.478722	-0.080180
389.168738	-0.061910
389.858753	-0.042640
390.548769	-0.023130
391.238784	-0.004140
391.928800	0.013660
392.618815	0.029750
393.308830	0.043760
393.998846	0.055480
394.688861	0.064890
395.378877	0.072170
396.068892	0.077670
396.758908	0.081870
397.448923	0.085250
398.138939	0.088230
398.828954	0.090940
399.518970	0.093250
400.208985	0.094820
400.899001	0.095200
401.589016	0.094080
402.279032	0.091370
402.969047	0.087250
403.659063	0.082050
404.349078	0.076050
405.039094	0.069310
405.729109	0.061540
406.419125	0.052110
407.109140	0.040190
407.799156	0.024990
408.489171	0.006040
409.179187	-0.016660
409.869202	-0.042530
410.559218	-0.070420
411.249233	-0.098720
411.939249	-0.125580
412.629264	-0.149010
413.319280	-0.167090
414.009295	-0.178140
414.699311	-0.180730
415.389326	-0.173820
416.079342	-0.156790
416.769357	-0.129560
417.459373	-0.092670
418.149388	-0.047400
418.839404	0.004270
419.529419	0.059770
420.219435	0.116020
420.909450	0.169670
421.599466	0.217240
422.289481	0.255310
422.979497	0.280830
423.669512	0.291380
424.359528	0.285490
425.049543	0.262870
425.739559	0.224490
426.429574	0.172570
427.119590	0.110410
427.809605	0.042140
428.499621	-0.027620
429.189636	-0.094190
429.879652	-0.153170
430.569667	-0.200770
431.259683	-0.234100
431.949698	-0.251270
432.639714	-0.251590
433.329729	-0.235630
434.019745	-0.205270
434.709760	-0.163610
435.399776	-0.114620
436.089791	-0.062640
436.779806	-0.011830
437.469822	0.034310
438.159837	0.073330
438.849853	0.103860
439.539868	0.125570
440.229884	0.138980
440.919899	0.145170
441.609915	0.145480
442.299930	0.141300
442.989946	0.133820
443.679961	0.123980
444.369977	0.112440
445.059992	0.099630
445.750008	0.085790
446.440023	0.071010
447.130039	0.055360
447.820054	0.038900
448.510070	0.021810
449.200085	0.004410
449.890101	-0.012780
450.580116	-0.029210
451.270132	-0.044240
451.960147	-0.057330
452.650163	-0.068010
453.340178	-0.075960
454.030194	-0.080990
454.720209	-0.083020
455.410225	-0.082090
456.100240	-0.078370
456.790256	-0.072130
457.480271	-0.063760
458.170287	-0.053760
458.860302	-0.042760
459.550318	-0.031520
460.240333	-0.020870
460.930349	-0.011690
461.620364	-0.004730
462.310380	-0.000530
463.000395	0.000650
463.690411	-0.001100
464.380426	-0.005370
465.070442	-0.011530
465.760457	-0.018740
466.450473	-0.026020
467.140488	-0.032350
467.830504	-0.036760
468.520519	-0.038420
469.210535	-0.036700
469.900550	-0.031280
470.590566	-0.022160
471.280581	-0.009630
471.970597	0.005710
472.660612	0.023010
473.350628	0.041170
474.040643	0.058940
474.730659	0.075020
475.420674	0.088220
476.110690	0.097590
476.800705	0.102510
477.490721	0.102750
478.180736	0.098420
478.870752	0.089900
479.560767	0.077790
480.250783	0.062730
480.940798	0.045420
481.630813	0.026550
482.320829	0.006840
483.010844	-0.012900
483.700860	-0.031780
484.390875	-0.048760
485.080891	-0.062800
485.770906	-0.072990
486.460922	-0.078730
487.150937	-0.079790
487.840953	-0.076440
488.530968	-0.069350
489.220984	-0.059520
489.910999	-0.048100
490.601015	-0.036290
491.291030	-0.025210
491.981046	-0.015830
492.671061	-0.008870
493.361077	-0.004770
494.051092	-0.003600
494.741108	-0.005070
495.431123	-0.008620
496.121139	-0.013540
496.811154	-0.019160
497.501170	-0.025030
498.191185	-0.030960
498.881201	-0.036960
499.571216	-0.043110
500.261232	-0.049370
500.951247	-0.055440
501.641263	-0.060740
502.331278	-0.064520
503.021294	-0.066040
503.711309	-0.064760
504.401325	-0.060460
505.091340	-0.053320
505.781356	-0.043820
506.471371	-0.032580
507.161387	-0.020270
507.851402	-0.007410
508.541418	0.005650
509.231433	0.018770
509.921449	0.031900
510.611464	0.045040
511.301480	0.058170
511.991495	0.071260
512.681511	0.084280
513.371526	0.097190
514.061542	0.109950
514.751557	0.122460
515.441573	0.134540
516.131588	0.145930
516.821604	0.156320
517.511619	0.165310
518.201635	0.172450
518.891650	0.177200
519.581666	0.178920
520.271681	0.177010
520.961697	0.170990
521.651712	0.160720
522.341728	0.146450
523.031743	0.128860
523.721759	0.108890
524.411774	0.087580
525.101789	0.065900
525.791805	0.044640
526.481820	0.024350
527.171836	0.005320
527.861851	-0.012330
528.551867	-0.028620
529.241882	-0.043610
529.931898	-0.057410
530.621913	-0.070060
531.311929	-0.081570
532.001944	-0.091890
532.691960	-0.100890
533.381975	-0.108400
534.071991	-0.114180
534.762006	-0.118050
535.452022	-0.119900
536.142037	-0.119760
536.832053	-0.117820
537.522068	-0.114430
538.212084	-0.110090
538.902099	-0.105310
539.592115	-0.100620
540.282130	-0.096450
540.972146	-0.093110
541.662161	-0.090790
542.352177	-0.089570
543.042192	-0.089480
543.732208	-0.090440
544.422223	-0.092280
545.112239	-0.094730
545.802254	-0.097420
546.492270	-0.099920
547.182285	-0.101700
547.872301	-0.102190
548.562316	-0.100780
549.252332	-0.096890
549.942347	-0.090070
550.632363	-0.080080
551.322378	-0.067010
552.012394	-0.051360
552.702409	-0.033980
553.392425	-0.016000
554.082440	0.001310
554.772456	0.016750
555.462471	0.029310
556.152487	0.038290
556.842502	0.043310
557.532518	0.044330
558.222533	0.041590
558.912549	0.035620
559.602564	0.027120
560.292580	0.016870
560.982595	0.005720
561.672611	-0.005540
562.362626	-0.016210
563.052642	-0.025690
563.742657	-0.033510
564.432673	-0.039370
565.122688	-0.043130
565.812704	-0.044710
566.502719	-0.044090
567.192735	-0.041190
567.882750	-0.035900
568.572765	-0.028050
569.262781	-0.017560
569.952796	-0.004450
570.642812	0.011090
571.332827	0.028650
572.022843	0.047590
572.712858	0.067090
573.402874	0.086250
574.092889	0.104140
574.782905	0.119850
575.472920	0.132510
576.162936	0.141380
576.852951	0.145860
577.542967	0.145540
578.232982	0.140320
578.922998	0.130370
579.613013	0.116100
580.303029	0.098100
580.993044	0.077020
581.683060	0.053520
582.373075	0.028220
583.063091	0.001740
583.753106	-0.025270
584.443122	-0.052080
585.133137	-0.077860
585.823153	-0.101700
586.513168	-0.122650
587.203184	-0.139810
587.893199	-0.152380
588.583215	-0.159750
589.273230	-0.161560
589.963246	-0.157700
590.653261	-0.148370
591.343277	-0.133950
592.033292	-0.114980
592.723308	-0.092130
593.413323	-0.066080
594.103339	-0.037540
594.793354	-0.007230
595.483370	0.024180
596.173385	0.056090
596.863401	0.087890
597.553416	0.119060
598.243432	0.149110
598.933447	0.177620
599.623463	0.204180
600.313478	0.228430
601.003494	0.249970
601.693509	0.268340
602.383525	0.282900
603.073540	0.292880
603.763556	0.297350
604.453571	0.295380
605.143587	0.286100
605.833602	0.268960
606.523618	0.243790
607.213633	0.210990
607.903649	0.171550
608.593664	0.127060
609.283680	0.079560
609.973695	0.031440
610.663711	-0.014820
611.353726	-0.056950
612.043741	-0.093070
612.733757	-0.121890
613.423772	-0.142770
614.113788	-0.155640
614.803803	-0.160940
615.493819	-0.159430
616.183834	-0.152190
616.873850	-0.140480
617.563865	-0.125720
618.253881	-0.109330
618.943896	-0.092570
619.633912	-0.076450
620.323927	-0.061600
621.013943	-0.048320
621.703958	-0.036680
622.393974	-0.026600
623.083989	-0.018050
623.774005	-0.011060
624.464020	-0.005830
625.154036	-0.002710
625.844051	-0.002240
626.534067	-0.005080
627.224082	-0.012020
627.914098	-0.023790
628.604113	-0.040900
629.294129	-0.063480
629.984144	-0.091120
630.674160	-0.122770
631.364175	-0.156810
632.054191	-0.191200
632.744206	-0.223670
633.434222	-0.252010
634.124237	-0.274310
634.814253	-0.289190
635.504268	-0.295840
636.194284	-0.294060
636.884299	-0.284110
637.574315	-0.266590
638.264330	-0.242380
638.954346	-0.212630
639.644361	-0.178780
640.334377	-0.142530
641.024392	-0.105640
641.714408	-0.069820
642.404423	-0.036530
643.094439	-0.006920
643.784454	0.018100
644.474470	0.037880
645.164485	0.052020
645.854501	0.060440
646.544516	0.063580
647.234532	0.062460
647.924547	0.058520
648.614563	0.053450
649.304578	0.048770
649.994594	0.045610
650.684609	0.044520
651.374625	0.045580
652.064640	0.048590
652.754656	0.053360
653.444671	0.059810
654.134687	0.068010
654.824702	0.078040
655.514717	0.089880
656.204733	0.103210
656.894748	0.117480
657.584764	0.131860
658.274779	0.145470
658.964795	0.157450
659.654810	0.167110
660.344826	0.173990
661.034841	0.177870
661.724857	0.178760
662.414872	0.176880
663.104888	0.172580
663.794903	0.166270
664.484919	0.158400
665.174934	0.149390
665.864950	0.139610
666.554965	0.129440
667.244981	0.119240
667.934996	0.109390
668.625012	0.100210
669.315027	0.091890
670.005043	0.084410
670.695058	0.077470
671.385074	0.070490
672.075089	0.062630
672.765105	0.052890
673.455120	0.040260
674.145136	0.023840
674.835151	0.003070
675.525167	-0.022120
676.215182	-0.051260
676.905198	-0.083220
677.595213	-0.116490
678.285229	-0.149370
678.975244	-0.180310
679.665260	-0.208100
680.355275	-0.231890
681.045291	-0.251190
681.735306	-0.265750
682.425322	-0.275380
683.115337	-0.279940
683.805353	-0.279260
684.495368	-0.273170
685.185384	-0.261520
685.875399	-0.244200
686.565415	-0.221260
687.255430	-0.192920
687.945446	-0.159700
688.635461	-0.122410
689.325477	-0.082150
690.015492	-0.040270
690.705508	0.001810
691.395523	0.042760
692.085539	0.081450
692.775554	0.117030
693.465570	0.148890
694.155585	0.176640
694.845601	0.200000
695.535616	0.218700
696.225632	0.232570
696.915647	0.241530
697.605663	0.245690
698.295678	0.245350
698.985693	0.240950
699.675709	0.232870
700.365724	0.221370
701.055740	0.206540
701.745755	0.188320
702.435771	0.166650
703.125786	0.141580
703.815802	0.113350
704.505817	0.082420
705.195833	0.049470
705.885848	0.015420
706.575864	-0.018560
707.265879	-0.051050
707.955895	-0.080470
708.645910	-0.105210
709.335926	-0.123840
710.025941	-0.135420
710.715957	-0.139680
711.405972	-0.137110
712.095988	-0.128940
712.786003	-0.116900
713.476019	-0.102960
714.166034	-0.089060
714.856050	-0.076850
715.546065	-0.067520
716.236081	-0.061810
716.926096	-0.059920
717.616112	-0.061610
718.306127	-0.066220
718.996143	-0.072770
719.686158	-0.080030
720.376174	-0.086670
721.066189	-0.091420
721.756205	-0.093310
722.446220	-0.091790
723.136236	-0.086740
723.826251	-0.078400
724.516267	-0.067230
725.206282	-0.053770
725.896298	-0.038560
726.586313	-0.022180
727.276329	-0.005230
727.966344	0.011610
728.656360	0.027700
729.346375	0.042440
730.036391	0.055370
730.726406	0.066190
731.416422	0.074700
732.106437	0.080730
732.796453	0.084180
733.486468	0.084900
734.176484	0.082830
734.866499	0.077990
735.556515	0.070530
736.246530	0.060750
736.936546	0.049110
737.626561	0.036300
738.316577	0.023180
739.006592	0.010720
739.696608	-0.000060
740.386623	-0.008320
741.076639	-0.013480
741.766654	-0.015300
742.456669	-0.013890
743.146685	-0.009670
743.836700	-0.003220
744.526716	0.004690
745.216731	0.013280
745.906747	0.021700
746.596762	0.029070
747.286778	0.034570
747.976793	0.037490
748.666809	0.037370
749.356824	0.034070
750.046840	0.027890
750.736855	0.019480
751.426871	0.009720
752.116886	-0.000390
752.806902	-0.009920
753.496917	-0.018020
754.186933	-0.023970
754.876948	-0.027130
755.566964	-0.026930
756.256979	-0.022960
756.946995	-0.014980
757.637010	-0.003060
758.327026	0.012400
759.017041	0.030700
759.707057	0.050840
760.397072	0.071650
761.087088	0.091980
761.777103	0.110760
762.467119	0.127060
763.157134	0.140160
763.847150	0.149440
764.537165	0.154500
765.227181	0.155060
765.917196	0.151150
766.607212	0.143100
767.297227	0.131610
767.987243	0.117630
768.677258	0.102260
769.367274	0.086500
770.057289	0.071090
770.747305	0.056410
771.437320	0.042510
772.127336	0.029170
772.817351	0.016030
773.507367	0.002750
774.197382	-0.010990
774.887398	-0.025450
775.577413	-0.040850
776.267429	-0.057330
776.957444	-0.074980
777.647460	-0.093730
778.337475	-0.113320
779.027491	-0.133300
779.717506	-0.153100
780.407522	-0.172060
781.097537	-0.189500
781.787553	-0.204720
782.477568	-0.217040
783.167584	-0.225820
783.857599	-0.230540
784.547615	-0.230930
785.237630	-0.227030
785.927646	-0.219140
786.617661	-0.207770
787.307676	-0.193460
787.997692	-0.176660
788.687707	-0.157670
789.377723	-0.136730
790.067738	-0.114130
790.757754	-0.090360
791.447769	-0.066100
792.137785	-0.042250
792.827800	-0.019720
793.517816	0.000700
794.207831	0.018540
794.897847	0.033740
795.587862	0.046640
796.277878	0.057880
796.967893	0.068090
797.657909	0.077650
798.347924	0.086480
799.037940	0.094010
799.727955	0.099420
800.417971	0.101870
801.107986	0.100770
801.798002	0.095930
802.488017	0.087490
803.178033	0.075870
803.868048	0.061680
804.558064	0.045640
805.248079	0.028480
805.938095	0.010950
806.628110	-0.006220
807.318126	-0.022410
808.008141	-0.036980
808.698157	-0.049350
809.388172	-0.059040
810.078188	-0.065650
810.768203	-0.068950
811.458219	-0.068880
812.148234	-0.065550
812.838250	-0.059220
813.528265	-0.050300
814.218281	-0.039300
814.908296	-0.026890
815.598312	-0.013790
816.288327	-0.000730
816.978343	0.011620
817.668358	0.022840
818.358374	0.032690
819.048389	0.041170
819.738405	0.048440
820.428420	0.054750
821.118436	0.060320
821.808451	0.065310
822.498467	0.069890
823.188482	0.074180
823.878498	0.078330
824.568513	0.082450
825.258529	0.086600
825.948544	0.090760
826.638560	0.094880
827.328575	0.098880
828.018591	0.102730
828.708606	0.106530
829.398622	0.110410
830.088637	0.114590
830.778652	0.119210
831.468668	0.124410
832.158683	0.130220
832.848699	0.136590
833.538714	0.143410
834.228730	0.150430
834.918745	0.157300
835.608761	0.163520
836.298776	0.168500
836.988792	0.171590
837.678807	0.172190
838.368823	0.169790
839.058838	0.164030
839.748854	0.154740
840.438869	0.141900
841.128885	0.125660
841.818900	0.106370
842.508916	0.084610
843.198931	0.061170
843.888947	0.037060
844.578962	0.013380
845.268978	-0.008900
845.958993	-0.029100
846.649009	-0.046940
847.339024	-0.062590
848.029040	-0.076540
848.719055	-0.089470
849.409071	-0.102050
850.099086	-0.114780
850.789102	-0.127850
851.479117	-0.141150
852.169133	-0.154180
852.859148	-0.166210
853.549164	-0.176390
854.239179	-0.183860
854.929195	-0.187980
855.619210	-0.188310
856.309226	-0.184760
856.999241	-0.177550
857.689257	-0.167200
858.379272	-0.154530
859.069288	-0.140540
859.759303	-0.126410
860.449319	-0.113310
861.139334	-0.102390
861.829350	-0.094590
862.519365	-0.090620
863.209381	-0.090830
863.899396	-0.095140
864.589412	-0.103070
865.279427	-0.113760
865.969443	-0.126020
866.659458	-0.138480
867.349474	-0.149690
868.039489	-0.158300
868.729505	-0.163130
869.419520	-0.163270
870.109536	-0.158040
870.799551	-0.147080
871.489567	-0.130270
872.179582	-0.107720
872.869598	-0.079770
873.559613	-0.046990
874.249628	-0.010230
874.939644	0.029320
875.629659	0.070160
876.319675	0.110410
877.009690	0.148080
877.699706	0.181250
878.389721	0.208280
879.079737	0.228010
879.769752	0.239740
880.459768	0.243270
881.149783	0.238780
881.839799	0.226810
882.529814	0.208240
883.219830	0.184240
883.909845	0.156270
884.599861	0.125900
885.289876	0.094750
885.979892	0.064270
886.669907	0.035620
887.359923	0.009670
888.049938	-0.013050
888.739954	-0.032270
889.429969	-0.047890
890.119985	-0.059920
890.810000	-0.068370
891.500016	-0.073200
892.190031	-0.074270
892.880047	-0.071450
893.570062	-0.064760
894.260078	-0.054500
894.950093	-0.041380
895.640109	-0.026560
896.330124	-0.011480
897.020140	0.002340
897.710155	0.013570
898.400171	0.021380
899.090186	0.025580
899.780202	0.026610
900.470217	0.025470
901.160233	0.023440
901.850248	0.021790
902.540264	0.021570
903.230279	0.023440
903.920295	0.027610
904.610310	0.033860
905.300326	0.041500
905.990341	0.049470
906.680357	0.056500
907.370372	0.061360
908.060388	0.063170
908.750403	0.061720
909.440419	0.057480
910.130434	0.051510
910.820450	0.045110
911.510465	0.039460
912.200481	0.035360
912.890496	0.033130
913.580512	0.032720
914.270527	0.033880
914.960543	0.036260
915.650558	0.039530
916.340574	0.043270
917.030589	0.047020
917.720604	0.050180
918.410620	0.052050
919.100635	0.051910
919.790651	0.049120
920.480666	0.043190
921.170682	0.033880
921.860697	0.021210
922.550713	0.005520
923.240728	-0.012590
923.930744	-0.032270
924.620759	-0.052460
925.310775	-0.071990
926.000790	-0.089730
926.690806	-0.104760
927.380821	-0.116490
928.070837	-0.124740
928.760852	-0.129710
929.450868	-0.131880
930.140883	-0.131900
930.830899	-0.130420
931.520914	-0.128020
932.210930	-0.125100
932.900945	-0.121820
933.590961	-0.118080
934.280976	-0.113490
934.970992	-0.107470
935.661007	-0.099270
936.351023	-0.088200
937.041038	-0.073650
937.731054	-0.055300
938.421069	-0.033210
939.111085	-0.007840
939.801100	0.019890
940.491116	0.048710
941.181131	0.077070
941.871147	0.103300
942.561162	0.125750
943.251178	0.142900
943.941193	0.153370
944.631209	0.156030
945.321224	0.150100
946.011240	0.135350
946.701255	0.112250
947.391271	0.082140
948.081286	0.047170
948.771302	0.010120
949.461317	-0.025910
950.151333	-0.057950
950.841348	-0.083500
951.531364	-0.100790
952.221379	-0.108900
952.911395	-0.107740
953.601410	-0.097930
954.291426	-0.080660
954.981441	-0.057560
955.671457	-0.030640
956.361472	-0.002120
957.051488	0.025650
957.741503	0.050450
958.431519	0.070380
959.121534	0.084140
959.811550	0.091260
960.501565	0.092150
961.191580	0.088030
961.881596	0.080740
962.571611	0.072360
963.261627	0.064910
963.951642	0.060040
964.641658	0.058790
965.331673	0.061590
966.021689	0.068240
966.711704	0.078100
967.401720	0.090210
968.091735	0.103320
968.781751	0.116000
969.471766	0.126620
970.161782	0.133450
970.851797	0.134790
971.541813	0.129200
972.231828	0.115680
972.921844	0.093850
973.611859	0.064040
974.301875	0.027240
974.991890	-0.014980
975.681906	-0.060620
976.371921	-0.107420
977.061937	-0.152990
977.751952	-0.195010
978.441968	-0.231340
979.131983	-0.260150
979.821999	-0.279990
980.512014	-0.289960
981.202030	-0.289700
981.892045	-0.279450
982.582061	-0.259990
983.272076	-0.232570
983.962092	-0.198750
984.652107	-0.160250
985.342123	-0.118710
986.032138	-0.075640
986.722154	-0.032350
987.412169	0.010010
988.102185	0.050430
988.792200	0.087950
989.482216	0.121710
990.172231	0.150960
990.862247	0.175170
991.552262	0.194030
992.242278	0.207530
992.932293	0.215950
993.622309	0.219830
994.312324	0.219880
995.002340	0.216880
995.692355	0.211490
996.382371	0.204040
997.072386	0.194360
997.762402	0.181720
998.452417	0.164900
999.142433	0.142510
999.832448	0.113360
1000.522464	0.076900
1001.212479	0.033500
1001.902495	-0.015410
1002.592510	-0.067510
1003.282526	-0.119750
1003.972541	-0.168750
1004.662556	-0.211120
1005.352572	-0.243820
1006.042587	-0.264490
1006.732603	-0.271650
1007.422618	-0.264870
1008.112634	-0.244700
1008.802649	-0.212670
1009.492665	-0.171000
1010.182680	-0.122490
1010.872696	-0.070340
1011.562711	-0.017970
1012.252727	0.031090
1012.942742	0.073460
1013.632758	0.106050
1014.322773	0.126400
1015.012789	0.132850
1015.702804	0.124840
1016.392820	0.102980
1017.082835	0.069110
1017.772851	0.026310
1018.462866	-0.021320
1019.152882	-0.068880
1019.842897	-0.111170
1020.532913	-0.143190
1021.222928	-0.160730
1021.912944	-0.160790
1022.602959	-0.141840
1023.292975	-0.103920
1023.982990	-0.048530
1024.673006	0.021510
1025.363021	0.102290
1026.053037	0.189080
1026.743052	0.276800
1027.433068	0.360440
1028.123083	0.435520
1028.813099	0.498470
1029.503114	0.546840
1030.193130	0.579440
1030.883145	0.596190
1031.573161	0.597880
1032.263176	0.585760
1032.953192	0.561190
1033.643207	0.525360
1034.333223	0.479190
1035.023238	0.423340
1035.713254	0.358450
1036.403269	0.285260
1037.093285	0.204930
1037.783300	0.119130
1038.473316	0.030080
1039.163331	-0.059630
1039.853347	-0.147320
1040.543362	-0.230510
1041.233378	-0.307190
1041.923393	-0.375770
1042.613409	-0.434980
1043.303424	-0.483730
1043.993440	-0.521060
1044.683455	-0.546280
1045.373471	-0.559120
1046.063486	-0.559840
1046.753502	-0.549220
1047.443517	-0.528480
1048.133532	-0.499050
1048.823548	-0.462520
1049.513563	-0.420540
1050.203579	-0.374750
1050.893594	-0.326750
1051.583610	-0.278020
1052.273625	-0.229930
1052.963641	-0.183680
1053.653656	-0.140280
1054.343672	-0.100520
1055.033687	-0.065000
1055.723703	-0.034050
1056.413718	-0.007770
1057.103734	0.013960
1057.793749	0.031380
1058.483765	0.044760
1059.173780	0.054360
1059.863796	0.060440
1060.553811	0.063260
1061.243827	0.063100
1061.933842	0.060320
1062.623858	0.055450
1063.313873	0.049130
1064.003889	0.042130
1064.693904	0.035200
1065.383920	0.029030
1066.073935	0.024120
1066.763951	0.020760
1067.453966	0.018980
1068.143982	0.018680
1068.833997	0.019700
1069.524013	0.021840
1070.214028	0.024980
1070.904044	0.029030
1071.594059	0.033980
1072.284075	0.039790
1072.974090	0.046390
1073.664106	0.053610
1074.354121	0.061190
1075.044137	0.068720
1075.734152	0.075700
1076.424168	0.081680
1077.114183	0.086300
1077.804199	0.089390
1078.494214	0.090940
1079.184230	0.091010
1079.874245	0.089570
1080.564261	0.086460
1081.254276	0.081330
1081.944292	0.073760
1082.634307	0.063420
1083.324323	0.050180
1084.014338	0.034320
1084.704354	0.016460
1085.394369	-0.002470
1086.084385	-0.021450
1086.774400	-0.039460
1087.464416	-0.055640
1088.154431	-0.069390
1088.844447	-0.080300
1089.534462	-0.088030
1090.224478	-0.092280
1090.914493	-0.092650
1091.604509	-0.088770
1092.294524	-0.080310
1092.984539	-0.067160
1093.674555	-0.049480
1094.364570	-0.027720
1095.054586	-0.002580
1095.744601	0.025050
1096.434617	0.054170
1097.124632	0.083660
1097.814648	0.112390
1098.504663	0.139180
1099.194679	0.162890
1099.884694	0.182360
1100.574710	0.196440
1101.264725	0.203990
1101.954741	0.204090
1102.644756	0.196150
1103.334772	0.180120
1104.024787	0.156560
1104.714803	0.126580
1105.404818	0.091700
1106.094834	0.053630
1106.784849	0.014090
1107.474865	-0.025280
1108.164880	-0.063030
1108.854896	-0.097790
1109.544911	-0.128370
1110.234927	-0.153770
1110.924942	-0.173320
1111.614958	-0.186730
1112.304973	-0.194070
1112.994989	-0.195760
1113.685004	-0.192340
1114.375020	-0.184410
1115.065035	-0.172610
1115.755051	-0.157640
1116.445066	-0.140410
1117.135082	-0.121970
1117.825097	-0.103550
1118.515113	-0.086360
1119.205128	-0.071370
1119.895144	-0.059140
1120.585159	-0.049670
1121.275175	-0.042400
1121.965190	-0.036240
1122.655206	-0.029830
1123.345221	-0.021750
1124.035237	-0.010840
1124.725252	0.003530
1125.415268	0.021330
1126.105283	0.041830
1126.795299	0.063720
1127.485314	0.085420
1128.175330	0.105380
1128.865345	0.122250
1129.555361	0.135060
1130.245376	0.143220
1130.935392	0.146500
1131.625407	0.145030
1132.315423	0.139240
1133.005438	0.129940
1133.695454	0.118170
1134.385469	0.105110
1135.075485	0.091900
1135.765500	0.079450
1136.455515	0.068350
1137.145531	0.058840
1137.835546	0.050830
1138.525562	0.044020
1139.215577	0.037960
1139.905593	0.032090
1140.595608	0.025830
1141.285624	0.018610
1141.975639	0.010040
1142.665655	-0.000050
1143.355670	-0.011510
1144.045686	-0.023900
1144.735701	-0.036600
1145.425717	-0.048930
1146.115732	-0.060260
1146.805748	-0.070100
1147.495763	-0.078110
1148.185779	-0.084050
1148.875794	-0.087760
1149.565810	-0.089100
1150.255825	-0.087990
1150.945841	-0.084440
1151.635856	-0.078590
1152.325872	-0.070710
1153.015887	-0.061180
1153.705903	-0.050400
1154.395918	-0.038720
1155.085934	-0.026360
1155.775949	-0.013440
1156.465965	0.000050
1157.155980	0.014170
1157.845996	0.029100
1158.536011	0.045010
1159.226027	0.062070
1159.916042	0.080380
1160.606058	0.099910
1161.296073	0.120420
1161.986089	0.141470
1162.676104	0.162430
1163.366120	0.182500
1164.056135	0.200780
1164.746151	0.216320
1165.436166	0.228160
1166.126182	0.235330
1166.816197	0.236970
1167.506213	0.232350
1168.196228	0.220890
1168.886244	0.202230
1169.576259	0.176200
1170.266275	0.142920
1170.956290	0.102750
1171.646306	0.056440
1172.336321	0.005100
1173.026337	-0.049750
1173.716352	-0.106320
1174.406368	-0.162540
1175.096383	-0.216200
1175.786399	-0.265020
1176.476414	-0.306740
1177.166430	-0.339240
1177.856445	-0.360710
1178.546461	-0.369840
1179.236476	-0.366080
1179.926491	-0.349720
1180.616507	-0.321940
1181.306522	-0.284690
1181.996538	-0.240420
1182.686553	-0.191830
1183.376569	-0.141560
1184.066584	-0.091940
1184.756600	-0.044900
1185.446615	-0.001920
1186.136631	0.035990
1186.826646	0.068270
1187.516662	0.094710
1188.206677	0.115440
1188.896693	0.130810
1189.586708	0.141310
1190.276724	0.147480
1190.966739	0.149830
1191.656755	0.148800
1192.346770	0.144820
1193.036786	0.138290
1193.726801	0.129630
1194.416817	0.119240
1195.106832	0.107480
1195.796848	0.094690
1196.486863	0.081120
1197.176879	0.067040
1197.866894	0.052710
1198.556910	0.038490
1199.246925	0.024800
1199.936941	0.012170
1200.626956	0.001190
1201.316972	-0.007610
1202.006987	-0.013770
1202.697003	-0.016950
1203.387018	-0.017000
1204.077034	-0.013980
1204.767049	-0.008090
1205.457065	0.000330
1206.147080	0.010810
1206.837096	0.022860
1207.527111	0.035920
1208.217127	0.049420
1208.907142	0.062730
1209.597158	0.075290
1210.287173	0.086540
1210.977189	0.096050
1211.667204	0.103470
1212.357220	0.108550
1213.047235	0.111120
1213.737251	0.110990
1214.427266	0.107970
1215.117282	0.101820
1215.807297	0.092350
1216.497313	0.079550
1217.187328	0.063690
1217.877344	0.045360
1218.567359	0.025460
1219.257375	0.005080
1219.947390	-0.014630
1220.637406	-0.032630
1221.327421	-0.048010
1222.017437	-0.060060
1222.707452	-0.068400
1223.397467	-0.072960
1224.087483	-0.073960
1224.777498	-0.071910
1225.467514	-0.067500
1226.157529	-0.061500
1226.847545	-0.054730
1227.537560	-0.047920
