0.000000	-0.157390
0.690001	-0.179450
1.380002	-0.202410
2.070003	-0.225280
2.760004	-0.246740
3.450005	-0.265350
4.140006	-0.279760
4.830007	-0.288900
5.520008	-0.292090
6.210009	-0.289050
6.900010	-0.279820
7.590011	-0.264670
8.280013	-0.243960
8.970014	-0.218100
9.660015	-0.187540
10.350016	-0.152890
11.040017	-0.114970
11.730018	-0.074890
12.420019	-0.033990
13.110020	0.006210
13.800021	0.044230
14.490022	0.078690
15.180023	0.108440
15.870024	0.132590
16.560025	0.150600
17.250026	0.162260
17.940027	0.167800
18.630028	0.167820
19.320029	0.163290
20.010030	0.155340
20.700031	0.145150
21.390032	0.133810
22.080033	0.122090
22.770034	0.110410
23.460035	0.098760
24.150037	0.086800
24.840038	0.074040
25.530039	0.060040
26.220040	0.044620
26.910041	0.027980
27.600042	0.010770
28.290043	-0.006020
28.980044	-0.021200
29.670045	-0.033510
30.360046	-0.041810
31.050047	-0.045220
31.740048	-0.043230
32.430049	-0.035750
33.120050	-0.023130
33.810051	-0.006270
34.500052	0.013310
35.190053	0.033450
35.880054	0.051380
36.570055	0.064120
37.260056	0.069010
37.950057	0.064230
38.640058	0.049310
39.330059	0.025180
40.020061	-0.005970
40.710062	-0.041310
41.400063	-0.077890
42.090064	-0.113120
42.780065	-0.144990
43.470066	-0.172070
44.160067	-0.193280
44.850068	-0.207730
45.540069	-0.214690
46.230070	-0.213560
46.920071	-0.203940
47.610072	-0.185680
48.300073	-0.158910
48.990074	-0.123990
49.680075	-0.081630
50.370076	-0.032930
51.060077	0.020490
51.750078	0.076410
52.440079	0.131920
53.130080	0.183510
53.820081	0.227490
54.510082	0.260560
55.200083	0.280310
55.890085	0.285770
56.580086	0.277480
57.270087	0.257230
57.960088	0.227560
58.650089	0.191280
59.340090	0.150970
60.030091	0.108800
60.720092	0.066440
61.410093	0.025230
62.100094	-0.013670
62.790095	-0.049180
63.480096	-0.080150
64.170097	-0.105470
64.860098	-0.124140
65.550099	-0.135350
66.240100	-0.138630
66.930101	-0.133960
67.620102	-0.121770
68.310103	-0.102960
69.000104	-0.078850
69.690105	-0.051090
70.380106	-0.021440
71.070107	0.008370
71.760109	0.036790
72.450110	0.062500
73.140111	0.084510
73.830112	0.102190
74.520113	0.115270
75.210114	0.123920
75.900115	0.128710
76.590116	0.130490
77.280117	0.130200
77.970118	0.128800
78.660119	0.127040
79.350120	0.125400
80.040121	0.124080
80.730122	0.123020
81.420123	0.121890
82.110124	0.120160
82.800125	0.117250
83.490126	0.112660
84.180127	0.106070
84.870128	0.097510
85.560129	0.087300
86.250130	0.076030
86.940131	0.064300
87.630133	0.052500
88.320134	0.040620
89.010135	0.028100
89.700136	0.013900
90.390137	-0.003340
91.080138	-0.024950
91.770139	-0.051890
92.460140	-0.084390
93.150141	-0.121940
93.840142	-0.163220
94.530143	-0.206340
95.220144	-0.249050
95.910145	-0.288940
96.600146	-0.323630
97.290147	-0.350950
97.980148	-0.369140
98.670149	-0.376910
99.360150	-0.373480
100.050151	-0.358570
100.740152	-0.332440
101.430153	-0.296030
102.120154	-0.251110
102.810155	-0.200360
103.500157	-0.147070
104.190158	-0.094670
104.880159	-0.046170
105.570160	-0.003830
106.260161	0.030970
106.950162	0.057730
107.640163	0.076550
108.330164	0.088150
109.020165	0.093820
109.710166	0.095360
110.400167	0.094940
111.090168	0.094730
111.780169	0.096460
112.470170	0.100990
113.160171	0.108050
113.850172	0.116300
114.540173	0.123730
115.230174	0.128200
115.920175	0.128060
116.610176	0.122550
117.300177	0.111830
117.990178	0.096890
118.680179	0.079290
119.370181	0.060880
120.060182	0.043560
120.750183	0.029080
121.440184	0.018750
122.130185	0.013290
122.820186	0.012680
123.510187	0.016290
124.200188	0.023080
124.890189	0.031850
125.580190	0.041460
126.270191	0.050910
126.960192	0.059380
127.650193	0.066180
128.340194	0.070810
129.030195	0.073000
129.720196	0.072780
130.410197	0.070510
131.100198	0.066830
131.790199	0.062630
132.480200	0.058830
133.170201	0.056260
133.860202	0.055460
134.550203	0.056530
135.240204	0.059170
135.930206	0.062690
136.620207	0.066120
137.310208	0.068350
138.000209	0.068340
138.690210	0.065260
139.380211	0.058640
140.070212	0.048430
140.760213	0.034960
141.450214	0.018820
142.140215	0.000710
142.830216	-0.018570
143.520217	-0.038070
144.210218	-0.056650
144.900219	-0.073000
145.590220	-0.085810
146.280221	-0.093970
146.970222	-0.096800
147.660223	-0.094080
148.350224	-0.086080
149.040225	-0.073480
149.730226	-0.057350
150.420227	-0.039030
151.110228	-0.020080
151.800230	-0.002100
152.490231	0.013410
153.180232	0.025220
153.870233	0.032440
154.560234	0.034500
155.250235	0.031230
155.940236	0.022830
156.630237	0.009780
157.320238	-0.007200
158.010239	-0.027240
158.700240	-0.049280
159.390241	-0.072130
160.080242	-0.094360
160.770243	-0.114280
161.460244	-0.130020
162.150245	-0.139710
162.840246	-0.141830
163.530247	-0.135510
164.220248	-0.120710
164.910249	-0.098170
165.600250	-0.069300
166.290251	-0.035860
166.980252	0.000230
167.670254	0.036960
168.360255	0.072380
169.050256	0.104630
169.740257	0.132120
170.430258	0.153720
171.120259	0.168800
171.810260	0.177230
172.500261	0.179210
173.190262	0.175140
173.880263	0.165490
174.570264	0.150790
175.260265	0.131640
175.950266	0.108790
176.640267	0.083110
177.330268	0.055600
178.020269	0.027340
178.710270	-0.000540
179.400271	-0.026950
180.090272	-0.050830
180.780273	-0.071340
181.470274	-0.088030
182.160275	-0.100930
182.850276	-0.110590
183.540278	-0.117810
184.230279	-0.123400
184.920280	-0.127790
185.610281	-0.130870
186.300282	-0.131920
186.990283	-0.129730
187.680284	-0.122900
188.370285	-0.110140
189.060286	-0.090710
189.750287	-0.064600
190.440288	-0.032650
191.130289	0.003630
191.820290	0.042400
192.510291	0.081760
193.200292	0.119970
193.890293	0.155470
194.580294	0.186810
195.270295	0.212630
195.960296	0.231700
196.650297	0.242910
197.340298	0.245430
198.030299	0.238680
198.720300	0.222390
199.410302	0.196540
200.100303	0.161510
200.790304	0.118100
201.480305	0.067740
202.170306	0.012500
202.860307	-0.044980
203.550308	-0.101860
204.240309	-0.155420
204.930310	-0.203420
205.620311	-0.244310
206.310312	-0.277210
207.000313	-0.301730
207.690314	-0.317820
208.380315	-0.325600
209.070316	-0.325370
209.760317	-0.317480
210.450318	-0.302350
211.140319	-0.280360
211.830320	-0.251830
212.520321	-0.217010
213.210322	-0.176070
213.900323	-0.129250
214.590324	-0.076950
215.280326	-0.019800
215.970327	0.041240
216.660328	0.104900
217.350329	0.169480
218.040330	0.232930
218.730331	0.292810
219.420332	0.346450
220.110333	0.391060
220.800334	0.424010
221.490335	0.443140
222.180336	0.447060
222.870337	0.435360
223.560338	0.408810
224.250339	0.369310
224.940340	0.319810
225.630341	0.263960
226.320342	0.205690
227.010343	0.148710
227.700344	0.096090
228.390345	0.049950
229.080346	0.011410
229.770347	-0.019330
230.460348	-0.042780
231.150350	-0.059890
231.840351	-0.071940
232.530352	-0.080350
233.220353	-0.086570
233.910354	-0.091980
234.600355	-0.097800
235.290356	-0.104910
235.980357	-0.113760
236.670358	-0.124320
237.360359	-0.136090
238.050360	-0.148220
238.740361	-0.159700
239.430362	-0.169460
240.120363	-0.176490
240.810364	-0.179930
241.500365	-0.179110
242.190366	-0.173680
242.880367	-0.163690
243.570368	-0.149610
244.260369	-0.132330
244.950370	-0.113010
245.640371	-0.093000
246.330372	-0.073600
247.020374	-0.055990
247.710375	-0.041020
248.400376	-0.029180
249.090377	-0.020540
249.780378	-0.014900
250.470379	-0.011770
251.160380	-0.010570
251.850381	-0.010580
252.540382	-0.011060
253.230383	-0.011280
253.920384	-0.010600
254.610385	-0.008510
255.300386	-0.004610
255.990387	0.001330
256.680388	0.009520
257.370389	0.020130
258.060390	0.033290
258.750391	0.049000
259.440392	0.067050
260.130393	0.086850
260.820394	0.107370
261.510395	0.127160
262.200396	0.144490
262.890398	0.157580
263.580399	0.164920
264.270400	0.165590
264.960401	0.159400
265.650402	0.146990
266.340403	0.129650
267.030404	0.109020
267.720405	0.086670
268.410406	0.063690
269.100407	0.040430
269.790408	0.016500
270.480409	-0.009000
271.170410	-0.037030
271.860411	-0.068210
272.550412	-0.102500
273.240413	-0.139300
273.930414	-0.177660
274.620415	-0.216450
275.310416	-0.254520
276.000417	-0.290580
276.690418	-0.323180
277.380419	-0.350740
278.070420	-0.371670
278.760422	-0.384620
279.450423	-0.388580
280.140424	-0.382810
280.830425	-0.366760
281.520426	-0.340060
282.210427	-0.302630
282.900428	-0.254950
283.590429	-0.198210
284.280430	-0.134390
284.970431	-0.066060
285.660432	0.003910
286.350433	0.072790
287.040434	0.138160
287.730435	0.198190
288.420436	0.251760
289.110437	0.298460
289.800438	0.338480
290.490439	0.372290
291.180440	0.400240
291.870441	0.422260
292.560442	0.437720
293.250443	0.445640
293.940444	0.444980
294.630446	0.434940
295.320447	0.415160
296.010448	0.385710
296.700449	0.347090
297.390450	0.300260
298.080451	0.246820
298.770452	0.188980
299.460453	0.129540
300.150454	0.071520
300.840455	0.017720
301.530456	-0.029650
302.220457	-0.069420
302.910458	-0.101410
303.600459	-0.126410
304.290460	-0.145730
304.980461	-0.160770
305.670462	-0.172530
306.360463	-0.181300
307.050464	-0.186520
307.740465	-0.187040
308.430466	-0.181480
309.120467	-0.168770
309.810468	-0.148520
310.500470	-0.121270
311.190471	-0.088400
311.880472	-0.051870
312.570473	-0.013680
313.260474	0.024550
313.950475	0.062050
314.640476	0.098850
315.330477	0.135520
316.020478	0.172590
316.710479	0.209940
317.400480	0.246410
318.090481	0.279690
318.780482	0.306600
319.470483	0.323530
320.160484	0.326940
320.850485	0.313850
321.540486	0.282370
322.230487	0.232030
322.920488	0.164030
323.610489	0.081180
324.300490	-0.012350
324.990491	-0.111510
325.680492	-0.210900
326.370494	-0.305290
327.060495	-0.390110
327.750496	-0.461760
328.440497	-0.517800
329.130498	-0.556890
329.820499	-0.578590
330.510500	-0.582980
331.200501	-0.570480
331.890502	-0.541760
332.580503	-0.497910
333.270504	-0.440760
333.960505	-0.373040
334.650506	-0.298410
335.340507	-0.221040
336.030508	-0.144990
336.720509	-0.073640
337.410510	-0.009250
338.100511	0.047090
338.790512	0.095190
339.480513	0.135260
340.170514	0.167550
340.860515	0.192100
341.550516	0.208770
342.240518	0.217450
342.930519	0.218350
343.620520	0.212230
344.310521	0.200420
345.000522	0.184670
345.690523	0.166850
346.380524	0.148680
347.070525	0.131490
347.760526	0.116160
348.450527	0.103180
349.140528	0.092830
349.830529	0.085260
350.520530	0.080560
351.210531	0.078680
351.900532	0.079290
352.590533	0.081700
353.280534	0.084820
353.970535	0.087380
354.660536	0.088170
355.350537	0.086320
356.040538	0.081570
356.730539	0.074250
357.420540	0.065200
358.110542	0.055480
358.800543	0.046150
359.490544	0.037960
360.180545	0.031250
360.870546	0.025900
361.560547	0.021510
362.250548	0.017550
362.940549	0.013570
363.630550	0.009300
364.320551	0.004590
365.010552	-0.000570
365.700553	-0.006190
366.390554	-0.012230
367.080555	-0.018620
367.770556	-0.025150
368.460557	-0.031500
369.150558	-0.037200
369.840559	-0.041780
370.530560	-0.044820
371.220561	-0.046170
371.910562	-0.045930
372.600563	-0.044470
373.290564	-0.042260
373.980566	-0.039670
374.670567	-0.036790
375.360568	-0.033420
376.050569	-0.029120
376.740570	-0.023470
377.430571	-0.016250
378.120572	-0.007580
378.810573	0.002070
379.500574	0.012040
380.190575	0.021670
380.880576	0.030540
381.570577	0.038520
382.260578	0.045800
382.950579	0.052750
383.640580	0.059700
384.330581	0.066850
385.020582	0.074220
385.710583	0.081660
386.400584	0.088940
387.090585	0.095810
387.780586	0.101970
388.470587	0.107120
389.160588	0.110980
389.850589	0.113240
390.540591	0.113630
391.230592	0.111810
391.920593	0.107320
392.610594	0.099620
393.300595	0.088170
393.990596	0.072540
394.680597	0.052520
395.370598	0.028150
396.060599	-0.000320
396.750600	-0.032440
397.440601	-0.067480
398.130602	-0.104440
398.820603	-0.141950
399.510604	-0.178300
400.200605	-0.211550
400.890606	-0.239690
401.580607	-0.260830
402.270608	-0.273440
402.960609	-0.276490
403.650610	-0.269590
404.340611	-0.253100
405.030612	-0.228060
405.720613	-0.196100
406.410615	-0.159260
407.100616	-0.119730
407.790617	-0.079570
408.480618	-0.040470
409.170619	-0.003610
409.860620	0.030320
410.550621	0.061130
411.240622	0.088810
411.930623	0.113440
412.620624	0.135040
413.310625	0.153550
414.000626	0.168830
414.690627	0.180690
415.380628	0.188920
416.070629	0.193240
416.760630	0.193400
417.450631	0.189130
418.140632	0.180240
418.830633	0.166690
419.520634	0.148600
420.210635	0.126250
420.900636	0.100120
421.590637	0.070900
422.280639	0.039640
422.970640	0.007820
423.660641	-0.022590
424.350642	-0.049330
425.040643	-0.070130
425.730644	-0.083150
426.420645	-0.087420
427.110646	-0.083040
427.800647	-0.071260
428.490648	-0.054170
429.180649	-0.034340
429.870650	-0.014380
430.560651	0.003430
431.250652	0.017370
431.940653	0.026320
432.630654	0.029740
433.320655	0.027550
434.010656	0.020110
434.700657	0.008090
435.390658	-0.007490
436.080659	-0.025390
436.770660	-0.044140
437.460661	-0.062210
438.150663	-0.078190
438.840664	-0.090850
439.530665	-0.099340
440.220666	-0.103180
440.910667	-0.102250
441.600668	-0.096810
442.290669	-0.087480
442.980670	-0.075210
443.670671	-0.061250
444.360672	-0.046960
445.050673	-0.033530
445.740674	-0.021750
446.430675	-0.011930
447.120676	-0.003910
447.810677	0.002710
448.500678	0.008380
449.190679	0.013330
449.880680	0.017630
450.570681	0.021290
451.260682	0.024440
451.950683	0.027500
452.640684	0.031170
453.330685	0.036340
454.020687	0.043730
454.710688	0.053730
455.400689	0.066200
456.090690	0.080490
456.780691	0.095620
457.470692	0.110500
458.160693	0.124180
458.850694	0.135900
459.540695	0.145230
460.230696	0.151960
460.920697	0.156040
461.610698	0.157450
462.300699	0.156140
462.990700	0.152020
463.680701	0.145020
464.370702	0.135160
465.060703	0.122630
465.750704	0.107710
466.440705	0.090760
467.130706	0.072140
467.820707	0.052230
468.510708	0.031490
469.200709	0.010510
469.890711	-0.009840
470.580712	-0.028560
471.270713	-0.044550
471.960714	-0.056820
472.650715	-0.064610
473.340716	-0.067510
474.030717	-0.065500
474.720718	-0.058920
475.410719	-0.048540
476.100720	-0.035520
476.790721	-0.021430
477.480722	-0.008150
478.170723	0.002290
478.860724	0.008080
479.550725	0.007930
480.240726	0.001410
480.930727	-0.010960
481.620728	-0.027770
482.310729	-0.047080
483.000730	-0.066810
483.690731	-0.085070
484.380732	-0.100410
485.070733	-0.111950
485.760735	-0.119400
486.450736	-0.123080
487.140737	-0.123800
487.830738	-0.122700
488.520739	-0.120890
489.210740	-0.119140
489.900741	-0.117630
490.590742	-0.115840
491.280743	-0.112740
491.970744	-0.107070
492.660745	-0.097730
493.350746	-0.084060
494.040747	-0.066030
494.730748	-0.044280
495.420749	-0.019940
496.110750	0.005480
496.800751	0.030360
497.490752	0.053070
498.180753	0.072080
498.870754	0.086060
499.560755	0.094030
500.250756	0.095470
500.940757	0.090540
501.630759	0.080150
502.320760	0.065870
503.010761	0.049640
503.700762	0.033480
504.390763	0.019090
505.080764	0.007690
505.770765	-0.000090
506.460766	-0.004200
507.150767	-0.005130
507.840768	-0.003750
508.530769	-0.001270
509.220770	0.000970
509.910771	0.001650
510.600772	-0.000450
511.290773	-0.006240
511.980774	-0.016250
512.670775	-0.030510
513.360776	-0.048470
514.050777	-0.069060
514.740778	-0.090810
515.430779	-0.112050
516.120780	-0.131070
516.810781	-0.146330
517.500783	-0.156390
518.190784	-0.160040
518.880785	-0.156330
519.570786	-0.144700
520.260787	-0.125190
520.950788	-0.098610
521.640789	-0.066580
522.330790	-0.031420
523.020791	0.004140
523.710792	0.037380
524.400793	0.065980
525.090794	0.088260
525.780795	0.103310
526.470796	0.110940
527.160797	0.111610
527.850798	0.106290
528.540799	0.096290
529.230800	0.083190
529.920801	0.068610
530.610802	0.054060
531.300803	0.040780
531.990804	0.029690
532.680805	0.021370
533.370807	0.016130
534.060808	0.014110
534.750809	0.015390
535.440810	0.020060
536.130811	0.028190
536.820812	0.039870
537.510813	0.055130
538.200814	0.073930
538.890815	0.096080
539.580816	0.121150
540.270817	0.148340
540.960818	0.176420
541.650819	0.203770
542.340820	0.228420
543.030821	0.248360
543.720822	0.261660
544.410823	0.266720
545.100824	0.262400
545.790825	0.248140
546.480826	0.224130
547.170827	0.191360
547.860828	0.151670
548.550829	0.107670
549.240831	0.062530
549.930832	0.019580
550.620833	-0.018120
551.310834	-0.048160
552.000835	-0.069160
552.690836	-0.080900
553.380837	-0.084280
554.070838	-0.081150
554.760839	-0.073870
555.450840	-0.064960
556.140841	-0.056520
556.830842	-0.049950
557.520843	-0.045760
558.210844	-0.043730
558.900845	-0.043170
559.590846	-0.043290
560.280847	-0.043610
560.970848	-0.044090
561.660849	-0.045200
562.350850	-0.047820
563.040851	-0.052930
563.730852	-0.061190
564.420853	-0.072510
565.110855	-0.085860
565.800856	-0.099380
566.490857	-0.110730
567.180858	-0.117610
567.870859	-0.118360
568.560860	-0.112240
569.250861	-0.099620
569.940862	-0.081860
570.630863	-0.061190
571.320864	-0.040300
572.010865	-0.021830
572.700866	-0.007960
573.390867	0.000080
574.080868	0.002060
574.770869	-0.001250
575.460870	-0.008600
576.150871	-0.018620
576.840872	-0.030160
577.530873	-0.042480
578.220874	-0.055180
578.910875	-0.068020
579.600876	-0.080670
580.290877	-0.092730
580.980879	-0.103710
581.670880	-0.113130
582.360881	-0.120570
583.050882	-0.125740
583.740883	-0.128350
584.430884	-0.128130
585.120885	-0.124800
585.810886	-0.118080
586.500887	-0.107840
587.190888	-0.094240
587.880889	-0.077700
588.570890	-0.059000
589.260891	-0.039090
589.950892	-0.019030
590.640893	0.000140
591.330894	0.017570
592.020895	0.032670
592.710896	0.045190
593.400897	0.055270
594.090898	0.063370
594.780899	0.070160
595.470900	0.076290
596.160901	0.082220
596.850903	0.088080
597.540904	0.093520
598.230905	0.097780
598.920906	0.099690
599.610907	0.097890
600.300908	0.091130
600.990909	0.078770
601.680910	0.061100
602.370911	0.039440
603.060912	0.016030
603.750913	-0.006490
604.440914	-0.025690
605.130915	-0.039720
605.820916	-0.047590
606.510917	-0.049180
607.200918	-0.045120
607.890919	-0.036520
608.580920	-0.024750
609.270921	-0.011200
609.960922	0.002980
610.650923	0.017030
611.340924	0.030600
612.030925	0.043630
612.720927	0.056220
613.410928	0.068400
614.100929	0.080050
614.790930	0.090850
615.480931	0.100370
616.170932	0.108180
616.860933	0.113990
617.550934	0.117710
618.240935	0.119480
618.930936	0.119560
619.620937	0.118210
620.310938	0.115580
621.000939	0.111600
621.690940	0.106000
622.380941	0.098310
623.070942	0.088030
623.760943	0.074590
624.450944	0.057480
625.140945	0.036280
625.830946	0.010640
626.520947	-0.019590
627.210948	-0.054210
627.900949	-0.092520
628.590950	-0.133210
629.280952	-0.174280
629.970953	-0.213170
630.660954	-0.247010
631.350955	-0.272970
632.040956	-0.288660
632.730957	-0.292370
633.420958	-0.283280
634.110959	-0.261340
634.800960	-0.227200
635.490961	-0.182020
636.180962	-0.127460
636.870963	-0.065690
637.560964	0.000590
638.250965	0.068300
638.940966	0.134290
639.630967	0.195660
640.320968	0.250160
641.010969	0.296310
641.700970	0.333370
642.390971	0.361120
643.080972	0.379640
643.770973	0.389050
644.460974	0.389350
645.150976	0.380420
645.840977	0.362060
646.530978	0.334130
647.220979	0.296860
647.910980	0.251060
648.600981	0.198260
649.290982	0.140690
649.980983	0.081080
650.670984	0.022240
651.360985	-0.033270
652.050986	-0.083460
652.740987	-0.126970
653.430988	-0.163090
654.120989	-0.191640
654.810990	-0.212930
655.500991	-0.227670
656.190992	-0.236940
656.880993	-0.242060
657.570994	-0.244510
658.260995	-0.245790
658.950996	-0.247250
659.640997	-0.249880
660.330998	-0.254240
661.021000	-0.260320
661.711001	-0.267560
662.401002	-0.274880
663.091003	-0.280920
663.781004	-0.284120
664.471005	-0.282970
665.161006	-0.276180
665.851007	-0.262760
666.541008	-0.242160
667.231009	-0.214270
667.921010	-0.179450
668.611011	-0.138610
669.301012	-0.093100
669.991013	-0.044570
670.681014	0.005250
671.371015	0.054760
672.061016	0.102480
672.751017	0.147130
673.441018	0.187530
674.131019	0.222520
674.821020	0.251010
675.511021	0.272020
676.201022	0.284780
676.891024	0.288840
677.581025	0.284100
678.271026	0.270920
678.961027	0.250080
679.651028	0.222790
680.341029	0.190590
681.031030	0.155260
681.721031	0.118720
682.411032	0.083020
683.101033	0.050050
683.791034	0.021470
684.481035	-0.001570
685.171036	-0.018450
685.861037	-0.029010
686.551038	-0.033440
687.241039	-0.032190
687.931040	-0.026100
688.621041	-0.016340
689.311042	-0.004390
690.001043	0.008080
690.691044	0.019550
691.381045	0.028780
692.071046	0.035010
692.761048	0.038020
693.451049	0.038090
694.141050	0.036000
694.831051	0.032870
695.521052	0.029890
696.211053	0.028010
696.901054	0.027690
697.591055	0.028910
698.281056	0.031240
698.971057	0.034090
699.661058	0.036990
700.351059	0.039780
701.041060	0.042640
701.731061	0.045940
702.421062	0.050000
703.111063	0.054870
703.801064	0.060270
704.491065	0.065530
705.181066	0.069710
705.871067	0.071770
706.561068	0.070770
707.251069	0.066060
707.941070	0.057540
708.631072	0.045880
709.321073	0.032500
710.011074	0.019360
710.701075	0.008510
711.391076	0.001670
712.081077	-0.000140
712.771078	0.003280
713.461079	0.011260
714.151080	0.022280
714.841081	0.034060
715.531082	0.043760
716.221083	0.048230
716.911084	0.044490
717.601085	0.030190
718.291086	0.004240
718.981087	-0.032800
719.671088	-0.078600
720.361089	-0.129430
721.051090	-0.180720
721.741091	-0.227740
722.431092	-0.266290
723.121093	-0.293210
723.811094	-0.306680
724.501096	-0.306290
725.191097	-0.293150
725.881098	-0.269600
726.571099	-0.238740
727.261100	-0.203740
727.951101	-0.167470
728.641102	-0.132180
729.331103	-0.099490
730.021104	-0.070460
730.711105	-0.045720
731.401106	-0.025510
732.091107	-0.009610
732.781108	0.002550
733.471109	0.011830
734.161110	0.019170
734.851111	0.025470
735.541112	0.031500
736.231113	0.037830
736.921114	0.044830
737.611115	0.052690
738.301116	0.061410
738.991117	0.070760
739.681118	0.080270
740.371120	0.089270
741.061121	0.096960
741.751122	0.102590
742.441123	0.105530
743.131124	0.105400
743.821125	0.102030
744.511126	0.095520
745.201127	0.086190
745.891128	0.074590
746.581129	0.061390
747.271130	0.047350
747.961131	0.033210
748.651132	0.019620
749.341133	0.007070
750.031134	-0.003970
750.721135	-0.013120
751.411136	-0.020010
752.101137	-0.024390
752.791138	-0.026080
753.481139	-0.024970
754.171140	-0.021110
754.861141	-0.014700
755.551142	-0.006220
756.241144	0.003570
756.931145	0.013690
757.621146	0.023020
758.311147	0.030450
759.001148	0.035000
759.691149	0.035920
760.381150	0.032720
761.071151	0.025290
761.761152	0.014040
762.451153	-0.000120
763.141154	-0.015800
763.831155	-0.031340
764.521156	-0.045100
765.211157	-0.055710
765.901158	-0.062230
766.591159	-0.064330
767.281160	-0.062250
767.971161	-0.056710
768.661162	-0.048870
769.351163	-0.040120
770.041164	-0.031910
770.731165	-0.025560
771.421166	-0.022040
772.111168	-0.021850
772.801169	-0.025050
773.491170	-0.031240
774.181171	-0.039610
774.871172	-0.048970
775.561173	-0.057910
776.251174	-0.064860
776.941175	-0.068320
777.631176	-0.066940
778.321177	-0.059770
779.011178	-0.046280
779.701179	-0.026400
780.391180	-0.000470
781.081181	0.030850
781.771182	0.066570
782.461183	0.105500
783.151184	0.146220
783.841185	0.187080
784.531186	0.226170
785.221187	0.261400
785.911188	0.290690
786.601189	0.312160
787.291190	0.324470
787.981192	0.326880
788.671193	0.319390
789.361194	0.302530
790.051195	0.277260
790.741196	0.244870
791.431197	0.206940
792.121198	0.165600
792.811199	0.123530
793.501200	0.083860
794.191201	0.049690
794.881202	0.023530
795.571203	0.006700
796.261204	-0.001080
796.951205	-0.001850
797.641206	0.001010
798.331207	0.003160
799.021208	0.000090
799.711209	-0.012200
800.401210	-0.036280
801.091211	-0.072560
801.781212	-0.118850
802.471213	-0.170550
803.161214	-0.221430
803.851216	-0.264940
804.541217	-0.295520
805.231218	-0.309670
805.921219	-0.306300
806.611220	-0.286470
807.301221	-0.252820
807.991222	-0.209010
808.681223	-0.159070
809.371224	-0.106970
810.061225	-0.056270
810.751226	-0.009830
811.441227	0.030320
812.131228	0.062840
812.821229	0.086810
813.511230	0.101570
814.201231	0.106560
814.891232	0.101450
815.581233	0.086400
816.271234	0.062240
816.961235	0.030550
817.651236	-0.006440
818.341237	-0.046150
819.031238	-0.085950
819.721240	-0.123510
820.411241	-0.156910
821.101242	-0.184750
821.791243	-0.206090
822.481244	-0.220470
823.171245	-0.227860
823.861246	-0.228620
824.551247	-0.223580
825.241248	-0.213830
825.931249	-0.200560
826.621250	-0.184860
827.311251	-0.167570
828.001252	-0.149260
828.691253	-0.130210
829.381254	-0.110540
830.071255	-0.090150
830.761256	-0.068740
831.451257	-0.045930
832.141258	-0.021370
832.831259	0.004960
833.521260	0.032700
834.211261	0.060990
834.901262	0.088700
835.591264	0.114610
836.281265	0.137600
836.971266	0.156770
837.661267	0.171440
838.351268	0.181160
839.041269	0.185700
839.731270	0.185100
840.421271	0.179620
841.111272	0.169720
841.801273	0.155990
842.491274	0.139140
843.181275	0.120080
843.871276	0.099930
844.561277	0.080010
845.251278	0.061650
845.941279	0.045920
846.631280	0.033420
847.321281	0.024150
848.011282	0.017630
848.701283	0.013150
849.391284	0.010010
850.081285	0.007760
850.771286	0.006290
851.461288	0.005810
852.151289	0.006800
852.841290	0.009810
853.531291	0.015260
854.221292	0.023200
854.911293	0.033240
855.601294	0.044530
856.291295	0.055950
856.981296	0.066290
857.671297	0.074510
858.361298	0.079860
859.051299	0.082030
859.741300	0.081080
860.431301	0.077450
861.121302	0.071750
861.811303	0.064630
862.501304	0.056600
863.191305	0.047960
863.881306	0.038760
864.571307	0.028750
865.261308	0.017480
865.951309	0.004350
866.641310	-0.011210
867.331312	-0.029640
868.021313	-0.050950
868.711314	-0.074620
869.401315	-0.099510
870.091316	-0.123950
870.781317	-0.145980
871.471318	-0.163630
872.161319	-0.175220
872.851320	-0.179670
873.541321	-0.176680
874.231322	-0.166760
874.921323	-0.151130
875.611324	-0.131520
876.301325	-0.109770
876.991326	-0.087540
877.681327	-0.065900
878.371328	-0.045280
879.061329	-0.025530
879.751330	-0.006100
880.441331	0.013670
881.131332	0.034360
881.821333	0.056140
882.511334	0.078830
883.201335	0.101820
883.891337	0.124160
884.581338	0.144800
885.271339	0.162700
885.961340	0.176920
886.651341	0.186630
887.341342	0.191080
888.031343	0.189590
888.721344	0.181520
889.411345	0.166290
890.101346	0.143410
890.791347	0.112660
891.481348	0.074270
892.171349	0.029300
892.861350	-0.020110
893.551351	-0.070560
894.241352	-0.117590
894.931353	-0.156190
895.621354	-0.181650
896.311355	-0.190400
897.001356	-0.180820
897.691357	-0.153600
898.381358	-0.111690
899.071359	-0.059810
899.761361	-0.003590
900.451362	0.051200
901.141363	0.099500
901.831364	0.137290
902.521365	0.161860
903.211366	0.171770
903.901367	0.166830
904.591368	0.148130
905.281369	0.117920
905.971370	0.079440
906.661371	0.036660
907.351372	-0.006350
908.041373	-0.045970
908.731374	-0.079480
909.421375	-0.105350
910.111376	-0.123250
910.801377	-0.133790
911.491378	-0.138270
912.181379	-0.138280
912.871380	-0.135450
913.561381	-0.131260
914.251382	-0.127030
914.941383	-0.123770
915.631385	-0.122170
916.321386	-0.122490
917.011387	-0.124480
917.701388	-0.127430
918.391389	-0.130160
919.081390	-0.131180
919.771391	-0.128870
920.461392	-0.121670
921.151393	-0.108290
921.841394	-0.087910
922.531395	-0.060440
923.221396	-0.026690
923.911397	0.011580
924.601398	0.051830
925.291399	0.091020
925.981400	0.126090
926.671401	0.154480
927.361402	0.174550
928.051403	0.185840
928.741404	0.188930
929.431405	0.185170
930.121406	0.176270
930.811407	0.163980
931.501409	0.149840
932.191410	0.135150
932.881411	0.120970
933.571412	0.108140
934.261413	0.097200
934.951414	0.088330
935.641415	0.081450
936.331416	0.076370
937.021417	0.072910
937.711418	0.071040
938.401419	0.070760
939.091420	0.072050
939.781421	0.074800
940.471422	0.078740
941.161423	0.083610
941.851424	0.089180
942.541425	0.095390
943.231426	0.102190
943.921427	0.109490
944.611428	0.116900
945.301429	0.123570
945.991430	0.128120
946.681431	0.128830
947.371433	0.123900
948.061434	0.111860
948.751435	0.091820
949.441436	0.063710
950.131437	0.028330
950.821438	-0.012490
951.511439	-0.056030
952.201440	-0.098820
952.891441	-0.137240
953.581442	-0.168130
954.271443	-0.189350
954.961444	-0.200040
955.651445	-0.200490
956.341446	-0.191870
957.031447	-0.175920
957.721448	-0.154790
958.411449	-0.130870
959.101450	-0.106600
959.791451	-0.084230
960.481452	-0.065660
961.171453	-0.052300
961.861454	-0.045110
962.551455	-0.044580
963.241457	-0.050620
963.931458	-0.062400
964.621459	-0.078180
965.311460	-0.095450
966.001461	-0.111350
966.691462	-0.123350
967.381463	-0.129740
968.071464	-0.129950
968.761465	-0.124470
969.451466	-0.114520
970.141467	-0.101570
970.831468	-0.086920
971.521469	-0.071570
972.211470	-0.056190
972.901471	-0.041150
973.591472	-0.026730
974.281473	-0.013170
974.971474	-0.000760
975.661475	0.010220
976.351476	0.019460
977.041477	0.026600
977.731478	0.031160
978.421479	0.032650
979.111481	0.030690
979.801482	0.025120
980.491483	0.016090
981.181484	0.004140
981.871485	-0.009770
982.561486	-0.024460
983.251487	-0.038530
983.941488	-0.050660
984.631489	-0.059680
985.321490	-0.064820
986.011491	-0.065760
986.701492	-0.062770
987.391493	-0.056580
988.081494	-0.048220
988.771495	-0.038780
989.461496	-0.029210
990.151497	-0.020200
990.841498	-0.012190
991.531499	-0.005450
992.221500	-0.000130
992.911501	0.003700
993.601502	0.006120
994.291503	0.007390
994.981505	0.007980
995.671506	0.008480
996.361507	0.009600
997.051508	0.012010
997.741509	0.016200
998.431510	0.022490
999.121511	0.030930
999.811512	0.041380
1000.501513	0.053510
1001.191514	0.066910
1001.881515	0.081100
1002.571516	0.095610
1003.261517	0.109960
1003.951518	0.123720
1004.641519	0.136460
1005.331520	0.147690
1006.021521	0.156860
1006.711522	0.163310
1007.401523	0.166400
1008.091524	0.165570
1008.781525	0.160510
1009.471526	0.151290
1010.161527	0.138420
1010.851529	0.122860
1011.541530	0.105980
1012.231531	0.089360
1012.921532	0.074630
1013.611533	0.063260
1014.301534	0.056310
1014.991535	0.054320
1015.681536	0.057160
1016.371537	0.064090
1017.061538	0.073850
1017.751539	0.084880
1018.441540	0.095530
1019.131541	0.104360
1019.821542	0.110340
1020.511543	0.113060
1021.201544	0.112700
1021.891545	0.109980
1022.581546	0.105820
1023.271547	0.101110
1023.961548	0.096310
1024.651549	0.091290
1025.341550	0.085250
1026.031551	0.076810
1026.721553	0.064210
1027.411554	0.045580
1028.101555	0.019290
1028.791556	-0.015510
1029.481557	-0.058560
1030.171558	-0.108010
1030.861559	-0.160490
1031.551560	-0.211680
1032.241561	-0.257060
1032.931562	-0.292740
1033.621563	-0.316110
1034.311564	-0.326060
1035.001565	-0.322770
1035.691566	-0.307390
1036.381567	-0.281760
1037.071568	-0.248170
1037.761569	-0.209170
1038.451570	-0.167330
1039.141571	-0.125180
1039.831572	-0.085010
1040.521573	-0.048740
1041.211574	-0.017750
1041.901575	0.007120
1042.591577	0.025660
1043.281578	0.038150
1043.971579	0.045250
1044.661580	0.047800
1045.351581	0.046780
1046.041582	0.043150
1046.731583	0.037680
1047.421584	0.030900
1048.111585	0.023060
1048.801586	0.014310
1049.491587	0.004840
1050.181588	-0.004820
1050.871589	-0.013860
1051.561590	-0.021180
1052.251591	-0.025680
1052.941592	-0.026500
1053.631593	-0.023290
1054.321594	-0.016270
1055.011595	-0.006310
1055.701596	0.005210
1056.391597	0.016710
1057.081598	0.026610
1057.771599	0.033690
1058.461601	0.037250
1059.151602	0.037160
1059.841603	0.033770
1060.531604	0.027850
1061.221605	0.020320
1061.911606	0.012080
