0.000000	-0.133120
0.690003	-0.077500
1.380006	-0.017540
2.070009	0.044670
2.760012	0.107120
3.450016	0.167840
4.140019	0.224960
4.830022	0.276650
5.520025	0.321120
6.210028	0.356560
6.900031	0.381190
7.590034	0.393320
8.280037	0.391540
8.970040	0.374940
9.660044	0.343340
10.350047	0.297610
11.040050	0.239730
11.730053	0.172780
12.420056	0.100720
13.110059	0.028030
13.800062	-0.040810
14.490065	-0.101870
15.180068	-0.152130
15.870072	-0.189840
16.560075	-0.214550
17.250078	-0.226930
17.940081	-0.228510
18.630084	-0.221310
19.320087	-0.207630
20.010090	-0.189740
20.700093	-0.169810
21.390096	-0.149720
22.080099	-0.131000
22.770103	-0.114730
23.460106	-0.101530
24.150109	-0.091480
24.840112	-0.084260
25.530115	-0.079270
26.220118	-0.075880
26.910121	-0.073540
27.600124	-0.071910
28.290127	-0.070770
28.980131	-0.069850
29.670134	-0.068790
30.360137	-0.067090
31.050140	-0.064190
31.740143	-0.059660
32.430146	-0.053260
33.120149	-0.045030
33.810152	-0.035260
34.500155	-0.024530
35.190159	-0.013600
35.880162	-0.003280
36.570165	0.005650
37.260168	0.012590
37.950171	0.017140
38.640174	0.019160
39.330177	0.018700
40.020180	0.015930
40.710183	0.011130
41.400187	0.004640
42.090190	-0.003080
42.780193	-0.011500
43.470196	-0.020020
44.160199	-0.028080
44.850202	-0.035230
45.540205	-0.041200
46.230208	-0.045760
46.920211	-0.048620
47.610215	-0.049290
48.300218	-0.047040
48.990221	-0.040970
49.680224	-0.030340
50.370227	-0.014810
51.060230	0.005190
51.750233	0.028390
52.440236	0.052710
53.130239	0.075660
53.820243	0.094780
54.510246	0.108150
55.200249	0.114690
55.890252	0.114280
56.580255	0.107720
57.270258	0.096480
57.960261	0.082390
58.650264	0.067340
59.340267	0.052930
60.030270	0.040240
60.720274	0.029730
61.410277	0.021300
62.100280	0.014410
62.790283	0.008250
63.480286	0.001900
64.170289	-0.005570
64.860292	-0.014990
65.550295	-0.026980
66.240298	-0.041970
66.930302	-0.060070
67.620305	-0.081060
68.310308	-0.104290
69.000311	-0.128700
69.690314	-0.152940
70.380317	-0.175590
71.070320	-0.195360
71.760323	-0.211160
72.450326	-0.221990
73.140330	-0.226850
73.830333	-0.224560
74.520336	-0.213880
75.210339	-0.193770
75.900342	-0.163740
76.590345	-0.124140
77.280348	-0.076290
77.970351	-0.022400
78.660354	0.034590
79.350358	0.091410
80.040361	0.144740
80.730364	0.191610
81.420367	0.229730
82.110370	0.257710
82.800373	0.275080
83.490376	0.282180
84.180379	0.279890
84.870382	0.269380
85.560386	0.251930
86.250389	0.228940
86.940392	0.201920
87.630395	0.172520
88.320398	0.142400
89.010401	0.113100
89.700404	0.085780
90.390407	0.061000
91.080410	0.038640
91.770414	0.018120
92.460417	-0.001370
93.150420	-0.020390
93.840423	-0.038950
94.530426	-0.056370
95.220429	-0.071370
95.910432	-0.082460
96.600435	-0.088210
97.290438	-0.087650
97.980441	-0.080420
98.670445	-0.066780
99.360448	-0.047600
100.050451	-0.024160
100.740454	0.001860
101.430457	0.028610
102.120460	0.054050
102.810463	0.076360
103.500466	0.094220
104.190469	0.107330
104.880473	0.116550
105.570476	0.123770
106.260479	0.131380
106.950482	0.141560
107.640485	0.155540
108.330488	0.173190
109.020491	0.192880
109.710494	0.211740
110.400497	0.226150
111.090501	0.232390
111.780504	0.227320
112.470507	0.208900
113.160510	0.176550
113.850513	0.131080
114.540516	0.074530
115.230519	0.009730
115.920522	-0.060040
116.610525	-0.131410
117.300529	-0.201010
117.990532	-0.265670
118.680535	-0.322560
119.370538	-0.369340
120.060541	-0.404310
120.750544	-0.426590
121.440547	-0.436110
122.130550	-0.433440
122.820553	-0.419520
123.510557	-0.395420
124.200560	-0.362110
124.890563	-0.320590
125.580566	-0.272070
126.270569	-0.218310
126.960572	-0.161750
127.650575	-0.105390
128.340578	-0.052360
129.030581	-0.005460
129.720585	0.033310
130.410588	0.063010
131.100591	0.083670
131.790594	0.096100
132.480597	0.101500
133.170600	0.101070
133.860603	0.095880
134.550606	0.086840
135.240609	0.074900
135.930612	0.061320
136.620616	0.047810
137.310619	0.036390
138.000622	0.029010
138.690625	0.026940
139.380628	0.030440
140.070631	0.038670
140.760634	0.050070
141.450637	0.062860
142.140640	0.075600
142.830644	0.087430
143.520647	0.097950
144.210650	0.106940
144.900653	0.114060
145.590656	0.118780
146.280659	0.120410
146.970662	0.118400
147.660665	0.112550
148.350668	0.103170
149.040672	0.091010
149.730675	0.077120
150.420678	0.062560
151.110681	0.048180
151.800684	0.034520
152.490687	0.021740
153.180690	0.009700
153.870693	-0.001960
154.560696	-0.013670
155.250700	-0.025720
155.940703	-0.038130
156.630706	-0.050630
157.320709	-0.062730
158.010712	-0.073790
158.700715	-0.083180
159.390718	-0.090330
160.080721	-0.094750
160.770724	-0.096030
161.460728	-0.093810
162.150731	-0.087840
162.840734	-0.077990
163.530737	-0.064370
164.220740	-0.047390
164.910743	-0.027830
165.600746	-0.006850
166.290749	0.014140
166.980752	0.033780
167.670756	0.050860
168.360759	0.064620
169.050762	0.074840
169.740765	0.081770
170.430768	0.086150
171.120771	0.088980
171.810774	0.091300
172.500777	0.093980
173.190780	0.097500
173.880783	0.101900
174.570787	0.106800
175.260790	0.111580
175.950793	0.115570
176.640796	0.118220
177.330799	0.119130
178.020802	0.118130
178.710805	0.115240
179.400808	0.110580
180.090811	0.104380
180.780815	0.096840
181.470818	0.088060
182.160821	0.078020
182.850824	0.066540
183.540827	0.053340
184.230830	0.038110
184.920833	0.020600
185.610836	0.000720
186.300839	-0.021460
186.990843	-0.045700
187.680846	-0.071590
188.370849	-0.098540
189.060852	-0.125880
189.750855	-0.152820
190.440858	-0.178490
191.130861	-0.201970
191.820864	-0.222240
192.510867	-0.238180
193.200871	-0.248640
193.890874	-0.252530
194.580877	-0.248960
195.270880	-0.237440
195.960883	-0.218010
196.650886	-0.191330
197.340889	-0.158660
198.030892	-0.121700
198.720895	-0.082470
199.410899	-0.042970
200.100902	-0.005010
200.790905	0.029970
201.480908	0.061010
202.170911	0.087440
202.860914	0.108920
203.550917	0.125330
204.240920	0.136740
204.930923	0.143420
205.620927	0.145850
206.310930	0.144670
207.000933	0.140520
207.690936	0.133900
208.380939	0.125120
209.070942	0.114310
209.760945	0.101480
210.450948	0.086660
211.140951	0.069960
211.830955	0.051680
212.520958	0.032210
213.210961	0.012050
213.900964	-0.008140
214.590967	-0.027640
215.280970	-0.045550
215.970973	-0.060890
216.660976	-0.072650
217.350979	-0.079930
218.040982	-0.082070
218.730986	-0.078760
219.420989	-0.070170
220.110992	-0.056990
220.800995	-0.040430
221.490998	-0.022030
222.181001	-0.003460
222.871004	0.013700
223.561007	0.028250
224.251010	0.039300
224.941014	0.046340
225.631017	0.049050
226.321020	0.047240
227.011023	0.040850
227.701026	0.029980
228.391029	0.014970
229.081032	-0.003420
229.771035	-0.024030
230.461038	-0.045190
231.151042	-0.064880
231.841045	-0.080990
232.531048	-0.091510
233.221051	-0.094820
233.911054	-0.089880
234.601057	-0.076330
235.291060	-0.054620
235.981063	-0.025960
236.671066	0.007740
237.361070	0.044090
238.051073	0.080490
238.741076	0.114470
239.431079	0.143960
240.121082	0.167460
240.811085	0.184160
241.501088	0.193960
242.191091	0.197440
242.881094	0.195680
243.571098	0.189970
244.261101	0.181510
244.951104	0.171180
245.641107	0.159450
246.331110	0.146480
247.021113	0.132330
247.711116	0.117020
248.401119	0.100640
249.091122	0.083250
249.781126	0.064850
250.471129	0.045390
251.161132	0.024830
251.851135	0.003230
252.541138	-0.019180
253.231141	-0.041960
253.921144	-0.064460
254.611147	-0.085840
255.301150	-0.105110
255.991153	-0.121240
256.681157	-0.133250
257.371160	-0.140370
258.061163	-0.142150
258.751166	-0.138520
259.441169	-0.129750
260.131172	-0.116420
260.821175	-0.099290
261.511178	-0.079270
262.201181	-0.057390
262.891185	-0.034840
263.581188	-0.013040
264.271191	0.006310
264.961194	0.021300
265.651197	0.030040
266.341200	0.030980
267.031203	0.023280
267.721206	0.007160
268.411209	-0.016060
269.101213	-0.044070
269.791216	-0.073860
270.481219	-0.102180
271.171222	-0.126070
271.861225	-0.143270
272.551228	-0.152490
273.241231	-0.153430
273.931234	-0.146770
274.621237	-0.133910
275.311241	-0.116710
276.001244	-0.097230
276.691247	-0.077420
277.381250	-0.058960
278.071253	-0.043140
278.761256	-0.030750
279.451259	-0.022090
280.141262	-0.016920
280.831265	-0.014450
281.521269	-0.013370
282.211272	-0.012040
282.901275	-0.008770
283.591278	-0.002170
284.281281	0.008610
284.971284	0.023740
285.661287	0.042730
286.351290	0.064620
287.041293	0.088160
287.731297	0.111870
288.421300	0.134060
289.111303	0.152880
289.801306	0.166470
290.491309	0.173160
291.181312	0.171720
291.871315	0.161640
292.561318	0.143200
293.251321	0.117400
293.941324	0.085790
294.631328	0.050260
295.321331	0.012850
296.011334	-0.024460
296.701337	-0.059910
297.391340	-0.091960
298.081343	-0.119370
298.771346	-0.141230
299.461349	-0.156910
300.151352	-0.166100
300.841356	-0.168880
301.531359	-0.165740
302.221362	-0.157610
302.911365	-0.145830
303.601368	-0.131940
304.291371	-0.117440
304.981374	-0.103580
305.671377	-0.091210
306.361380	-0.080770
307.051384	-0.072230
307.741387	-0.065240
308.431390	-0.059180
309.121393	-0.053340
309.811396	-0.047110
310.501399	-0.040160
311.191402	-0.032440
311.881405	-0.024210
312.571408	-0.015880
313.261412	-0.007980
313.951415	-0.001010
314.641418	0.004630
315.331421	0.008670
316.021424	0.011040
316.711427	0.012010
317.401430	0.012100
318.091433	0.012090
318.781436	0.012940
319.471440	0.015680
320.161443	0.021310
320.851446	0.030710
321.541449	0.044520
322.231452	0.063050
322.921455	0.086190
323.611458	0.113280
324.301461	0.143090
324.991464	0.173850
325.681468	0.203340
326.371471	0.229190
327.061474	0.249170
327.751477	0.261510
328.441480	0.265110
329.131483	0.259600
329.821486	0.245240
330.511489	0.222760
331.201492	0.193230
331.891495	0.157900
332.581499	0.118250
333.271502	0.076080
333.961505	0.033510
334.651508	-0.007030
335.341511	-0.042990
336.031514	-0.071950
336.721517	-0.092070
337.411520	-0.102450
338.101523	-0.103460
338.791527	-0.096820
339.481530	-0.085450
340.171533	-0.072980
340.861536	-0.063120
341.551539	-0.059010
342.241542	-0.062640
342.931545	-0.074520
343.621548	-0.093710
344.311551	-0.118020
345.001555	-0.144410
345.691558	-0.169540
346.381561	-0.190160
347.071564	-0.203420
347.761567	-0.207180
348.451570	-0.200190
349.141573	-0.182190
349.831576	-0.154050
350.521579	-0.117730
351.211583	-0.076120
351.901586	-0.032720
352.591589	0.008880
353.281592	0.045550
353.971595	0.075120
354.661598	0.096680
355.351601	0.110610
356.041604	0.118260
356.731607	0.121550
357.421611	0.122520
358.111614	0.122870
358.801617	0.123770
359.491620	0.125660
360.181623	0.128260
360.871626	0.130710
361.561629	0.131730
362.251632	0.129990
362.941635	0.124440
363.631639	0.114560
364.321642	0.100410
365.011645	0.082530
365.701648	0.061700
366.391651	0.038700
367.081654	0.014290
367.771657	-0.010730
368.461660	-0.035490
369.151663	-0.058860
369.841666	-0.079710
370.531670	-0.097050
371.221673	-0.110230
371.911676	-0.119110
372.601679	-0.124090
373.291682	-0.126030
373.981685	-0.126080
374.671688	-0.125430
375.361691	-0.125100
376.051694	-0.125760
376.741698	-0.127630
377.431701	-0.130460
378.121704	-0.133650
378.811707	-0.136360
379.501710	-0.137750
380.191713	-0.137180
380.881716	-0.134400
381.571719	-0.129530
382.261722	-0.122990
382.951726	-0.115310
383.641729	-0.106920
384.331732	-0.098100
385.021735	-0.089000
385.711738	-0.079670
386.401741	-0.070150
387.091744	-0.060440
387.781747	-0.050540
388.471750	-0.040420
389.161754	-0.030060
389.851757	-0.019420
390.541760	-0.008480
391.231763	0.002760
391.921766	0.014280
392.611769	0.025930
393.301772	0.037390
393.991775	0.048210
394.681778	0.057910
395.371782	0.066080
396.061785	0.072520
396.751788	0.077230
397.441791	0.080330
398.131794	0.082010
398.821797	0.082490
399.511800	0.081920
400.201803	0.080400
400.891806	0.077960
401.581810	0.074600
402.271813	0.070370
402.961816	0.065530
403.651819	0.060590
404.341822	0.056240
405.031825	0.053160
405.721828	0.051790
406.411831	0.052170
407.101834	0.053970
407.791837	0.056660
408.481841	0.059720
409.171844	0.062860
409.861847	0.066040
410.551850	0.069320
411.241853	0.072760
411.931856	0.076220
412.621859	0.079370
413.311862	0.081670
414.001865	0.082550
414.691869	0.081410
415.381872	0.077720
416.071875	0.071020
416.761878	0.060910
417.451881	0.047100
418.141884	0.029440
418.831887	0.007960
419.521890	-0.017100
420.211893	-0.045230
420.901897	-0.075630
421.591900	-0.107210
422.281903	-0.138620
422.971906	-0.168350
423.661909	-0.194810
424.351912	-0.216360
425.041915	-0.231350
425.731918	-0.238150
426.421921	-0.235180
427.111925	-0.221150
427.801928	-0.195310
428.491931	-0.157780
429.181934	-0.109850
429.871937	-0.053990
430.561940	0.006480
431.251943	0.067940
431.941946	0.127000
432.631949	0.180970
433.321953	0.228070
434.011956	0.267260
434.701959	0.298080
435.391962	0.320310
436.081965	0.333910
436.771968	0.338890
437.461971	0.335340
438.151974	0.323500
438.841977	0.303820
439.531981	0.277020
440.221984	0.244060
440.911987	0.206050
441.601990	0.164150
442.291993	0.119480
442.981996	0.073160
443.671999	0.026280
444.362002	-0.019980
445.052005	-0.064390
445.742008	-0.105700
446.432012	-0.142810
447.122015	-0.175000
447.812018	-0.202000
448.502021	-0.224090
449.192024	-0.242020
449.882027	-0.256780
450.572030	-0.269390
451.262033	-0.280670
451.952036	-0.291070
452.642040	-0.300580
453.332043	-0.308780
454.022046	-0.314880
454.712049	-0.317880
455.402052	-0.316680
456.092055	-0.310200
456.782058	-0.297490
457.472061	-0.277770
458.162064	-0.250670
458.852068	-0.216370
459.542071	-0.175780
460.232074	-0.130480
460.922077	-0.082520
461.612080	-0.033980
462.302083	0.013300
462.992086	0.057980
463.682089	0.099190
464.372092	0.136360
465.062096	0.169150
465.752099	0.197340
466.442102	0.220750
467.132105	0.239230
467.822108	0.252540
468.512111	0.260390
469.202114	0.262430
469.892117	0.258430
470.582120	0.248510
471.272124	0.233200
471.962127	0.213460
472.652130	0.190540
473.342133	0.165840
474.032136	0.140710
474.722139	0.116410
475.412142	0.094070
476.102145	0.074660
476.792148	0.058820
477.482152	0.046800
478.172155	0.038280
478.862158	0.032520
479.552161	0.028480
480.242164	0.025120
480.932167	0.021610
481.622170	0.017490
482.312173	0.012630
483.002176	0.007240
483.692179	0.001820
484.382183	-0.002940
485.072186	-0.006210
485.762189	-0.007190
486.452192	-0.005260
487.142195	-0.000180
487.832198	0.007850
488.522201	0.018100
489.212204	0.029310
489.902207	0.039840
490.592211	0.047850
491.282214	0.051460
491.972217	0.049110
492.662220	0.039740
493.352223	0.023120
494.042226	-0.000040
494.732229	-0.027830
495.422232	-0.057370
496.112235	-0.085090
496.802239	-0.107400
497.492242	-0.121340
498.182245	-0.125060
498.872248	-0.118030
499.562251	-0.100920
500.252254	-0.075400
500.942257	-0.043810
501.632260	-0.008980
502.322263	0.026010
503.012267	0.058080
503.702270	0.084330
504.392273	0.102290
505.082276	0.109990
505.772279	0.106170
506.462282	0.090350
507.152285	0.063020
507.842288	0.025800
508.532291	-0.018460
509.222295	-0.065840
509.912298	-0.111590
510.602301	-0.150670
511.292304	-0.178430
511.982307	-0.191570
512.672310	-0.188760
513.362313	-0.170920
514.052316	-0.141150
514.742319	-0.103990
515.432323	-0.064500
516.122326	-0.027330
516.812329	0.003780
517.502332	0.026280
518.192335	0.038780
518.882338	0.040930
519.572341	0.033360
520.262344	0.017620
520.952347	-0.003990
521.642350	-0.028740
522.332354	-0.053790
523.022357	-0.076550
523.712360	-0.095000
524.402363	-0.107740
525.092366	-0.113970
525.782369	-0.113410
526.472372	-0.106210
527.162375	-0.093000
527.852378	-0.074780
528.542382	-0.052870
529.232385	-0.028830
529.922388	-0.004250
530.612391	0.019360
531.302394	0.040720
531.992397	0.058760
532.682400	0.072650
533.372403	0.081820
534.062406	0.085930
534.752410	0.084930
535.442413	0.079100
536.132416	0.069060
536.822419	0.055660
537.512422	0.039930
538.202425	0.022890
538.892428	0.005410
539.582431	-0.011810
540.272434	-0.028270
540.962438	-0.043500
541.652441	-0.057000
542.342444	-0.068200
543.032447	-0.076400
543.722450	-0.080970
544.412453	-0.081440
545.102456	-0.077680
545.792459	-0.070000
546.482462	-0.059100
547.172466	-0.045940
547.862469	-0.031580
548.552472	-0.016890
549.242475	-0.002550
549.932478	0.010930
550.622481	0.023170
551.312484	0.033760
552.002487	0.042370
552.692490	0.048780
553.382494	0.052990
554.072497	0.055260
554.762500	0.056040
555.452503	0.055860
556.142506	0.055220
556.832509	0.054460
557.522512	0.053700
558.212515	0.052840
558.902518	0.051590
559.592521	0.049540
560.282525	0.046260
560.972528	0.041380
561.662531	0.034690
562.352534	0.026210
563.042537	0.016270
563.732540	0.005470
564.422543	-0.005390
565.112546	-0.015580
565.802549	-0.024420
566.492553	-0.031470
567.182556	-0.036450
567.872559	-0.039210
568.562562	-0.039550
569.252565	-0.037200
569.942568	-0.031830
570.632571	-0.023070
571.322574	-0.010610
572.012577	0.005770
572.702581	0.026010
573.392584	0.049700
574.082587	0.076010
574.772590	0.103700
575.462593	0.131150
576.152596	0.156540
576.842599	0.178080
577.532602	0.194280
578.222605	0.204120
578.912609	0.207250
579.602612	0.204050
580.292615	0.195580
580.982618	0.183400
581.672621	0.169400
582.362624	0.155470
583.052627	0.143110
583.742630	0.133130
584.432633	0.125350
585.122637	0.118440
585.812640	0.110050
586.502643	0.097080
587.192646	0.076180
587.882649	0.044530
588.572652	0.000530
589.262655	-0.055330
589.952658	-0.120100
590.642661	-0.188370
591.332665	-0.253180
592.022668	-0.307410
592.712671	-0.345100
593.402674	-0.362580
594.092677	-0.358800
594.782680	-0.335010
595.472683	-0.294040
596.162686	-0.239640
596.852689	-0.175910
597.542692	-0.106970
598.232696	-0.036770
598.922699	0.031080
599.612702	0.093480
600.302705	0.147830
600.992708	0.192220
601.682711	0.225340
602.372714	0.246560
603.062717	0.255820
603.752720	0.253610
604.442724	0.240780
605.132727	0.218310
605.822730	0.187210
606.512733	0.148430
607.202736	0.102980
607.892739	0.052180
608.582742	-0.002170
609.272745	-0.057820
609.962748	-0.112130
610.652752	-0.162520
611.342755	-0.206850
612.032758	-0.243600
612.722761	-0.271930
613.412764	-0.291550
614.102767	-0.302490
614.792770	-0.304950
615.482773	-0.299280
616.172776	-0.286030
616.862780	-0.265980
617.552783	-0.240200
618.242786	-0.209900
618.932789	-0.176440
619.622792	-0.141220
620.312795	-0.105630
621.002798	-0.070970
621.692801	-0.038380
622.382804	-0.008700
623.072808	0.017520
623.762811	0.040090
624.452814	0.059080
625.142817	0.074820
625.832820	0.087780
626.522823	0.098380
627.212826	0.106820
627.902829	0.112950
628.592832	0.116190
629.282836	0.115670
629.972839	0.110440
630.662842	0.099820
631.352845	0.083650
632.042848	0.062400
632.732851	0.037210
633.422854	0.009770
634.112857	-0.017830
634.802860	-0.043340
635.492864	-0.064610
636.182867	-0.079880
636.872870	-0.088030
637.562873	-0.088720
638.252876	-0.082360
638.942879	-0.070030
639.632882	-0.053190
640.322885	-0.033400
641.012888	-0.012080
641.702891	0.009620
642.392895	0.030920
643.082898	0.051290
643.772901	0.070360
644.462904	0.087740
645.152907	0.102920
645.842910	0.115210
646.532913	0.123800
647.222916	0.127960
647.912919	0.127290
648.602923	0.121870
649.292926	0.112370
649.982929	0.099890
650.672932	0.085730
651.362935	0.071170
652.052938	0.057320
652.742941	0.045030
653.432944	0.034830
654.122947	0.026940
654.812951	0.021240
655.502954	0.017390
656.192957	0.014870
656.882960	0.013100
657.572963	0.011580
658.262966	0.009860
658.952969	0.007600
659.642972	0.004590
660.332975	0.000880
661.022979	-0.003300
661.712982	-0.007530
662.402985	-0.011310
663.092988	-0.014180
663.782991	-0.015890
664.472994	-0.016450
665.162997	-0.016100
665.853000	-0.015240
666.543003	-0.014380
667.233007	-0.013960
667.923010	-0.014300
668.613013	-0.015500
669.303016	-0.017410
669.993019	-0.019640
670.683022	-0.021710
671.373025	-0.023110
672.063028	-0.023480
672.753031	-0.022620
673.443035	-0.020530
674.133038	-0.017350
674.823041	-0.013320
675.513044	-0.008760
676.203047	-0.004070
676.893050	0.000260
677.583053	0.003770
678.273056	0.006070
678.963059	0.006870
679.653062	0.006080
680.343066	0.003730
681.033069	0.000060
681.723072	-0.004550
682.413075	-0.009530
683.103078	-0.014120
683.793081	-0.017460
684.483084	-0.018690
685.173087	-0.017020
685.863090	-0.011920
686.553094	-0.003250
687.243097	0.008610
687.933100	0.022790
688.623103	0.037950
689.313106	0.052560
690.003109	0.065120
690.693112	0.074460
691.383115	0.079780
692.073118	0.080740
692.763122	0.077480
693.453125	0.070440
694.143128	0.060230
694.833131	0.047540
695.523134	0.033010
696.213137	0.017250
696.903140	0.000810
697.593143	-0.015600
698.283146	-0.031170
698.973150	-0.045020
699.663153	-0.056400
700.353156	-0.064920
701.043159	-0.070680
701.733162	-0.074300
702.423165	-0.076810
703.113168	-0.079420
703.803171	-0.083230
704.493174	-0.089040
705.183178	-0.097170
705.873181	-0.107370
706.563184	-0.118840
707.253187	-0.130300
707.943190	-0.140140
708.633193	-0.146550
709.323196	-0.147720
710.013199	-0.142090
710.703202	-0.128680
711.393206	-0.107310
712.083209	-0.078820
712.773212	-0.044950
713.463215	-0.008150
714.153218	0.028910
714.843221	0.063730
715.533224	0.094320
716.223227	0.119400
716.913230	0.138410
717.603233	0.151390
718.293237	0.158800
718.983240	0.161390
719.673243	0.159990
720.363246	0.155430
721.053249	0.148500
721.743252	0.139810
722.433255	0.129900
723.123258	0.119100
723.813261	0.107700
724.503265	0.095900
725.193268	0.083930
725.883271	0.072050
726.573274	0.060700
727.263277	0.050350
727.953280	0.041420
728.643283	0.034180
729.333286	0.028710
730.023289	0.024900
730.713293	0.022570
731.403296	0.021470
732.093299	0.021270
732.783302	0.021460
733.473305	0.021520
734.163308	0.021030
734.853311	0.019900
735.543314	0.018440
736.233317	0.017110
736.923321	0.016260
737.613324	0.015830
738.303327	0.015180
738.993330	0.013290
739.683333	0.009090
740.373336	0.001940
741.063339	-0.008190
741.753342	-0.020720
742.443345	-0.034550
743.133349	-0.048420
743.823352	-0.061060
744.513355	-0.071420
745.203358	-0.078580
745.893361	-0.081820
746.583364	-0.080640
747.273367	-0.074920
747.963370	-0.064960
748.653373	-0.051600
749.343377	-0.036140
750.033380	-0.020190
750.723383	-0.005370
751.413386	0.006820
752.103389	0.015250
752.793392	0.019130
753.483395	0.018060
754.173398	0.012150
754.863401	0.002080
755.553404	-0.010780
756.243408	-0.024520
756.933411	-0.037020
757.623414	-0.046380
758.313417	-0.051370
759.003420	-0.051630
759.693423	-0.047610
760.383426	-0.040320
761.073429	-0.030950
761.763432	-0.020620
762.453436	-0.010200
763.143439	-0.000400
763.833442	0.008250
764.523445	0.015180
765.213448	0.019840
765.903451	0.021730
766.593454	0.020560
767.283457	0.016200
767.973460	0.008750
768.663464	-0.001520
769.353467	-0.014300
770.043470	-0.029240
770.733473	-0.045960
771.423476	-0.063960
772.113479	-0.082500
772.803482	-0.100570
773.493485	-0.116900
774.183488	-0.130090
774.873492	-0.138850
775.563495	-0.142280
776.253498	-0.140010
776.943501	-0.132220
777.633504	-0.119620
778.323507	-0.103320
779.013510	-0.084650
779.703513	-0.065080
780.393516	-0.046030
781.083520	-0.028700
781.773523	-0.013950
782.463526	-0.002270
783.153529	0.006240
783.843532	0.011700
784.533535	0.014390
785.223538	0.014660
785.913541	0.012920
786.603544	0.009670
787.293548	0.005460
787.983551	0.000890
788.673554	-0.003540
789.363557	-0.007520
790.053560	-0.010880
790.743563	-0.013650
791.433566	-0.015990
792.123569	-0.018070
792.813572	-0.019990
793.503575	-0.021720
794.193579	-0.023030
794.883582	-0.023490
795.573585	-0.022610
796.263588	-0.019870
796.953591	-0.014900
797.643594	-0.007550
798.333597	0.002020
799.023600	0.013380
799.713603	0.025880
800.403607	0.038800
801.093610	0.051500
801.783613	0.063550
802.473616	0.074740
803.163619	0.085050
803.853622	0.094620
804.543625	0.103690
805.233628	0.112560
805.923631	0.121590
806.613635	0.131140
807.303638	0.141420
807.993641	0.152460
808.683644	0.164030
809.373647	0.175700
810.063650	0.186960
810.753653	0.197380
811.443656	0.206670
812.133659	0.214690
812.823663	0.221440
813.513666	0.226920
814.203669	0.231040
814.893672	0.233520
815.583675	0.233810
816.273678	0.231050
816.963681	0.224070
817.653684	0.211440
818.343687	0.191550
819.033691	0.162860
819.723694	0.124210
820.413697	0.075180
821.103700	0.016460
821.793703	-0.049890
822.483706	-0.120570
823.173709	-0.191320
823.863712	-0.257490
824.553715	-0.314580
825.243719	-0.358790
825.933722	-0.387360
826.623725	-0.398780
827.313728	-0.392820
828.003731	-0.370500
828.693734	-0.333880
829.383737	-0.285820
830.073740	-0.229660
830.763743	-0.168910
831.453746	-0.107060
832.143750	-0.047370
832.833753	0.007260
833.523756	0.054420
834.213759	0.092350
834.903762	0.119980
835.593765	0.137080
836.283768	0.144220
836.973771	0.142590
837.663774	0.133820
838.353778	0.119650
839.043781	0.101770
839.733784	0.081680
840.423787	0.060640
841.113790	0.039730
841.803793	0.019830
842.493796	0.001590
843.183799	-0.014560
843.873802	-0.028570
844.563806	-0.040620
845.253809	-0.051090
845.943812	-0.060370
846.633815	-0.068820
847.323818	-0.076650
848.013821	-0.083920
848.703824	-0.090650
849.393827	-0.096810
850.083830	-0.102320
850.773834	-0.107030
851.463837	-0.110750
852.153840	-0.113330
852.843843	-0.114720
853.533846	-0.115060
854.223849	-0.114680
854.913852	-0.114040
855.603855	-0.113610
856.293858	-0.113720
856.983862	-0.114530
857.673865	-0.115930
858.363868	-0.117600
859.053871	-0.119020
859.743874	-0.119500
860.433877	-0.118270
861.123880	-0.114520
861.813883	-0.107510
862.503886	-0.096670
863.193890	-0.081740
863.883893	-0.062990
864.573896	-0.041330
865.263899	-0.018200
865.953902	0.004690
866.643905	0.025750
867.333908	0.043820
868.023911	0.058400
868.713914	0.069620
869.403917	0.078000
870.093921	0.084320
870.783924	0.089340
871.473927	0.093670
872.163930	0.097600
872.853933	0.101120
873.543936	0.103920
874.233939	0.105530
874.923942	0.105410
875.613945	0.103100
876.303949	0.098230
876.993952	0.090520
877.683955	0.079900
878.373958	0.066540
879.063961	0.050910
879.753964	0.033840
880.443967	0.016420
881.133970	-0.000070
881.823973	-0.014300
882.513977	-0.025020
883.203980	-0.031130
883.893983	-0.031740
884.583986	-0.026340
885.273989	-0.014920
885.963992	0.001770
886.653995	0.022120
887.343998	0.043790
888.034001	0.064130
888.724005	0.080730
889.414008	0.091910
890.104011	0.096890
890.794014	0.095740
891.484017	0.089060
892.174020	0.077750
892.864023	0.062820
893.554026	0.045440
894.244029	0.026850
894.934033	0.008340
895.624036	-0.008870
896.314039	-0.023850
897.004042	-0.036010
897.694045	-0.045230
898.384048	-0.051780
899.074051	-0.056160
899.764054	-0.058990
900.454057	-0.060830
901.144061	-0.062050
901.834064	-0.062760
902.524067	-0.062800
903.214070	-0.061740
903.904073	-0.058980
904.594076	-0.053980
905.284079	-0.046490
905.974082	-0.036630
906.664085	-0.024990
907.354088	-0.012420
908.044092	0.000190
908.734095	0.012200
909.424098	0.023290
910.114101	0.033520
910.804104	0.043150
911.494107	0.052440
912.184110	0.061500
912.874113	0.070120
913.564116	0.077640
914.254120	0.083110
914.944123	0.085390
915.634126	0.083480
916.324129	0.076810
917.014132	0.065400
917.704135	0.049960
918.394138	0.031750
919.084141	0.012390
919.774144	-0.006460
920.464148	-0.023400
921.154151	-0.037480
921.844154	-0.048390
922.534157	-0.056480
923.224160	-0.062560
923.914163	-0.067760
924.604166	-0.073020
925.294169	-0.078860
925.984172	-0.085170
926.674176	-0.091170
927.364179	-0.095630
928.054182	-0.097170
928.744185	-0.094610
929.434188	-0.087290
930.124191	-0.075250
930.814194	-0.059190
931.504197	-0.040260
932.194200	-0.019820
932.884204	0.000820
933.574207	0.020670
934.264210	0.038950
934.954213	0.055120
935.644216	0.068740
936.334219	0.079550
937.024222	0.087430
937.714225	0.092500
938.404228	0.094970
939.094232	0.095110
939.784235	0.093190
940.474238	0.089340
941.164241	0.083560
941.854244	0.075760
942.544247	0.065790
943.234250	0.053540
943.924253	0.039000
944.614256	0.022360
945.304259	0.004000
945.994263	-0.015530
946.684266	-0.035670
947.374269	-0.055820
948.064272	-0.075480
948.754275	-0.094160
949.444278	-0.111310
950.134281	-0.126300
950.824284	-0.138290
951.514287	-0.146280
952.204291	-0.149140
952.894294	-0.145720
953.584297	-0.135030
954.274300	-0.116450
954.964303	-0.089950
955.654306	-0.056360
956.344309	-0.017370
957.034312	0.024490
957.724315	0.066250
958.414319	0.104830
959.104322	0.137590
959.794325	0.162430
960.484328	0.178010
961.174331	0.183590
961.864334	0.179040
962.554337	0.164810
963.244340	0.141920
963.934343	0.111980
964.624347	0.077120
965.314350	0.039790
966.004353	0.002430
966.694356	-0.032710
967.384359	-0.063920
968.074362	-0.089990
968.764365	-0.110270
969.454368	-0.124580
970.144371	-0.133070
970.834375	-0.136070
971.524378	-0.134050
972.214381	-0.127490
972.904384	-0.116890
973.594387	-0.102820
974.284390	-0.085980
974.974393	-0.067260
975.664396	-0.047820
976.354399	-0.029020
977.044403	-0.012240
977.734406	0.001290
978.424409	0.010670
979.114412	0.015540
979.804415	0.016120
980.494418	0.013200
981.184421	0.007890
981.874424	0.001500
982.564427	-0.004760
983.254430	-0.009920
983.944434	-0.013250
984.634437	-0.014300
985.324440	-0.012800
986.014443	-0.008730
986.704446	-0.002380
987.394449	0.005540
988.084452	0.013990
988.774455	0.021760
989.464458	0.027860
990.154462	0.031810
990.844465	0.033670
991.534468	0.033980
992.224471	0.033440
992.914474	0.032680
993.604477	0.032070
994.294480	0.031860
994.984483	0.032320
995.674486	0.033960
996.364490	0.037620
997.054493	0.044330
997.744496	0.055110
998.434499	0.070640
999.124502	0.091130
999.814505	0.116220
1000.504508	0.145130
1001.194511	0.176800
1001.884514	0.210030
1002.574518	0.243430
1003.264521	0.275380
1003.954524	0.304080
1004.644527	0.327640
1005.334530	0.344320
1006.024533	0.352720
1006.714536	0.352080
1007.404539	0.342390
1008.094542	0.324400
1008.784546	0.299470
1009.474549	0.269240
1010.164552	0.235300
1010.854555	0.198840
1011.544558	0.160470
1012.234561	0.120270
1012.924564	0.077930
1013.614567	0.032860
1014.304570	-0.015630
1014.994574	-0.068270
1015.684577	-0.125550
1016.374580	-0.187480
1017.064583	-0.253230
1017.754586	-0.320860
1018.444589	-0.387380
1019.134592	-0.448880
1019.824595	-0.501150
1020.514598	-0.540340
1021.204602	-0.563700
1021.894605	-0.570120
1022.584608	-0.560220
1023.274611	-0.536310
1023.964614	-0.501810
1024.654617	-0.460670
1025.344620	-0.416740
1026.034623	-0.373200
1026.724626	-0.332170
1027.414629	-0.294470
1028.104633	-0.259680
1028.794636	-0.226470
1029.484639	-0.193060
1030.174642	-0.157800
1030.864645	-0.119570
1031.554648	-0.078080
1032.244651	-0.033860
1032.934654	0.011840
1033.624657	0.057300
1034.314661	0.100570
1035.004664	0.139750
1035.694667	0.173230
1036.384670	0.199920
1037.074673	0.219290
1037.764676	0.231350
1038.454679	0.236580
1039.144682	0.235730
1039.834685	0.229780
1040.524689	0.219910
1041.214692	0.207570
1041.904695	0.194430
1042.594698	0.182210
1043.284701	0.172480
1043.974704	0.166260
1044.664707	0.163860
1045.354710	0.164760
1046.044713	0.167840
1046.734717	0.171530
1047.424720	0.174210
1048.114723	0.174360
1048.804726	0.170720
1049.494729	0.162410
1050.184732	0.148890
1050.874735	0.129950
1051.564738	0.105700
1052.254741	0.076620
1052.944745	0.043680
1053.634748	0.008380
1054.324751	-0.027120
1055.014754	-0.060180
1055.704757	-0.087840
1056.394760	-0.107230
1057.084763	-0.116130
1057.774766	-0.113370
1058.464769	-0.099170
1059.154773	-0.075150
1059.844776	-0.044100
1060.534779	-0.009450
1061.224782	0.025240
1061.914785	0.056820
