0.000000	-0.216390
0.690004	-0.183500
1.380007	-0.141720
2.070011	-0.091640
2.760015	-0.034550
3.450018	0.027370
4.140022	0.091080
4.830025	0.152730
5.520029	0.208130
6.210033	0.253320
6.900036	0.285240
7.590040	0.302190
8.280044	0.304140
8.970047	0.292440
9.660051	0.269200
10.350054	0.236820
11.040058	0.197690
11.730062	0.154220
12.420065	0.108840
13.110069	0.063940
13.800073	0.021760
14.490076	-0.015770
15.180080	-0.047100
15.870083	-0.071050
16.560087	-0.086770
17.250091	-0.093740
17.940094	-0.091880
18.630098	-0.081610
19.320102	-0.063970
20.010105	-0.040580
20.700109	-0.013690
21.390113	0.014120
22.080116	0.040310
22.770120	0.062630
23.460123	0.079450
24.150127	0.089860
24.840131	0.093650
25.530134	0.091120
26.220138	0.082870
26.910142	0.069760
27.600145	0.052830
28.290149	0.033300
28.980152	0.012470
29.670156	-0.008370
30.360160	-0.028060
31.050163	-0.045680
31.740167	-0.060610
32.430171	-0.072520
33.120174	-0.081330
33.810178	-0.087060
34.500182	-0.089720
35.190185	-0.089180
35.880189	-0.085280
36.570192	-0.077960
37.260196	-0.067490
37.950200	-0.054590
38.640203	-0.040340
39.330207	-0.025980
40.020211	-0.012540
40.710214	-0.000670
41.400218	0.009440
42.090221	0.017850
42.780225	0.024760
43.470229	0.030430
44.160232	0.035100
44.850236	0.039090
45.540240	0.042780
46.230243	0.046500
46.920247	0.050510
47.610250	0.054810
48.300254	0.059100
48.990258	0.062850
49.680261	0.065340
50.370265	0.065880
51.060269	0.063910
51.750272	0.059140
52.440276	0.051610
53.130280	0.041690
53.820283	0.030050
54.510287	0.017550
55.200290	0.005130
55.890294	-0.006280
56.580298	-0.015900
57.270301	-0.023130
57.960305	-0.027630
58.650309	-0.029340
59.340312	-0.028540
60.030316	-0.025780
60.720319	-0.021850
61.410323	-0.017640
62.100327	-0.014010
62.790330	-0.011670
63.480334	-0.011050
64.170338	-0.012350
64.860341	-0.015420
65.550345	-0.019930
66.240348	-0.025330
66.930352	-0.031040
67.620356	-0.036550
68.310359	-0.041560
69.000363	-0.045960
69.690367	-0.049810
70.380370	-0.053280
71.070374	-0.056590
71.760378	-0.059950
72.450381	-0.063530
73.140385	-0.067440
73.830388	-0.071700
74.520392	-0.076160
75.210396	-0.080480
75.900399	-0.084130
76.590403	-0.086500
77.280407	-0.086910
77.970410	-0.084750
78.660414	-0.079540
79.350417	-0.071020
80.040421	-0.059180
80.730425	-0.044290
81.420428	-0.026950
82.110432	-0.008110
82.800436	0.010970
83.490439	0.028890
84.180443	0.044230
84.870447	0.055800
85.560450	0.062840
86.250454	0.065100
86.940457	0.062860
87.630461	0.056850
88.320465	0.048210
89.010468	0.038410
89.700472	0.029070
90.390476	0.021710
91.080479	0.017520
91.770483	0.017080
92.460486	0.020260
93.150490	0.026320
93.840494	0.034150
94.530497	0.042520
95.220501	0.050400
95.910505	0.057070
96.600508	0.062190
97.290512	0.065770
97.980515	0.068050
98.670519	0.069360
99.360523	0.070040
100.050526	0.070320
100.740530	0.070290
101.430534	0.069930
102.120537	0.069100
102.810541	0.067620
103.500545	0.065260
104.190548	0.061770
104.880552	0.056850
105.570555	0.050200
106.260559	0.041480
106.950563	0.030420
107.640566	0.016820
108.330570	0.000600
109.020574	-0.018210
109.710577	-0.039450
110.400581	-0.062790
111.090584	-0.087640
111.780588	-0.113120
112.470592	-0.138030
113.160595	-0.160870
113.850599	-0.180000
114.540603	-0.193790
115.230606	-0.200870
115.920610	-0.200240
116.610613	-0.191480
117.300617	-0.174770
117.990621	-0.150940
118.680624	-0.121410
119.370628	-0.087970
120.060632	-0.052670
120.750635	-0.017530
121.440639	0.015620
122.130643	0.045240
122.820646	0.070160
123.510650	0.089680
124.200653	0.103580
124.890657	0.112130
125.580661	0.116120
126.270664	0.116640
126.960668	0.114990
127.650672	0.112520
128.340675	0.110450
129.030679	0.109820
129.720682	0.111360
130.410686	0.115400
131.100690	0.121780
131.790693	0.129760
132.480697	0.138040
133.170701	0.144800
133.860704	0.148010
134.550708	0.145650
135.240712	0.136080
135.930715	0.118290
136.620719	0.091970
137.310722	0.057570
138.000726	0.016120
138.690730	-0.030810
139.380733	-0.081200
140.070737	-0.132410
140.760741	-0.181250
141.450744	-0.224160
142.140748	-0.257660
142.830751	-0.278970
143.520755	-0.286580
144.210759	-0.280580
144.900762	-0.262490
145.590766	-0.234920
146.280770	-0.200880
146.970773	-0.163250
147.660777	-0.124340
148.350780	-0.085690
149.040784	-0.048140
149.730788	-0.012050
150.420791	0.022360
151.110795	0.054820
151.800799	0.084770
152.490802	0.111520
153.180806	0.134360
153.870810	0.152760
154.560813	0.166470
155.250817	0.175610
155.940820	0.180650
156.630824	0.182370
157.320828	0.181700
158.010831	0.179750
158.700835	0.177650
159.390839	0.176580
160.080842	0.177480
160.770846	0.180780
161.460849	0.186050
162.150853	0.191910
162.840857	0.196300
163.530860	0.197120
164.220864	0.193080
164.910868	0.184150
165.600871	0.171420
166.290875	0.156350
166.980878	0.140170
167.670882	0.123370
168.360886	0.105980
169.050889	0.088210
169.740893	0.070950
170.430897	0.056020
171.120900	0.045670
171.810904	0.041890
172.500908	0.045910
173.190911	0.057240
173.880915	0.073980
174.570918	0.093210
175.260922	0.111230
175.950926	0.123860
176.640929	0.126810
177.330933	0.116330
178.020937	0.089970
178.710940	0.047190
179.400944	-0.010520
180.090947	-0.080010
180.780951	-0.157060
181.470955	-0.237250
182.160958	-0.316640
182.850962	-0.392260
183.540966	-0.461990
184.230969	-0.524460
184.920973	-0.578730
185.610977	-0.623980
186.300980	-0.659330
186.990984	-0.683710
187.680987	-0.695860
188.370991	-0.694480
189.060995	-0.678270
189.750998	-0.646060
190.441002	-0.597050
191.131006	-0.531030
191.821009	-0.448620
192.511013	-0.351370
193.201016	-0.241670
193.891020	-0.122560
194.581024	0.002400
195.271027	0.129160
195.961031	0.253190
196.651035	0.369870
197.341038	0.474900
198.031042	0.564890
198.721045	0.637720
199.411049	0.692580
200.101053	0.729630
200.791056	0.749600
201.481060	0.753520
202.171064	0.742590
202.861067	0.718200
203.551071	0.681900
204.241075	0.635340
204.931078	0.580160
205.621082	0.517790
206.311085	0.449390
207.001089	0.375740
207.691093	0.297400
208.381096	0.214860
209.071100	0.128790
209.761104	0.040140
210.451107	-0.049770
211.141111	-0.139330
211.831114	-0.226570
212.521118	-0.309170
213.211122	-0.384460
213.901125	-0.449440
214.591129	-0.501020
215.281133	-0.536400
215.971136	-0.553640
216.661140	-0.552110
217.351143	-0.533000
218.041147	-0.499460
218.731151	-0.456180
219.421154	-0.408610
220.111158	-0.361930
220.801162	-0.320180
221.491165	-0.285600
222.181169	-0.258720
222.871173	-0.238890
223.561176	-0.225000
224.251180	-0.216090
224.941183	-0.211640
225.631187	-0.211200
226.321191	-0.213940
227.011194	-0.218150
227.701198	-0.220950
228.391202	-0.218580
229.081205	-0.207180
229.771209	-0.183710
230.461212	-0.146910
231.151216	-0.097700
231.841220	-0.038980
232.531223	0.025120
233.221227	0.090370
233.911231	0.153200
234.601234	0.211100
235.291238	0.262490
235.981242	0.306470
236.671245	0.342590
237.361249	0.370930
238.051252	0.392140
238.741256	0.407380
239.431260	0.418140
240.121263	0.425900
240.811267	0.431810
241.501271	0.436440
242.191274	0.439620
242.881278	0.440340
243.571281	0.436940
244.261285	0.427360
244.951289	0.409700
245.641292	0.382610
246.331296	0.345650
247.021300	0.299330
247.711303	0.244970
248.401307	0.184420
249.091310	0.119820
249.781314	0.053350
250.471318	-0.012880
251.161321	-0.076980
251.851325	-0.137220
252.541329	-0.192030
253.231332	-0.239960
253.921336	-0.279610
254.611340	-0.309690
255.301343	-0.329270
255.991347	-0.338020
256.681350	-0.336430
257.371354	-0.325810
258.061358	-0.308090
258.751361	-0.285420
259.441365	-0.259710
260.131369	-0.232420
260.821372	-0.204480
261.511376	-0.176450
262.201379	-0.148700
262.891383	-0.121530
263.581387	-0.095180
264.271390	-0.069840
264.961394	-0.045640
265.651398	-0.022780
266.341401	-0.001550
267.031405	0.017590
267.721408	0.034040
268.411412	0.047250
269.101416	0.056810
269.791419	0.062600
270.481423	0.064860
271.171427	0.064110
271.861430	0.061120
272.551434	0.056790
273.241438	0.052020
273.931441	0.047630
274.621445	0.044250
275.311448	0.042300
276.001452	0.041940
276.691456	0.043130
277.381459	0.045600
278.071463	0.048950
278.761467	0.052650
279.451470	0.056110
280.141474	0.058780
280.831477	0.060190
281.521481	0.059970
282.211485	0.057890
282.901488	0.053830
283.591492	0.047720
284.281496	0.039580
284.971499	0.029500
285.661503	0.017700
286.351507	0.004570
287.041510	-0.009330
287.731514	-0.023310
288.421517	-0.036570
289.111521	-0.048340
289.801525	-0.058000
290.491528	-0.065230
291.181532	-0.070050
291.871536	-0.072800
292.561539	-0.074020
293.251543	-0.074280
293.941546	-0.074000
294.631550	-0.073350
295.321554	-0.072200
296.011557	-0.070170
296.701561	-0.066710
297.391565	-0.061240
298.081568	-0.053340
298.771572	-0.042890
299.461575	-0.030240
300.151579	-0.016170
300.841583	-0.001840
301.531586	0.011460
302.221590	0.022450
302.911594	0.030200
303.601597	0.034180
304.291601	0.034360
304.981605	0.031170
305.671608	0.025340
306.361612	0.017840
307.051615	0.009720
307.741619	0.002020
308.431623	-0.004300
309.121626	-0.008410
309.811630	-0.009760
310.501634	-0.008020
311.191637	-0.003190
311.881641	0.004440
312.571644	0.014280
313.261648	0.025490
313.951652	0.037050
314.641655	0.047850
315.331659	0.056800
316.021663	0.062980
316.711666	0.065730
317.401670	0.064710
318.091673	0.059960
318.781677	0.051810
319.471681	0.040850
320.161684	0.027900
320.851688	0.013880
321.541692	-0.000270
322.231695	-0.013620
322.921699	-0.025380
323.611703	-0.034890
324.301706	-0.041690
324.991710	-0.045520
325.681713	-0.046410
326.371717	-0.044580
327.061721	-0.040510
327.751724	-0.034770
328.441728	-0.027950
329.131732	-0.020590
329.821735	-0.013130
330.511739	-0.005960
331.201742	0.000580
331.891746	0.006260
332.581750	0.010890
333.271753	0.014410
333.961757	0.016940
334.651761	0.018730
335.341764	0.020090
336.031768	0.021380
336.721772	0.022850
337.411775	0.024690
338.101779	0.026920
338.791782	0.029440
339.481786	0.032000
340.171790	0.034210
340.861793	0.035550
341.551797	0.035480
342.241801	0.033540
342.931804	0.029410
343.621808	0.023040
344.311811	0.014630
345.001815	0.004580
345.691819	-0.006510
346.381822	-0.017960
347.071826	-0.029020
347.761830	-0.038950
348.451833	-0.047130
349.141837	-0.053210
349.831840	-0.057130
350.521844	-0.059100
351.211848	-0.059530
351.901851	-0.058820
352.591855	-0.057290
353.281859	-0.055120
353.971862	-0.052340
354.661866	-0.048980
355.351870	-0.045020
356.041873	-0.040520
356.731877	-0.035600
357.421880	-0.030450
358.111884	-0.025300
358.801888	-0.020350
359.491891	-0.015740
360.181895	-0.011490
360.871899	-0.007590
361.561902	-0.003940
362.251906	-0.000410
362.941909	0.003130
363.631913	0.006830
364.321917	0.010850
365.011920	0.015320
365.701924	0.020300
366.391928	0.025730
367.081931	0.031380
367.771935	0.036840
368.461938	0.041630
369.151942	0.045280
369.841946	0.047410
370.531949	0.047760
371.221953	0.046220
371.911957	0.042760
372.601960	0.037480
373.291964	0.030590
373.981968	0.022450
374.671971	0.013610
375.361975	0.004720
376.051978	-0.003560
376.741982	-0.010650
377.431986	-0.016300
378.121989	-0.020550
378.811993	-0.023920
379.501997	-0.027270
380.192000	-0.031640
380.882004	-0.037960
381.572007	-0.046740
382.262011	-0.057810
382.952015	-0.070310
383.642018	-0.082810
384.332022	-0.093660
385.022026	-0.101380
385.712029	-0.104830
386.402033	-0.103400
387.092037	-0.096920
387.782040	-0.085640
388.472044	-0.070120
389.162047	-0.051160
389.852051	-0.029680
390.542055	-0.006640
391.232058	0.017030
391.922062	0.040580
392.612066	0.063280
393.302069	0.084490
393.992073	0.103550
394.682076	0.119900
395.372080	0.133000
396.062084	0.142420
396.752087	0.147780
397.442091	0.148820
398.132095	0.145460
398.822098	0.137990
399.512102	0.127350
400.202105	0.115380
400.892109	0.104540
401.582113	0.097500
402.272116	0.096380
402.962120	0.102150
403.652124	0.114180
404.342127	0.130260
405.032131	0.147010
405.722135	0.160680
406.412138	0.167990
407.102142	0.167000
407.792145	0.157580
408.482149	0.141540
409.172153	0.122280
409.862156	0.104020
410.552160	0.090930
411.242164	0.086260
411.932167	0.091770
412.622171	0.107310
413.312174	0.130840
414.002178	0.158700
414.692182	0.186150
415.382185	0.207820
416.072189	0.218390
416.762193	0.213210
417.452196	0.188900
418.142200	0.143960
418.832203	0.079170
419.522207	-0.002290
420.212211	-0.095370
420.902214	-0.194190
421.592218	-0.293060
422.282222	-0.387300
422.972225	-0.473460
423.662229	-0.549210
424.352233	-0.612890
425.042236	-0.663230
425.732240	-0.699270
426.422243	-0.720350
427.112247	-0.726020
427.802251	-0.715810
428.492254	-0.689130
429.182258	-0.645370
429.872262	-0.584220
430.562265	-0.506140
431.252269	-0.412880
431.942272	-0.307740
432.632276	-0.195530
433.322280	-0.081890
434.012283	0.027570
434.702287	0.128110
435.392291	0.216390
436.082294	0.290590
436.772298	0.350200
437.462302	0.395610
438.152305	0.427830
438.842309	0.448180
439.532312	0.458120
440.222316	0.458990
440.912320	0.451850
441.602323	0.437440
442.292327	0.416290
442.982331	0.388790
443.672334	0.355200
444.362338	0.315730
445.052341	0.270480
445.742345	0.219590
446.432349	0.163470
447.122352	0.102980
447.812356	0.039580
448.502360	-0.024650
449.192363	-0.087180
449.882367	-0.145100
450.572370	-0.195320
451.262374	-0.234740
451.952378	-0.260440
452.642381	-0.270110
453.332385	-0.262650
454.022389	-0.238930
454.712392	-0.202070
455.402396	-0.156740
456.092400	-0.108170
456.782403	-0.060870
457.472407	-0.017640
458.162410	0.020590
458.852414	0.054140
459.542418	0.083700
460.232421	0.109690
460.922425	0.132050
461.612429	0.150180
462.302432	0.163210
462.992436	0.170310
463.682439	0.170970
464.372443	0.165090
465.062447	0.152970
465.752450	0.135180
466.442454	0.112340
467.132458	0.085050
467.822461	0.053930
468.512465	0.019740
469.202468	-0.016390
469.892472	-0.052810
470.582476	-0.087360
471.272479	-0.117700
471.962483	-0.141720
472.652487	-0.158020
473.342490	-0.166150
474.032494	-0.166560
474.722498	-0.160450
475.412501	-0.149390
476.102505	-0.135160
476.792508	-0.119470
477.482512	-0.103840
478.172516	-0.089350
478.862519	-0.076590
479.552523	-0.065670
480.242527	-0.056390
480.932530	-0.048590
481.622534	-0.042340
482.312537	-0.038000
483.002541	-0.036030
483.692545	-0.036750
484.382548	-0.039990
485.072552	-0.045000
485.762556	-0.050480
486.452559	-0.054890
487.142563	-0.056800
487.832567	-0.055300
488.522570	-0.050180
489.212574	-0.041890
489.902577	-0.031410
490.592581	-0.019950
491.282585	-0.008610
491.972588	0.001780
492.662592	0.010770
493.352596	0.018210
494.042599	0.024260
494.732603	0.029220
495.422606	0.033410
496.112610	0.036990
496.802614	0.039880
497.492617	0.041780
498.182621	0.042220
498.872625	0.040700
499.562628	0.036930
500.252632	0.030890
500.942635	0.022920
501.632639	0.013780
502.322643	0.004570
503.012646	-0.003320
503.702650	-0.008370
504.392654	-0.009190
505.082657	-0.004600
505.772661	0.006110
506.462665	0.023230
507.152668	0.046500
507.842672	0.075270
508.532675	0.108510
509.222679	0.144960
509.912683	0.183210
510.602686	0.221720
511.292690	0.258850
511.982694	0.292870
512.672697	0.321950
513.362701	0.344140
514.052704	0.357440
514.742708	0.359840
515.432712	0.349500
516.122715	0.324990
516.812719	0.285650
517.502723	0.231910
518.192726	0.165670
518.882730	0.090290
519.572733	0.010350
520.262737	-0.068970
520.952741	-0.142680
521.642744	-0.206590
522.332748	-0.257890
523.022752	-0.295200
523.712755	-0.318440
524.402759	-0.328540
525.092763	-0.327030
525.782766	-0.315760
526.472770	-0.296610
527.162773	-0.271350
527.852777	-0.241490
528.542781	-0.208340
529.232784	-0.172950
529.922788	-0.136210
530.612792	-0.098910
531.302795	-0.061780
531.992799	-0.025530
532.682802	0.009120
533.372806	0.041500
534.062810	0.070950
534.752813	0.096920
535.442817	0.118950
536.132821	0.136730
536.822824	0.150080
537.512828	0.158930
538.202832	0.163320
538.892835	0.163320
539.582839	0.159030
540.272842	0.150460
540.962846	0.137510
541.652850	0.119960
542.342853	0.097510
543.032857	0.069810
543.722861	0.036570
544.412864	-0.002340
545.102868	-0.046830
545.792871	-0.096480
546.482875	-0.150450
547.172879	-0.207450
547.862882	-0.265730
548.552886	-0.323100
549.242890	-0.376930
549.932893	-0.424300
550.622897	-0.462040
551.312900	-0.486930
552.002904	-0.495850
552.692908	-0.486110
553.382911	-0.455810
554.072915	-0.404400
554.762919	-0.333340
555.452922	-0.246440
556.142926	-0.149520
556.832930	-0.049520
557.522933	0.046740
558.212937	0.133770
558.902940	0.208060
559.592944	0.268170
560.282948	0.314180
560.972951	0.347140
561.662955	0.368520
562.352959	0.379790
563.042962	0.382300
563.732966	0.377180
564.422969	0.365410
565.112973	0.347940
565.802977	0.325780
566.492980	0.300070
567.182984	0.272150
567.872988	0.243550
568.562991	0.215930
569.252995	0.190950
569.942998	0.170040
570.633002	0.154210
571.323006	0.143870
572.013009	0.138770
572.703013	0.137960
573.393017	0.139890
574.083020	0.142560
574.773024	0.143660
575.463028	0.140840
576.153031	0.131940
576.843035	0.115230
577.533038	0.089730
578.223042	0.055420
578.913046	0.013260
579.603049	-0.034880
580.293053	-0.086550
580.983057	-0.138990
581.673060	-0.189470
582.363064	-0.235530
583.053067	-0.275100
583.743071	-0.306670
584.433075	-0.329360
585.123078	-0.342870
585.813082	-0.347430
586.503086	-0.343590
587.193089	-0.332080
587.883093	-0.313680
588.573097	-0.289150
589.263100	-0.259170
589.953104	-0.224360
590.643107	-0.185320
591.333111	-0.142690
592.023115	-0.097330
592.713118	-0.050400
593.403122	-0.003480
594.093126	0.041540
594.783129	0.082570
595.473133	0.117640
596.163136	0.145180
596.853140	0.164170
597.543144	0.174310
598.233147	0.175990
598.923151	0.170160
599.613155	0.158150
600.303158	0.141530
600.993162	0.121890
601.683165	0.100700
602.373169	0.079190
603.063173	0.058270
603.753176	0.038530
604.443180	0.020200
605.133184	0.003160
605.823187	-0.012910
606.513191	-0.028370
607.203195	-0.043290
607.893198	-0.057190
608.583202	-0.068970
609.273205	-0.077130
609.963209	-0.080080
610.653213	-0.076650
611.343216	-0.066360
612.033220	-0.049530
612.723224	-0.027200
613.413227	-0.000890
614.103231	0.027560
614.793234	0.056240
615.483238	0.083300
616.173242	0.107040
616.863245	0.125950
617.553249	0.138580
618.243253	0.143550
618.933256	0.139590
619.623260	0.125710
620.313263	0.101600
621.003267	0.067960
621.693271	0.026730
622.383274	-0.018950
623.073278	-0.065210
623.763282	-0.108010
624.453285	-0.143880
625.143289	-0.170460
625.833293	-0.186730
626.523296	-0.192890
627.213300	-0.189930
627.903303	-0.179190
628.593307	-0.161920
629.283311	-0.139140
629.973314	-0.111740
630.663318	-0.080660
631.353322	-0.047120
632.043325	-0.012640
632.733329	0.021160
633.423332	0.053000
634.113336	0.082120
634.803340	0.108490
635.493343	0.132570
636.183347	0.154940
636.873351	0.175880
637.563354	0.195030
638.253358	0.211340
638.943361	0.223280
639.633365	0.229200
640.323369	0.227860
641.013372	0.218910
641.703376	0.203410
642.393380	0.183850
643.083383	0.163800
643.773387	0.146900
644.463391	0.135900
645.153394	0.131850
645.843398	0.133890
646.533401	0.139790
647.223405	0.147090
647.913409	0.154040
648.603412	0.159990
649.293416	0.165070
649.983420	0.169470
650.673423	0.172500
651.363427	0.172230
652.053430	0.165650
652.743434	0.149680
653.433438	0.122410
654.123441	0.084070
654.813445	0.037170
655.503449	-0.014220
656.193452	-0.065900
656.883456	-0.114760
657.573460	-0.159770
658.263463	-0.201840
658.953467	-0.243120
659.643470	-0.286000
660.333474	-0.332280
661.023478	-0.382470
661.713481	-0.435540
662.403485	-0.489020
663.093489	-0.539460
663.783492	-0.583130
664.473496	-0.616700
665.163499	-0.637710
665.853503	-0.644680
666.543507	-0.637020
667.233510	-0.614710
667.923514	-0.578050
668.613518	-0.527520
669.303521	-0.463680
669.993525	-0.387230
670.683528	-0.299220
671.373532	-0.201380
672.063536	-0.096420
672.753539	0.011860
673.443543	0.118840
674.133547	0.219590
674.823550	0.309750
675.513554	0.386100
676.203558	0.446910
676.893561	0.491790
677.583565	0.521240
678.273568	0.536250
678.963572	0.537910
679.653576	0.527470
680.343579	0.506360
681.033583	0.476460
681.723587	0.440050
682.413590	0.399620
683.103594	0.357520
683.793597	0.315560
684.483601	0.274750
685.173605	0.235270
685.863608	0.196670
686.553612	0.158220
687.243616	0.119200
687.933619	0.079190
688.623623	0.038270
689.313626	-0.002830
690.003630	-0.042790
690.693634	-0.079900
691.383637	-0.112310
692.073641	-0.138420
692.763645	-0.157150
693.453648	-0.168190
694.143652	-0.171960
694.833656	-0.169430
695.523659	-0.161910
696.213663	-0.150920
696.903666	-0.138100
697.593670	-0.125330
698.283674	-0.114760
698.973677	-0.108700
699.663681	-0.109320
700.353685	-0.118160
701.043688	-0.135750
701.733692	-0.161430
702.423695	-0.193390
703.113699	-0.229010
703.803703	-0.265250
704.493706	-0.298960
705.183710	-0.327090
705.873714	-0.346710
706.563717	-0.354970
707.253721	-0.349060
707.943725	-0.326480
708.633728	-0.285360
709.323732	-0.225100
710.013735	-0.146940
710.703739	-0.054320
711.393743	0.047100
712.083746	0.149920
712.773750	0.245800
713.463754	0.326680
714.153757	0.385980
714.843761	0.419540
715.533764	0.426020
716.223768	0.406920
716.913772	0.366020
717.603775	0.308630
718.293779	0.240820
718.983783	0.168610
719.673786	0.097350
720.363790	0.031240
721.053793	-0.026830
721.743797	-0.075220
722.433801	-0.113100
723.123804	-0.140150
723.813808	-0.156230
724.503812	-0.161410
725.193815	-0.156140
725.883819	-0.141410
726.573823	-0.118740
727.263826	-0.090020
727.953830	-0.057270
728.643833	-0.022510
729.333837	0.012260
730.023841	0.045090
730.713844	0.074060
731.403848	0.097470
732.093852	0.114070
732.783855	0.123140
733.473859	0.124610
734.163862	0.118940
734.853866	0.107100
735.543870	0.090380
736.233873	0.070340
736.923877	0.048550
737.613881	0.026490
738.303884	0.005450
738.993888	-0.013480
739.683891	-0.029380
740.373895	-0.041410
741.063899	-0.048950
741.753902	-0.051810
742.443906	-0.050400
743.133910	-0.045740
743.823913	-0.039190
744.513917	-0.032120
745.203921	-0.025500
745.893924	-0.019810
746.583928	-0.015050
747.273931	-0.010970
747.963935	-0.007350
748.653939	-0.004060
749.343942	-0.001030
750.033946	0.001670
750.723950	0.003960
751.413953	0.005750
752.103957	0.006920
752.793960	0.007410
753.483964	0.007240
754.173968	0.006580
754.863971	0.005740
755.553975	0.005120
756.243979	0.005040
756.933982	0.005670
757.623986	0.006980
758.313990	0.008700
759.003993	0.010420
759.693997	0.011650
760.384000	0.011900
761.074004	0.010700
761.764008	0.007650
762.454011	0.002460
763.144015	-0.004980
763.834019	-0.014560
764.524022	-0.025810
765.214026	-0.037940
765.904029	-0.049820
766.594033	-0.060230
767.284037	-0.068080
767.974040	-0.072650
768.664044	-0.073730
769.354048	-0.071650
770.044051	-0.067140
770.734055	-0.061140
771.424058	-0.054620
772.114062	-0.048400
772.804066	-0.043070
773.494069	-0.038820
774.184073	-0.035410
774.874077	-0.032170
775.564080	-0.027990
776.254084	-0.021590
776.944088	-0.011690
777.634091	0.002570
778.324095	0.021320
779.014098	0.043830
779.704102	0.068520
780.394106	0.093320
781.084109	0.115950
781.774113	0.134430
782.464117	0.147180
783.154120	0.153230
783.844124	0.152150
784.534127	0.144090
785.224131	0.129670
785.914135	0.109960
786.604138	0.086420
787.294142	0.060830
787.984146	0.035200
788.674149	0.011580
789.364153	-0.008230
790.054156	-0.023000
790.744160	-0.032220
791.434164	-0.036140
792.124167	-0.035580
792.814171	-0.031680
