0.000000	0.511620
0.690018	0.562620
1.380036	0.586910
2.070054	0.584820
2.760072	0.557860
3.450090	0.508420
4.140108	0.439530
4.830126	0.354750
5.520144	0.258120
6.210162	0.154070
6.900180	0.047290
7.590198	-0.057440
8.280216	-0.155450
8.970234	-0.242240
9.660252	-0.313730
10.350270	-0.366520
11.040288	-0.398280
11.730306	-0.408200
12.420324	-0.397110
13.110342	-0.367420
13.800360	-0.322680
14.490378	-0.266890
15.180396	-0.203720
15.870414	-0.136030
16.560432	-0.065870
17.250450	0.005060
17.940468	0.074800
18.630486	0.140610
19.320504	0.199200
20.010522	0.247330
20.700540	0.282620
21.390558	0.304020
22.080576	0.311870
22.770594	0.307640
23.460612	0.293430
24.150630	0.271690
24.840648	0.244960
25.530666	0.215610
26.220684	0.185590
26.910702	0.156280
27.600720	0.128400
28.290738	0.102180
28.980756	0.077480
29.670774	0.054100
30.360792	0.031780
31.050810	0.010360
31.740828	-0.010270
32.430846	-0.030270
33.120864	-0.049770
33.810882	-0.068790
34.500900	-0.087070
35.190918	-0.103960
35.880936	-0.118440
36.570954	-0.129190
37.260972	-0.134870
37.950990	-0.134410
38.641008	-0.127320
39.331026	-0.113760
40.021044	-0.094610
40.711062	-0.071490
41.401080	-0.046490
42.091098	-0.021890
42.781116	0.000260
43.471134	0.018480
44.161152	0.032110
44.851170	0.041390
45.541188	0.047360
46.231206	0.051450
46.921224	0.055110
47.611242	0.059420
48.301260	0.064690
48.991278	0.070260
49.681296	0.074630
50.371314	0.075910
51.061332	0.072390
51.751350	0.063060
52.441368	0.047950
53.131386	0.028140
53.821404	0.005360
54.511422	-0.018350
55.201440	-0.041030
55.891458	-0.060900
56.581476	-0.076470
57.271494	-0.086520
57.961512	-0.090070
58.651530	-0.086530
59.341548	-0.075800
60.031566	-0.058510
60.721584	-0.036080
61.411602	-0.010710
62.101621	0.014880
62.791639	0.037890
63.481657	0.055900
64.171675	0.067340
64.861693	0.071700
65.551711	0.069380
66.241729	0.061460
66.931747	0.049290
67.621765	0.034140
68.311783	0.016990
69.001801	-0.001420
69.691819	-0.020400
70.381837	-0.039050
71.071855	-0.056150
71.761873	-0.070280
72.451891	-0.080030
73.141909	-0.084380
73.831927	-0.082860
74.521945	-0.075560
75.211963	-0.063130
75.901981	-0.046610
76.591999	-0.027380
77.282017	-0.006960
77.972035	0.013030
78.662053	0.031060
79.352071	0.045840
80.042089	0.056410
80.732107	0.062170
81.422125	0.062870
82.112143	0.058570
82.802161	0.049540
83.492179	0.036090
84.182197	0.018660
84.872215	-0.002040
85.562233	-0.024910
86.252251	-0.048440
86.942269	-0.070560
87.632287	-0.088830
88.322305	-0.100870
89.012323	-0.104650
89.702341	-0.098970
90.392359	-0.083710
91.082377	-0.059910
91.772395	-0.029470
92.462413	0.005120
93.152431	0.041380
93.842449	0.076900
94.532467	0.109640
95.222485	0.137840
95.912503	0.160020
96.602521	0.175020
97.292539	0.182060
97.982557	0.180820
98.672575	0.171430
99.362593	0.154450
100.052611	0.130680
100.742629	0.101140
101.432647	0.066970
102.122665	0.029490
102.812683	-0.009730
103.502701	-0.048760
104.192719	-0.085380
104.882737	-0.117260
105.572755	-0.142240
106.262773	-0.158710
106.952791	-0.165890
107.642809	-0.163930
108.332827	-0.153720
109.022845	-0.136680
109.712863	-0.114490
110.402881	-0.088820
111.092899	-0.061350
111.782917	-0.033790
112.472935	-0.007770
113.162953	0.015210
113.852971	0.033940
114.542989	0.047470
115.233007	0.055260
115.923025	0.057180
116.613043	0.053490
117.303061	0.044880
117.993079	0.032450
118.683097	0.017560
119.373115	0.001680
120.063133	-0.013740
120.753151	-0.027430
121.443169	-0.038380
122.133187	-0.045920
122.823205	-0.049730
123.513223	-0.049930
124.203241	-0.047030
124.893259	-0.041880
125.583277	-0.035430
126.273295	-0.028580
126.963313	-0.021880
127.653331	-0.015480
128.343349	-0.009160
129.033367	-0.002580
129.723385	0.004590
130.413403	0.012430
131.103421	0.020780
131.793439	0.029320
132.483457	0.037580
133.173475	0.045010
133.863493	0.051000
134.553511	0.054980
135.243529	0.056490
135.933547	0.055260
136.623565	0.051280
137.313583	0.044730
138.003601	0.035830
138.693619	0.024770
139.383637	0.011680
140.073655	-0.003340
140.763673	-0.020080
141.453691	-0.038040
142.143709	-0.056300
142.833727	-0.073500
143.523745	-0.087970
144.213763	-0.097980
144.903781	-0.102030
145.593799	-0.099290
146.283817	-0.089730
146.973835	-0.074180
147.663853	-0.054160
148.353871	-0.031650
149.043889	-0.008770
149.733907	0.012550
150.423925	0.030810
151.113943	0.045000
151.803961	0.054690
152.493979	0.059890
153.183997	0.060910
153.874015	0.058280
154.564033	0.052740
155.254051	0.045240
155.944069	0.036880
156.634087	0.028810
157.324105	0.021900
158.014123	0.016620
158.704141	0.013100
159.394159	0.011210
160.084177	0.010760
160.774195	0.011610
161.464213	0.013560
162.154231	0.016210
162.844249	0.018770
163.534267	0.020120
164.224285	0.019010
164.914303	0.014270
165.604321	0.005050
166.294339	-0.008850
166.984357	-0.026810
167.674375	-0.047150
168.364393	-0.067330
169.054411	-0.084350
169.744429	-0.095330
170.434447	-0.098180
171.124465	-0.092060
171.814483	-0.077460
172.504501	-0.055930
173.194519	-0.029670
173.884537	-0.001100
174.574555	0.027470
175.264573	0.053950
175.954591	0.076490
176.644609	0.093400
177.334627	0.103190
178.024645	0.104650
178.714663	0.097150
179.404681	0.080850
180.094699	0.056880
180.784717	0.027400
181.474735	-0.004570
182.164753	-0.035520
182.854771	-0.062060
183.544789	-0.081470
184.234807	-0.092260
184.924825	-0.094440
185.614844	-0.089450
186.304862	-0.079720
186.994880	-0.068140
187.684898	-0.057290
188.374916	-0.048880
189.064934	-0.043450
189.754952	-0.040380
190.444970	-0.038290
191.134988	-0.035410
191.825006	-0.030040
192.515024	-0.020880
193.205042	-0.007280
193.895060	0.010690
194.585078	0.032260
195.275096	0.055910
195.965114	0.079570
196.655132	0.100950
197.345150	0.117850
198.035168	0.128660
198.725186	0.132770
199.415204	0.130850
200.105222	0.124760
200.795240	0.116970
201.485258	0.109880
202.175276	0.105250
202.865294	0.103970
203.555312	0.106230
204.245330	0.111900
204.935348	0.120770
205.625366	0.132530
206.315384	0.146480
207.005402	0.161410
207.695420	0.175670
208.385438	0.187570
209.075456	0.195850
209.765474	0.200030
210.455492	0.200520
211.145510	0.198320
211.835528	0.194620
212.525546	0.190430
213.215564	0.186280
213.905582	0.182020
214.595600	0.177020
215.285618	0.170300
215.975636	0.160850
216.665654	0.147810
217.355672	0.130640
218.045690	0.109030
218.735708	0.082800
219.425726	0.051690
220.115744	0.015350
220.805762	-0.026720
221.495780	-0.075150
222.185798	-0.130390
222.875816	-0.192530
223.565834	-0.261140
224.255852	-0.335170
224.945870	-0.413130
225.635888	-0.493070
226.325906	-0.572660
227.015924	-0.649030
227.705942	-0.718430
228.395960	-0.776070
229.085978	-0.816450
229.775996	-0.834030
230.466014	-0.824100
231.156032	-0.783670
231.846050	-0.712100
232.536068	-0.611290
233.226086	-0.485680
233.916104	-0.341980
234.606122	-0.188340
235.296140	-0.033350
235.986158	0.115050
236.676176	0.250360
237.366194	0.367760
238.056212	0.464140
238.746230	0.537810
239.436248	0.588320
240.126266	0.616340
240.816284	0.623380
241.506302	0.611400
242.196320	0.582410
242.886338	0.538210
243.576356	0.480500
244.266374	0.411110
244.956392	0.332180
245.646410	0.246300
246.336428	0.156480
247.026446	0.065980
247.716464	-0.021860
248.406482	-0.103990
249.096500	-0.177750
249.786518	-0.241150
250.476536	-0.292900
251.166554	-0.332380
251.856572	-0.359530
252.546590	-0.374740
253.236608	-0.378780
253.926626	-0.372660
254.616644	-0.357590
255.306662	-0.334860
255.996680	-0.305540
256.686698	-0.270400
257.376716	-0.229800
258.066734	-0.183760
258.756752	-0.132380
259.446770	-0.076400
260.136788	-0.017570
260.826806	0.041400
261.516824	0.097320
262.206842	0.147090
262.896860	0.188400
263.586878	0.219870
264.276896	0.240830
264.966914	0.251040
265.656932	0.250670
266.346950	0.240460
267.036968	0.222020
267.726986	0.197990
268.417004	0.171730
269.107022	0.146770
269.797040	0.126130
270.487058	0.111840
271.177076	0.104620
271.867094	0.103800
272.557112	0.107510
273.247130	0.112970
273.937148	0.117100
274.627166	0.117180
275.317184	0.111520
276.007202	0.099940
276.697220	0.083880
277.387238	0.066100
278.077256	0.049960
278.767274	0.038380
279.457292	0.032940
280.147310	0.033230
280.837328	0.037030
281.527346	0.041060
282.217364	0.042080
282.907382	0.037740
283.597400	0.027230
284.287418	0.011180
284.977436	-0.008740
285.667454	-0.030360
286.357472	-0.051220
287.047490	-0.068880
287.737508	-0.081200
288.427526	-0.086660
289.117544	-0.084820
289.807562	-0.076670
290.497580	-0.064490
291.187598	-0.051250
291.877616	-0.039810
292.567634	-0.032160
293.257652	-0.029010
293.947670	-0.029990
294.637688	-0.034010
295.327706	-0.039770
296.017724	-0.046160
296.707742	-0.052530
297.397760	-0.058690
298.087778	-0.064860
298.777796	-0.071300
299.467814	-0.078100
300.157832	-0.085110
300.847850	-0.091950
301.537868	-0.098150
302.227886	-0.103320
302.917904	-0.107070
303.607922	-0.109140
304.297940	-0.109280
304.987958	-0.107330
305.677976	-0.103220
306.367994	-0.096990
307.058012	-0.088830
307.748030	-0.079050
308.438049	-0.068100
309.128067	-0.056450
309.818085	-0.044580
310.508103	-0.032800
311.198121	-0.021240
311.888139	-0.009790
312.578157	0.001860
313.268175	0.014140
313.958193	0.027320
314.648211	0.041370
315.338229	0.055830
316.028247	0.069800
316.718265	0.082160
317.408283	0.091860
318.098301	0.098140
318.788319	0.100720
319.478337	0.099710
320.168355	0.095660
320.858373	0.089320
321.548391	0.081630
322.238409	0.073540
322.928427	0.066010
323.618445	0.059970
324.308463	0.056220
324.998481	0.055360
325.688499	0.057710
326.378517	0.063250
327.068535	0.071610
327.758553	0.082160
328.448571	0.094060
329.138589	0.106300
329.828607	0.117790
330.518625	0.127310
331.208643	0.133650
331.898661	0.135610
332.588679	0.132110
333.278697	0.122280
333.968715	0.105500
334.658733	0.081430
335.348751	0.050180
336.038769	0.012390
336.728787	-0.030610
337.418805	-0.076680
338.108823	-0.122890
338.798841	-0.165810
339.488859	-0.201900
340.178877	-0.228100
340.868895	-0.242260
341.558913	-0.243500
342.248931	-0.232230
342.938949	-0.210110
343.628967	-0.179770
344.318985	-0.144410
345.009003	-0.107420
345.699021	-0.071940
346.389039	-0.040450
347.079057	-0.014650
347.769075	0.004700
348.459093	0.017720
349.149111	0.025180
349.839129	0.028270
350.529147	0.028420
351.219165	0.027080
351.909183	0.025630
352.599201	0.025320
353.289219	0.027130
353.979237	0.031740
354.669255	0.039450
355.359273	0.050110
356.049291	0.063130
356.739309	0.077550
357.429327	0.092050
358.119345	0.105030
358.809363	0.114740
359.499381	0.119530
360.189399	0.118180
360.879417	0.110110
361.569435	0.095450
362.259453	0.074810
362.949471	0.049070
363.639489	0.019180
364.329507	-0.013780
365.019525	-0.048400
365.709543	-0.082890
366.399561	-0.115100
367.089579	-0.142930
367.779597	-0.164680
368.469615	-0.179310
369.159633	-0.186530
369.849651	-0.186680
370.539669	-0.180500
371.229687	-0.168910
371.919705	-0.152860
372.609723	-0.133210
373.299741	-0.110700
373.989759	-0.085950
374.679777	-0.059480
375.369795	-0.031670
376.059813	-0.002830
376.749831	0.026680
377.439849	0.056320
378.129867	0.085290
378.819885	0.112610
379.509903	0.137230
380.199921	0.158130
380.889939	0.174500
381.579957	0.185750
382.269975	0.191450
382.959993	0.191420
383.650011	0.185660
384.340029	0.174340
385.030047	0.157760
385.720065	0.136350
386.410083	0.110750
387.100101	0.081800
387.790119	0.050660
388.480137	0.018740
389.170155	-0.012430
389.860173	-0.041420
390.550191	-0.067030
391.240209	-0.088540
391.930227	-0.105690
392.620245	-0.118540
393.310263	-0.127470
394.000281	-0.133000
394.690299	-0.135690
395.380317	-0.136080
396.070335	-0.134640
396.760353	-0.131700
397.450371	-0.127330
398.140389	-0.121500
398.830407	-0.114090
399.520425	-0.104970
400.210443	-0.093960
400.900461	-0.080860
401.590479	-0.065410
402.280497	-0.047390
402.970515	-0.026750
403.660533	-0.003780
404.350551	0.020850
405.040569	0.045910
405.730587	0.069790
406.420605	0.090640
407.110623	0.106680
407.800641	0.116540
408.490659	0.119500
409.180677	0.115590
409.870695	0.105570
410.560713	0.090810
411.250731	0.073080
411.940749	0.054260
412.630767	0.036100
413.320785	0.020010
414.010803	0.006970
414.700821	-0.002460
415.390839	-0.008070
416.080857	-0.009970
416.770875	-0.008620
417.460893	-0.004890
418.150911	-0.000140
418.840929	0.003980
419.530947	0.005800
420.220965	0.003990
420.910983	-0.002110
421.601001	-0.012280
422.291019	-0.025560
422.981037	-0.040550
423.671055	-0.055860
424.361073	-0.070460
425.051091	-0.083780
425.741109	-0.095450
426.431127	-0.105020
427.121145	-0.111700
427.811163	-0.114410
428.501181	-0.111990
429.191199	-0.103560
429.881217	-0.088900
430.571235	-0.068600
431.261253	-0.044010
431.951272	-0.017040
432.641290	0.010200
433.331308	0.035940
434.021326	0.058880
434.711344	0.078380
435.401362	0.094260
436.091380	0.106640
436.781398	0.115660
437.471416	0.121320
438.161434	0.123390
438.851452	0.121490
439.541470	0.115390
440.231488	0.105320
440.921506	0.092250
441.611524	0.078010
442.301542	0.065100
442.991560	0.056180
443.681578	0.053410
444.371596	0.057950
445.061614	0.069800
445.751632	0.087810
446.441650	0.109960
447.131668	0.133790
447.821686	0.156860
448.511704	0.176860
449.201722	0.191850
449.891740	0.200310
450.581758	0.201310
451.271776	0.194600
451.961794	0.180710
452.651812	0.161100
453.341830	0.138090
454.031848	0.114640
454.721866	0.093840
455.411884	0.078290
456.101902	0.069600
456.791920	0.068100
457.481938	0.072910
458.171956	0.082170
458.861974	0.093390
459.551992	0.103720
460.242010	0.110230
460.932028	0.110150
461.622046	0.101320
462.312064	0.082460
463.002082	0.053220
463.692100	0.013880
464.382118	-0.035130
465.072136	-0.093630
465.762154	-0.161720
466.452172	-0.239470
467.142190	-0.326340
467.832208	-0.420620
468.522226	-0.519150
469.212244	-0.617460
469.902262	-0.710020
470.592280	-0.790680
471.282298	-0.853090
471.972316	-0.891170
472.662334	-0.899720
473.352352	-0.875020
474.042370	-0.815520
474.732388	-0.722250
475.422406	-0.598900
476.112424	-0.451450
476.802442	-0.287610
477.492460	-0.116000
478.182478	0.054610
478.872496	0.216000
479.562514	0.361030
480.252532	0.484100
480.942550	0.581290
481.632568	0.650460
482.322586	0.691080
483.012604	0.704150
483.702622	0.691830
484.392640	0.657200
485.082658	0.603830
485.772676	0.535460
486.462694	0.455580
487.152712	0.367320
487.842730	0.273450
488.532748	0.176500
489.222766	0.078980
489.912784	-0.016420
490.602802	-0.106970
491.292820	-0.190070
491.982838	-0.263510
492.672856	-0.325680
493.362874	-0.375630
494.052892	-0.412810
494.742910	-0.436810
495.432928	-0.447060
496.122946	-0.442790
496.812964	-0.423190
497.502982	-0.387830
498.193000	-0.337140
498.883018	-0.272760
499.573036	-0.197650
500.263054	-0.115940
500.953072	-0.032480
501.643090	0.047850
502.333108	0.120850
503.023126	0.183420
503.713144	0.233780
504.403162	0.271310
505.093180	0.296090
505.783198	0.308540
506.473216	0.309430
507.163234	0.300090
507.853252	0.282520
508.543270	0.259380
509.233288	0.233640
509.923306	0.208040
510.613324	0.184680
511.303342	0.164850
511.993360	0.149010
512.683378	0.136870
513.373396	0.127490
514.063414	0.119510
514.753432	0.111470
515.443450	0.102170
516.133468	0.091070
516.823486	0.078380
517.513504	0.064890
518.203522	0.051770
518.893540	0.040080
519.583558	0.030210
520.273576	0.021600
520.963594	0.012930
521.653612	0.002390
522.343630	-0.011680
523.033648	-0.030300
523.723666	-0.053460
524.413684	-0.080320
525.103702	-0.109460
525.793720	-0.139130
526.483738	-0.167520
527.173756	-0.192830
527.863774	-0.213480
528.553792	-0.228190
529.243810	-0.236000
529.933828	-0.236410
530.623846	-0.229350
531.313864	-0.215040
532.003882	-0.193940
532.693900	-0.166670
533.383918	-0.134050
534.073936	-0.097120
534.763954	-0.057350
535.453972	-0.016720
536.143990	0.022520
536.834008	0.058140
537.524026	0.088300
538.214044	0.111790
538.904062	0.128030
539.594080	0.136880
540.284098	0.138410
540.974116	0.132970
541.664134	0.121320
542.354152	0.104830
543.044170	0.085430
543.734188	0.065440
544.424206	0.047130
545.114224	0.032340
545.804242	0.022190
546.494260	0.016920
547.184278	0.015850
547.874296	0.017600
548.564314	0.020420
549.254332	0.022690
549.944350	0.023360
550.634368	0.022270
551.324386	0.020090
552.014404	0.017910
552.704422	0.016800
553.394440	0.017360
554.084458	0.019390
554.774476	0.021940
555.464495	0.023410
556.154513	0.021940
556.844531	0.015820
557.534549	0.003880
558.224567	-0.013980
558.914585	-0.036680
559.604603	-0.061910
560.294621	-0.086590
560.984639	-0.107430
561.674657	-0.121550
562.364675	-0.126980
563.054693	-0.122990
563.744711	-0.110000
564.434729	-0.089500
565.124747	-0.063670
565.814765	-0.035050
566.504783	-0.006140
567.194801	0.020810
567.884819	0.043990
568.574837	0.062060
569.264855	0.074150
569.954873	0.079900
570.644891	0.079390
571.334909	0.073140
572.024927	0.062030
572.714945	0.047220
573.404963	0.030050
574.094981	0.012090
574.784999	-0.005030
575.475017	-0.019870
576.165035	-0.031330
576.855053	-0.038800
577.545071	-0.042300
578.235089	-0.042320
578.925107	-0.039560
579.615125	-0.034730
580.305143	-0.028390
580.995161	-0.020910
581.685179	-0.012460
582.375197	-0.003050
583.065215	0.007270
583.755233	0.018170
584.445251	0.028960
585.135269	0.038560
585.825287	0.045740
586.515305	0.049370
587.205323	0.048750
587.895341	0.043720
588.585359	0.034610
589.275377	0.022190
589.965395	0.007440
590.655413	-0.008620
591.345431	-0.025010
592.035449	-0.040890
592.725467	-0.055710
593.415485	-0.069360
594.105503	-0.082150
594.795521	-0.094630
595.485539	-0.107330
596.175557	-0.120440
596.865575	-0.133560
597.555593	-0.145580
598.245611	-0.154920
598.935629	-0.159740
599.625647	-0.158270
600.315665	-0.149230
601.005683	-0.132190
601.695701	-0.107630
602.385719	-0.076880
603.075737	-0.041880
603.765755	-0.004820
604.455773	0.032110
605.145791	0.066930
605.835809	0.097890
606.525827	0.123630
607.215845	0.143340
607.905863	0.156740
608.595881	0.164150
609.285899	0.166430
609.975917	0.164800
610.665935	0.160660
611.355953	0.155360
612.045971	0.149860
612.735989	0.144530
613.426007	0.139030
614.116025	0.132370
614.806043	0.123070
615.496061	0.109560
616.186079	0.090470
616.876097	0.064970
617.566115	0.033050
618.256133	-0.004320
618.946151	-0.045230
619.636169	-0.087200
620.326187	-0.127580
621.016205	-0.164130
621.706223	-0.195250
622.396241	-0.220040
623.086259	-0.238170
623.776277	-0.249710
624.466295	-0.254800
625.156313	-0.253500
625.846331	-0.245740
626.536349	-0.231300
627.226367	-0.209940
627.916385	-0.181760
628.606403	-0.147430
629.296421	-0.108260
629.986439	-0.066040
630.676457	-0.022900
631.366475	0.019040
632.056493	0.057930
632.746511	0.092320
633.436529	0.121190
634.126547	0.144020
634.816565	0.160610
635.506583	0.171060
636.196601	0.175580
636.886619	0.174490
637.576637	0.168110
638.266655	0.156870
638.956673	0.141210
639.646691	0.121660
640.336709	0.098800
641.026727	0.073330
641.716745	0.046110
642.406763	0.018360
643.096781	-0.008270
643.786799	-0.031760
644.476817	-0.050020
645.166835	-0.061290
645.856853	-0.064610
646.546871	-0.060070
647.236889	-0.048770
647.926907	-0.032490
648.616925	-0.013430
649.306943	0.006120
649.996961	0.024050
650.686979	0.038640
651.376997	0.048680
652.067015	0.053610
652.757033	0.053500
653.447051	0.048820
654.137069	0.040300
654.827087	0.028640
655.517105	0.014440
656.207123	-0.001770
656.897141	-0.019330
657.587159	-0.037280
658.277177	-0.054210
658.967195	-0.068370
659.657213	-0.078120
660.347231	-0.082380
661.037249	-0.080870
661.727267	-0.074170
662.417285	-0.063430
663.107303	-0.050040
663.797321	-0.035360
664.487339	-0.020640
665.177357	-0.007000
665.867375	0.004660
666.557393	0.013880
667.247411	0.020590
667.937429	0.025100
668.627447	0.027760
669.317465	0.028660
670.007483	0.027530
670.697501	0.024080
671.387519	0.018450
672.077537	0.011600
672.767555	0.005100
673.457573	0.000730
674.147591	-0.000040
674.837609	0.003510
675.527627	0.011260
676.217645	0.022390
676.907663	0.035540
677.597681	0.049000
678.287699	0.060980
678.977718	0.070020
679.667736	0.075590
680.357754	0.078280
681.047772	0.079690
681.737790	0.081870
682.427808	0.086780
683.117826	0.095700
683.807844	0.109000
684.497862	0.126060
685.187880	0.145430
685.877898	0.164980
686.567916	0.182180
687.257934	0.194510
687.947952	0.199810
688.637970	0.196540
689.327988	0.183970
690.018006	0.162300
690.708024	0.132900
691.398042	0.098320
692.088060	0.062230
692.778078	0.028870
693.468096	0.002300
694.158114	-0.014470
694.848132	-0.020110
695.538150	-0.015090
696.228168	-0.001480
696.918186	0.017640
697.608204	0.038790
698.298222	0.058590
698.988240	0.074180
699.678258	0.083310
700.368276	0.084390
701.058294	0.076320
701.748312	0.058370
702.438330	0.029950
703.128348	-0.009290
703.818366	-0.059540
704.508384	-0.120430
705.198402	-0.190640
705.888420	-0.267650
706.578438	-0.347820
707.268456	-0.426750
707.958474	-0.499800
708.648492	-0.562780
709.338510	-0.612290
710.028528	-0.645790
710.718546	-0.661520
711.408564	-0.658540
712.098582	-0.636740
712.788600	-0.596780
713.478618	-0.539950
714.168636	-0.467960
714.858654	-0.382630
715.548672	-0.285990
716.238690	-0.180510
716.928708	-0.069500
717.618726	0.042920
718.308744	0.152170
718.998762	0.253670
719.688780	0.343310
720.378798	0.417820
721.068816	0.474720
721.758834	0.512360
722.448852	0.529860
723.138870	0.527160
723.828888	0.504980
724.518906	0.464710
725.208924	0.408330
725.898942	0.338410
726.588960	0.258080
727.278978	0.171030
727.968996	0.081510
728.659014	-0.005840
729.349032	-0.086320
730.039050	-0.155430
730.729068	-0.209440
731.419086	-0.246070
732.109104	-0.265200
732.799122	-0.269050
733.489140	-0.261600
734.179158	-0.247560
734.869176	-0.231170
735.559194	-0.215080
736.249212	-0.199980
736.939230	-0.185030
737.629248	-0.168730
738.319266	-0.149730
739.009284	-0.127220
739.699302	-0.101100
740.389320	-0.071640
741.079338	-0.039330
741.769356	-0.004820
742.459374	0.030820
743.149392	0.065850
743.839410	0.097910
744.529428	0.124570
745.219446	0.144070
745.909464	0.155800
746.599482	0.160560
747.289500	0.160170
747.979518	0.156890
748.669536	0.152850
749.359554	0.149640
750.049572	0.148250
750.739590	0.149030
751.429608	0.151800
752.119626	0.156000
752.809644	0.160830
753.499662	0.165220
754.189680	0.167830
754.879698	0.167060
755.569716	0.161220
756.259734	0.148810
756.949752	0.128940
757.639770	0.101770
758.329788	0.068600
759.019806	0.031740
759.709824	-0.005910
760.399842	-0.041490
761.089860	-0.072660
761.779878	-0.097960
762.469896	-0.116960
763.159914	-0.130070
763.849932	-0.138290
764.539950	-0.142900
765.229968	-0.145200
765.919986	-0.146230
766.610004	-0.146620
767.300022	-0.146340
767.990040	-0.144800
768.680058	-0.140820
769.370076	-0.133040
770.060094	-0.120300
770.750112	-0.102240
771.440130	-0.079540
772.130148	-0.053850
772.820166	-0.027410
773.510184	-0.002510
774.200202	0.019170
774.890220	0.036830
775.580238	0.050580
776.270256	0.061120
776.960274	0.069330
777.650292	0.075960
778.340310	0.081360
779.030328	0.085500
779.720346	0.088210
780.410364	0.089350
781.100382	0.088930
781.790400	0.087140
782.480418	0.084220
783.170436	0.080440
783.860454	0.075970
784.550472	0.070870
785.240490	0.065090
785.930508	0.058500
786.620526	0.050990
787.310544	0.042660
788.000562	0.033870
788.690580	0.025270
789.380598	0.017570
790.070616	0.011400
790.760634	0.006960
791.450652	0.003960
792.140670	0.001620
792.830688	-0.001010
