0.000000	-0.058030
0.690016	-0.037880
1.380033	-0.012400
2.070049	0.016120
2.760065	0.045230
3.450081	0.072580
4.140098	0.096150
4.830114	0.114230
5.520130	0.125490
6.210147	0.128840
6.900163	0.123550
7.590179	0.109320
8.280196	0.086590
8.970212	0.056690
9.660228	0.022070
10.350244	-0.013970
11.040261	-0.047710
11.730277	-0.075610
12.420293	-0.094920
13.110310	-0.104080
13.800326	-0.102900
14.490342	-0.092430
15.180358	-0.074750
15.870375	-0.052550
16.560391	-0.028710
17.250407	-0.005870
17.940424	0.013920
18.630440	0.029460
19.320456	0.040530
20.010472	0.047800
20.700489	0.052540
21.390505	0.056160
22.080521	0.059850
22.770538	0.064270
23.460554	0.069420
24.150570	0.074690
24.840587	0.078990
25.530603	0.081020
26.220619	0.079630
26.910635	0.074300
27.600652	0.065490
28.290668	0.054810
28.980684	0.044680
29.670701	0.037740
30.360717	0.036070
31.050733	0.040600
31.740749	0.050980
32.430766	0.065910
33.120782	0.083730
33.810798	0.102930
34.500815	0.122270
35.190831	0.140690
35.880847	0.157040
36.570863	0.170130
37.260880	0.179000
37.950896	0.183440
38.640912	0.184210
39.330929	0.182900
40.020945	0.181440
40.710961	0.181430
41.400978	0.183720
42.090994	0.188260
42.781010	0.194260
43.471026	0.200380
44.161043	0.204970
44.851059	0.206140
45.541075	0.201950
46.231092	0.190640
46.921108	0.170950
47.611124	0.142240
48.301140	0.104450
48.991157	0.057990
49.681173	0.003400
50.371189	-0.058690
51.061206	-0.127560
51.751222	-0.202100
52.441238	-0.280920
53.131255	-0.362430
53.821271	-0.445050
54.511287	-0.527270
55.201303	-0.607470
55.891320	-0.683430
56.581336	-0.751790
57.271352	-0.807940
57.961369	-0.846390
58.651385	-0.861620
59.341401	-0.849040
60.031417	-0.805700
60.721434	-0.730760
61.411450	-0.625550
62.101466	-0.493440
62.791483	-0.339890
63.481499	-0.172210
64.171515	0.000830
64.861531	0.169720
65.551548	0.325170
66.241564	0.459050
66.931580	0.565360
67.621597	0.640810
68.311613	0.684970
69.001629	0.699970
69.691646	0.689680
70.381662	0.658680
71.071678	0.611310
71.761694	0.551140
72.451711	0.480990
73.141727	0.403200
73.831743	0.319960
74.521760	0.233550
75.211776	0.146420
75.901792	0.061190
76.591808	-0.019580
77.281825	-0.093590
77.971841	-0.158930
78.661857	-0.214280
79.351874	-0.258930
80.041890	-0.292800
80.731906	-0.316210
81.421922	-0.329820
82.111939	-0.334500
82.801955	-0.331260
83.491971	-0.321250
84.181988	-0.305820
84.872004	-0.286280
85.562020	-0.263750
86.252037	-0.238780
86.942053	-0.211160
87.632069	-0.179930
88.322085	-0.143860
89.012102	-0.102030
89.702118	-0.054600
90.392134	-0.002910
91.082151	0.050650
91.772167	0.103220
92.462183	0.151860
93.152199	0.193880
93.842216	0.226900
94.532232	0.249000
95.222248	0.259050
95.912265	0.257060
96.602281	0.244500
97.292297	0.224120
97.982314	0.199380
98.672330	0.173630
99.362346	0.149510
100.052362	0.128660
100.742379	0.111690
101.432395	0.098410
102.122411	0.088160
102.812428	0.080110
103.502444	0.073480
104.192460	0.067820
104.882476	0.063120
105.572493	0.059940
106.262509	0.059250
106.952525	0.062120
107.642542	0.069220
108.332558	0.080240
109.022574	0.093650
109.712590	0.106790
110.402607	0.116570
111.092623	0.120230
111.782639	0.116100
112.472656	0.103940
113.162672	0.084840
113.852688	0.060840
114.542705	0.034360
115.232721	0.007780
115.922737	-0.016700
116.612753	-0.037350
117.302770	-0.052960
117.992786	-0.063020
118.682802	-0.067800
119.372819	-0.068350
120.062835	-0.066230
120.752851	-0.063030
121.442867	-0.059990
122.132884	-0.057740
122.822900	-0.056370
123.512916	-0.055740
124.202933	-0.055690
124.892949	-0.056220
125.582965	-0.057540
126.272981	-0.059940
126.962998	-0.063700
127.653014	-0.069060
128.343030	-0.076060
129.033047	-0.084560
129.723063	-0.094160
130.413079	-0.104120
131.103096	-0.113410
131.793112	-0.120780
132.483128	-0.124870
133.173144	-0.124360
133.863161	-0.118300
134.553177	-0.106300
135.243193	-0.088810
135.933210	-0.067090
136.623226	-0.043120
137.313242	-0.019220
138.003258	0.002280
138.693275	0.019520
139.383291	0.031220
140.073307	0.036880
140.763324	0.036700
141.453340	0.031540
142.143356	0.022690
142.833373	0.011670
143.523389	0.000020
144.213405	-0.010910
144.903421	-0.020050
145.593438	-0.026630
146.283454	-0.030210
146.973470	-0.030530
147.663487	-0.027540
148.353503	-0.021320
149.043519	-0.012060
149.733535	-0.000180
150.423552	0.013720
151.113568	0.028970
151.803584	0.044890
152.493601	0.061000
153.183617	0.077150
153.873633	0.093380
154.563649	0.109800
155.253666	0.126400
155.943682	0.143030
156.633698	0.159360
157.323715	0.175020
158.013731	0.189550
158.703747	0.202360
159.393764	0.212710
160.083780	0.219710
160.773796	0.222410
161.463812	0.219980
162.153829	0.211750
162.843845	0.197280
163.533861	0.176260
164.223878	0.148540
164.913894	0.114120
165.603910	0.073370
166.293926	0.027310
166.983943	-0.022170
167.673959	-0.072390
168.363975	-0.120060
169.053992	-0.161850
169.744008	-0.194860
170.434024	-0.217150
171.124041	-0.227950
171.814057	-0.227740
172.504073	-0.218060
173.194089	-0.201250
173.884106	-0.180000
174.574122	-0.156910
175.264138	-0.134110
175.954155	-0.113110
176.644171	-0.094780
177.334187	-0.079530
178.024203	-0.067400
178.714220	-0.058150
179.404236	-0.051290
180.094252	-0.046000
180.784269	-0.041330
181.474285	-0.036230
182.164301	-0.029750
182.854317	-0.021190
183.544334	-0.010230
184.234350	0.003030
184.924366	0.018180
185.614383	0.034560
186.304399	0.051390
186.994415	0.067890
187.684432	0.083220
188.374448	0.096480
189.064464	0.106570
189.754480	0.112370
190.444497	0.112800
191.134513	0.107030
191.824529	0.094610
192.514546	0.075540
193.204562	0.050460
193.894578	0.020680
194.584594	-0.011810
195.274611	-0.044610
195.964627	-0.075150
196.654643	-0.101160
197.344660	-0.120910
198.034676	-0.133430
198.724692	-0.138500
199.414708	-0.136570
200.104725	-0.128660
200.794741	-0.116100
201.484757	-0.100370
202.174774	-0.082830
202.864790	-0.064440
203.554806	-0.045690
204.244823	-0.026590
204.934839	-0.006780
205.624855	0.014150
206.314871	0.036420
207.004888	0.059850
207.694904	0.083780
208.384920	0.107150
209.074937	0.128630
209.764953	0.146800
210.454969	0.160310
211.144985	0.168120
211.835002	0.169490
212.525018	0.164110
213.215034	0.152090
213.905051	0.133920
214.595067	0.110490
215.285083	0.083150
215.975100	0.053770
216.665116	0.024510
217.355132	-0.002390
218.045148	-0.025080
218.735165	-0.042380
219.425181	-0.053940
220.115197	-0.060230
220.805214	-0.062160
221.495230	-0.060800
222.185246	-0.057160
222.875262	-0.052070
223.565279	-0.046280
224.255295	-0.040570
224.945311	-0.035760
225.635328	-0.032670
226.325344	-0.031950
227.015360	-0.033890
227.705376	-0.038250
228.395393	-0.044250
229.085409	-0.050700
229.775425	-0.056210
230.465442	-0.059440
231.155458	-0.059370
231.845474	-0.055430
232.535491	-0.047570
233.225507	-0.036240
233.915523	-0.022300
234.605539	-0.006910
235.295556	0.008570
235.985572	0.022820
236.675588	0.034680
237.365605	0.043170
238.055621	0.047570
238.745637	0.047380
239.435653	0.042520
240.125670	0.033420
240.815686	0.021220
241.505702	0.007610
242.195719	-0.005430
242.885735	-0.016120
243.575751	-0.023190
244.265767	-0.026180
244.955784	-0.025330
245.645800	-0.021410
246.335816	-0.015450
247.025833	-0.008600
247.715849	-0.001940
248.405865	0.003660
249.095882	0.007660
249.785898	0.009870
250.475914	0.010490
251.165930	0.010110
251.855947	0.009470
252.545963	0.009280
253.235979	0.009880
253.925996	0.011060
254.616012	0.012090
255.306028	0.011960
255.996044	0.009910
256.686061	0.005830
257.376077	0.000580
258.066093	-0.004280
258.756110	-0.006840
259.446126	-0.005510
260.136142	0.000580
260.826159	0.011340
261.516175	0.025910
262.206191	0.042780
262.896207	0.060160
263.586224	0.076180
264.276240	0.089200
264.966256	0.098080
265.656273	0.102250
266.346289	0.101750
267.036305	0.097000
267.726321	0.088750
268.416338	0.077860
269.106354	0.065340
269.796370	0.052290
270.486387	0.039850
271.176403	0.029270
271.866419	0.021800
272.556435	0.018650
273.246452	0.020790
273.936468	0.028730
274.626484	0.042240
275.316501	0.060260
276.006517	0.080980
276.696533	0.102200
277.386550	0.121780
278.076566	0.138040
278.766582	0.150080
279.456598	0.157830
280.146615	0.161810
280.836631	0.162930
281.526647	0.162180
282.216664	0.160430
282.906680	0.158430
283.596696	0.156840
284.286712	0.156240
284.976729	0.156980
285.666745	0.159020
286.356761	0.161870
287.046778	0.164520
287.736794	0.165620
288.426810	0.163610
289.116826	0.156910
289.806843	0.144090
290.496859	0.123960
291.186875	0.095810
291.876892	0.059500
292.566908	0.015360
293.256924	-0.035990
293.946941	-0.094060
294.636957	-0.158640
295.326973	-0.229780
296.016989	-0.307490
296.707006	-0.391270
297.397022	-0.479620
298.087038	-0.569820
298.777055	-0.657860
299.467071	-0.738700
300.157087	-0.806740
300.847103	-0.856310
301.537120	-0.882180
302.227136	-0.880130
302.917152	-0.847450
303.607169	-0.783540
304.297185	-0.690240
304.987201	-0.571940
305.677218	-0.435060
306.367234	-0.287280
307.057250	-0.136380
307.747266	0.010650
308.437283	0.148350
309.127299	0.272980
309.817315	0.382480
310.507332	0.476020
311.197348	0.553530
311.887364	0.615170
312.577380	0.660900
313.267397	0.690460
313.957413	0.703420
314.647429	0.699570
315.337446	0.679130
316.027462	0.642850
316.717478	0.591930
317.407494	0.527870
318.097511	0.452440
318.787527	0.367660
319.477543	0.275840
320.167560	0.179640
320.857576	0.081940
321.547592	-0.014320
322.237609	-0.106420
322.927625	-0.191990
323.617641	-0.269170
324.307657	-0.336580
324.997674	-0.393190
325.687690	-0.438040
326.377706	-0.470140
327.067723	-0.488320
327.757739	-0.491310
328.447755	-0.478030
329.137771	-0.447870
329.827788	-0.401050
330.517804	-0.339070
331.207820	-0.264840
331.897837	-0.182470
332.587853	-0.096780
333.277869	-0.012620
333.967885	0.065760
334.657902	0.135240
335.347918	0.193910
336.037934	0.240970
336.727951	0.276510
337.417967	0.301300
338.107983	0.316400
338.798000	0.322880
339.488016	0.321550
340.178032	0.312900
340.868048	0.297230
341.558065	0.274840
342.248081	0.246300
342.938097	0.212630
343.628114	0.175250
344.318130	0.135840
345.008146	0.096180
345.698162	0.058010
346.388179	0.023020
347.078195	-0.007050
347.768211	-0.030470
348.458228	-0.045570
349.148244	-0.051210
349.838260	-0.047330
350.528277	-0.035400
351.218293	-0.018400
351.908309	-0.000320
352.598325	0.014620
353.288342	0.022930
353.978358	0.022470
354.668374	0.012720
355.358391	-0.005380
356.048407	-0.029840
356.738423	-0.057980
357.428439	-0.086900
358.118456	-0.113900
358.808472	-0.136760
359.498488	-0.153970
360.188505	-0.164750
360.878521	-0.169110
361.568537	-0.167490
362.258553	-0.160470
362.948570	-0.148590
363.638586	-0.132220
364.328602	-0.111580
365.018619	-0.086910
365.708635	-0.058730
366.398651	-0.027920
367.088668	0.004190
367.778684	0.035860
368.468700	0.065110
369.158716	0.090040
369.848733	0.109130
370.538749	0.121480
371.228765	0.126860
371.918782	0.125730
372.608798	0.119090
373.298814	0.108410
373.988830	0.095430
374.678847	0.082060
375.368863	0.070080
376.058879	0.060870
376.748896	0.055170
377.438912	0.052910
378.128928	0.053250
378.818944	0.054850
379.508961	0.056270
380.198977	0.056300
380.888993	0.054060
381.579010	0.049090
382.269026	0.041210
382.959042	0.030470
383.649059	0.017180
384.339075	0.001970
385.029091	-0.014230
385.719107	-0.030350
386.409124	-0.045370
387.099140	-0.058500
387.789156	-0.069330
388.479173	-0.077790
389.169189	-0.083950
389.859205	-0.087830
390.549221	-0.089210
391.239238	-0.087630
391.929254	-0.082450
392.619270	-0.073170
393.309287	-0.059720
393.999303	-0.042730
394.689319	-0.023540
395.379336	-0.004020
396.069352	0.013830
396.759368	0.028270
397.449384	0.037930
398.139401	0.042120
398.829417	0.040850
399.519433	0.034760
400.209450	0.025020
400.899466	0.013190
401.589482	0.000910
402.279498	-0.010440
402.969515	-0.019880
403.659531	-0.026940
404.349547	-0.031500
405.039564	-0.033670
405.729580	-0.033680
406.419596	-0.031800
407.109612	-0.028220
407.799629	-0.023120
408.489645	-0.016640
409.179661	-0.008900
409.869678	0.000000
410.559694	0.009960
411.249710	0.020890
411.939727	0.032650
412.629743	0.045090
413.319759	0.057870
414.009775	0.070430
414.699792	0.081930
415.389808	0.091230
416.079824	0.097130
416.769841	0.098580
417.459857	0.094980
418.149873	0.086290
418.839889	0.072930
419.529906	0.055660
420.219922	0.035260
420.909938	0.012450
421.599955	-0.012020
422.289971	-0.037320
422.979987	-0.062400
423.670004	-0.086040
424.360020	-0.107020
425.050036	-0.124410
425.740052	-0.137800
426.430069	-0.147320
427.120085	-0.153500
427.810101	-0.156990
428.500118	-0.158190
429.190134	-0.157010
429.880150	-0.152820
430.570166	-0.144580
431.260183	-0.131240
431.950199	-0.112070
432.640215	-0.086940
433.330232	-0.056500
434.020248	-0.022070
434.710264	0.014460
435.400280	0.051010
436.090297	0.085400
436.780313	0.115630
437.470329	0.140050
438.160346	0.157540
438.850362	0.167670
439.540378	0.170730
440.230395	0.167730
440.920411	0.160290
441.610427	0.150220
442.300443	0.139190
442.990460	0.128370
443.680476	0.118250
444.370492	0.108590
445.060509	0.098590
445.750525	0.087050
446.440541	0.072750
447.130557	0.054710
447.820574	0.032460
448.510590	0.006240
449.200606	-0.023010
449.890623	-0.053840
450.580639	-0.084550
451.270655	-0.113460
451.960671	-0.139090
452.650688	-0.160250
453.340704	-0.176050
454.030720	-0.185870
454.720737	-0.189290
455.410753	-0.186090
456.100769	-0.176180
456.790786	-0.159730
457.480802	-0.137130
458.170818	-0.109220
458.860834	-0.077390
459.550851	-0.043510
460.240867	-0.009720
460.930883	0.021840
461.620900	0.049410
462.310916	0.071820
463.000932	0.088600
463.690948	0.099820
464.380965	0.105920
465.070981	0.107550
465.760997	0.105410
466.451014	0.100260
467.141030	0.092860
467.831046	0.083960
468.521063	0.074250
469.211079	0.064220
469.901095	0.054150
470.591111	0.044000
471.281128	0.033530
471.971144	0.022430
472.661160	0.010630
473.351177	-0.001490
474.041193	-0.013140
474.731209	-0.023220
475.421225	-0.030690
476.111242	-0.034870
476.801258	-0.035570
477.491274	-0.033000
478.181291	-0.027610
478.871307	-0.019890
479.561323	-0.010340
480.251339	0.000510
480.941356	0.012060
481.631372	0.023540
482.321388	0.033970
483.011405	0.042240
483.701421	0.047370
484.391437	0.048750
485.081454	0.046330
485.771470	0.040570
486.461486	0.032220
487.151502	0.021900
487.841519	0.009960
488.531535	-0.003450
489.221551	-0.018150
489.911568	-0.033500
490.601584	-0.048260
491.291600	-0.060720
491.981616	-0.069100
492.671633	-0.071980
493.361649	-0.068690
494.051665	-0.059520
494.741682	-0.045640
495.431698	-0.028770
496.121714	-0.010820
496.811730	0.006440
497.501747	0.021660
498.191763	0.033850
498.881779	0.042370
499.571796	0.046880
500.261812	0.047220
500.951828	0.043530
501.641845	0.036320
502.331861	0.026560
503.021877	0.015630
503.711893	0.005010
504.401910	-0.004050
505.091926	-0.010820
505.781942	-0.015140
506.471959	-0.017370
507.161975	-0.017960
507.851991	-0.017120
508.542007	-0.014500
509.232024	-0.009230
509.922040	-0.000260
510.612056	0.013280
511.302073	0.031750
511.992089	0.054790
512.682105	0.081450
513.372122	0.110470
514.062138	0.140390
514.752154	0.169610
515.442170	0.196300
516.132187	0.218410
516.822203	0.233780
517.512219	0.240370
518.202236	0.236670
518.892252	0.222180
519.582268	0.197910
520.272284	0.166500
520.962301	0.131850
521.652317	0.098470
522.342333	0.070600
523.032350	0.051400
523.722366	0.042510
524.412382	0.044000
525.102398	0.054510
525.792415	0.071580
526.482431	0.091910
527.172447	0.111880
527.862464	0.127930
528.552480	0.137110
529.242496	0.137330
529.932513	0.127490
530.622529	0.107400
531.312545	0.077490
532.002561	0.038520
532.692578	-0.008620
533.382594	-0.063080
534.072610	-0.123850
534.762627	-0.189640
535.452643	-0.258800
536.142659	-0.329330
536.832675	-0.399070
537.522692	-0.465820
538.212708	-0.527400
538.902724	-0.581610
539.592741	-0.626160
540.282757	-0.658520
540.972773	-0.676130
541.662789	-0.676670
542.352806	-0.658470
543.042822	-0.620820
543.732838	-0.564060
544.422855	-0.489480
545.112871	-0.399020
545.802887	-0.295360
546.492904	-0.182010
547.182920	-0.063600
547.872936	0.054410
548.562952	0.166320
549.252969	0.267050
549.942985	0.352860
550.633001	0.421680
551.323018	0.472890
552.013034	0.506820
552.703050	0.524260
553.393066	0.526190
554.083083	0.513530
554.773099	0.487140
555.463115	0.447920
556.153132	0.396970
556.843148	0.335820
557.533164	0.266600
558.223181	0.192000
558.913197	0.115250
559.603213	0.039910
560.293229	-0.030220
560.983246	-0.091430
561.673262	-0.140440
562.363278	-0.175130
563.053295	-0.195100
563.743311	-0.201890
564.433327	-0.198590
565.123343	-0.188900
565.813360	-0.176110
566.503376	-0.162320
567.193392	-0.148220
567.883409	-0.133490
568.573425	-0.117520
569.263441	-0.099860
569.953457	-0.080520
570.643474	-0.059820
571.333490	-0.038300
572.023506	-0.016540
572.713523	0.004740
573.403539	0.024530
574.093555	0.041470
574.783572	0.054000
575.473588	0.060860
576.163604	0.061590
576.853620	0.056830
577.543637	0.048290
578.233653	0.038470
578.923669	0.030110
579.613686	0.025710
580.303702	0.027080
580.993718	0.035050
581.683734	0.049220
582.373751	0.068060
583.063767	0.089260
583.753783	0.110170
584.443800	0.128270
585.133816	0.141560
585.823832	0.148650
586.513848	0.148820
587.203865	0.141930
587.893881	0.128470
588.583897	0.109450
589.273914	0.086390
589.963930	0.061080
590.653946	0.035410
591.343963	0.011090
592.033979	-0.010610
592.723995	-0.028980
593.414011	-0.043860
594.104028	-0.055600
594.794044	-0.064800
595.484060	-0.072130
596.174077	-0.078120
596.864093	-0.083010
597.554109	-0.086760
598.244125	-0.089030
598.934142	-0.089210
599.624158	-0.086480
600.314174	-0.079960
601.004191	-0.068920
601.694207	-0.053100
602.384223	-0.033010
603.074240	-0.010040
603.764256	0.013690
604.454272	0.035840
605.144288	0.054330
605.834305	0.067850
606.524321	0.076030
607.214337	0.079280
607.904354	0.078520
608.594370	0.074670
609.284386	0.068400
609.974402	0.060020
610.664419	0.049590
611.354435	0.037050
612.044451	0.022550
612.734468	0.006570
613.424484	-0.009900
614.114500	-0.025530
614.804516	-0.038660
615.494533	-0.047640
616.184549	-0.051140
616.874565	-0.048400
617.564582	-0.039250
618.254598	-0.024020
618.944614	-0.003410
619.634631	0.021490
620.324647	0.049200
621.014663	0.077690
621.704679	0.104470
622.394696	0.126860
623.084712	0.142560
623.774728	0.150040
624.464745	0.148770
625.154761	0.139080
625.844777	0.121910
626.534793	0.098590
627.224810	0.070580
627.914826	0.039450
628.604842	0.006880
629.294859	-0.025440
629.984875	-0.055920
630.674891	-0.083160
631.364907	-0.106110
632.054924	-0.124130
632.744940	-0.137000
633.434956	-0.144930
634.124973	-0.148540
634.814989	-0.148770
635.505005	-0.146730
636.195022	-0.143510
636.885038	-0.139880
637.575054	-0.136200
638.265070	-0.132390
638.955087	-0.128010
639.645103	-0.122420
640.335119	-0.114920
641.025136	-0.104850
641.715152	-0.091630
642.405168	-0.074860
643.095184	-0.054400
643.785201	-0.030540
644.475217	-0.003960
645.165233	0.024280
645.855250	0.052980
646.545266	0.080900
647.235282	0.106870
647.925299	0.129930
648.615315	0.149380
649.305331	0.164780
649.995347	0.175990
650.685364	0.183040
651.375380	0.185970
652.065396	0.184640
652.755413	0.178600
653.445429	0.167210
654.135445	0.149920
654.825461	0.126730
655.515478	0.098520
656.205494	0.067100
656.895510	0.034930
657.585527	0.004620
658.275543	-0.021540
658.965559	-0.042030
659.655575	-0.056160
660.345592	-0.064040
661.035608	-0.066460
661.725624	-0.064750
662.415641	-0.060510
663.105657	-0.055410
663.795673	-0.050840
664.485690	-0.047750
665.175706	-0.046480
665.865722	-0.046810
666.555738	-0.048170
667.245755	-0.049790
667.935771	-0.050920
668.625787	-0.050970
669.315804	-0.049560
670.005820	-0.046500
670.695836	-0.041870
671.385852	-0.035920
672.075869	-0.029130
672.765885	-0.022080
673.455901	-0.015430
674.145918	-0.009750
674.835934	-0.005480
675.525950	-0.002880
676.215967	-0.001980
676.905983	-0.002640
677.595999	-0.004590
678.286015	-0.007390
678.976032	-0.010500
679.666048	-0.013330
680.356064	-0.015330
681.046081	-0.016030
681.736097	-0.015160
682.426113	-0.012530
683.116129	-0.008050
683.806146	-0.001720
684.496162	0.006270
685.186178	0.015460
685.876195	0.025070
686.566211	0.034110
687.256227	0.041500
687.946243	0.046280
688.636260	0.047830
689.326276	0.045910
690.016292	0.040740
690.706309	0.033040
691.396325	0.023880
692.086341	0.014550
692.776358	0.006360
693.466374	0.000420
694.156390	-0.002460
694.846406	-0.001860
695.536423	0.002250
696.226439	0.009540
696.916455	0.019250
697.606472	0.030340
698.296488	0.041670
698.986504	0.052160
699.676520	0.060900
700.366537	0.067330
701.056553	0.071100
701.746569	0.072130
702.436586	0.070500
703.126602	0.066440
703.816618	0.060290
704.506634	0.052500
705.196651	0.043580
705.886667	0.034070
706.576683	0.024440
707.266700	0.015070
707.956716	0.006230
708.646732	-0.001940
709.336749	-0.009440
710.026765	-0.016310
710.716781	-0.022640
711.406797	-0.028500
712.096814	-0.033970
712.786830	-0.039050
713.476846	-0.043680
714.166863	-0.047760
714.856879	-0.051110
715.546895	-0.053460
716.236911	-0.054480
716.926928	-0.053850
717.616944	-0.051320
718.306960	-0.046920
718.996977	-0.040980
719.686993	-0.034140
720.377009	-0.027210
721.067026	-0.020950
721.757042	-0.015980
722.447058	-0.012650
723.137074	-0.011060
723.827091	-0.011050
724.517107	-0.012280
725.207123	-0.014180
725.897140	-0.016090
726.587156	-0.017320
727.277172	-0.017280
727.967188	-0.015590
728.657205	-0.012160
729.347221	-0.007170
730.037237	-0.001040
730.727254	0.005620
731.417270	0.012160
732.107286	0.017980
732.797302	0.022700
733.487319	0.026250
734.177335	0.028840
734.867351	0.030870
735.557368	0.032690
736.247384	0.034490
736.937400	0.036150
737.627417	0.037440
738.317433	0.038100
739.007449	0.038070
739.697465	0.037550
740.387482	0.036980
741.077498	0.036890
741.767514	0.037770
742.457531	0.039920
743.147547	0.043400
743.837563	0.047930
744.527579	0.052940
745.217596	0.057670
745.907612	0.061410
746.597628	0.063710
747.287645	0.064490
747.977661	0.063920
748.667677	0.062360
749.357693	0.060190
750.047710	0.057780
750.737726	0.055580
751.427742	0.054140
752.117759	0.054160
752.807775	0.056390
753.497791	0.061450
754.187808	0.069650
754.877824	0.080810
755.567840	0.094240
756.257856	0.108660
756.947873	0.122390
757.637889	0.133510
758.327905	0.140300
759.017922	0.141630
759.707938	0.137370
760.397954	0.128690
761.087970	0.118060
761.777987	0.108790
762.468003	0.104180
763.158019	0.106670
763.848036	0.117090
764.538052	0.134390
765.228068	0.155870
765.918085	0.177810
766.608101	0.196200
767.298117	0.207290
767.988133	0.207910
768.678150	0.195620
769.368166	0.168780
770.058182	0.126790
770.748199	0.070350
771.438215	0.001660
772.128231	-0.075780
772.818247	-0.157590
773.508264	-0.239340
774.198280	-0.317250
774.888296	-0.388560
775.578313	-0.451640
776.268329	-0.505650
776.958345	-0.550170
777.648361	-0.584880
778.338378	-0.609430
779.028394	-0.623440
779.718410	-0.626590
780.408427	-0.618800
781.098443	-0.600220
781.788459	-0.571230
782.478476	-0.532190
783.168492	-0.483290
783.858508	-0.424490
784.548524	-0.355700
785.238541	-0.277280
785.928557	-0.190570
786.618573	-0.098240
787.308590	-0.004230
787.998606	0.086850
788.688622	0.170590
789.378638	0.243480
790.068655	0.303480
790.758671	0.350030
791.448687	0.383740
792.138704	0.405980
792.828720	0.418460
