0.000000	-0.119230
0.690018	-0.110890
1.380036	-0.099370
2.070054	-0.085060
2.760072	-0.068450
3.450090	-0.050100
4.140108	-0.030710
4.830126	-0.011050
5.520144	0.008080
6.210162	0.026010
6.900180	0.042270
7.590198	0.056670
8.280216	0.069290
8.970234	0.080380
9.660252	0.090230
10.350270	0.099070
11.040288	0.107010
11.730306	0.114040
12.420324	0.120040
13.110342	0.124830
13.800360	0.128140
14.490378	0.129620
15.180396	0.128900
15.870414	0.125580
16.560432	0.119320
17.250450	0.109850
17.940468	0.096920
18.630486	0.080370
19.320504	0.060070
20.010522	0.035980
20.700540	0.008290
21.390558	-0.022440
22.080576	-0.055210
22.770594	-0.088410
23.460612	-0.119910
24.150630	-0.147200
24.840648	-0.167770
25.530666	-0.179430
26.220684	-0.180700
26.910702	-0.170940
27.600720	-0.150330
28.290738	-0.119650
28.980756	-0.080050
29.670774	-0.032870
30.360792	0.020320
31.050810	0.077610
31.740828	0.136540
32.430846	0.194130
33.120864	0.246950
33.810882	0.291420
34.500900	0.324090
35.190918	0.341990
35.880936	0.342880
36.570954	0.325530
37.260972	0.289930
37.950990	0.237430
38.641008	0.170730
39.331026	0.093750
40.021044	0.011260
40.711062	-0.071620
41.401080	-0.150130
42.091098	-0.220310
42.781116	-0.279420
43.471134	-0.325950
44.161152	-0.359470
44.851170	-0.380280
45.541188	-0.389240
46.231206	-0.387540
46.921224	-0.376700
47.611242	-0.358390
48.301260	-0.334350
48.991278	-0.306250
49.681296	-0.275560
50.371314	-0.243520
51.061332	-0.211110
51.751350	-0.179090
52.441368	-0.148090
53.131386	-0.118620
53.821404	-0.091080
54.511422	-0.065800
55.201440	-0.042960
55.891458	-0.022560
56.581476	-0.004360
57.271494	0.012190
57.961512	0.027980
58.651530	0.044130
59.341548	0.061900
60.031566	0.082470
60.721584	0.106670
61.411602	0.134830
62.101621	0.166600
62.791639	0.201020
63.481657	0.236580
64.171675	0.271470
64.861693	0.303750
65.551711	0.331540
66.241729	0.353080
66.931747	0.366900
67.621765	0.371800
68.311783	0.366920
69.001801	0.351800
69.691819	0.326390
70.381837	0.291100
71.071855	0.246860
71.761873	0.195100
72.451891	0.137730
73.141909	0.077000
73.831927	0.015260
74.521945	-0.045130
75.211963	-0.102020
75.901981	-0.153500
76.591999	-0.198070
77.282017	-0.234630
77.972035	-0.262580
78.662053	-0.281870
79.352071	-0.293010
80.042089	-0.297120
80.732107	-0.295860
81.422125	-0.291260
82.112143	-0.285460
82.802161	-0.280430
83.492179	-0.277620
84.182197	-0.277840
84.872215	-0.281080
85.562233	-0.286480
86.252251	-0.292350
86.942269	-0.296220
87.632287	-0.294980
88.322305	-0.285260
89.012323	-0.263960
89.702341	-0.229050
90.392359	-0.180350
91.082377	-0.119890
91.772395	-0.051760
92.462413	0.018710
93.152431	0.086070
93.842449	0.145850
94.532467	0.195090
95.222485	0.232510
95.912503	0.258120
96.602521	0.272830
97.292539	0.278060
97.982557	0.275570
98.672575	0.267250
99.362593	0.255000
100.052611	0.240660
100.742629	0.225890
101.432647	0.212120
102.122665	0.200500
102.812683	0.191820
103.502701	0.186450
104.192719	0.184190
104.882737	0.184300
105.572755	0.185580
106.262773	0.186710
106.952791	0.186430
107.642809	0.183880
108.332827	0.178640
109.022845	0.170740
109.712863	0.160360
110.402881	0.147790
111.092899	0.133260
111.782917	0.116880
112.472935	0.098770
113.162953	0.079230
113.852971	0.058750
114.542989	0.037970
115.233007	0.017560
115.923025	-0.001880
116.613043	-0.019900
117.303061	-0.036080
117.993079	-0.050010
118.683097	-0.061320
119.373115	-0.069730
120.063133	-0.075070
120.753151	-0.077330
121.443169	-0.076530
122.133187	-0.072750
122.823205	-0.066220
123.513223	-0.057480
124.203241	-0.047350
124.893259	-0.036950
125.583277	-0.027490
126.273295	-0.020100
126.963313	-0.015600
127.653331	-0.014510
128.343349	-0.016930
129.033367	-0.022530
129.723385	-0.030620
130.413403	-0.040280
131.103421	-0.050540
131.793439	-0.060500
132.483457	-0.069420
133.173475	-0.076650
133.863493	-0.081580
134.553511	-0.083630
135.243529	-0.082410
135.933547	-0.077850
136.623565	-0.070290
137.313583	-0.060430
138.003601	-0.049190
138.693619	-0.037480
139.383637	-0.026190
140.073655	-0.016130
140.763673	-0.008110
141.453691	-0.002910
142.143709	-0.001100
142.833727	-0.002730
143.523745	-0.007220
144.213763	-0.013310
144.903781	-0.019480
145.593799	-0.024270
146.283817	-0.026650
146.973835	-0.026160
147.663853	-0.022830
148.353871	-0.017000
149.043889	-0.009170
149.733907	-0.000010
150.423925	0.009710
151.113943	0.019330
151.803961	0.028430
152.493979	0.037090
153.183997	0.045880
153.874015	0.055750
154.564033	0.067710
155.254051	0.082680
155.944069	0.101190
156.634087	0.123320
157.324105	0.148770
158.014123	0.176900
158.704141	0.206820
159.394159	0.237500
160.084177	0.267950
160.774195	0.297200
161.464213	0.324310
162.154231	0.348290
162.844249	0.368100
163.534267	0.382560
164.224285	0.390240
164.914303	0.389530
165.604321	0.378710
166.294339	0.356150
166.984357	0.320730
167.674375	0.272490
168.364393	0.212990
169.054411	0.145120
169.744429	0.072460
170.434447	-0.001690
171.124465	-0.075090
171.814483	-0.146950
172.504501	-0.217670
173.194519	-0.288200
173.884537	-0.359340
174.574555	-0.431250
175.264573	-0.503240
175.954591	-0.573860
176.644609	-0.641120
177.334627	-0.702720
178.024645	-0.756440
178.714663	-0.800180
179.404681	-0.831920
180.094699	-0.849550
180.784717	-0.850730
181.474735	-0.832890
182.164753	-0.793400
182.854771	-0.730070
183.544789	-0.641810
184.234807	-0.529360
184.924825	-0.395690
185.614844	-0.246170
186.304862	-0.088340
186.994880	0.068910
187.684898	0.216790
188.374916	0.347760
189.064934	0.456490
189.754952	0.540340
190.444970	0.599060
191.134988	0.634050
191.825006	0.647610
192.515024	0.642540
193.205042	0.621820
193.895060	0.588310
194.585078	0.544540
195.275096	0.492590
195.965114	0.433970
196.655132	0.369690
197.345150	0.300460
198.035168	0.226890
198.725186	0.149570
199.415204	0.069260
200.105222	-0.013090
200.795240	-0.096220
201.485258	-0.178500
202.175276	-0.257850
202.865294	-0.331710
203.555312	-0.397130
204.245330	-0.450840
204.935348	-0.489520
205.625366	-0.510120
206.315384	-0.510420
207.005402	-0.489540
207.695420	-0.448590
208.385438	-0.390830
209.075456	-0.321380
209.765474	-0.246200
210.455492	-0.171020
211.145510	-0.100360
211.835528	-0.037000
212.525546	0.017910
213.215564	0.064530
213.905582	0.103780
214.595600	0.136880
215.285618	0.164900
215.975636	0.188490
216.665654	0.207900
217.355672	0.223210
218.045690	0.234690
218.735708	0.243010
219.425726	0.249170
220.115744	0.254080
220.805762	0.258280
221.495780	0.261770
222.185798	0.264190
222.875816	0.265040
223.565834	0.263960
224.255852	0.260830
224.945870	0.255900
225.635888	0.249580
226.325906	0.242420
227.015924	0.234880
227.705942	0.227360
228.395960	0.220040
229.085978	0.212850
229.775996	0.205470
230.466014	0.197420
231.156032	0.188130
231.846050	0.177040
232.536068	0.163780
233.226086	0.148240
233.916104	0.130660
234.606122	0.111590
235.296140	0.091840
235.986158	0.072350
236.676176	0.054020
237.366194	0.037530
238.056212	0.023310
238.746230	0.011500
239.436248	0.001920
240.126266	-0.005890
240.816284	-0.012670
241.506302	-0.019300
242.196320	-0.026780
242.886338	-0.036100
243.576356	-0.048160
244.266374	-0.063620
244.956392	-0.082850
245.646410	-0.105870
246.336428	-0.132300
247.026446	-0.161450
247.716464	-0.192390
248.406482	-0.224130
249.096500	-0.255690
249.786518	-0.286120
250.476536	-0.314500
251.166554	-0.339820
251.856572	-0.360840
252.546590	-0.376120
253.236608	-0.383880
253.926626	-0.382230
254.616644	-0.369310
255.306662	-0.343560
255.996680	-0.304010
256.686698	-0.250520
257.376716	-0.184050
258.066734	-0.106650
258.756752	-0.021550
259.446770	0.067170
260.136788	0.154940
260.826806	0.237230
261.516824	0.310050
262.206842	0.370310
262.896860	0.415940
263.586878	0.446020
264.276896	0.460700
264.966914	0.461100
265.656932	0.449170
266.346950	0.427430
267.036968	0.398720
267.726986	0.365770
268.417004	0.331000
269.107022	0.296180
269.797040	0.262300
270.487058	0.229540
271.177076	0.197290
271.867094	0.164430
272.557112	0.129560
273.247130	0.091240
273.937148	0.048200
274.627166	-0.000510
275.317184	-0.055460
276.007202	-0.116740
276.697220	-0.183920
277.387238	-0.255960
278.077256	-0.331230
278.767274	-0.407460
279.457292	-0.481750
280.147310	-0.550600
280.837328	-0.610020
281.527346	-0.655730
282.217364	-0.683420
282.907382	-0.689420
283.597400	-0.671380
284.287418	-0.629080
284.977436	-0.565000
285.667454	-0.484390
286.357472	-0.394620
287.047490	-0.303960
287.737508	-0.220210
288.427526	-0.149370
289.117544	-0.094920
289.807562	-0.057630
290.497580	-0.035770
291.187598	-0.025650
291.877616	-0.022300
292.567634	-0.020240
293.257652	-0.014330
293.947670	-0.000630
294.637688	0.022960
295.327706	0.056660
296.017724	0.098890
296.707742	0.147070
297.397760	0.198370
298.087778	0.250340
298.777796	0.301220
299.467814	0.349850
300.157832	0.395470
300.847850	0.437390
301.537868	0.474850
302.227886	0.507010
302.917904	0.533090
303.607922	0.552450
304.297940	0.564700
304.987958	0.569720
305.677976	0.567650
306.367994	0.558780
307.058012	0.543540
307.748030	0.522440
308.438049	0.496080
309.128067	0.465050
309.818085	0.429960
310.508103	0.391390
311.198121	0.349880
311.888139	0.305840
312.578157	0.259630
313.268175	0.211550
313.958193	0.161940
314.648211	0.111370
315.338229	0.060750
316.028247	0.011220
316.718265	-0.035950
317.408283	-0.079810
318.098301	-0.119830
318.788319	-0.156070
319.478337	-0.189080
320.168355	-0.219710
320.858373	-0.248920
321.548391	-0.277730
322.238409	-0.307180
322.928427	-0.338330
323.618445	-0.372140
324.308463	-0.409450
324.998481	-0.450930
325.688499	-0.497020
326.378517	-0.547910
327.068535	-0.603430
327.758553	-0.662720
328.448571	-0.723640
329.138589	-0.782170
329.828607	-0.832010
330.518625	-0.864690
331.208643	-0.870450
331.898661	-0.840110
332.588679	-0.767460
333.278697	-0.651730
333.968715	-0.498750
334.658733	-0.320030
335.348751	-0.130360
336.038769	0.055170
336.728787	0.224000
337.418805	0.367610
338.108823	0.481500
338.798841	0.564340
339.488859	0.617090
340.178877	0.642300
340.868895	0.643460
341.558913	0.624550
342.248931	0.589620
342.938949	0.542560
343.628967	0.486920
344.318985	0.425850
345.009003	0.362200
345.699021	0.298510
346.389039	0.237200
347.079057	0.180520
347.769075	0.130620
348.459093	0.089460
349.149111	0.058710
349.839129	0.039550
350.529147	0.032530
351.219165	0.037520
351.909183	0.053700
352.599201	0.079800
353.289219	0.114270
353.979237	0.155510
354.669255	0.201930
355.359273	0.252010
356.049291	0.304120
356.739309	0.356400
357.429327	0.406680
358.119345	0.452440
358.809363	0.490920
359.499381	0.519300
360.189399	0.535050
360.879417	0.536220
361.569435	0.521820
362.259453	0.491960
362.949471	0.447830
363.639489	0.391670
364.329507	0.326250
365.019525	0.254090
365.709543	0.176760
366.399561	0.094440
367.089579	0.005760
367.779597	-0.091530
368.469615	-0.199360
369.159633	-0.317840
369.849651	-0.444280
370.539669	-0.573000
371.229687	-0.696230
371.919705	-0.805530
372.609723	-0.893220
373.299741	-0.953630
373.989759	-0.983490
374.679777	-0.981970
375.369795	-0.950430
376.059813	-0.892140
376.749831	-0.811810
377.439849	-0.715010
378.129867	-0.607530
378.819885	-0.494770
379.509903	-0.381260
380.199921	-0.270450
380.889939	-0.164690
381.579957	-0.065490
382.269975	0.026290
382.959993	0.110100
383.650011	0.185330
384.340029	0.251330
385.030047	0.307390
385.720065	0.352910
386.410083	0.387550
387.100101	0.411370
387.790119	0.424880
388.480137	0.429060
389.170155	0.425250
389.860173	0.414940
390.550191	0.399670
391.240209	0.380890
391.930227	0.359890
392.620245	0.337780
393.310263	0.315530
394.000281	0.294020
394.690299	0.274010
395.380317	0.256110
396.070335	0.240720
396.760353	0.228040
397.450371	0.217970
398.140389	0.210220
398.830407	0.204280
399.520425	0.199480
400.210443	0.194990
400.900461	0.189960
401.590479	0.183520
402.280497	0.174840
402.970515	0.163040
403.660533	0.147170
404.350551	0.126180
405.040569	0.098940
405.730587	0.064340
406.420605	0.021490
407.110623	-0.030150
407.800641	-0.090710
408.490659	-0.159760
409.180677	-0.236220
409.870695	-0.318170
410.560713	-0.402670
411.250731	-0.485620
411.940749	-0.561910
412.630767	-0.625700
413.320785	-0.671030
414.010803	-0.692610
414.700821	-0.686700
415.390839	-0.652010
416.080857	-0.590230
416.770875	-0.506170
417.460893	-0.407350
418.150911	-0.302920
418.840929	-0.202350
419.530947	-0.113980
420.220965	-0.043900
420.910983	0.004570
421.601001	0.030950
422.291019	0.037040
422.981037	0.026320
423.671055	0.003340
424.361073	-0.026870
425.051091	-0.059110
425.741109	-0.088140
426.431127	-0.108940
427.121145	-0.117040
427.811163	-0.109080
428.501181	-0.083490
429.191199	-0.041090
429.881217	0.014880
430.571235	0.079420
431.261253	0.146790
431.951272	0.211710
432.641290	0.270290
433.331308	0.320230
434.021326	0.360560
434.711344	0.391170
435.401362	0.412330
436.091380	0.424430
436.781398	0.427910
437.471416	0.423360
438.161434	0.411590
438.851452	0.393690
439.541470	0.371020
440.231488	0.345050
440.921506	0.317140
441.611524	0.288380
442.301542	0.259390
442.991560	0.230380
443.681578	0.201340
444.371596	0.172220
445.061614	0.143110
445.751632	0.114190
446.441650	0.085500
447.131668	0.056850
447.821686	0.027750
448.511704	-0.002520
449.201722	-0.034740
449.891740	-0.069380
450.581758	-0.106470
451.271776	-0.145470
451.961794	-0.185320
452.651812	-0.224580
453.341830	-0.261680
454.031848	-0.295250
454.721866	-0.324280
455.411884	-0.348280
456.101902	-0.367310
456.791920	-0.381740
457.481938	-0.391970
458.171956	-0.398190
458.861974	-0.400080
459.551992	-0.396910
460.242010	-0.387580
460.932028	-0.370910
461.622046	-0.345800
462.312064	-0.311480
463.002082	-0.267720
463.692100	-0.214980
464.382118	-0.154640
465.072136	-0.088970
465.762154	-0.020930
466.452172	0.046120
467.142190	0.108850
467.832208	0.164280
468.522226	0.210110
469.212244	0.244940
469.902262	0.268260
470.592280	0.280520
471.282298	0.282950
471.972316	0.277280
472.662334	0.265480
473.352352	0.249590
474.042370	0.231540
474.732388	0.213020
475.422406	0.195410
476.112424	0.179650
476.802442	0.166240
477.492460	0.155120
478.182478	0.145750
478.872496	0.137180
479.562514	0.128180
480.252532	0.117510
480.942550	0.104150
481.632568	0.087540
482.322586	0.067720
483.012604	0.045360
483.702622	0.021640
484.392640	-0.002030
485.082658	-0.024220
485.772676	-0.043640
486.462694	-0.059330
487.152712	-0.070710
487.842730	-0.077570
488.532748	-0.080050
489.222766	-0.078610
489.912784	-0.073940
490.602802	-0.066870
491.292820	-0.058200
491.982838	-0.048680
492.672856	-0.038900
493.362874	-0.029250
494.052892	-0.019920
494.742910	-0.010920
495.432928	-0.002110
496.122946	0.006750
496.812964	0.015980
497.502982	0.025870
498.193000	0.036690
498.883018	0.048670
499.573036	0.061900
500.263054	0.076250
500.953072	0.091360
501.643090	0.106580
502.333108	0.121080
503.023126	0.134000
503.713144	0.144570
504.403162	0.152210
505.093180	0.156490
505.783198	0.157130
506.473216	0.153850
507.163234	0.146390
507.853252	0.134540
508.543270	0.118190
509.233288	0.097460
509.923306	0.072710
510.613324	0.044580
511.303342	0.013980
511.993360	-0.017930
512.683378	-0.049810
513.373396	-0.080120
514.063414	-0.107300
514.753432	-0.129890
515.443450	-0.146700
516.133468	-0.156940
516.823486	-0.160370
517.513504	-0.157360
518.203522	-0.148910
518.893540	-0.136550
519.583558	-0.122120
520.273576	-0.107580
520.963594	-0.094640
521.653612	-0.084650
522.343630	-0.078370
523.033648	-0.076040
523.723666	-0.077360
524.413684	-0.081700
525.103702	-0.088210
525.793720	-0.096020
526.483738	-0.104310
527.173756	-0.112360
527.863774	-0.119580
528.553792	-0.125400
529.243810	-0.129310
529.933828	-0.130830
530.623846	-0.129520
531.313864	-0.125070
532.003882	-0.117330
532.693900	-0.106320
533.383918	-0.092150
534.073936	-0.075050
534.763954	-0.055300
535.453972	-0.033250
536.143990	-0.009380
536.834008	0.015630
537.524026	0.040960
538.214044	0.065620
538.904062	0.088570
539.594080	0.108830
540.284098	0.125480
540.974116	0.137690
541.664134	0.144780
542.354152	0.146190
543.044170	0.141650
543.734188	0.131250
544.424206	0.115590
545.114224	0.095820
545.804242	0.073610
546.494260	0.051000
547.184278	0.030100
547.874296	0.012850
548.564314	0.000820
549.254332	-0.004910
549.944350	-0.003710
550.634368	0.004650
551.324386	0.020010
552.014404	0.041770
552.704422	0.068880
553.394440	0.099840
554.084458	0.132680
554.774476	0.165090
555.464495	0.194550
556.154513	0.218510
556.844531	0.234560
557.534549	0.240690
558.224567	0.235480
558.914585	0.218240
559.604603	0.189120
560.294621	0.149080
560.984639	0.099720
561.674657	0.043080
562.364675	-0.018590
563.054693	-0.083020
563.744711	-0.147900
564.434729	-0.211010
565.124747	-0.270160
565.814765	-0.323260
566.504783	-0.368380
567.194801	-0.403790
567.884819	-0.428090
568.574837	-0.440250
569.264855	-0.439830
569.954873	-0.427120
570.644891	-0.403150
571.334909	-0.369730
572.024927	-0.329220
572.714945	-0.284310
573.404963	-0.237740
574.094981	-0.192020
574.784999	-0.149240
575.475017	-0.110880
576.165035	-0.077690
576.855053	-0.049640
577.545071	-0.025990
578.235089	-0.005380
578.925107	0.013890
579.615125	0.033670
580.305143	0.055620
580.995161	0.080940
581.685179	0.110160
582.375197	0.143000
583.065215	0.178430
583.755233	0.214800
584.445251	0.250060
585.135269	0.282000
585.825287	0.308440
586.515305	0.327450
587.205323	0.337580
587.895341	0.338100
588.585359	0.329160
589.275377	0.311830
589.965395	0.287900
590.655413	0.259460
591.345431	0.228540
592.035449	0.196770
592.725467	0.165280
593.415485	0.134730
594.105503	0.105550
594.795521	0.078050
595.485539	0.052560
596.175557	0.029520
596.865575	0.009310
597.555593	-0.007890
598.245611	-0.022300
598.935629	-0.034510
599.625647	-0.045370
600.315665	-0.055710
601.005683	-0.066110
601.695701	-0.076670
602.385719	-0.086910
603.075737	-0.095910
603.765755	-0.102500
604.455773	-0.105490
605.145791	-0.103990
605.835809	-0.097580
606.525827	-0.086350
607.215845	-0.070900
607.905863	-0.052080
608.595881	-0.030780
609.285899	-0.007800
609.975917	0.016340
610.665935	0.041320
611.355953	0.066810
612.045971	0.092200
612.735989	0.116430
613.426007	0.137770
614.116025	0.154050
614.806043	0.162910
615.496061	0.162320
616.186079	0.150870
616.876097	0.128120
617.566115	0.094650
618.256133	0.051870
618.946151	0.001830
619.636169	-0.053180
620.326187	-0.110680
621.016205	-0.167950
621.706223	-0.221750
622.396241	-0.268430
623.086259	-0.304280
623.776277	-0.326260
624.466295	-0.332670
625.156313	-0.323520
625.846331	-0.300410
626.536349	-0.265890
627.226367	-0.222790
627.916385	-0.173880
628.606403	-0.121600
629.296421	-0.068090
629.986439	-0.015120
630.676457	0.035900
631.366475	0.084040
632.056493	0.128870
632.746511	0.170400
633.436529	0.208980
634.126547	0.244950
634.816565	0.278370
635.506583	0.308790
636.196601	0.335200
636.886619	0.356110
637.576637	0.369780
638.266655	0.374530
638.956673	0.369050
639.646691	0.352760
640.336709	0.326190
641.026727	0.291300
641.716745	0.251720
642.406763	0.212350
643.096781	0.178420
643.786799	0.154220
644.476817	0.142000
645.166835	0.141340
645.856853	0.149350
646.546871	0.161500
647.236889	0.172580
647.926907	0.177390
648.616925	0.171240
649.306943	0.150120
649.996961	0.110890
650.686979	0.051480
651.376997	-0.028840
652.067015	-0.129310
652.757033	-0.247320
653.447051	-0.378440
654.137069	-0.516640
654.827087	-0.654670
655.517105	-0.784810
656.207123	-0.899740
656.897141	-0.993390
657.587159	-1.061510
658.277177	-1.102040
658.967195	-1.114920
659.657213	-1.101490
660.347231	-1.063590
661.037249	-1.002730
661.727267	-0.919550
662.417285	-0.813850
663.107303	-0.685170
663.797321	-0.533940
664.487339	-0.362520
665.177357	-0.175750
665.867375	0.019160
666.557393	0.213220
667.247411	0.396500
667.937429	0.559190
668.627447	0.692870
669.317465	0.791650
670.007483	0.852900
670.697501	0.877560
671.387519	0.869750
672.077537	0.835530
672.767555	0.781640
673.457573	0.714510
674.147591	0.639820
674.837609	0.562260
675.527627	0.485600
676.217645	0.412690
676.907663	0.345590
677.597681	0.285500
678.287699	0.232820
678.977718	0.187250
679.667736	0.148000
680.357754	0.113990
681.047772	0.084090
681.737790	0.057260
682.427808	0.032640
683.117826	0.009540
683.807844	-0.012530
684.497862	-0.033870
685.187880	-0.054580
685.877898	-0.074660
686.567916	-0.093990
687.257934	-0.112430
687.947952	-0.129810
688.637970	-0.145900
689.327988	-0.160410
690.018006	-0.172990
690.708024	-0.183220
691.398042	-0.190740
692.088060	-0.195220
692.778078	-0.196480
693.468096	-0.194520
694.158114	-0.189520
694.848132	-0.181720
695.538150	-0.171310
696.228168	-0.158410
696.918186	-0.142920
697.608204	-0.124650
698.298222	-0.103300
698.988240	-0.078580
699.678258	-0.050360
700.368276	-0.018890
701.058294	0.014960
701.748312	0.049730
702.438330	0.083510
703.128348	0.114330
703.818366	0.140560
704.508384	0.161150
705.198402	0.175660
705.888420	0.184060
706.578438	0.186490
707.268456	0.183110
707.958474	0.174060
708.648492	0.159470
709.338510	0.139490
710.028528	0.114410
710.718546	0.084680
711.408564	0.051020
712.098582	0.014350
712.788600	-0.024120
713.478618	-0.063060
714.168636	-0.101100
714.858654	-0.136920
715.548672	-0.169410
716.238690	-0.197620
716.928708	-0.220760
717.618726	-0.238140
718.308744	-0.249160
718.998762	-0.253270
719.688780	-0.250030
720.378798	-0.239240
721.068816	-0.221000
721.758834	-0.195760
722.448852	-0.164330
723.138870	-0.127850
723.828888	-0.087680
724.518906	-0.045300
725.208924	-0.002190
725.898942	0.040320
726.588960	0.081180
727.278978	0.119670
727.968996	0.155330
728.659014	0.187940
729.349032	0.217350
730.039050	0.243430
730.729068	0.265950
731.419086	0.284620
732.109104	0.299050
732.799122	0.308830
733.489140	0.313590
734.179158	0.313130
734.869176	0.307410
735.559194	0.296610
736.249212	0.281050
736.939230	0.261190
737.629248	0.237560
738.319266	0.210790
739.009284	0.181530
739.699302	0.150490
740.389320	0.118330
741.079338	0.085550
741.769356	0.052510
742.459374	0.019390
743.149392	-0.013730
743.839410	-0.046830
744.529428	-0.079810
745.219446	-0.112430
745.909464	-0.144280
746.599482	-0.174780
747.289500	-0.203200
747.979518	-0.228750
748.669536	-0.250650
749.359554	-0.268230
750.049572	-0.280980
750.739590	-0.288620
751.429608	-0.291120
752.119626	-0.288710
752.809644	-0.281910
753.499662	-0.271480
754.189680	-0.258390
754.879698	-0.243710
755.569716	-0.228550
756.259734	-0.213950
756.949752	-0.200740
757.639770	-0.189490
758.329788	-0.180380
759.019806	-0.173240
759.709824	-0.167620
760.399842	-0.162880
761.089860	-0.158370
761.779878	-0.153520
762.469896	-0.147970
763.159914	-0.141480
763.849932	-0.133970
764.539950	-0.125390
765.229968	-0.115720
765.919986	-0.104970
766.610004	-0.093220
767.300022	-0.080610
767.990040	-0.067390
768.680058	-0.053790
769.370076	-0.040030
770.060094	-0.026150
770.750112	-0.012100
771.440130	0.002330
772.130148	0.017430
772.820166	0.033490
773.510184	0.050860
774.200202	0.069830
774.890220	0.090660
775.580238	0.113450
776.270256	0.138200
776.960274	0.164740
777.650292	0.192720
778.340310	0.221650
779.030328	0.250900
779.720346	0.279680
780.410364	0.307080
781.100382	0.332160
781.790400	0.354020
782.480418	0.371840
783.170436	0.384980
783.860454	0.393040
784.550472	0.395880
785.240490	0.393590
785.930508	0.386510
786.620526	0.375120
787.310544	0.359980
788.000562	0.341560
788.690580	0.320170
789.380598	0.295830
790.070616	0.268120
790.760634	0.236250
791.450652	0.199200
792.140670	0.155980
792.830688	0.106140
793.520706	0.050040
794.210724	-0.011000
794.900742	-0.074900
795.590760	-0.138930
796.280778	-0.200090
796.970796	-0.255300
797.660814	-0.301630
798.350832	-0.336490
799.040850	-0.357940
799.730868	-0.364990
800.420886	-0.357760
801.110904	-0.337430
801.800922	-0.306070
802.490941	-0.266410
803.180959	-0.221480
803.870977	-0.174370
804.560995	-0.127980
805.251013	-0.084900
805.941031	-0.047200
806.631049	-0.016420
807.321067	0.006430
808.011085	0.020890
808.701103	0.026910
809.391121	0.024820
810.081139	0.015280
810.771157	-0.000790
811.461175	-0.022300
812.151193	-0.047990
812.841211	-0.076570
813.531229	-0.106750
814.221247	-0.137400
814.911265	-0.167500
815.601283	-0.196230
816.291301	-0.222900
816.981319	-0.246980
817.671337	-0.268010
818.361355	-0.285580
819.051373	-0.299300
819.741391	-0.308760
820.431409	-0.313510
821.121427	-0.313070
821.811445	-0.306900
822.501463	-0.294480
823.191481	-0.275310
823.881499	-0.248990
824.571517	-0.215270
825.261535	-0.174170
825.951553	-0.126100
826.641571	-0.071930
827.331589	-0.013110
828.021607	0.048350
828.711625	0.110020
829.401643	0.169090
830.091661	0.222680
830.781679	0.268220
831.471697	0.303720
832.161715	0.328030
832.851733	0.341020
833.541751	0.343540
834.231769	0.337210
834.921787	0.324150
835.611805	0.306710
836.301823	0.287120
836.991841	0.267280
837.681859	0.248520
838.371877	0.231560
839.061895	0.216570
839.751913	0.203390
840.441931	0.191690
841.131949	0.181110
841.821967	0.171320
842.511985	0.161960
843.202003	0.152680
843.892021	0.143050
844.582039	0.132650
845.272057	0.121140
845.962075	0.108230
846.652093	0.093770
847.342111	0.077780
848.032129	0.060530
848.722147	0.042500
849.412165	0.024380
850.102183	0.006860
850.792201	-0.009530
851.482219	-0.024680
852.172237	-0.038930
852.862255	-0.053010
853.552273	-0.067890
854.242291	-0.084460
854.932309	-0.103200
855.622327	-0.123800
856.312345	-0.145090
857.002363	-0.165140
857.692381	-0.181700
858.382399	-0.192770
859.072417	-0.196960
859.762435	-0.193770
860.452453	-0.183470
861.142471	-0.166860
861.832489	-0.145090
862.522507	-0.119490
863.212525	-0.091450
863.902543	-0.062400
864.592561	-0.033780
865.282579	-0.006970
865.972597	0.016740
866.662615	0.036240
867.352633	0.050620
868.042651	0.059280
868.732669	0.061950
869.422687	0.058850
870.112705	0.051040
870.802723	0.040590
871.492741	0.030370
872.182759	0.023370
872.872777	0.022040
873.562795	0.027600
874.252813	0.039850
874.942831	0.057460
875.632849	0.078600
876.322867	0.101440
877.012885	0.124400
877.702903	0.146310
878.392921	0.166260
879.082939	0.183530
879.772957	0.197520
880.462975	0.207880
881.152993	0.214760
881.843011	0.219040
882.533029	0.222360
883.223047	0.226860
883.913065	0.234730
884.603083	0.247630
885.293101	0.266180
885.983119	0.289620
886.673137	0.315840
887.363155	0.341580
888.053173	0.362900
888.743191	0.375610
889.433209	0.375780
890.123227	0.359960
890.813245	0.325390
891.503263	0.270150
892.193281	0.193390
892.883299	0.095530
893.573317	-0.021790
894.263335	-0.155770
894.953353	-0.302550
895.643371	-0.457340
896.333389	-0.614510
897.023407	-0.767620
897.713425	-0.909720
898.403443	-1.033800
899.093461	-1.133400
899.783479	-1.203080
900.473497	-1.238840
901.163515	-1.238320
901.853533	-1.200910
902.543551	-1.127740
903.233569	-1.021690
903.923587	-0.887310
904.613605	-0.730710
905.303623	-0.559220
905.993641	-0.380760
906.683659	-0.203240
907.373677	-0.033830
908.063695	0.121470
908.753713	0.258190
909.443731	0.373440
910.133749	0.465990
910.823767	0.536170
911.513785	0.585580
912.203803	0.616550
912.893821	0.631450
913.583839	0.632180
914.273857	0.620090
914.963875	0.596120
915.653893	0.561430
916.343911	0.517830
917.033929	0.467960
917.723947	0.415230
918.413965	0.363470
919.103983	0.316430
919.794001	0.277300
920.484019	0.248110
921.174037	0.229260
921.864055	0.219450
922.554073	0.215900
923.244091	0.215080
923.934109	0.213510
924.624127	0.208400
925.314146	0.197970
926.004164	0.181300
926.694182	0.158150
927.384200	0.128630
928.074218	0.093180
928.764236	0.052460
929.454254	0.007350
930.144272	-0.041140
930.834290	-0.091870
931.524308	-0.143640
932.214326	-0.195220
932.904344	-0.245310
933.594362	-0.292510
934.284380	-0.335270
934.974398	-0.371890
935.664416	-0.400550
936.354434	-0.419420
937.044452	-0.426820
937.734470	-0.421420
938.424488	-0.402400
939.114506	-0.369600
939.804524	-0.323730
940.494542	-0.266490
941.184560	-0.200520
941.874578	-0.129180
942.564596	-0.056160
943.254614	0.015050
943.944632	0.081660
944.634650	0.141750
945.324668	0.194290
946.014686	0.239020
946.704704	0.276170
947.394722	0.306150
948.084740	0.329350
948.774758	0.345970
949.464776	0.356010
950.154794	0.359360
950.844812	0.355970
951.534830	0.345940
952.224848	0.329640
952.914866	0.307690
953.604884	0.280990
954.294902	0.250590
954.984920	0.217770
955.674938	0.183870
956.364956	0.150300
957.054974	0.118390
957.744992	0.089280
958.435010	0.063920
959.125028	0.042970
959.815046	0.026800
960.505064	0.015480
961.195082	0.008710
961.885100	0.005790
962.575118	0.005590
963.265136	0.006730
963.955154	0.007720
964.645172	0.007200
965.335190	0.004080
966.025208	-0.002320
966.715226	-0.012300
967.405244	-0.025710
968.095262	-0.042070
968.785280	-0.060630
969.475298	-0.080450
970.165316	-0.100540
970.855334	-0.119850
971.545352	-0.137380
972.235370	-0.152200
972.925388	-0.163550
973.615406	-0.170950
974.305424	-0.174310
974.995442	-0.173970
975.685460	-0.170710
976.375478	-0.165650
977.065496	-0.160070
977.755514	-0.155230
978.445532	-0.152110
979.135550	-0.151270
979.825568	-0.152790
980.515586	-0.156260
981.205604	-0.160960
981.895622	-0.166010
982.585640	-0.170460
983.275658	-0.173430
983.965676	-0.174190
984.655694	-0.172090
985.345712	-0.166660
986.035730	-0.157580
986.725748	-0.144720
987.415766	-0.128160
988.105784	-0.108280
988.795802	-0.085680
989.485820	-0.061110
990.175838	-0.035460
990.865856	-0.009660
991.555874	0.015330
992.245892	0.038650
992.935910	0.059510
993.625928	0.077300
994.315946	0.091670
995.005964	0.102570
995.695982	0.110140
996.386000	0.114690
997.076018	0.116520
997.766036	0.115900
998.456054	0.113010
999.146072	0.107900
999.836090	0.100500
1000.526108	0.090620
1001.216126	0.077970
1001.906144	0.062120
1002.596162	0.042690
1003.286180	0.019400
1003.976198	-0.007750
1004.666216	-0.038380
1005.356234	-0.071740
1006.046252	-0.106730
1006.736270	-0.141970
1007.426288	-0.175910
1008.116306	-0.206910
1008.806324	-0.233200
1009.496342	-0.252930
1010.186360	-0.264240
1010.876378	-0.265310
1011.566396	-0.254650
1012.256414	-0.231290
1012.946432	-0.195100
1013.636450	-0.146900
1014.326468	-0.088490
1015.016486	-0.022460
1015.706504	0.048020
1016.396522	0.119640
1017.086540	0.189110
1017.776558	0.253490
1018.466576	0.310410
1019.156594	0.358100
1019.846612	0.395380
1020.536630	0.421620
1021.226648	0.436580
1021.916666	0.440340
1022.606684	0.433220
1023.296702	0.415750
1023.986720	0.388690
1024.676738	0.353070
1025.366756	0.310140
1026.056774	0.261420
1026.746792	0.208580
1027.436810	0.153450
1028.126828	0.097850
1028.816846	0.043570
1029.506864	-0.007800
1030.196882	-0.054890
1030.886900	-0.096600
1031.576918	-0.132100
1032.266936	-0.160860
1032.956954	-0.182580
1033.646972	-0.197140
1034.336990	-0.204570
1035.027008	-0.205060
1035.717026	-0.198960
1036.407044	-0.186860
1037.097062	-0.169540
1037.787080	-0.148050
1038.477098	-0.123590
1039.167116	-0.097480
1039.857134	-0.071000
1040.547152	-0.045300
1041.237170	-0.021230
1041.927188	0.000650
1042.617206	0.020100
1043.307224	0.037150
1043.997242	0.051860
1044.687260	0.064330
1045.377278	0.074500
1046.067296	0.082180
1046.757314	0.086950
1047.447332	0.088260
1048.137350	0.085410
1048.827369	0.077670
1049.517387	0.064380
1050.207405	0.045070
1050.897423	0.019580
1051.587441	-0.011880
1052.277459	-0.048660
1052.967477	-0.089730
1053.657495	-0.133680
1054.347513	-0.178800
1055.037531	-0.223190
1055.727549	-0.264860
1056.417567	-0.301890
1057.107585	-0.332590
1057.797603	-0.355560
1058.487621	-0.369780
1059.177639	-0.374600
1059.867657	-0.369720
1060.557675	-0.355160
1061.247693	-0.331380
1061.937711	-0.299330
1062.627729	-0.260460
1063.317747	-0.216560
1064.007765	-0.169560
1064.697783	-0.121200
1065.387801	-0.072840
1066.077819	-0.025440
1066.767837	0.020340
1067.457855	0.063930
1068.147873	0.104720
1068.837891	0.141990
1069.527909	0.174990
1070.217927	0.203040
1070.907945	0.225520
1071.597963	0.242040
1072.287981	0.252500
1072.977999	0.257120
1073.668017	0.256440
1074.358035	0.251300
1075.048053	0.242630
1075.738071	0.231360
1076.428089	0.218300
1077.118107	0.204080
1077.808125	0.189220
1078.498143	0.174180
1079.188161	0.159370
1079.878179	0.145210
1080.568197	0.132030
1081.258215	0.120040
1081.948233	0.109290
1082.638251	0.099670
1083.328269	0.090940
1084.018287	0.082780
1084.708305	0.074860
1085.398323	0.066900
1086.088341	0.058600
1086.778359	0.049740
1087.468377	0.040070
1088.158395	0.029310
1088.848413	0.017200
1089.538431	0.003510
1090.228449	-0.011860
1090.918467	-0.028790
1091.608485	-0.046880
1092.298503	-0.065460
1092.988521	-0.083640
1093.678539	-0.100370
1094.368557	-0.114510
1095.058575	-0.124970
1095.748593	-0.130830
1096.438611	-0.131460
1097.128629	-0.126650
1097.818647	-0.116660
1098.508665	-0.102130
1099.198683	-0.084040
1099.888701	-0.063530
1100.578719	-0.041750
1101.268737	-0.019770
1101.958755	0.001440
1102.648773	0.021040
1103.338791	0.038210
1104.028809	0.052090
1104.718827	0.061800
1105.408845	0.066560
1106.098863	0.065990
1106.788881	0.060270
1107.478899	0.050280
1108.168917	0.037550
1108.858935	0.023980
1109.548953	0.011460
1110.238971	0.001590
1110.928989	-0.004590
1111.619007	-0.006600
1112.309025	-0.004490
1112.999043	0.001460
1113.689061	0.010870
1114.379079	0.023500
1115.069097	0.039060
1115.759115	0.057160
1116.449133	0.077120
1117.139151	0.097990
1117.829169	0.118650
1118.519187	0.138140
1119.209205	0.155860
1119.899223	0.171610
1120.589241	0.185580
1121.279259	0.198080
1121.969277	0.209350
1122.659295	0.219400
1123.349313	0.227900
1124.039331	0.234260
1124.729349	0.237800
1125.419367	0.238030
1126.109385	0.234850
1126.799403	0.228490
1127.489421	0.219240
1128.179439	0.207080
1128.869457	0.191440
1129.559475	0.171070
1130.249493	0.144090
1130.939511	0.108300
1131.629529	0.061530
1132.319547	0.001990
1133.009565	-0.071210
1133.699583	-0.157760
1134.389601	-0.255940
1135.079619	-0.362960
1135.769637	-0.475390
1136.459655	-0.589480
1137.149673	-0.701350
1137.839691	-0.806800
1138.529709	-0.901060
1139.219727	-0.978580
1139.909745	-1.033120
1140.599763	-1.058310
1141.289781	-1.048390
1141.979799	-0.999180
1142.669817	-0.908930
1143.359835	-0.779160
1144.049853	-0.615070
1144.739871	-0.425480
1145.429889	-0.221990
1146.119907	-0.017560
1146.809925	0.175220
1147.499943	0.345750
1148.189961	0.486550
1148.879979	0.593690
1149.569997	0.666390
1150.260015	0.706380
1150.950033	0.717080
1151.640051	0.702800
1152.330069	0.668180
1153.020087	0.617800
1153.710105	0.555950
1154.400123	0.486550
1155.090141	0.413110
1155.780159	0.338720
1156.470177	0.266070
1157.160195	0.197440
1157.850213	0.134680
1158.540231	0.079280
1159.230249	0.032300
1159.920267	-0.005500
1160.610285	-0.033810
1161.300303	-0.052660
1161.990321	-0.062500
1162.680339	-0.064200
1163.370357	-0.059040
1164.060375	-0.048630
1164.750393	-0.034770
1165.440411	-0.019320
1166.130429	-0.004040
1166.820447	0.009570
1167.510465	0.020350
1168.200483	0.027520
1168.890501	0.030610
1169.580519	0.029430
1170.270537	0.023930
1170.960555	0.014240
1171.650573	0.000700
1172.340592	-0.016150
1173.030610	-0.035440
1173.720628	-0.055990
1174.410646	-0.076440
1175.100664	-0.095380
1175.790682	-0.111410
1176.480700	-0.123400
1177.170718	-0.130590
1177.860736	-0.132640
1178.550754	-0.129650
1179.240772	-0.122060
1179.930790	-0.110510
1180.620808	-0.095880
1181.310826	-0.079180
1182.000844	-0.061580
1182.690862	-0.044260
1183.380880	-0.028270
1184.070898	-0.014320
1184.760916	-0.002720
1185.450934	0.006650
1186.140952	0.014290
1186.830970	0.020880
1187.520988	0.027220
1188.211006	0.034150
1188.901024	0.042310
1189.591042	0.052120
1190.281060	0.063610
1190.971078	0.076420
1191.661096	0.089810
1192.351114	0.102860
1193.041132	0.114650
1193.731150	0.124450
1194.421168	0.131800
1195.111186	0.136610
1195.801204	0.138990
1196.491222	0.139260
1197.181240	0.137790
1197.871258	0.134900
1198.561276	0.130870
1199.251294	0.125850
1199.941312	0.119910
1200.631330	0.113030
1201.321348	0.105140
1202.011366	0.096090
1202.701384	0.085670
1203.391402	0.073630
1204.081420	0.059820
1204.771438	0.044240
1205.461456	0.027100
1206.151474	0.008890
1206.841492	-0.009680
1207.531510	-0.027800
1208.221528	-0.044710
1208.911546	-0.059750
1209.601564	-0.072420
1210.291582	-0.082400
1210.981600	-0.089510
1211.671618	-0.093760
1212.361636	-0.095290
1213.051654	-0.094380
1213.741672	-0.091380
1214.431690	-0.086580
1215.121708	-0.080230
1215.811726	-0.072470
1216.501744	-0.063390
1217.191762	-0.053030
1217.881780	-0.041440
1218.571798	-0.028680
1219.261816	-0.014790
1219.951834	0.000150
1220.641852	0.016000
1221.331870	0.032610
1222.021888	0.049660
1222.711906	0.066750
1223.401924	0.083320
1224.091942	0.098640
1224.781960	0.111890
1225.471978	0.122190
1226.161996	0.128720
1226.852014	0.130770
1227.542032	0.127840
