0.000000	-0.247860
0.690006	-0.225170
1.380011	-0.199830
2.070017	-0.172800
2.760023	-0.145020
3.450029	-0.117340
4.140034	-0.090550
4.830040	-0.065350
5.520046	-0.042390
6.210052	-0.022150
6.900057	-0.004960
7.590063	0.009220
8.280069	0.020750
8.970075	0.030260
9.660080	0.038410
10.350086	0.045670
11.040092	0.052150
11.730098	0.057580
12.420103	0.061450
13.110109	0.063210
13.800115	0.062430
14.490121	0.058900
15.180126	0.052640
15.870132	0.043840
16.560138	0.032860
17.250144	0.020220
17.940149	0.006610
18.630155	-0.007170
19.320161	-0.020270
20.010167	-0.031840
20.700172	-0.041140
21.390178	-0.047570
22.080184	-0.050830
22.770190	-0.050850
23.460195	-0.047940
24.150201	-0.042650
24.840207	-0.035700
25.530213	-0.027790
26.220218	-0.019480
26.910224	-0.011100
27.600230	-0.002780
28.290236	0.005480
28.980241	0.013710
29.670247	0.021850
30.360253	0.029790
31.050259	0.037330
31.740264	0.044240
32.430270	0.050360
33.120276	0.055690
33.810282	0.060370
34.500287	0.064640
35.190293	0.068750
35.880299	0.072790
36.570305	0.076690
37.260310	0.080230
37.950316	0.083230
38.640322	0.085610
39.330328	0.087480
40.020333	0.089080
40.710339	0.090720
41.400345	0.092660
42.090351	0.095020
42.780356	0.097780
43.470362	0.100790
44.160368	0.103770
44.850374	0.106410
45.540379	0.108400
46.230385	0.109480
46.920391	0.109400
47.610397	0.107940
48.300402	0.104940
48.990408	0.100330
49.680414	0.094160
50.370420	0.086660
51.060425	0.078200
51.750431	0.069190
52.440437	0.060010
53.130443	0.050870
53.820448	0.041750
54.510454	0.032440
55.200460	0.022550
55.890466	0.011640
56.580471	-0.000630
57.270477	-0.014490
57.960483	-0.029940
58.650489	-0.046800
59.340494	-0.064770
60.030500	-0.083420
60.720506	-0.102280
61.410512	-0.120720
62.100517	-0.138030
62.790523	-0.153370
63.480529	-0.165800
64.170535	-0.174430
64.860540	-0.178440
65.550546	-0.177280
66.240552	-0.170710
66.930558	-0.158820
67.620563	-0.142030
68.310569	-0.121000
69.000575	-0.096560
69.690581	-0.069580
70.380586	-0.040910
71.070592	-0.011330
71.760598	0.018400
72.450604	0.047520
73.140609	0.075120
73.830615	0.100180
74.520621	0.121560
75.210627	0.138140
75.900632	0.149050
76.590638	0.153770
77.280644	0.152340
77.970650	0.145280
78.660655	0.133510
79.350661	0.118130
80.040667	0.100200
80.730673	0.080610
81.420678	0.060000
82.110684	0.038790
82.800690	0.017290
83.490696	-0.004230
84.180701	-0.025540
84.870707	-0.046360
85.560713	-0.066410
86.250719	-0.085400
86.940724	-0.102990
87.630730	-0.118850
88.320736	-0.132570
89.010742	-0.143760
89.700747	-0.152060
90.390753	-0.157250
91.080759	-0.159350
91.770765	-0.158750
92.460770	-0.156150
93.150776	-0.152510
93.840782	-0.148840
94.530788	-0.145940
95.220793	-0.144150
95.910799	-0.143260
96.600805	-0.142460
97.290811	-0.140630
97.980816	-0.136510
98.670822	-0.129060
99.360828	-0.117640
100.050834	-0.102130
100.740839	-0.082880
101.430845	-0.060650
102.120851	-0.036420
102.810857	-0.011260
103.500862	0.013850
104.190868	0.038070
104.880874	0.060650
105.570880	0.080890
106.260885	0.098030
106.950891	0.111310
107.640897	0.120010
108.330903	0.123690
109.020908	0.122330
109.710914	0.116470
110.400920	0.107190
111.090926	0.095970
111.780931	0.084500
112.470937	0.074390
113.160943	0.066880
113.850949	0.062590
114.540954	0.061340
115.230960	0.062210
115.920966	0.063790
116.610972	0.064630
117.300977	0.063760
117.990983	0.061000
118.680989	0.057030
119.370995	0.053100
120.061000	0.050610
120.751006	0.050630
121.441012	0.053520
122.131018	0.058850
122.821023	0.065540
123.511029	0.072130
124.201035	0.077150
124.891041	0.079370
125.581046	0.078030
126.271052	0.072840
126.961058	0.063990
127.651064	0.052030
128.341069	0.037690
129.031075	0.021770
129.721081	0.005020
130.411087	-0.011900
131.101092	-0.028380
131.791098	-0.043700
132.481104	-0.057080
133.171110	-0.067670
133.861115	-0.074680
134.551121	-0.077640
135.241127	-0.076580
135.931133	-0.072060
136.621138	-0.065140
137.311144	-0.057090
138.001150	-0.049120
138.691156	-0.042130
139.381161	-0.036610
140.071167	-0.032630
140.761173	-0.029990
141.451179	-0.028410
142.141184	-0.027600
142.831190	-0.027370
143.521196	-0.027550
144.211202	-0.028020
144.901207	-0.028640
145.591213	-0.029200
146.281219	-0.029400
146.971225	-0.028830
147.661230	-0.026950
148.351236	-0.023150
149.041242	-0.016880
149.731248	-0.007780
150.421253	0.004100
151.111259	0.018300
151.801265	0.033870
152.491271	0.049550
153.181276	0.063930
153.871282	0.075690
154.561288	0.083700
155.251294	0.087200
155.941299	0.085840
156.631305	0.079700
157.321311	0.069290
158.011316	0.055460
158.701322	0.039300
159.391328	0.022070
160.081334	0.005060
160.771339	-0.010480
161.461345	-0.023490
162.151351	-0.033170
162.841357	-0.039050
163.531362	-0.041110
164.221368	-0.039760
164.911374	-0.035750
165.601380	-0.030120
166.291385	-0.023990
166.981391	-0.018490
167.671397	-0.014530
168.361403	-0.012740
169.051408	-0.013380
169.741414	-0.016320
170.431420	-0.021050
171.121426	-0.026780
171.811431	-0.032500
172.501437	-0.037200
173.191443	-0.040010
173.881449	-0.040350
174.571454	-0.038010
175.261460	-0.033170
175.951466	-0.026280
176.641472	-0.018020
177.331477	-0.009080
178.021483	-0.000070
178.711489	0.008590
179.401495	0.016670
180.091500	0.024100
180.781506	0.030980
181.471512	0.037460
182.161518	0.043760
182.851523	0.050140
183.541529	0.056900
184.231535	0.064320
184.921541	0.072570
185.611546	0.081570
186.301552	0.091000
186.991558	0.100340
187.681564	0.108950
188.371569	0.116250
189.061575	0.121840
189.751581	0.125560
190.441587	0.127490
191.131592	0.127820
191.821598	0.126780
192.511604	0.124430
193.201610	0.120630
193.891615	0.114960
194.581621	0.106790
195.271627	0.095410
195.961633	0.080260
196.651638	0.061080
197.341644	0.038100
198.031650	0.012070
198.721656	-0.015870
199.411661	-0.044410
200.101667	-0.072220
200.791673	-0.098220
201.481679	-0.121660
202.171684	-0.142120
202.861690	-0.159500
203.551696	-0.173890
204.241702	-0.185560
204.931707	-0.194840
205.621713	-0.202090
206.311719	-0.207620
207.001725	-0.211670
207.691730	-0.214320
208.381736	-0.215500
209.071742	-0.214940
209.761748	-0.212220
210.451753	-0.206820
211.141759	-0.198150
211.831765	-0.185730
212.521771	-0.169190
213.211776	-0.148480
213.901782	-0.123800
214.591788	-0.095680
215.281794	-0.064840
215.971799	-0.032120
216.661805	0.001680
217.351811	0.035860
218.041817	0.069820
218.731822	0.103140
219.421828	0.135490
220.111834	0.166630
220.801840	0.196290
221.491845	0.224170
222.181851	0.249820
222.871857	0.272700
223.561863	0.292200
224.251868	0.307720
224.941874	0.318780
225.631880	0.325120
226.321886	0.326780
227.011891	0.324100
227.701897	0.317550
228.391903	0.307500
229.081909	0.293980
229.771914	0.276470
230.461920	0.254030
231.151926	0.225520
231.841932	0.190050
232.531937	0.147450
233.221943	0.098630
233.911949	0.045630
234.601955	-0.008690
235.291960	-0.061410
235.981966	-0.110130
236.671972	-0.153590
237.361978	-0.191700
238.051983	-0.225130
238.741989	-0.254730
239.431995	-0.281050
240.122001	-0.304100
240.812006	-0.323470
241.502012	-0.338470
242.192018	-0.348370
242.882024	-0.352490
243.572029	-0.350270
244.262035	-0.341280
244.952041	-0.325300
245.642047	-0.302410
246.332052	-0.273080
247.022058	-0.238160
247.712064	-0.198830
248.402070	-0.156420
249.092075	-0.112340
249.782081	-0.067920
250.472087	-0.024510
251.162093	0.016450
251.852098	0.053390
252.542104	0.084640
253.232110	0.108760
253.922116	0.124680
254.612121	0.132020
255.302127	0.131040
255.992133	0.122530
256.682139	0.107610
257.372144	0.087530
258.062150	0.063560
258.752156	0.036890
259.442162	0.008640
260.132167	-0.020060
260.822173	-0.048120
261.512179	-0.074330
262.202185	-0.097340
262.892190	-0.115680
263.582196	-0.127870
264.272202	-0.132650
264.962208	-0.129270
265.652213	-0.117770
266.342219	-0.099110
267.032225	-0.075020
267.722231	-0.047730
268.412236	-0.019550
269.102242	0.007460
269.792248	0.031720
270.482254	0.052140
271.172259	0.068130
271.862265	0.079580
272.552271	0.086800
273.242277	0.090490
273.932282	0.091630
274.622288	0.091300
275.312294	0.090500
276.002300	0.089970
276.692305	0.090050
277.382311	0.090710
278.072317	0.091700
278.762323	0.092680
279.452328	0.093380
280.142334	0.093760
280.832340	0.093940
281.522346	0.094200
282.212351	0.094840
282.902357	0.096190
283.592363	0.098510
284.282369	0.101970
284.972374	0.106680
285.662380	0.112700
286.352386	0.120090
287.042392	0.128980
287.732397	0.139570
288.422403	0.152140
289.112409	0.167010
289.802415	0.184410
290.492420	0.204390
291.182426	0.226650
291.872432	0.250430
292.562438	0.274410
293.252443	0.296730
293.942449	0.315060
294.632455	0.326780
295.322461	0.329230
296.012466	0.319950
296.702472	0.296890
297.392478	0.258670
298.082484	0.204820
298.772489	0.136090
299.462495	0.054770
300.152501	-0.035240
300.842507	-0.128770
301.532512	-0.220050
302.222518	-0.303640
302.912524	-0.375140
303.602530	-0.431680
304.292535	-0.471840
304.982541	-0.495470
305.672547	-0.503320
306.362553	-0.496890
307.052558	-0.478200
307.742564	-0.449630
308.432570	-0.413730
309.122576	-0.372930
309.812581	-0.329310
310.502587	-0.284460
311.192593	-0.239390
311.882599	-0.194550
312.572604	-0.150010
313.262610	-0.105640
313.952616	-0.061360
314.642621	-0.017390
315.332627	0.025610
316.022633	0.066460
316.712639	0.103480
317.402644	0.134730
318.092650	0.158310
318.782656	0.172700
319.472662	0.177100
320.162667	0.171550
320.852673	0.156950
321.542679	0.134960
322.232685	0.107690
322.922690	0.077540
323.612696	0.046920
324.302702	0.018040
324.992708	-0.007260
325.682713	-0.027600
326.372719	-0.042100
327.062725	-0.050320
327.752731	-0.052290
328.442736	-0.048480
329.132742	-0.039910
329.822748	-0.028090
330.512754	-0.014920
331.202759	-0.002410
331.892765	0.007640
332.582771	0.013940
333.272777	0.015880
333.962782	0.013480
334.652788	0.007310
335.342794	-0.001680
336.032800	-0.012400
336.722805	-0.023690
337.412811	-0.034490
338.102817	-0.043970
338.792823	-0.051560
339.482828	-0.056950
340.172834	-0.060020
340.862840	-0.060760
341.552846	-0.059270
342.242851	-0.055710
342.932857	-0.050400
343.622863	-0.043650
344.312869	-0.035700
345.002874	-0.026610
345.692880	-0.016220
346.382886	-0.004140
347.072892	0.010000
347.762897	0.026420
348.452903	0.044950
349.142909	0.064820
349.832915	0.084690
350.522920	0.102740
351.212926	0.117090
351.902932	0.126250
352.592938	0.129430
353.282943	0.126720
353.972949	0.118980
354.662955	0.107590
355.352961	0.094110
356.042966	0.080000
356.732972	0.066460
357.422978	0.054340
358.112984	0.044150
358.802989	0.036010
359.492995	0.029730
360.183001	0.024900
360.873007	0.020920
361.563012	0.017180
362.253018	0.013180
362.943024	0.008650
363.633030	0.003560
364.323035	-0.001930
365.013041	-0.007570
365.703047	-0.013030
366.393053	-0.018060
367.083058	-0.022580
367.773064	-0.026660
368.463070	-0.030470
369.153076	-0.034250
369.843081	-0.038160
370.533087	-0.042190
371.223093	-0.046130
371.913099	-0.049620
372.603104	-0.052140
373.293110	-0.053210
373.983116	-0.052470
374.673122	-0.049740
375.363127	-0.045060
376.053133	-0.038640
376.743139	-0.030790
377.433145	-0.021870
378.123150	-0.012220
378.813156	-0.002150
379.503162	0.008080
380.193168	0.018250
380.883173	0.028080
381.573179	0.037120
382.263185	0.044730
382.953191	0.050200
383.643196	0.052880
384.333202	0.052460
385.023208	0.049040
385.713214	0.043240
386.403219	0.035910
387.093225	0.027890
387.783231	0.019810
388.473237	0.011970
389.163242	0.004450
389.853248	-0.002780
390.543254	-0.009690
391.233260	-0.016140
391.923265	-0.022000
392.613271	-0.027160
393.303277	-0.031650
393.993283	-0.035560
394.683288	-0.039010
395.373294	-0.042020
396.063300	-0.044530
396.753306	-0.046360
397.443311	-0.047280
398.133317	-0.047110
398.823323	-0.045770
399.513329	-0.043260
400.203334	-0.039700
400.893340	-0.035230
401.583346	-0.030010
402.273352	-0.024160
402.963357	-0.017820
403.653363	-0.011200
404.343369	-0.004500
405.033375	0.002040
405.723380	0.008270
406.413386	0.014050
407.103392	0.019360
407.793398	0.024130
408.483403	0.028330
409.173409	0.031890
409.863415	0.034730
410.553421	0.036750
411.243426	0.037850
411.933432	0.037910
412.623438	0.036850
413.313444	0.034640
414.003449	0.031250
414.693455	0.026750
415.383461	0.021210
416.073467	0.014830
416.763472	0.007930
417.453478	0.001000
418.143484	-0.005330
418.833490	-0.010470
419.523495	-0.013810
420.213501	-0.014930
420.903507	-0.013580
421.593513	-0.009680
422.283518	-0.003400
422.973524	0.004820
423.663530	0.014240
424.353536	0.023760
425.043541	0.032070
425.733547	0.037850
426.423553	0.039990
427.113559	0.037730
427.803564	0.030760
428.493570	0.019230
429.183576	0.003670
429.873582	-0.014940
430.563587	-0.035320
431.253593	-0.055950
431.943599	-0.075330
432.633605	-0.092170
433.323610	-0.105620
434.013616	-0.115320
434.703622	-0.121250
435.393628	-0.123570
436.083633	-0.122430
436.773639	-0.118020
437.463645	-0.110490
438.153651	-0.100090
438.843656	-0.087210
439.533662	-0.072360
440.223668	-0.056100
440.913674	-0.039020
441.603679	-0.021630
442.293685	-0.004440
442.983691	0.011990
443.673697	0.027160
444.363702	0.040610
445.053708	0.052040
445.743714	0.061430
446.433720	0.069130
447.123725	0.075860
447.813731	0.082620
448.503737	0.090490
449.193743	0.100420
449.883748	0.112920
450.573754	0.127910
451.263760	0.144640
451.953766	0.161780
452.643771	0.177690
453.333777	0.190640
454.023783	0.199150
454.713789	0.202220
455.403794	0.199490
456.093800	0.191230
456.783806	0.178160
457.473812	0.161250
458.163817	0.141320
458.853823	0.118890
459.543829	0.094110
460.233835	0.066880
460.923840	0.037080
461.613846	0.004830
462.303852	-0.029290
462.993858	-0.064200
463.683863	-0.098350
464.373869	-0.129890
465.063875	-0.157030
465.753881	-0.178250
466.443886	-0.192600
467.133892	-0.199720
467.823898	-0.199810
468.513904	-0.193410
469.203909	-0.181310
469.893915	-0.164440
470.583921	-0.143830
471.273926	-0.120580
471.963932	-0.095810
472.653938	-0.070530
473.343944	-0.045550
474.033949	-0.021330
474.723955	0.001910
475.413961	0.024230
476.103967	0.045740
476.793972	0.066490
477.483978	0.086360
478.173984	0.105000
478.863990	0.121900
479.553995	0.136510
480.244001	0.148460
480.934007	0.157560
481.624013	0.163790
482.314018	0.167150
483.004024	0.167460
483.694030	0.164220
484.384036	0.156610
485.074041	0.143650
485.764047	0.124570
486.454053	0.099240
487.144059	0.068450
487.834064	0.033810
488.524070	-0.002680
489.214076	-0.039140
489.904082	-0.074240
490.594087	-0.107370
491.284093	-0.138620
491.974099	-0.168480
492.664105	-0.197530
493.354110	-0.226120
494.044116	-0.254050
494.734122	-0.280470
495.424128	-0.303980
496.114133	-0.322980
496.804139	-0.336040
497.494145	-0.342110
498.184151	-0.340640
498.874156	-0.331480
499.564162	-0.314820
500.254168	-0.291210
500.944174	-0.261500
501.634179	-0.226740
502.324185	-0.188050
503.014191	-0.146560
503.704197	-0.103230
504.394202	-0.058960
505.084208	-0.014540
505.774214	0.029290
506.464220	0.071900
507.154225	0.112720
507.844231	0.151330
508.534237	0.187480
509.224243	0.221080
509.914248	0.252290
510.604254	0.281460
511.294260	0.309060
511.984266	0.335410
512.674271	0.360430
513.364277	0.383500
514.054283	0.403470
514.744289	0.418860
515.434294	0.428120
516.124300	0.429870
516.814306	0.422900
517.504312	0.406230
518.194317	0.378960
518.884323	0.340250
519.574329	0.289440
520.264335	0.226340
520.954340	0.151590
521.644346	0.067100
522.334352	-0.023740
523.024358	-0.116160
523.714363	-0.204350
524.404369	-0.282380
525.094375	-0.345060
525.784381	-0.388670
526.474386	-0.411360
527.164392	-0.413180
527.854398	-0.395910
528.544404	-0.362540
529.234409	-0.316840
529.924415	-0.263050
530.614421	-0.205470
531.304427	-0.148230
531.994432	-0.094880
532.684438	-0.048200
533.374444	-0.010120
534.064450	0.018300
534.754455	0.036820
535.444461	0.045840
536.134467	0.046340
536.824473	0.039850
537.514478	0.028320
538.204484	0.013830
538.894490	-0.001650
539.584496	-0.016570
540.274501	-0.029770
540.964507	-0.040470
541.654513	-0.048200
542.344519	-0.052710
543.034524	-0.053960
543.724530	-0.052140
544.414536	-0.047670
545.104542	-0.041190
545.794547	-0.033530
546.484553	-0.025640
547.174559	-0.018450
547.864565	-0.012770
548.554570	-0.009150
549.244576	-0.007840
549.934582	-0.008910
550.624588	-0.012330
551.314593	-0.017910
552.004599	-0.025150
552.694605	-0.033200
553.384611	-0.040730
554.074616	-0.046010
554.764622	-0.047210
555.454628	-0.042690
556.144634	-0.031430
556.834639	-0.013410
557.524645	0.010350
558.214651	0.037910
558.904657	0.066710
559.594662	0.094040
560.284668	0.117570
560.974674	0.135450
561.664680	0.146420
562.354685	0.149750
563.044691	0.145200
563.734697	0.132900
564.424703	0.113280
565.114708	0.087080
565.804714	0.055310
566.494720	0.019330
567.184726	-0.019180
567.874731	-0.058130
568.564737	-0.095060
569.254743	-0.127410
569.944749	-0.152680
570.634754	-0.168830
571.324760	-0.174570
572.014766	-0.169570
572.704772	-0.154620
573.394777	-0.131510
574.084783	-0.102790
574.774789	-0.071340
575.464795	-0.039940
576.154800	-0.010920
576.844806	0.014080
577.534812	0.034210
578.224818	0.049290
578.914823	0.059670
579.604829	0.066080
580.294835	0.069370
580.984841	0.070460
581.674846	0.070140
582.364852	0.069130
583.054858	0.068070
583.744864	0.067500
584.434869	0.067830
585.124875	0.069260
585.814881	0.071750
586.504887	0.074980
587.194892	0.078470
587.884898	0.081750
588.574904	0.084460
589.264910	0.086430
589.954915	0.087660
590.644921	0.088260
591.334927	0.088360
592.024933	0.087980
592.714938	0.087060
593.404944	0.085370
594.094950	0.082600
594.784956	0.078390
595.474961	0.072400
596.164967	0.064300
596.854973	0.053900
597.544979	0.041100
598.234984	0.025970
598.924990	0.008810
599.614996	-0.009860
600.305002	-0.029390
600.995007	-0.048950
601.685013	-0.067670
602.375019	-0.084760
603.065025	-0.099510
603.755030	-0.111480
604.445036	-0.120510
605.135042	-0.126770
605.825048	-0.130610
606.515053	-0.132470
607.205059	-0.132650
607.895065	-0.131230
608.585071	-0.128020
609.275076	-0.122620
609.965082	-0.114570
610.655088	-0.103480
611.345094	-0.089210
612.035099	-0.072030
612.725105	-0.052680
613.415111	-0.032250
614.105117	-0.012030
614.795122	0.006790
615.485128	0.023290
616.175134	0.036970
616.865140	0.047650
617.555145	0.055440
618.245151	0.060630
618.935157	0.063530
619.625163	0.064460
620.315168	0.063650
621.005174	0.061330
621.695180	0.057810
622.385186	0.053560
623.075191	0.049120
623.765197	0.044940
624.455203	0.041230
625.145209	0.037840
625.835214	0.034390
626.525220	0.030440
627.215226	0.025790
627.905231	0.020540
628.595237	0.015110
629.285243	0.010080
629.975249	0.006130
630.665254	0.003950
631.355260	0.004110
632.045266	0.006970
632.735272	0.012580
633.425277	0.020670
634.115283	0.030690
634.805289	0.041820
635.495295	0.053190
636.185300	0.063790
636.875306	0.072650
637.565312	0.078790
638.255318	0.081410
638.945323	0.079880
639.635329	0.073820
640.325335	0.063030
641.015341	0.047550
641.705346	0.027760
642.395352	0.004430
643.085358	-0.021120
643.775364	-0.047150
644.465369	-0.071660
645.155375	-0.092770
645.845381	-0.108860
646.535387	-0.118820
647.225392	-0.122020
647.915398	-0.118450
648.605404	-0.108720
649.295410	-0.094150
649.985415	-0.076640
650.675421	-0.058530
651.365427	-0.042070
652.055433	-0.029110
652.745438	-0.020770
653.435444	-0.017300
654.125450	-0.018140
654.815456	-0.022030
655.505461	-0.027270
656.195467	-0.032020
656.885473	-0.034610
657.575479	-0.033730
658.265484	-0.028720
658.955490	-0.019570
659.645496	-0.006990
660.335502	0.007740
661.025507	0.023070
661.715513	0.037350
662.405519	0.049120
663.095525	0.057290
663.785530	0.061170
664.475536	0.060510
665.165542	0.055440
665.855548	0.046420
666.545553	0.034350
667.235559	0.020470
667.925565	0.006350
668.615571	-0.006300
669.305576	-0.015920
669.995582	-0.021280
670.685588	-0.021820
671.375594	-0.017710
672.065599	-0.009830
672.755605	0.000490
673.445611	0.011780
674.135617	0.022610
674.825622	0.031890
675.515628	0.038840
676.205634	0.042990
676.895640	0.044080
677.585645	0.042020
678.275651	0.036900
678.965657	0.029030
679.655663	0.018970
680.345668	0.007480
681.035674	-0.004450
681.725680	-0.015650
682.415686	-0.024900
683.105691	-0.031020
683.795697	-0.033020
684.485703	-0.030300
685.175709	-0.022890
685.865714	-0.011550
686.555720	0.002250
687.245726	0.016570
687.935732	0.029200
688.625737	0.038060
689.315743	0.041370
690.005749	0.037890
690.695755	0.027090
691.385760	0.009430
692.075766	-0.013520
692.765772	-0.039170
693.455778	-0.064400
694.145783	-0.086180
694.835789	-0.102200
695.525795	-0.111160
696.215801	-0.112840
696.905806	-0.107750
697.595812	-0.096730
698.285818	-0.080710
698.975824	-0.060520
699.665829	-0.036830
700.355835	-0.010100
701.045841	0.019240
701.735847	0.050710
702.425852	0.083630
703.115858	0.116980
703.805864	0.149330
704.495870	0.178990
705.185875	0.204220
705.875881	0.223430
706.565887	0.235510
707.255893	0.239960
707.945898	0.236840
708.635904	0.226670
709.325910	0.210300
710.015916	0.188950
710.705921	0.164250
711.395927	0.138320
712.085933	0.113550
712.775939	0.092280
713.465944	0.076190
714.155950	0.065840
714.845956	0.060410
715.535962	0.057870
716.225967	0.055460
716.915973	0.050410
717.605979	0.040830
718.295985	0.026320
718.985990	0.007930
719.675996	-0.012300
720.366002	-0.032250
721.056008	-0.050440
721.746013	-0.066440
722.436019	-0.080770
723.126025	-0.094460
723.816031	-0.108650
724.506036	-0.124330
725.196042	-0.142330
725.886048	-0.163300
726.576054	-0.187640
727.266059	-0.215300
727.956065	-0.245600
728.646071	-0.276950
729.336077	-0.307020
730.026082	-0.333030
730.716088	-0.352340
731.406094	-0.362970
732.096100	-0.363950
732.786105	-0.355330
733.476111	-0.338000
734.166117	-0.313320
734.856123	-0.282880
735.546128	-0.248240
736.236134	-0.210810
736.926140	-0.171790
737.616146	-0.132120
738.306151	-0.092590
738.996157	-0.053860
739.686163	-0.016440
740.376169	0.019250
741.066174	0.052970
741.756180	0.084490
742.446186	0.113560
743.136192	0.139890
743.826197	0.163160
744.516203	0.183030
745.206209	0.199280
745.896215	0.211850
746.586220	0.220880
747.276226	0.226580
747.966232	0.229250
748.656238	0.229190
749.346243	0.226700
750.036249	0.222180
750.726255	0.216140
751.416261	0.209310
752.106266	0.202480
752.796272	0.196550
753.486278	0.192320
754.176284	0.190450
754.866289	0.191370
755.556295	0.195270
756.246301	0.202070
756.936307	0.211290
757.626312	0.221960
758.316318	0.232510
759.006324	0.240830
759.696330	0.244440
760.386335	0.240890
761.076341	0.228150
761.766347	0.204920
762.456353	0.170760
763.146358	0.126110
763.836364	0.072240
764.526370	0.011330
765.216376	-0.053570
765.906381	-0.118730
766.596387	-0.180120
767.286393	-0.234010
767.976399	-0.277540
768.666404	-0.309050
769.356410	-0.328180
770.046416	-0.335740
770.736422	-0.333460
771.426427	-0.323640
772.116433	-0.308800
772.806439	-0.291380
773.496445	-0.273350
774.186450	-0.256100
774.876456	-0.240370
775.566462	-0.226290
776.256468	-0.213510
776.946473	-0.201360
777.636479	-0.188970
778.326485	-0.175510
779.016491	-0.160320
779.706496	-0.142990
780.396502	-0.123370
781.086508	-0.101490
781.776514	-0.077570
782.466519	-0.052020
783.156525	-0.025450
783.846531	0.001230
784.536536	0.026880
785.226542	0.050160
785.916548	0.069770
786.606554	0.084760
787.296559	0.094730
787.986565	0.099930
788.676571	0.101120
789.366577	0.099310
790.056582	0.095510
790.746588	0.090610
791.436594	0.085400
792.126600	0.080540
792.816605	0.076520
793.506611	0.073530
794.196617	0.071340
794.886623	0.069420
795.576628	0.067150
796.266634	0.064030
796.956640	0.059870
797.646646	0.054760
798.336651	0.049010
799.026657	0.042970
799.716663	0.036960
800.406669	0.031120
801.096674	0.025480
801.786680	0.019990
802.476686	0.014560
803.166692	0.009170
803.856697	0.003830
804.546703	-0.001460
805.236709	-0.006770
805.926715	-0.012180
806.616720	-0.017780
807.306726	-0.023540
807.996732	-0.029310
808.686738	-0.034800
809.376743	-0.039630
810.066749	-0.043300
810.756755	-0.045120
811.446761	-0.044190
812.136766	-0.039520
812.826772	-0.030240
813.516778	-0.015870
814.206784	0.003420
814.896789	0.026780
815.586795	0.052730
816.276801	0.079370
816.966807	0.104620
817.656812	0.126430
818.346818	0.143010
819.036824	0.152990
819.726830	0.155510
820.416835	0.150290
821.106841	0.137610
821.796847	0.118290
822.486853	0.093620
823.176858	0.065140
823.866864	0.034530
824.556870	0.003390
825.246876	-0.026870
825.936881	-0.055140
826.626887	-0.080410
827.316893	-0.101760
828.006899	-0.118290
828.696904	-0.129260
829.386910	-0.134170
830.076916	-0.132990
830.766922	-0.126250
831.456927	-0.114990
832.146933	-0.100610
832.836939	-0.084620
833.526945	-0.068370
834.216950	-0.052920
834.906956	-0.038940
835.596962	-0.026790
836.286968	-0.016590
836.976973	-0.008300
837.666979	-0.001780
838.356985	0.003130
839.046991	0.006650
839.736996	0.009010
840.427002	0.010470
841.117008	0.011310
841.807014	0.011780
842.497019	0.012080
843.187025	0.012320
843.877031	0.012520
844.567037	0.012630
845.257042	0.012650
845.947048	0.012600
846.637054	0.012590
847.327060	0.012900
848.017065	0.013840
848.707071	0.015740
849.397077	0.018800
850.087083	0.023020
850.777088	0.028110
851.467094	0.033550
852.157100	0.038720
852.847106	0.042970
853.537111	0.045790
854.227117	0.046850
854.917123	0.046100
855.607129	0.043710
856.297134	0.040080
856.987140	0.035700
857.677146	0.030970
858.367152	0.026120
859.057157	0.021070
859.747163	0.015530
860.437169	0.009160
861.127175	0.001750
861.817180	-0.006630
862.507186	-0.015610
863.197192	-0.024470
863.887198	-0.032410
864.577203	-0.038630
865.267209	-0.042530
865.957215	-0.043770
866.647221	-0.042390
867.337226	-0.038760
868.027232	-0.033420
868.717238	-0.027060
869.407244	-0.020400
870.097249	-0.014020
870.787255	-0.008240
871.477261	-0.003060
872.167267	0.001860
872.857272	0.007050
873.547278	0.012850
874.237284	0.019220
874.927290	0.025570
875.617295	0.030840
876.307301	0.033760
876.997307	0.033110
877.687313	0.028000
878.377318	0.018010
879.067324	0.003340
879.757330	-0.015120
880.447336	-0.035850
881.137341	-0.056830
881.827347	-0.075870
882.517353	-0.090950
883.207359	-0.100480
883.897364	-0.103490
884.587370	-0.099540
885.277376	-0.088730
885.967382	-0.071680
886.657387	-0.049480
887.347393	-0.023610
888.037399	0.004180
888.727405	0.032090
889.417410	0.058470
890.107416	0.081990
890.797422	0.101660
891.487428	0.116860
892.177433	0.127210
892.867439	0.132520
893.557445	0.132710
894.247451	0.127660
894.937456	0.117260
895.627462	0.101490
896.317468	0.080500
897.007474	0.054890
897.697479	0.025760
898.387485	-0.005300
899.077491	-0.036460
899.767497	-0.065900
900.457502	-0.092090
901.147508	-0.113870
901.837514	-0.130490
902.527520	-0.141570
903.217525	-0.146970
903.907531	-0.146860
904.597537	-0.141610
905.287543	-0.131760
905.977548	-0.117870
906.667554	-0.100520
907.357560	-0.080290
908.047566	-0.057850
908.737571	-0.034060
909.427577	-0.010100
910.117583	0.012600
910.807589	0.032570
911.497594	0.048390
912.187600	0.059060
912.877606	0.064160
913.567612	0.063980
914.257617	0.059510
914.947623	0.052400
915.637629	0.044640
916.327635	0.038170
917.017640	0.034550
917.707646	0.034730
918.397652	0.038980
919.087658	0.047080
919.777663	0.058540
920.467669	0.072860
921.157675	0.089540
921.847681	0.108130
922.537686	0.128100
923.227692	0.148820
923.917698	0.169440
924.607704	0.188900
925.297709	0.205970
925.987715	0.219340
926.677721	0.227640
927.367727	0.229570
928.057732	0.224060
928.747738	0.210440
929.437744	0.188660
930.127750	0.159370
930.817755	0.123930
931.507761	0.084310
932.197767	0.042810
932.887773	0.001770
933.577778	-0.036690
934.267784	-0.070930
934.957790	-0.099850
935.647796	-0.122840
936.337801	-0.139590
937.027807	-0.149900
937.717813	-0.153650
938.407819	-0.151000
939.097824	-0.142690
939.787830	-0.130260
940.477836	-0.116000
941.167841	-0.102660
941.857847	-0.092920
942.547853	-0.088910
943.237859	-0.091800
943.927864	-0.101600
944.617870	-0.117090
945.307876	-0.136040
945.997882	-0.155750
946.687887	-0.173570
947.377893	-0.187500
948.067899	-0.196520
948.757905	-0.200560
949.447910	-0.200200
950.137916	-0.196270
950.827922	-0.189490
951.517928	-0.180270
952.207933	-0.168690
952.897939	-0.154710
953.587945	-0.138420
954.277951	-0.120240
954.967956	-0.101000
955.657962	-0.081820
956.347968	-0.063860
957.037974	-0.048010
957.727979	-0.034700
958.417985	-0.023870
959.107991	-0.015020
959.797997	-0.007400
960.488002	-0.000230
961.178008	0.007130
961.868014	0.015010
962.558020	0.023370
963.248025	0.031890
963.938031	0.040030
964.628037	0.047240
965.318043	0.053070
966.008048	0.057290
966.698054	0.059990
967.388060	0.061490
968.078066	0.062330
968.768071	0.063090
969.458077	0.064300
970.148083	0.066350
970.838089	0.069490
971.528094	0.073830
972.218100	0.079350
972.908106	0.085890
973.598112	0.093130
974.288117	0.100530
974.978123	0.107400
975.668129	0.112950
976.358135	0.116410
977.048140	0.117160
977.738146	0.114820
978.428152	0.109270
979.118158	0.100660
979.808163	0.089400
980.498169	0.076040
981.188175	0.061180
981.878181	0.045390
982.568186	0.029070
983.258192	0.012450
983.948198	-0.004230
984.638204	-0.020670
985.328209	-0.036300
986.018215	-0.050290
986.708221	-0.061670
987.398227	-0.069540
988.088232	-0.073160
988.778238	-0.072060
989.468244	-0.066030
990.158250	-0.055080
990.848255	-0.039440
991.538261	-0.019570
992.228267	0.003810
992.918273	0.029830
993.608278	0.057470
994.298284	0.085600
994.988290	0.113080
995.678296	0.138790
996.368301	0.161620
997.058307	0.180520
997.748313	0.194520
998.438319	0.202760
999.128324	0.204540
999.818330	0.199330
1000.508336	0.186950
1001.198342	0.167640
1001.888347	0.142110
1002.578353	0.111540
1003.268359	0.077380
1003.958365	0.041220
1004.648370	0.004670
1005.338376	-0.030680
1006.028382	-0.063430
1006.718388	-0.092310
1007.408393	-0.116360
1008.098399	-0.134990
1008.788405	-0.147990
1009.478411	-0.155450
1010.168416	-0.157670
1010.858422	-0.155060
1011.548428	-0.148100
1012.238434	-0.137290
1012.928439	-0.123220
1013.618445	-0.106480
1014.308451	-0.087710
1014.998457	-0.067600
1015.688462	-0.046940
1016.378468	-0.026590
1017.068474	-0.007420
1017.758480	0.009750
1018.448485	0.024300
1019.138491	0.035810
1019.828497	0.044120
1020.518503	0.049280
1021.208508	0.051410
1021.898514	0.050660
1022.588520	0.047120
1023.278526	0.040740
1023.968531	0.031400
1024.658537	0.018980
1025.348543	0.003420
1026.038549	-0.015160
1026.728554	-0.036420
1027.418560	-0.059800
1028.108566	-0.084530
1028.798572	-0.109740
1029.488577	-0.134410
1030.178583	-0.157530
1030.868589	-0.178100
1031.558595	-0.195220
1032.248600	-0.208100
1032.938606	-0.216130
1033.628612	-0.218840
1034.318618	-0.215940
1035.008623	-0.207300
1035.698629	-0.192990
1036.388635	-0.173400
1037.078641	-0.149300
1037.768646	-0.121770
1038.458652	-0.092090
1039.148658	-0.061580
1039.838664	-0.031460
1040.528669	-0.002720
1041.218675	0.023870
1041.908681	0.047770
1042.598687	0.068650
1043.288692	0.086450
1043.978698	0.101410
1044.668704	0.113950
1045.358710	0.124530
1046.048715	0.133480
1046.738721	0.140920
1047.428727	0.146800
1048.118733	0.150970
1048.808738	0.153360
1049.498744	0.153960
1050.188750	0.152860
1050.878756	0.150170
1051.568761	0.146020
1052.258767	0.140650
1052.948773	0.134380
1053.638779	0.127640
1054.328784	0.120840
1055.018790	0.114310
1055.708796	0.108120
1056.398802	0.102180
1057.088807	0.096190
1057.778813	0.089730
1058.468819	0.082340
1059.158825	0.073500
1059.848830	0.062740
1060.538836	0.049590
1061.228842	0.033670
1061.918848	0.014860
