0.000000	-0.046350
0.690002	-0.054390
1.380004	-0.061680
2.070006	-0.067650
2.760008	-0.071650
3.450010	-0.072950
4.140012	-0.070930
4.830014	-0.065310
5.520015	-0.056290
6.210017	-0.044450
6.900019	-0.030510
7.590021	-0.015120
8.280023	0.001370
8.970025	0.018970
9.660027	0.037740
10.350029	0.057580
11.040031	0.078070
11.730033	0.098430
12.420035	0.117540
13.110037	0.134160
13.800039	0.147130
14.490041	0.155570
15.180043	0.158990
15.870044	0.157390
16.560046	0.151250
17.250048	0.141390
17.940050	0.128880
18.630052	0.114890
19.320054	0.100440
20.010056	0.086410
20.700058	0.073450
21.390060	0.062020
22.080062	0.052280
22.770064	0.044160
23.460066	0.037270
24.150068	0.030900
24.840070	0.024120
25.530072	0.015910
26.220073	0.005540
26.910075	-0.007260
27.600077	-0.022140
28.290079	-0.038260
28.980081	-0.054660
29.670083	-0.070590
30.360085	-0.085640
31.050087	-0.099730
31.740089	-0.112830
32.430091	-0.124820
33.120093	-0.135370
33.810095	-0.144050
34.500097	-0.150410
35.190099	-0.153950
35.880101	-0.154250
36.570102	-0.150970
37.260104	-0.143920
37.950106	-0.133220
38.640108	-0.119390
39.330110	-0.103310
40.020112	-0.086100
40.710114	-0.068980
41.400116	-0.053010
42.090118	-0.039040
42.780120	-0.027640
43.470122	-0.019040
44.160124	-0.013150
44.850126	-0.009630
45.540128	-0.007900
46.230130	-0.007230
46.920131	-0.006800
47.610133	-0.005800
48.300135	-0.003460
48.990137	0.000900
49.680139	0.007820
50.370141	0.017560
51.060143	0.030160
51.750145	0.045310
52.440147	0.062260
53.130149	0.079980
53.820151	0.097180
54.510153	0.112580
55.200155	0.125010
55.890157	0.133550
56.580159	0.137580
57.270160	0.136730
57.960162	0.130810
58.650164	0.119890
59.340166	0.104270
60.030168	0.084530
60.720170	0.061540
61.410172	0.036380
62.100174	0.010320
62.790176	-0.015270
63.480178	-0.039100
64.170180	-0.060020
64.860182	-0.077240
65.550184	-0.090310
66.240186	-0.099120
66.930188	-0.103900
67.620189	-0.105020
68.310191	-0.102920
69.000193	-0.098100
69.690195	-0.091100
70.380197	-0.082370
71.070199	-0.072270
71.760201	-0.061060
72.450203	-0.048890
73.140205	-0.035770
73.830207	-0.021680
74.520209	-0.006700
75.210211	0.008910
75.900213	0.024770
76.590215	0.040270
77.280217	0.054710
77.970218	0.067450
78.660220	0.078010
79.350222	0.086080
80.040224	0.091550
80.730226	0.094400
81.420228	0.094660
82.110230	0.092440
82.800232	0.087840
83.490234	0.081010
84.180236	0.072120
84.870238	0.061360
85.560240	0.048920
86.250242	0.034980
86.940244	0.019730
87.630246	0.003270
88.320247	-0.014340
89.010249	-0.033100
89.700251	-0.052840
90.390253	-0.073130
91.080255	-0.093110
91.770257	-0.111410
92.460259	-0.126400
93.150261	-0.136440
93.840263	-0.140150
94.530265	-0.136670
95.220267	-0.125710
95.910269	-0.107530
96.600271	-0.082880
97.290273	-0.052830
97.980275	-0.018770
98.670276	0.017620
99.360278	0.054390
100.050280	0.089260
100.740282	0.119840
101.430284	0.143750
102.120286	0.158900
102.810288	0.163840
103.500290	0.158040
104.190292	0.142090
104.880294	0.117830
105.570296	0.088140
106.260298	0.056510
106.950300	0.026310
107.640302	0.000310
108.330304	-0.019880
109.020305	-0.033810
109.710307	-0.041930
110.400309	-0.045240
111.090311	-0.044950
111.780313	-0.042250
112.470315	-0.038170
113.160317	-0.033580
113.850319	-0.029250
114.540321	-0.025750
115.230323	-0.023580
115.920325	-0.023050
116.610327	-0.024200
117.300329	-0.026760
117.990331	-0.030150
118.680333	-0.033660
119.370334	-0.036490
120.060336	-0.038070
120.750338	-0.037980
121.440340	-0.035930
122.130342	-0.031840
122.820344	-0.025860
123.510346	-0.018440
124.200348	-0.010470
124.890350	-0.003120
125.580352	0.002400
126.270354	0.005410
126.960356	0.006030
127.650358	0.005330
128.340360	0.005000
129.030362	0.006690
129.720363	0.011450
130.410365	0.019420
131.100367	0.029820
131.790369	0.041350
132.480371	0.052550
133.170373	0.062070
133.860375	0.068750
134.550377	0.071820
135.240379	0.070940
135.930381	0.066320
136.620383	0.058760
137.310385	0.049560
138.000387	0.040410
138.690389	0.033140
139.380391	0.029390
140.070392	0.030440
140.760394	0.037110
141.450396	0.049700
142.140398	0.068000
142.830400	0.091340
143.520402	0.118490
144.210404	0.147650
144.900406	0.176340
145.590408	0.201530
146.280410	0.219930
146.970412	0.228500
147.660414	0.224950
148.350416	0.208490
149.040418	0.180170
149.730420	0.142800
150.420421	0.100270
151.110423	0.056440
151.800425	0.014070
152.490427	-0.025690
153.180429	-0.063330
153.870431	-0.100120
154.560433	-0.137110
155.250435	-0.174330
155.940437	-0.210470
156.630439	-0.243230
157.320441	-0.269900
158.010443	-0.288060
158.700445	-0.296210
159.390447	-0.294060
160.080449	-0.282550
160.770450	-0.263550
161.460452	-0.239520
162.150454	-0.213030
162.840456	-0.186230
163.530458	-0.160580
164.220460	-0.136910
164.910462	-0.115540
165.600464	-0.096440
166.290466	-0.079420
166.980468	-0.064060
167.670470	-0.049630
168.360472	-0.035060
169.050474	-0.018940
169.740476	0.000280
170.430478	0.023850
171.120479	0.052430
171.810481	0.085690
172.500483	0.122360
173.190485	0.160330
173.880487	0.197040
174.570489	0.229840
175.260491	0.256160
175.950493	0.273560
176.640495	0.279750
177.330497	0.272670
178.020499	0.250750
178.710501	0.213160
179.400503	0.160170
180.090505	0.093460
180.780507	0.016220
181.470508	-0.066930
182.160510	-0.150310
182.850512	-0.227700
183.540514	-0.292960
184.230516	-0.340680
184.920518	-0.366820
185.610520	-0.369310
186.300522	-0.348460
186.990524	-0.307240
187.680526	-0.251110
188.370528	-0.187150
189.060530	-0.122910
189.750532	-0.065200
190.440534	-0.019070
191.130536	0.012620
191.820537	0.029310
192.510539	0.032540
193.200541	0.025740
193.890543	0.013830
194.580545	0.002370
195.270547	-0.003540
195.960549	-0.000760
196.650551	0.010920
197.340553	0.028870
198.030555	0.048640
198.720557	0.065560
199.410559	0.076040
200.100561	0.078470
200.790563	0.072960
201.480565	0.060560
202.170566	0.042490
202.860568	0.019840
203.550570	-0.006360
204.240572	-0.034690
204.930574	-0.062870
205.620576	-0.087670
206.310578	-0.105340
207.000580	-0.112360
207.690582	-0.106300
208.380584	-0.086320
209.070586	-0.053370
209.760588	-0.009950
210.450590	0.040290
211.140592	0.093120
211.830594	0.144110
212.520595	0.189220
213.210597	0.225240
213.900599	0.250010
214.590601	0.262530
215.280603	0.262900
215.970605	0.252150
216.660607	0.231930
217.350609	0.204230
218.040611	0.171090
218.730613	0.134360
219.420615	0.095530
220.110617	0.055620
220.800619	0.015260
221.490621	-0.025230
222.180623	-0.065750
222.870624	-0.106130
223.560626	-0.145820
224.250628	-0.183690
224.940630	-0.217870
225.630632	-0.245850
226.320634	-0.264750
227.010636	-0.271640
227.700638	-0.264170
228.390640	-0.241060
229.080642	-0.202730
229.770644	-0.151680
230.460646	-0.092300
231.150648	-0.030150
231.840650	0.028910
232.530652	0.079890
233.220653	0.119220
233.910655	0.145040
234.600657	0.157100
235.290659	0.156660
235.980661	0.146230
236.670663	0.129270
237.360665	0.109680
238.050667	0.091300
238.740669	0.077390
239.430671	0.070350
240.120673	0.071480
240.810675	0.080930
241.500677	0.097610
242.190679	0.119340
242.880681	0.143150
243.570682	0.165790
244.260684	0.184270
244.950686	0.196260
245.640688	0.200300
246.330690	0.195770
247.020692	0.182610
247.710694	0.161130
248.400696	0.132080
249.090698	0.096700
249.780700	0.056710
250.470702	0.014240
251.160704	-0.028390
251.850706	-0.069160
252.540708	-0.106560
253.230710	-0.139670
253.920711	-0.168020
254.610713	-0.191250
255.300715	-0.208920
255.990717	-0.220440
256.680719	-0.225270
257.370721	-0.223050
258.060723	-0.213920
258.750725	-0.198610
259.440727	-0.178340
260.130729	-0.154560
260.820731	-0.128740
261.510733	-0.102320
262.200735	-0.076610
262.890737	-0.052720
263.580739	-0.031440
264.270740	-0.013270
264.960742	0.001620
265.650744	0.013370
266.340746	0.022120
267.030748	0.028000
267.720750	0.031010
268.410752	0.031160
269.100754	0.028570
269.790756	0.023540
270.480758	0.016670
271.170760	0.008830
271.860762	0.001150
272.550764	-0.005090
273.240766	-0.008840
273.930768	-0.009300
274.620769	-0.006050
275.310771	0.000850
276.000773	0.010880
276.690775	0.023200
277.380777	0.036770
278.070779	0.050550
278.760781	0.063690
279.450783	0.075660
280.140785	0.086170
280.830787	0.095000
281.520789	0.101850
282.210791	0.106230
282.900793	0.107590
283.590795	0.105450
284.280797	0.099520
284.970798	0.089800
285.660800	0.076550
286.350802	0.060230
287.040804	0.041530
287.730806	0.021250
288.420808	0.000280
289.110810	-0.020580
289.800812	-0.040510
290.490814	-0.058800
291.180816	-0.074900
291.870818	-0.088420
292.560820	-0.099170
293.250822	-0.107140
293.940824	-0.112500
294.630826	-0.115590
295.320827	-0.116840
296.010829	-0.116790
296.700831	-0.116030
297.390833	-0.115060
298.080835	-0.114150
298.770837	-0.113260
299.460839	-0.111980
300.150841	-0.109570
300.840843	-0.105020
301.530845	-0.097200
302.220847	-0.085090
302.910849	-0.068020
303.600851	-0.045960
304.290853	-0.019690
304.980855	0.009210
305.670856	0.038620
306.360858	0.066110
307.050860	0.089530
307.740862	0.107260
308.430864	0.118450
309.120866	0.123070
309.810868	0.121800
310.500870	0.115830
311.190872	0.106570
311.880874	0.095500
312.570876	0.083970
313.260878	0.073080
313.950880	0.063590
314.640882	0.055890
315.330884	0.049940
316.020885	0.045350
316.710887	0.041510
317.400889	0.037830
318.090891	0.033920
318.780893	0.029750
319.470895	0.025540
320.160897	0.021530
320.850899	0.017670
321.540901	0.013660
322.230903	0.009010
322.920905	0.003320
323.610907	-0.003470
324.300909	-0.011040
324.990911	-0.018680
325.680913	-0.025560
326.370914	-0.030860
327.060916	-0.033990
327.750918	-0.034600
328.440920	-0.032740
329.130922	-0.028780
329.820924	-0.023220
330.510926	-0.016650
331.200928	-0.009610
331.890930	-0.002590
332.580932	0.003970
333.270934	0.009590
333.960936	0.013690
334.650938	0.015530
335.340940	0.014290
336.030942	0.009230
336.720943	0.000080
337.410945	-0.012670
338.100947	-0.027580
338.790949	-0.042650
339.480951	-0.055860
340.170953	-0.065780
340.860955	-0.071880
341.550957	-0.074450
342.240959	-0.074310
342.930961	-0.072410
343.620963	-0.069650
344.310965	-0.066630
345.000967	-0.063510
345.690969	-0.059870
346.380971	-0.054770
347.070972	-0.047030
347.760974	-0.035650
348.450976	-0.020200
349.140978	-0.001020
349.830980	0.020820
350.520982	0.043840
351.210984	0.066370
351.900986	0.086840
352.590988	0.103970
353.280990	0.116870
353.970992	0.125110
354.660994	0.128650
355.350996	0.127740
356.040998	0.122810
356.731000	0.114430
357.421001	0.103440
358.111003	0.090910
358.801005	0.078080
359.491007	0.066030
360.181009	0.055420
360.871011	0.046300
361.561013	0.037960
362.251015	0.029210
362.941017	0.018630
363.631019	0.004970
364.321021	-0.012650
365.011023	-0.034440
365.701025	-0.059820
366.391027	-0.087490
367.081029	-0.115590
367.771030	-0.141940
368.461032	-0.164490
369.151034	-0.181600
369.841036	-0.192340
370.531038	-0.196530
371.221040	-0.194640
371.911042	-0.187450
372.601044	-0.175730
373.291046	-0.159980
373.981048	-0.140310
374.671050	-0.116400
375.361052	-0.087730
376.051054	-0.053740
376.741056	-0.014100
377.431058	0.030970
378.121059	0.080540
378.811061	0.132790
379.501063	0.185300
380.191065	0.235300
380.881067	0.280040
381.571069	0.317150
382.261071	0.344860
382.951073	0.361950
383.641075	0.367830
384.331077	0.362640
385.021079	0.347350
385.711081	0.323850
386.401083	0.294690
387.091085	0.262860
387.781087	0.231240
388.471088	0.202120
389.161090	0.176680
389.851092	0.154870
390.541094	0.135400
391.231096	0.116140
391.921098	0.094550
392.611100	0.068200
393.301102	0.035150
393.991104	-0.005790
394.681106	-0.054940
395.371108	-0.111350
396.061110	-0.172510
396.751112	-0.234410
397.441114	-0.292170
398.131116	-0.340920
398.821117	-0.376750
399.511119	-0.397300
400.201121	-0.402010
400.891123	-0.391900
401.581125	-0.369200
402.271127	-0.337080
402.961129	-0.299290
403.651131	-0.259800
404.341133	-0.222370
405.031135	-0.190120
405.721137	-0.165140
406.411139	-0.148330
407.101141	-0.139130
407.791143	-0.135560
408.481145	-0.134560
409.171146	-0.132510
409.861148	-0.125920
410.551150	-0.112230
411.241152	-0.090230
411.931154	-0.060290
412.621156	-0.024090
413.311158	0.015840
414.001160	0.056870
414.691162	0.096660
415.381164	0.133520
416.071166	0.166430
416.761168	0.194830
417.451170	0.218360
418.141172	0.236640
418.831174	0.249090
419.521175	0.255010
420.211177	0.253630
420.901179	0.244280
421.591181	0.226610
422.281183	0.200660
422.971185	0.166940
423.661187	0.126450
424.351189	0.080560
425.041191	0.031000
425.731193	-0.020210
426.421195	-0.070880
427.111197	-0.118880
427.801199	-0.162310
428.491201	-0.199680
429.181203	-0.229870
429.871204	-0.252070
430.561206	-0.265620
431.251208	-0.269920
431.941210	-0.264410
432.631212	-0.248720
433.321214	-0.222740
434.011216	-0.186750
434.701218	-0.141630
435.391220	-0.088990
436.081222	-0.031290
436.771224	0.028340
437.461226	0.086430
438.151228	0.139530
438.841230	0.184650
439.531232	0.219480
440.221233	0.242510
440.911235	0.253020
441.601237	0.251010
442.291239	0.236990
442.981241	0.211840
443.671243	0.176590
444.361245	0.132370
445.051247	0.080470
445.741249	0.022480
446.431251	-0.039500
447.121253	-0.102970
447.811255	-0.165050
448.501257	-0.222610
449.191259	-0.272430
449.881261	-0.311360
450.571262	-0.336480
451.261264	-0.345330
451.951266	-0.336270
452.641268	-0.308800
453.331270	-0.263900
454.021272	-0.204130
454.711274	-0.133640
455.401276	-0.057650
456.091278	0.018310
456.781280	0.089370
457.471282	0.151930
458.161284	0.204030
458.851286	0.245040
459.541288	0.274980
460.231290	0.294000
460.921291	0.302200
461.611293	0.299780
462.301295	0.287360
462.991297	0.266280
463.681299	0.238500
464.371301	0.206290
465.061303	0.171740
465.751305	0.136540
466.441307	0.101900
467.131309	0.068740
467.821311	0.037890
468.511313	0.010350
469.201315	-0.012770
469.891317	-0.030440
470.581319	-0.041860
471.271320	-0.046660
471.961322	-0.045030
472.651324	-0.037750
473.341326	-0.026160
474.031328	-0.012020
474.721330	0.002630
475.411332	0.015860
476.101334	0.026010
476.791336	0.032010
477.481338	0.033350
478.171340	0.030030
478.861342	0.022440
479.551344	0.011250
480.241346	-0.002700
480.931348	-0.018550
481.621349	-0.035320
482.311351	-0.052070
483.001353	-0.067900
483.691355	-0.081910
484.381357	-0.093290
485.071359	-0.101380
485.761361	-0.105810
486.451363	-0.106580
487.141365	-0.104040
487.831367	-0.098770
488.521369	-0.091290
489.211371	-0.081890
489.901373	-0.070540
490.591375	-0.056920
491.281377	-0.040760
491.971378	-0.022050
492.661380	-0.001230
493.351382	0.020840
494.041384	0.043080
494.731386	0.064350
495.421388	0.083650
496.111390	0.100090
496.801392	0.112940
497.491394	0.121630
498.181396	0.125790
498.871398	0.125290
499.561400	0.120240
500.251402	0.110960
500.941404	0.097900
501.631406	0.081650
502.321407	0.062940
503.011409	0.042600
503.701411	0.021610
504.391413	0.001070
505.081415	-0.017990
505.771417	-0.034690
506.461419	-0.048310
507.151421	-0.058460
507.841423	-0.065040
508.531425	-0.068340
509.221427	-0.068980
509.911429	-0.067810
510.601431	-0.065760
511.291433	-0.063640
511.981435	-0.061910
512.671436	-0.060650
513.361438	-0.059640
514.051440	-0.058500
514.741442	-0.056790
515.431444	-0.054250
516.121446	-0.050770
516.811448	-0.046500
517.501450	-0.041780
518.191452	-0.037090
518.881454	-0.032830
519.571456	-0.029230
520.261458	-0.026250
520.951460	-0.023510
521.641462	-0.020370
522.331464	-0.016100
523.021465	-0.010100
523.711467	-0.002050
524.401469	0.007920
525.091471	0.019270
525.781473	0.031230
526.471475	0.043010
527.161477	0.054080
527.851479	0.064190
528.541481	0.073290
529.231483	0.081390
529.921485	0.088440
530.611487	0.094280
531.301489	0.098620
531.991491	0.101090
532.681493	0.101270
533.371494	0.098740
534.061496	0.093020
534.751498	0.083700
535.441500	0.070380
536.131502	0.052630
536.821504	0.030000
537.511506	0.002070
538.201508	-0.031350
538.891510	-0.070030
539.581512	-0.112980
540.271514	-0.158230
540.961516	-0.202780
541.651518	-0.242860
542.341520	-0.274470
543.031522	-0.293990
543.721523	-0.298830
544.411525	-0.287890
545.101527	-0.261770
545.791529	-0.222710
546.481531	-0.174210
547.171533	-0.120530
547.861535	-0.066030
548.551537	-0.014540
549.241539	0.031100
549.931541	0.069250
550.621543	0.099380
551.311545	0.121950
552.001547	0.138060
552.691549	0.149190
553.381551	0.156910
554.071552	0.162640
554.761554	0.167480
555.451556	0.172140
556.141558	0.176970
556.831560	0.181970
557.521562	0.186840
558.211564	0.190980
558.901566	0.193630
559.591568	0.193770
560.281570	0.190260
560.971572	0.181860
561.661574	0.167410
562.351576	0.145940
563.041578	0.116940
563.731580	0.080500
564.421581	0.037390
565.111583	-0.010900
565.801585	-0.062230
566.491587	-0.113870
567.181589	-0.162630
567.871591	-0.205250
568.561593	-0.238790
569.251595	-0.260940
569.941597	-0.270410
570.631599	-0.267060
571.321601	-0.251760
572.011603	-0.226230
572.701605	-0.192680
573.391607	-0.153680
574.081609	-0.111850
574.771610	-0.069700
575.461612	-0.029460
576.151614	0.007000
576.841616	0.038370
577.531618	0.063850
578.221620	0.083200
578.911622	0.096670
579.601624	0.104790
580.291626	0.108310
580.981628	0.107920
581.671630	0.104180
582.361632	0.097490
583.051634	0.088130
583.741636	0.076480
584.431638	0.063140
585.121639	0.049070
585.811641	0.035420
586.501643	0.023420
587.191645	0.014060
587.881647	0.007920
588.571649	0.005120
589.261651	0.005330
589.951653	0.007880
590.641655	0.011950
591.331657	0.016670
592.021659	0.021280
592.711661	0.025250
593.401663	0.028290
594.091665	0.030300
594.781667	0.031180
595.471668	0.030650
596.161670	0.028190
596.851672	0.023050
597.541674	0.014400
598.231676	0.001580
598.921678	-0.015580
599.611680	-0.036570
600.301682	-0.060020
600.991684	-0.083760
601.681686	-0.105180
602.371688	-0.121610
603.061690	-0.130890
603.751692	-0.131780
604.441694	-0.124250
605.131696	-0.109480
605.821697	-0.089560
606.511699	-0.067110
607.201701	-0.044840
607.891703	-0.025110
608.581705	-0.009740
609.271707	0.000160
609.961709	0.004250
610.651711	0.003050
611.341713	-0.002130
612.031715	-0.009260
612.721717	-0.015770
613.411719	-0.018990
614.101721	-0.016570
614.791723	-0.006990
615.481725	0.010140
616.171726	0.034080
616.861728	0.063100
617.551730	0.094930
618.241732	0.127150
618.931734	0.157560
619.621736	0.184420
620.311738	0.206530
621.001740	0.223160
621.691742	0.233820
622.381744	0.238030
623.071746	0.235170
623.761748	0.224460
624.451750	0.205440
625.141752	0.178520
625.831754	0.145490
626.521755	0.109390
627.211757	0.074090
627.901759	0.043440
628.591761	0.020530
629.281763	0.007070
629.971765	0.003180
630.661767	0.007560
631.351769	0.017690
632.041771	0.030160
632.731773	0.041090
633.421775	0.046710
634.111777	0.043990
634.801779	0.031350
635.491781	0.009190
636.181783	-0.020010
636.871784	-0.052420
637.561786	-0.083720
638.251788	-0.110240
638.941790	-0.129740
639.631792	-0.141560
640.321794	-0.146210
641.011796	-0.144670
641.701798	-0.137940
642.391800	-0.126880
643.081802	-0.112370
643.771804	-0.095730
644.461806	-0.079000
645.151808	-0.064930
645.841810	-0.056570
646.531812	-0.056630
647.221813	-0.066660
647.911815	-0.086520
648.601817	-0.114170
649.291819	-0.145970
649.981821	-0.177350
650.671823	-0.203750
651.361825	-0.221420
652.051827	-0.228040
652.741829	-0.222840
653.431831	-0.206390
654.121833	-0.180240
654.811835	-0.146440
655.501837	-0.107260
656.191839	-0.064920
656.881841	-0.021540
657.571842	0.020920
658.261844	0.060590
658.951846	0.095670
659.641848	0.124420
660.331850	0.145320
661.021852	0.157200
661.711854	0.159420
662.401856	0.152080
663.091858	0.135940
663.781860	0.112370
664.471862	0.083020
665.161864	0.049520
665.851866	0.013360
666.541868	-0.024110
667.231870	-0.061500
667.921871	-0.097040
668.611873	-0.128450
669.301875	-0.153050
669.991877	-0.168180
670.681879	-0.171810
671.371881	-0.163090
672.061883	-0.142700
672.751885	-0.112720
673.441887	-0.076280
674.131889	-0.036880
674.821891	0.002120
675.511893	0.037930
676.201895	0.068430
676.891897	0.092190
677.581899	0.108420
678.271900	0.117040
678.961902	0.118630
679.651904	0.114330
680.341906	0.105560
681.031908	0.093580
681.721910	0.079260
682.411912	0.062900
683.101914	0.044410
683.791916	0.023730
684.481918	0.001020
685.171920	-0.023200
685.861922	-0.048230
686.551924	-0.073300
687.241926	-0.097730
687.931928	-0.120760
688.621929	-0.141340
689.311931	-0.157890
690.001933	-0.168370
690.691935	-0.170640
691.381937	-0.163060
692.071939	-0.145100
692.761941	-0.117710
693.451943	-0.083330
694.141945	-0.045420
694.831947	-0.007650
695.521949	0.026820
696.211951	0.056020
696.901953	0.079270
697.591955	0.096970
698.281957	0.110170
698.971958	0.120130
699.661960	0.128100
700.351962	0.135350
701.041964	0.143200
701.731966	0.152780
702.421968	0.164740
703.111970	0.178840
703.801972	0.193870
704.491974	0.207820
705.181976	0.218350
705.871978	0.223390
706.561980	0.221550
707.251982	0.212340
707.941984	0.196130
708.631986	0.174070
709.321987	0.147840
710.011989	0.119420
710.701991	0.090840
711.391993	0.063910
712.081995	0.039920
712.771997	0.019580
713.461999	0.002860
714.152001	-0.010880
714.842003	-0.022760
715.532005	-0.034020
716.222007	-0.045790
716.912009	-0.058900
717.602011	-0.073740
718.292013	-0.090210
718.982015	-0.107840
719.672016	-0.125890
720.362018	-0.143490
721.052020	-0.159660
721.742022	-0.173380
722.432024	-0.183610
723.122026	-0.189220
723.812028	-0.189020
724.502030	-0.182000
725.192032	-0.167630
725.882034	-0.146120
726.572036	-0.118550
727.262038	-0.086730
727.952040	-0.052740
728.642042	-0.018480
729.332044	0.014660
730.022045	0.045860
730.712047	0.074620
731.402049	0.100540
732.092051	0.123140
732.782053	0.141810
733.472055	0.155740
734.162057	0.164060
734.852059	0.165910
735.542061	0.160620
736.232063	0.147910
736.922065	0.128060
737.612067	0.102090
738.302069	0.071750
738.992071	0.039150
739.682073	0.006480
740.372074	-0.024350
741.062076	-0.051930
741.752078	-0.075350
742.442080	-0.094100
743.132082	-0.107810
743.822084	-0.116270
744.512086	-0.119350
745.202088	-0.117070
745.892090	-0.109530
746.582092	-0.097020
747.272094	-0.079980
747.962096	-0.059130
748.652098	-0.035470
749.342100	-0.010370
750.032102	0.014590
750.722103	0.037780
751.412105	0.057780
752.102107	0.073580
752.792109	0.084770
753.482111	0.091450
754.172113	0.094010
754.862115	0.092910
755.552117	0.088440
756.242119	0.080770
756.932121	0.070040
757.622123	0.056560
758.312125	0.040910
759.002127	0.023890
759.692129	0.006440
760.382131	-0.010440
761.072132	-0.025770
761.762134	-0.038620
762.452136	-0.048150
763.142138	-0.053740
763.832140	-0.055030
764.522142	-0.052040
765.212144	-0.045140
765.902146	-0.034980
766.592148	-0.022390
767.282150	-0.008210
767.972152	0.006700
768.662154	0.021560
769.352156	0.035590
770.042158	0.048110
770.732160	0.058510
771.422161	0.066380
772.112163	0.071490
772.802165	0.073830
773.492167	0.073510
774.182169	0.070640
774.872171	0.065290
775.562173	0.057520
776.252175	0.047440
776.942177	0.035160
777.632179	0.020930
778.322181	0.005050
779.012183	-0.012120
779.702185	-0.030110
780.392187	-0.048290
781.082189	-0.065910
781.772190	-0.082130
782.462192	-0.096130
783.152194	-0.107190
783.842196	-0.114750
784.532198	-0.118500
785.222200	-0.118420
785.912202	-0.114780
786.602204	-0.108180
787.292206	-0.099350
787.982208	-0.089010
788.672210	-0.077720
789.362212	-0.065840
790.052214	-0.053600
790.742216	-0.041110
791.432218	-0.028450
792.122219	-0.015620
792.812221	-0.002440
793.502223	0.011490
794.192225	0.026750
794.882227	0.043930
795.572229	0.063510
796.262231	0.085610
796.952233	0.109950
797.642235	0.135810
798.332237	0.162160
799.022239	0.187680
799.712241	0.210970
800.402243	0.230550
801.092245	0.244940
801.782247	0.252690
802.472248	0.252460
803.162250	0.243150
803.852252	0.224120
804.542254	0.195320
805.232256	0.157320
805.922258	0.111220
806.612260	0.058450
807.302262	0.000680
807.992264	-0.060090
808.682266	-0.121540
809.372268	-0.180900
810.062270	-0.235150
810.752272	-0.281390
811.442274	-0.317220
812.132276	-0.341000
812.822277	-0.351960
813.512279	-0.350170
814.202281	-0.336280
814.892283	-0.311410
815.582285	-0.277000
816.272287	-0.234720
816.962289	-0.186460
817.652291	-0.134260
818.342293	-0.080320
819.032295	-0.026850
819.722297	0.024010
820.412299	0.070250
821.102301	0.110120
821.792303	0.142210
822.482305	0.165570
823.172306	0.179840
823.862308	0.185280
824.552310	0.182670
825.242312	0.173210
825.932314	0.158420
826.622316	0.139960
827.312318	0.119600
828.002320	0.098980
828.692322	0.079480
829.382324	0.061920
830.072326	0.046380
830.762328	0.032240
831.452330	0.018380
832.142332	0.003630
832.832334	-0.012750
833.522335	-0.030750
834.212337	-0.049440
834.902339	-0.067160
835.592341	-0.081840
836.282343	-0.091420
836.972345	-0.094290
837.662347	-0.089570
838.352349	-0.077390
839.042351	-0.058840
839.732353	-0.035720
840.422355	-0.010240
841.112357	0.015430
841.802359	0.039460
842.492361	0.060440
843.182363	0.077340
843.872364	0.089440
844.562366	0.096260
845.252368	0.097640
845.942370	0.093770
846.632372	0.085390
847.322374	0.073780
848.012376	0.060680
848.702378	0.047870
849.392380	0.036780
850.082382	0.028250
850.772384	0.022410
851.462386	0.018760
852.152388	0.016450
852.842390	0.014570
853.532392	0.012250
854.222393	0.008880
854.912395	0.004190
855.602397	-0.001660
856.292399	-0.008220
856.982401	-0.014860
857.672403	-0.020980
858.362405	-0.026190
859.052407	-0.030320
859.742409	-0.033250
860.432411	-0.034700
861.122413	-0.034000
861.812415	-0.030130
862.502417	-0.021900
863.192419	-0.008300
863.882421	0.011110
864.572422	0.035900
865.262424	0.064700
865.952426	0.095410
866.642428	0.125480
867.332430	0.152400
868.022432	0.174040
868.712434	0.189070
869.402436	0.197030
870.092438	0.198240
870.782440	0.193640
871.472442	0.184500
872.162444	0.172240
872.852446	0.158170
873.542448	0.143370
874.232450	0.128440
874.922451	0.113280
875.612453	0.097120
876.302455	0.078730
876.992457	0.056970
877.682459	0.031350
878.372461	0.002340
879.062463	-0.028560
879.752465	-0.059120
880.442467	-0.086730
881.132469	-0.108890
881.822471	-0.123540
882.512473	-0.129460
883.202475	-0.126480
883.892477	-0.115770
884.582479	-0.099750
885.272480	-0.081920
885.962482	-0.066400
886.652484	-0.057350
887.342486	-0.058440
888.032488	-0.072340
888.722490	-0.100190
889.412492	-0.141230
890.102494	-0.192500
890.792496	-0.249120
891.482498	-0.305120
892.172500	-0.354510
892.862502	-0.392320
893.552504	-0.415310
894.242506	-0.422020
894.932508	-0.412430
895.622509	-0.387480
896.312511	-0.348700
897.002513	-0.298070
897.692515	-0.237970
898.382517	-0.171170
899.072519	-0.100840
899.762521	-0.030330
900.452523	0.037080
901.142525	0.098470
901.832527	0.151540
902.522529	0.194730
903.212531	0.227250
903.902533	0.248950
904.592535	0.260290
905.282537	0.262120
905.972538	0.255520
906.662540	0.241570
907.352542	0.221190
908.042544	0.195100
908.732546	0.163900
909.422548	0.128250
910.112550	0.089120
910.802552	0.047910
911.492554	0.006480
912.182556	-0.032890
912.872558	-0.067870
913.562560	-0.096280
914.252562	-0.116490
914.942564	-0.127600
915.632566	-0.129510
916.322567	-0.122860
917.012569	-0.108780
917.702571	-0.088710
918.392573	-0.064160
919.082575	-0.036640
919.772577	-0.007580
920.462579	0.021550
921.152581	0.049300
921.842583	0.074050
922.532585	0.094190
923.222587	0.108210
923.912589	0.114970
924.602591	0.113850
925.292593	0.104940
925.982595	0.088970
926.672596	0.067180
927.362598	0.041130
928.052600	0.012450
928.742602	-0.017240
929.432604	-0.046440
930.122606	-0.073680
930.812608	-0.097470
931.502610	-0.116280
932.192612	-0.128630
932.882614	-0.133280
933.572616	-0.129490
934.262618	-0.117180
934.952620	-0.097090
935.642622	-0.070650
936.332624	-0.039850
937.022625	-0.006900
937.712627	0.026020
938.402629	0.057100
939.092631	0.085030
939.782633	0.109090
940.472635	0.128950
941.162637	0.144500
941.852639	0.155650
942.542641	0.162200
943.232643	0.163890
943.922645	0.160470
944.612647	0.151810
945.302649	0.137960
945.992651	0.119120
946.682653	0.095730
947.372654	0.068450
948.062656	0.038240
948.752658	0.006430
949.442660	-0.025270
950.132662	-0.054880
950.822664	-0.080260
951.512666	-0.099420
952.202668	-0.110800
952.892670	-0.113490
953.582672	-0.107410
954.272674	-0.093240
954.962676	-0.072400
955.652678	-0.046860
956.342680	-0.018990
957.032682	0.008740
957.722683	0.033970
958.412685	0.054750
959.102687	0.069720
959.792689	0.078240
960.482691	0.080340
961.172693	0.076620
961.862695	0.068170
962.552697	0.056340
963.242699	0.042640
963.932701	0.028490
964.622703	0.015160
965.312705	0.003580
966.002707	-0.005680
966.692709	-0.012450
967.382711	-0.016770
968.072712	-0.018890
968.762714	-0.019060
969.452716	-0.017440
970.142718	-0.014110
970.832720	-0.009090
971.522722	-0.002360
972.212724	0.006000
972.902726	0.015770
973.592728	0.026500
974.282730	0.037410
974.972732	0.047360
975.662734	0.055030
976.352736	0.059020
977.042738	0.058180
977.732740	0.051830
978.422741	0.040060
979.112743	0.023650
979.802745	0.003930
980.492747	-0.017440
981.182749	-0.038820
981.872751	-0.058770
982.562753	-0.076090
983.252755	-0.089820
983.942757	-0.099260
984.632759	-0.104030
985.322761	-0.104210
986.012763	-0.100250
986.702765	-0.092940
987.392767	-0.083240
988.082769	-0.072080
988.772770	-0.060290
989.462772	-0.048570
990.152774	-0.037510
990.842776	-0.027570
991.532778	-0.019090
992.222780	-0.012170
992.912782	-0.006660
993.602784	-0.002180
994.292786	0.001880
994.982788	0.006240
995.672790	0.011560
996.362792	0.018310
997.052794	0.026770
997.742796	0.037110
998.432798	0.049360
999.122799	0.063550
999.812801	0.079590
1000.502803	0.097300
1001.192805	0.116240
1001.882807	0.135730
1002.572809	0.154930
1003.262811	0.172820
1003.952813	0.188420
1004.642815	0.200810
1005.332817	0.209200
1006.022819	0.212930
1006.712821	0.211560
1007.402823	0.204740
1008.092825	0.192220
1008.782827	0.173870
1009.472828	0.149700
1010.162830	0.119870
1010.852832	0.084810
1011.542834	0.045250
1012.232836	0.002230
1012.922838	-0.042910
1013.612840	-0.088700
1014.302842	-0.133590
1014.992844	-0.176190
1015.682846	-0.215330
1016.372848	-0.250090
1017.062850	-0.279760
1017.752852	-0.303780
1018.442854	-0.321670
1019.132856	-0.332980
1019.822857	-0.337300
1020.512859	-0.334300
1021.202861	-0.323790
1021.892863	-0.305700
1022.582865	-0.280140
1023.272867	-0.247410
1023.962869	-0.208110
1024.652871	-0.163190
1025.342873	-0.114090
1026.032875	-0.062650
1026.722877	-0.010990
1027.412879	0.038780
1028.102881	0.084780
1028.792883	0.125580
1029.482885	0.160210
1030.172886	0.188210
1030.862888	0.209510
1031.552890	0.224390
1032.242892	0.233330
1032.932894	0.236920
1033.622896	0.235780
1034.312898	0.230590
1035.002900	0.222010
1035.692902	0.210640
1036.382904	0.196980
1037.072906	0.181400
1037.762908	0.164060
1038.452910	0.145010
1039.142912	0.124280
1039.832914	0.102010
1040.522915	0.078570
1041.212917	0.054570
1041.902919	0.030870
1042.592921	0.008320
1043.282923	-0.012370
1043.972925	-0.030870
1044.662927	-0.047130
1045.352929	-0.061390
1046.042931	-0.073930
1046.732933	-0.084830
1047.422935	-0.093980
1048.112937	-0.101010
1048.802939	-0.105540
1049.492941	-0.107310
1050.182943	-0.106240
1050.872944	-0.102530
1051.562946	-0.096470
1052.252948	-0.088430
1052.942950	-0.078790
1053.632952	-0.067930
1054.322954	-0.056310
1055.012956	-0.044390
1055.702958	-0.032630
1056.392960	-0.021360
1057.082962	-0.010910
1057.772964	-0.001570
1058.462966	0.006260
1059.152968	0.012200
1059.842970	0.015940
1060.532972	0.017460
1061.222973	0.017000
1061.912975	0.015030
