0.000000	0.045650
0.690002	0.047000
1.380005	0.052820
2.070007	0.062050
2.760010	0.072680
3.450012	0.082250
4.140015	0.088570
4.830017	0.090310
5.520020	0.087250
6.210022	0.080190
6.900025	0.070610
7.590027	0.060200
8.280030	0.050520
8.970032	0.042630
9.660035	0.037010
10.350037	0.033670
11.040040	0.032250
11.730042	0.032260
12.420045	0.033120
13.110047	0.034320
13.800050	0.035350
14.490052	0.035770
15.180055	0.035230
15.870057	0.033520
16.560059	0.030540
17.250062	0.026240
17.940064	0.020600
18.630067	0.013600
19.320069	0.005340
20.010072	-0.003860
20.700074	-0.013480
21.390077	-0.022800
22.080079	-0.031030
22.770082	-0.037470
23.460084	-0.041560
24.150087	-0.042890
24.840089	-0.041160
25.530092	-0.036240
26.220094	-0.028190
26.910097	-0.017400
27.600099	-0.004610
28.290102	0.009040
28.980104	0.022270
29.670107	0.033730
30.360109	0.042350
31.050112	0.047480
31.740114	0.048970
32.430116	0.047090
33.120119	0.042390
33.810121	0.035580
34.500124	0.027450
35.190126	0.018780
35.880129	0.010330
36.570131	0.002780
37.260134	-0.003350
37.950136	-0.007800
38.640139	-0.010460
39.330141	-0.011360
40.020144	-0.010700
40.710146	-0.008740
41.400149	-0.005860
42.090151	-0.002570
42.780154	0.000660
43.470156	0.003460
44.160159	0.005710
44.850161	0.007600
45.540164	0.009550
46.230166	0.012080
46.920169	0.015540
47.610171	0.019900
48.300173	0.024700
48.990176	0.029110
49.680178	0.032160
50.370181	0.033010
51.060183	0.031170
51.750186	0.026560
52.440188	0.019540
53.130191	0.010760
53.820193	0.000970
54.510196	-0.009080
55.200198	-0.018870
55.890201	-0.028030
56.580203	-0.036460
57.270206	-0.044260
57.960208	-0.051590
58.650211	-0.058600
59.340213	-0.065290
60.030216	-0.071510
60.720218	-0.077030
61.410221	-0.081600
62.100223	-0.085040
62.790226	-0.087200
63.480228	-0.087970
64.170230	-0.087130
64.860233	-0.084400
65.550235	-0.079490
66.240238	-0.072150
66.930240	-0.062380
67.620243	-0.050430
68.310245	-0.036800
69.000248	-0.022150
69.690250	-0.007160
70.380253	0.007610
71.070255	0.021790
71.760258	0.035110
72.450260	0.047340
73.140263	0.058270
73.830265	0.067630
74.520268	0.075220
75.210270	0.080920
75.900273	0.084780
76.590275	0.087010
77.280278	0.087910
77.970280	0.087810
78.660283	0.086950
79.350285	0.085440
80.040287	0.083270
80.730290	0.080350
81.420292	0.076480
82.110295	0.071460
82.800297	0.065060
83.490300	0.057070
84.180302	0.047390
84.870305	0.036050
85.560307	0.023220
86.250310	0.009180
86.940312	-0.005740
87.630315	-0.021270
88.320317	-0.037100
89.010320	-0.052940
89.700322	-0.068390
90.390325	-0.082820
91.080327	-0.095360
91.770330	-0.104870
92.460332	-0.110110
93.150335	-0.109970
93.840337	-0.103850
94.530340	-0.091830
95.220342	-0.075000
95.910344	-0.055310
96.600347	-0.035400
97.290349	-0.018200
97.980352	-0.006390
98.670354	-0.001910
99.360357	-0.005530
100.050359	-0.016730
100.740362	-0.033780
101.430364	-0.054080
102.120367	-0.074500
102.810369	-0.091900
103.500372	-0.103530
104.190374	-0.107300
104.880377	-0.102000
105.570379	-0.087370
106.260382	-0.064100
106.950384	-0.033640
107.640387	0.001990
108.330389	0.040630
109.020392	0.080220
109.710394	0.119140
110.400397	0.156250
111.090399	0.190940
111.780401	0.222850
112.470404	0.251730
113.160406	0.277220
113.850409	0.298820
114.540411	0.315800
115.230414	0.327390
115.920416	0.332880
116.610419	0.331710
117.300421	0.323480
117.990424	0.307800
118.680426	0.284180
119.370429	0.251870
120.060431	0.209980
120.750434	0.157780
121.440436	0.095240
122.130439	0.023420
122.820441	-0.055200
123.510444	-0.136900
124.200446	-0.217140
124.890449	-0.291210
125.580451	-0.354930
126.270454	-0.405100
126.960456	-0.439750
127.650458	-0.458090
128.340461	-0.460320
129.030463	-0.447450
129.720466	-0.421060
130.410468	-0.383170
131.100471	-0.335990
131.790473	-0.281840
132.480476	-0.222980
133.170478	-0.161540
133.860481	-0.099520
134.550483	-0.038720
135.240486	0.019170
135.930488	0.072650
136.620491	0.120420
137.310493	0.161520
138.000496	0.195430
138.690498	0.222170
139.380501	0.242260
140.070503	0.256610
140.760506	0.266250
141.450508	0.272100
142.140511	0.274670
142.830513	0.273960
143.520515	0.269440
144.210518	0.260160
144.900520	0.245070
145.590523	0.223390
146.280525	0.194990
146.970528	0.160570
147.660530	0.121620
148.350533	0.080100
149.040535	0.037970
149.730538	-0.003120
150.420540	-0.042030
151.110543	-0.078060
151.800545	-0.110870
152.490548	-0.140260
153.180550	-0.166070
153.870553	-0.188120
154.560555	-0.206100
155.250558	-0.219450
155.940560	-0.227420
156.630563	-0.229330
157.320565	-0.224820
158.010568	-0.214140
158.700570	-0.198310
159.390572	-0.179000
160.080575	-0.158160
160.770577	-0.137790
161.460580	-0.119640
162.150582	-0.105030
162.840585	-0.094790
163.530587	-0.089180
164.220590	-0.087900
164.910592	-0.090020
165.600595	-0.094120
166.290597	-0.098370
166.980600	-0.100860
167.670602	-0.099810
168.360605	-0.093900
169.050607	-0.082470
169.740610	-0.065650
170.430612	-0.044310
171.120615	-0.020050
171.810617	0.005140
172.500620	0.029170
173.190622	0.050250
173.880625	0.067120
174.570627	0.079200
175.260629	0.086510
175.950632	0.089550
176.640634	0.089040
177.330637	0.085760
178.020639	0.080430
178.710642	0.073610
179.400644	0.065740
180.090647	0.057130
180.780649	0.048130
181.470652	0.039170
182.160654	0.030850
182.850657	0.023870
183.540659	0.019020
184.230662	0.017000
184.920664	0.018290
185.610667	0.023040
186.300669	0.031040
186.990672	0.041720
187.680674	0.054200
188.370677	0.067490
189.060679	0.080510
189.750682	0.092250
190.440684	0.101750
191.130686	0.108070
191.820689	0.110370
192.510691	0.107970
193.200694	0.100510
193.890696	0.088170
194.580699	0.071600
195.270701	0.051860
195.960704	0.030250
196.650706	0.008060
197.340709	-0.013560
198.030711	-0.033730
198.720714	-0.051630
199.410716	-0.066620
200.100719	-0.078150
200.790721	-0.085830
201.480724	-0.089450
202.170726	-0.089100
202.860729	-0.085190
203.550731	-0.078440
204.240734	-0.069800
204.930736	-0.060320
205.620739	-0.050940
206.310741	-0.042310
207.000743	-0.034540
207.690746	-0.027230
208.380748	-0.019540
209.070751	-0.010310
209.760753	0.001560
210.450756	0.016900
211.140758	0.035920
211.830761	0.058170
212.520763	0.082510
213.210766	0.107380
213.900768	0.131020
214.590771	0.151880
215.280773	0.168900
215.970776	0.181630
216.660778	0.190300
217.350781	0.195680
218.040783	0.198890
218.730786	0.201080
219.420788	0.203230
220.110791	0.205900
220.800793	0.209110
221.490796	0.212310
222.180798	0.214480
222.870800	0.214260
223.560803	0.210220
224.250805	0.201070
224.940808	0.185890
225.630810	0.164310
226.320813	0.136450
227.010815	0.102930
227.700818	0.064610
228.390820	0.022480
229.080823	-0.022520
229.770825	-0.069580
230.460828	-0.118010
231.150830	-0.167170
231.840833	-0.216460
232.530835	-0.265240
233.220838	-0.312770
233.910840	-0.358160
234.600843	-0.400320
235.290845	-0.437950
235.980848	-0.469590
236.670850	-0.493800
237.360852	-0.509280
238.050855	-0.515050
238.740857	-0.510460
239.430860	-0.495300
240.120862	-0.469840
240.810865	-0.434830
241.500867	-0.391580
242.190870	-0.341930
242.880872	-0.288120
243.570875	-0.232620
244.260877	-0.177800
244.950880	-0.125660
245.640882	-0.077590
246.330885	-0.034230
247.020887	0.004500
247.710890	0.039250
248.400892	0.071010
249.090895	0.100880
249.780897	0.129940
250.470900	0.159000
251.160902	0.188460
251.850905	0.218070
252.540907	0.247010
253.230909	0.274020
253.920912	0.297850
254.610914	0.317580
255.300917	0.332910
255.990919	0.344110
256.680922	0.351750
257.370924	0.356410
258.060927	0.358350
258.750929	0.357400
259.440932	0.352970
260.130934	0.344240
260.820937	0.330320
261.510939	0.310460
262.200942	0.284170
262.890944	0.251390
263.580947	0.212490
264.270949	0.168260
264.960952	0.119900
265.650954	0.068850
266.340957	0.016690
267.030959	-0.034990
267.720962	-0.084660
268.410964	-0.130910
269.100966	-0.172550
269.790969	-0.208640
270.480971	-0.238560
271.170974	-0.262050
271.860976	-0.279130
272.550979	-0.290030
273.240981	-0.294990
273.930984	-0.294200
274.620986	-0.287690
275.310989	-0.275420
276.000991	-0.257320
276.690994	-0.233560
277.380996	-0.204670
278.070999	-0.171640
278.761001	-0.135990
279.451004	-0.099560
280.141006	-0.064340
280.831009	-0.032180
281.521011	-0.004510
282.211014	0.017820
282.901016	0.034770
283.591019	0.046970
284.281021	0.055700
284.971023	0.062590
285.661026	0.069210
286.351028	0.076700
287.041031	0.085540
287.731033	0.095480
288.421036	0.105680
289.111038	0.114960
289.801041	0.122080
290.491043	0.125910
291.181046	0.125670
291.871048	0.121000
292.561051	0.112040
293.251053	0.099400
293.941056	0.084130
294.631058	0.067580
295.321061	0.051280
296.011063	0.036780
296.701066	0.025320
297.391068	0.017610
298.081071	0.013520
298.771073	0.012080
299.461076	0.011700
300.151078	0.010660
300.841080	0.007520
301.531083	0.001440
302.221085	-0.007800
302.911088	-0.019890
303.601090	-0.034210
304.291093	-0.049940
304.981095	-0.066170
305.671098	-0.081880
306.361100	-0.095940
307.051103	-0.107170
307.741105	-0.114390
308.431108	-0.116570
309.121110	-0.113030
309.811113	-0.103580
310.501115	-0.088570
311.191118	-0.068870
311.881120	-0.045810
312.571123	-0.020990
313.261125	0.003760
313.951128	0.026550
314.641130	0.045520
315.331133	0.059030
316.021135	0.065830
316.711137	0.065220
317.401140	0.057180
318.091142	0.042340
318.781145	0.021970
319.471147	-0.002110
320.161150	-0.027710
320.851152	-0.052440
321.541155	-0.073910
322.231157	-0.090050
322.921160	-0.099290
323.611162	-0.100740
324.301165	-0.094300
324.991167	-0.080520
325.681170	-0.060520
326.371172	-0.035830
327.061175	-0.008290
327.751177	0.020160
328.441180	0.047600
329.131182	0.072290
329.821185	0.092790
330.511187	0.108110
331.201190	0.117720
331.891192	0.121540
332.581194	0.119770
333.271197	0.112730
333.961199	0.100700
334.651202	0.083920
335.341204	0.062640
336.031207	0.037330
336.721209	0.008970
337.411212	-0.020920
338.101214	-0.050260
338.791217	-0.076620
339.481219	-0.097520
340.171222	-0.110710
340.861224	-0.114400
341.551227	-0.107540
342.241229	-0.089840
342.931232	-0.061860
343.621234	-0.024960
344.311237	0.018830
345.001239	0.067040
345.691242	0.116960
346.381244	0.165910
347.071247	0.211320
347.761249	0.250760
348.451251	0.281920
349.141254	0.302600
349.831256	0.310660
350.521259	0.304160
351.211261	0.281600
351.901264	0.242260
352.591266	0.186740
353.281269	0.117420
353.971271	0.038570
354.661274	-0.044160
355.351276	-0.124590
356.041279	-0.197000
356.731281	-0.256960
357.421284	-0.301700
358.111286	-0.329990
358.801289	-0.341760
359.491291	-0.337870
360.181294	-0.319850
360.871296	-0.289760
361.561299	-0.250060
362.251301	-0.203310
362.941304	-0.152100
363.631306	-0.098840
364.321308	-0.045680
365.011311	0.005460
365.701313	0.052950
366.391316	0.095390
367.081318	0.131710
367.771321	0.161190
368.461323	0.183580
369.151326	0.199120
369.841328	0.208470
370.531331	0.212550
371.221333	0.212180
371.911336	0.207910
372.601338	0.199780
373.291341	0.187440
373.981343	0.170390
374.671346	0.148230
375.361348	0.121070
376.051351	0.089670
376.741353	0.055490
377.431356	0.020390
378.121358	-0.013780
378.811361	-0.045600
379.501363	-0.074330
380.191365	-0.099940
380.881368	-0.123010
381.571370	-0.144460
382.261373	-0.165320
382.951375	-0.186540
383.641378	-0.208840
384.331380	-0.232470
385.021383	-0.257070
385.711385	-0.281570
386.401388	-0.304340
387.091390	-0.323200
387.781393	-0.335680
388.471395	-0.339220
389.161398	-0.331440
389.851400	-0.310510
390.541403	-0.275530
391.231405	-0.226790
391.921408	-0.165940
392.611410	-0.095890
393.301413	-0.020520
393.991415	0.055800
394.681418	0.128780
395.371420	0.194590
396.061422	0.250220
396.751425	0.293560
397.441427	0.323410
398.131430	0.339240
398.821432	0.341090
399.511435	0.329390
400.201437	0.304880
400.891440	0.268580
401.581442	0.221720
402.271445	0.165820
402.961447	0.102650
403.651450	0.034240
404.341452	-0.036960
405.031455	-0.108140
405.721457	-0.176070
406.411460	-0.237250
407.101462	-0.288170
407.791465	-0.325660
408.481467	-0.347130
409.171470	-0.350920
409.861472	-0.336450
410.551475	-0.304310
411.241477	-0.256350
411.931479	-0.195560
412.621482	-0.125900
413.311484	-0.051910
414.001487	0.021860
414.691489	0.091390
415.381492	0.153490
416.071494	0.206030
416.761497	0.247870
417.451499	0.278600
418.141502	0.298340
418.831504	0.307610
419.521507	0.307260
420.211509	0.298360
420.901512	0.282190
421.591514	0.260090
422.281517	0.233390
422.971519	0.203240
423.661522	0.170580
424.351524	0.136090
425.041527	0.100290
425.731529	0.063610
426.421532	0.026580
427.111534	-0.010070
427.801536	-0.045410
428.491539	-0.078170
429.181541	-0.106920
429.871544	-0.130140
430.561546	-0.146430
431.251549	-0.154860
431.941551	-0.155150
432.631554	-0.147730
433.321556	-0.133650
434.011559	-0.114330
434.701561	-0.091270
435.391564	-0.065880
436.081566	-0.039530
436.771569	-0.013570
437.461571	0.010580
438.151574	0.031580
438.841576	0.048250
439.531579	0.059820
440.221581	0.066040
440.911584	0.067140
441.601586	0.063700
442.291589	0.056500
442.981591	0.046370
443.671593	0.034110
444.361596	0.020580
445.051598	0.006720
445.741601	-0.006400
446.431603	-0.017730
447.121606	-0.026340
447.811608	-0.031590
448.501611	-0.033150
449.191613	-0.030930
449.881616	-0.024810
450.571618	-0.014460
451.261621	0.000700
451.951623	0.021320
452.641626	0.047660
453.331628	0.079310
454.021631	0.114960
454.711633	0.152460
455.401636	0.189120
456.091638	0.222110
456.781641	0.248800
457.471643	0.266910
458.161646	0.274660
458.851648	0.270820
459.541650	0.254750
460.231653	0.226580
460.921655	0.187310
461.611658	0.138770
462.301660	0.083410
462.991663	0.023970
463.681665	-0.036900
464.371668	-0.097030
465.061670	-0.154830
465.751673	-0.209280
466.441675	-0.259660
467.131678	-0.305250
467.821680	-0.345150
468.511683	-0.378150
469.201685	-0.402890
469.891688	-0.418080
470.581690	-0.422910
471.271693	-0.417210
471.961695	-0.401400
472.651698	-0.376380
473.341700	-0.343220
474.031703	-0.303010
474.721705	-0.256850
475.411707	-0.206040
476.101710	-0.152360
476.791712	-0.098010
477.481715	-0.045420
478.171717	0.003160
478.861720	0.046060
479.551722	0.082390
480.241725	0.112010
480.931727	0.135270
481.621730	0.152730
482.311732	0.164950
483.001735	0.172480
483.691737	0.175880
484.381740	0.175700
485.071742	0.172480
485.761745	0.166640
486.451747	0.158450
487.141750	0.147980
487.831752	0.135300
488.521755	0.120530
489.211757	0.103950
489.901760	0.085950
490.591762	0.066850
491.281764	0.046890
491.971767	0.026080
492.661769	0.004310
493.351772	-0.018620
494.041774	-0.042970
494.731777	-0.068860
495.421779	-0.096180
496.111782	-0.124440
496.801784	-0.152710
497.491787	-0.179640
498.181789	-0.203600
498.871792	-0.222870
499.561794	-0.235580
500.251797	-0.239710
500.941799	-0.233110
501.631802	-0.213820
502.321804	-0.180520
503.011807	-0.133250
503.701809	-0.073960
504.391812	-0.006560
505.081814	0.063690
505.771817	0.131210
506.461819	0.191140
507.151821	0.240080
507.841824	0.276410
508.531826	0.300140
509.221829	0.312410
509.911831	0.315040
510.601834	0.310090
511.291836	0.299500
511.981839	0.284810
512.671841	0.267050
513.361844	0.246800
514.051846	0.224430
514.741849	0.200280
515.431851	0.174690
516.121854	0.148090
516.811856	0.120850
517.501859	0.093250
518.191861	0.065490
518.881864	0.037750
519.571866	0.010290
520.261869	-0.016470
520.951871	-0.042120
521.641874	-0.066180
522.331876	-0.088330
523.021878	-0.108310
523.711881	-0.125910
524.401883	-0.140850
525.091886	-0.152700
525.781888	-0.160840
526.471891	-0.164580
527.161893	-0.163240
527.851896	-0.156370
528.541898	-0.144020
529.231901	-0.126880
529.921903	-0.106380
530.611906	-0.084450
531.301908	-0.063290
531.991911	-0.044950
532.681913	-0.031020
533.371916	-0.022430
534.061918	-0.019400
534.751921	-0.021450
535.441923	-0.027520
536.131926	-0.036160
536.821928	-0.045700
537.511931	-0.054390
538.201933	-0.060570
538.891935	-0.062900
539.581938	-0.060550
540.271940	-0.053330
540.961943	-0.041840
541.651945	-0.027280
542.341948	-0.011260
543.031950	0.004480
543.721953	0.018370
544.411955	0.029160
545.101958	0.036210
545.791960	0.039590
546.481963	0.040040
547.171965	0.038810
547.861968	0.037250
548.551970	0.036410
549.241973	0.036790
549.931975	0.038380
550.621978	0.040720
551.311980	0.043240
552.001983	0.045460
552.691985	0.047070
553.381988	0.047940
554.071990	0.048110
554.761992	0.047760
555.451995	0.047140
556.141997	0.046570
556.832000	0.046370
557.522002	0.046830
558.212005	0.048060
558.902007	0.049860
559.592010	0.051660
560.282012	0.052600
560.972015	0.051710
561.662017	0.048190
562.352020	0.041640
563.042022	0.032210
563.732025	0.020440
564.422027	0.007100
565.112030	-0.007020
565.802032	-0.021310
566.492035	-0.035240
567.182037	-0.048340
567.872040	-0.060110
568.562042	-0.069920
569.252045	-0.077040
569.942047	-0.080780
570.632049	-0.080680
571.322052	-0.076680
572.012054	-0.069200
572.702057	-0.059100
573.392059	-0.047510
574.082062	-0.035640
574.772064	-0.024550
575.462067	-0.015050
576.152069	-0.007600
576.842072	-0.002360
577.532074	0.000870
578.222077	0.002500
578.912079	0.003060
579.602082	0.003090
580.292084	0.002970
580.982087	0.002860
581.672089	0.002710
582.362092	0.002280
583.052094	0.001400
583.742097	0.000070
584.432099	-0.001400
585.122102	-0.002460
585.812104	-0.002470
586.502106	-0.000950
587.192109	0.002250
587.882111	0.006980
588.572114	0.012870
589.262116	0.019490
589.952119	0.026500
590.642121	0.033780
591.332124	0.041350
592.022126	0.049370
592.712129	0.057930
593.402131	0.067010
594.092134	0.076320
594.782136	0.085250
595.472139	0.092980
596.162141	0.098540
596.852144	0.101010
597.542146	0.099680
598.232149	0.094240
598.922151	0.084910
599.612154	0.072450
600.302156	0.057970
600.992159	0.042670
601.682161	0.027550
602.372163	0.013140
603.062166	-0.000480
603.752168	-0.013500
604.442171	-0.026190
605.132173	-0.038500
605.822176	-0.050080
606.512178	-0.060240
607.202181	-0.068150
607.892183	-0.073060
608.582186	-0.074590
609.272188	-0.072820
609.962191	-0.068370
610.652193	-0.062290
611.342196	-0.055800
612.032198	-0.049960
612.722201	-0.045440
613.412203	-0.042370
614.102206	-0.040530
614.792208	-0.039480
615.482211	-0.038820
616.172213	-0.038250
616.862216	-0.037500
617.552218	-0.036210
618.242220	-0.033760
618.932223	-0.029260
619.622225	-0.021590
620.312228	-0.009600
621.002230	0.007670
621.692233	0.030700
622.382235	0.059070
623.072238	0.091230
623.762240	0.124440
624.452243	0.154930
625.142245	0.178380
625.832248	0.190620
626.522250	0.188260
627.212253	0.169340
627.902255	0.133640
628.592258	0.082920
629.282260	0.020850
629.972263	-0.047230
630.662265	-0.115110
631.352268	-0.176470
632.042270	-0.225980
632.732273	-0.260050
633.422275	-0.277300
634.112277	-0.278420
634.802280	-0.265620
635.492282	-0.241910
636.182285	-0.210450
636.872287	-0.174080
637.562290	-0.135150
638.252292	-0.095530
638.942295	-0.056720
639.632297	-0.020020
640.322300	0.013360
641.012302	0.042340
641.702305	0.065860
642.392307	0.083040
643.082310	0.093130
643.772312	0.095620
644.462315	0.090310
645.152317	0.077350
645.842320	0.057390
646.532322	0.031580
647.222325	0.001580
647.912327	-0.030600
648.602330	-0.062710
649.292332	-0.092390
649.982334	-0.117310
650.672337	-0.135170
651.362339	-0.143960
652.052342	-0.142260
652.742344	-0.129700
653.432347	-0.107290
654.122349	-0.077450
654.812352	-0.043640
655.502354	-0.009890
656.192357	0.019840
656.882359	0.042290
657.572362	0.055180
658.262364	0.057520
658.952367	0.049800
659.642369	0.033880
660.332372	0.012690
661.022374	-0.010200
661.712377	-0.031210
662.402379	-0.047140
663.092382	-0.055560
663.782384	-0.054990
664.472387	-0.044950
665.162389	-0.025880
665.852391	0.000900
666.542394	0.033360
667.232396	0.068950
667.922399	0.104930
668.612401	0.138780
669.302404	0.168500
669.992406	0.192850
670.682409	0.211350
671.372411	0.224170
672.062414	0.231840
672.752416	0.235170
673.442419	0.235030
674.132421	0.232230
674.822424	0.227250
675.512426	0.220130
676.202429	0.210450
676.892431	0.197530
677.582434	0.180650
678.272436	0.159350
678.962439	0.133550
679.652441	0.103600
680.342443	0.070300
681.032446	0.035040
681.722448	-0.000220
682.412451	-0.033090
683.102453	-0.061100
683.792456	-0.082010
684.482458	-0.094260
685.172461	-0.097190
685.862463	-0.091110
686.552466	-0.077240
687.242468	-0.057530
687.932471	-0.034340
688.622473	-0.010040
689.312476	0.013280
690.002478	0.034060
690.692481	0.051140
691.382483	0.063690
692.072486	0.070990
692.762488	0.072310
693.452491	0.066810
694.142493	0.053550
694.832496	0.031630
695.522498	0.000360
696.212500	-0.040390
696.902503	-0.089870
697.592505	-0.146160
698.282508	-0.206240
698.972510	-0.266290
699.662513	-0.322100
700.352515	-0.369520
701.042518	-0.404870
701.732520	-0.425270
702.422523	-0.428940
703.112525	-0.415550
703.802528	-0.386370
704.492530	-0.344130
705.182533	-0.292560
705.872535	-0.235760
706.562538	-0.177600
707.252540	-0.121250
707.942543	-0.069070
708.632545	-0.022750
709.322548	0.016570
710.012550	0.048190
710.702553	0.071730
711.392555	0.087210
712.082557	0.095010
712.772560	0.095910
713.462562	0.091040
714.152565	0.081920
714.842567	0.070440
715.532570	0.058730
716.222572	0.048960
716.912575	0.043060
717.602577	0.042510
718.292580	0.048210
718.982582	0.060510
719.672585	0.079230
720.362587	0.103660
721.052590	0.132620
721.742592	0.164530
722.432595	0.197510
723.122597	0.229560
723.812600	0.258630
724.502602	0.282700
725.192605	0.299740
725.882607	0.307830
726.572610	0.305300
727.262612	0.291020
727.952614	0.264670
728.642617	0.226920
729.332619	0.179400
730.022622	0.124610
730.712624	0.065540
731.402627	0.005400
732.092629	-0.052810
732.782632	-0.106500
733.472634	-0.153710
734.162637	-0.193210
734.852639	-0.224500
735.542642	-0.247640
736.232644	-0.263020
736.922647	-0.271110
737.612649	-0.272290
738.302652	-0.266730
738.992654	-0.254550
739.682657	-0.235920
740.372659	-0.211280
741.062662	-0.181440
741.752664	-0.147520
742.442667	-0.110890
743.132669	-0.072980
743.822671	-0.035230
744.512674	0.001070
745.202676	0.034860
745.892679	0.065350
746.582681	0.092020
747.272684	0.114540
747.962686	0.132650
748.652689	0.145990
749.342691	0.154190
750.032694	0.157040
750.722696	0.154650
751.412699	0.147480
752.102701	0.136390
752.792704	0.122390
753.482706	0.106480
754.172709	0.089600
754.862711	0.072640
755.552714	0.056520
756.242716	0.042090
756.932719	0.030160
757.622721	0.021310
758.312724	0.015780
759.002726	0.013430
759.692728	0.013800
760.382731	0.016190
761.072733	0.019800
761.762736	0.023820
762.452738	0.027490
763.142741	0.030090
763.832743	0.030960
764.522746	0.029510
765.212748	0.025290
765.902751	0.018010
766.592753	0.007510
767.282756	-0.006270
767.972758	-0.023300
768.662761	-0.043290
769.352763	-0.065660
770.042766	-0.089310
770.732768	-0.112690
771.422771	-0.133800
772.112773	-0.150510
772.802776	-0.160880
773.492778	-0.163490
774.182781	-0.157670
774.872783	-0.143740
775.562785	-0.122970
776.252788	-0.097450
776.942790	-0.069690
777.632793	-0.042220
778.322795	-0.017180
779.012798	0.004000
779.702800	0.020790
780.392803	0.033390
781.082805	0.042680
781.772808	0.049860
782.462810	0.056070
783.152813	0.062110
783.842815	0.068190
784.532818	0.073910
785.222820	0.078460
785.912823	0.080980
786.602825	0.080850
787.292828	0.077950
787.982830	0.072750
788.672833	0.066180
789.362835	0.059390
790.052838	0.053510
790.742840	0.049380
791.432842	0.047480
792.122845	0.047830
792.812847	0.050060
