0.000000	0.042730
0.690022	0.045030
1.380043	0.041300
2.070065	0.030270
2.760086	0.011470
3.450108	-0.014680
4.140130	-0.046820
4.830151	-0.082670
5.520173	-0.119290
6.210194	-0.153380
6.900216	-0.181880
7.590238	-0.202460
8.280259	-0.213880
8.970281	-0.215990
9.660302	-0.209380
10.350324	-0.194880
11.040346	-0.173130
11.730367	-0.144500
12.420389	-0.109260
13.110410	-0.067890
13.800432	-0.021330
14.490454	0.028970
15.180475	0.081240
15.870497	0.133500
16.560518	0.183690
17.250540	0.229800
17.940562	0.269860
18.630583	0.302090
19.320605	0.325180
20.010626	0.338480
20.700648	0.342120
21.390670	0.336890
22.080691	0.323980
22.770713	0.304650
23.460735	0.280050
24.150756	0.251280
24.840778	0.219470
25.530799	0.186010
26.220821	0.152520
26.910843	0.120830
27.600864	0.092720
28.290886	0.069630
28.980907	0.052410
29.670929	0.041040
30.360951	0.034590
31.050972	0.031360
31.740994	0.029230
32.431015	0.026230
33.121037	0.020930
33.811059	0.012500
34.501080	0.000550
35.191102	-0.015240
35.881123	-0.035390
36.571145	-0.060750
37.261167	-0.092240
37.951188	-0.130490
38.641210	-0.175490
39.331231	-0.226450
40.021253	-0.281840
40.711275	-0.339430
41.401296	-0.396520
42.091318	-0.450070
42.781339	-0.496830
43.471361	-0.533470
44.161383	-0.556820
44.851404	-0.564100
45.541426	-0.553140
46.231447	-0.522790
46.921469	-0.473050
47.611491	-0.405320
48.301512	-0.322500
48.991534	-0.228790
49.681555	-0.129270
50.371577	-0.029210
51.061599	0.066500
51.751620	0.153950
52.441642	0.230370
53.131663	0.294110
53.821685	0.344390
54.511707	0.381100
55.201728	0.404540
55.891750	0.415370
56.581771	0.414530
57.271793	0.403140
57.961815	0.382510
58.651836	0.354120
59.341858	0.319550
60.031879	0.280480
60.721901	0.238670
61.411923	0.195860
62.101944	0.153710
62.791966	0.113600
63.481987	0.076540
64.172009	0.043050
64.862031	0.013210
65.552052	-0.013200
66.242074	-0.036580
66.932095	-0.057220
67.622117	-0.075380
68.312139	-0.091250
69.002160	-0.105100
69.692182	-0.117310
70.382204	-0.128360
71.072225	-0.138770
71.762247	-0.148990
72.452268	-0.159290
73.142290	-0.169820
73.832312	-0.180540
74.522333	-0.191210
75.212355	-0.201440
75.902376	-0.210710
76.592398	-0.218510
77.282420	-0.224260
77.972441	-0.227270
78.662463	-0.226680
79.352484	-0.221410
80.042506	-0.210320
80.732528	-0.192530
81.422549	-0.167900
82.112571	-0.137140
82.802592	-0.101620
83.492614	-0.063000
84.182636	-0.022740
84.872657	0.018060
85.562679	0.058450
86.252700	0.097140
86.942722	0.132360
87.632744	0.161930
88.322765	0.183700
89.012787	0.196030
89.702808	0.198160
90.392830	0.190360
91.082852	0.173810
91.772873	0.150410
92.462895	0.122560
93.152916	0.092970
93.842938	0.064250
94.532960	0.038540
95.222981	0.017400
95.913003	0.001900
96.603024	-0.007320
97.293046	-0.009730
97.983068	-0.005010
98.673089	0.006690
99.363111	0.024290
100.053132	0.045550
100.743154	0.067570
101.433176	0.087340
102.123197	0.102580
102.813219	0.112440
103.503240	0.117650
104.193262	0.120020
104.883284	0.121810
105.573305	0.124950
106.263327	0.130380
106.953348	0.137670
107.643370	0.145140
108.333392	0.150400
109.023413	0.150980
109.713435	0.144960
110.403456	0.131350
111.093478	0.110360
111.783500	0.083370
112.473521	0.052580
113.163543	0.020540
113.853565	-0.010400
114.543586	-0.038660
115.233608	-0.063590
115.923629	-0.085320
116.613651	-0.104280
117.303673	-0.120750
117.993694	-0.134610
118.683716	-0.145310
119.373737	-0.152080
120.063759	-0.154210
120.753781	-0.151240
121.443802	-0.143090
122.133824	-0.130110
122.823845	-0.113100
123.513867	-0.093320
124.203889	-0.072250
124.893910	-0.051530
125.583932	-0.032610
126.273953	-0.016630
126.963975	-0.004230
127.653997	0.004460
128.344018	0.009840
129.034040	0.012780
129.724061	0.014550
130.414083	0.016640
131.104105	0.020470
131.794126	0.026910
132.484148	0.035950
133.174169	0.046690
133.864191	0.057620
134.554213	0.066970
135.244234	0.073250
135.934256	0.075660
136.624277	0.074150
137.314299	0.069190
138.004321	0.061650
138.694342	0.052640
139.384364	0.043140
140.074385	0.033970
140.764407	0.025630
141.454429	0.018260
142.144450	0.011670
142.834472	0.005410
143.524493	-0.000990
144.214515	-0.007780
144.904537	-0.014850
145.594558	-0.021730
146.284580	-0.027680
146.974601	-0.031980
147.664623	-0.034150
148.354645	-0.034120
149.044666	-0.032190
149.734688	-0.028920
150.424709	-0.024940
151.114731	-0.020870
151.804753	-0.017260
152.494774	-0.014580
153.184796	-0.013150
153.874817	-0.013120
154.564839	-0.014360
155.254861	-0.016490
155.944882	-0.018890
156.634904	-0.020860
157.324926	-0.021670
158.014947	-0.020520
158.704969	-0.016650
159.394990	-0.009340
160.085012	0.001980
160.775034	0.017540
161.465055	0.036980
162.155077	0.059350
162.845098	0.083130
163.535120	0.106360
164.225142	0.126900
164.915163	0.142770
165.605185	0.152440
166.295206	0.154970
166.985228	0.150150
167.675250	0.138490
168.365271	0.120970
169.055293	0.098890
169.745314	0.073720
170.435336	0.046850
171.125358	0.019510
171.815379	-0.007180
172.505401	-0.032430
173.195422	-0.055690
173.885444	-0.076770
174.575466	-0.095730
175.265487	-0.112820
175.955509	-0.128450
176.645530	-0.143020
177.335552	-0.156890
178.025574	-0.170250
178.715595	-0.183000
179.405617	-0.194510
180.095638	-0.203580
180.785660	-0.208530
181.475682	-0.207480
182.165703	-0.198750
182.855725	-0.181240
183.545746	-0.154830
184.235768	-0.120500
184.925790	-0.080310
185.615811	-0.037010
186.305833	0.006340
186.995854	0.046990
187.685876	0.082760
188.375898	0.112270
189.065919	0.134850
189.755941	0.150440
190.445962	0.159480
191.135984	0.162830
191.826006	0.161600
192.516027	0.157020
193.206049	0.150250
193.896070	0.142240
194.586092	0.133650
195.276114	0.124910
195.966135	0.116220
196.656157	0.107580
197.346178	0.098850
198.036200	0.089790
198.726222	0.080250
199.416243	0.070260
200.106265	0.060080
200.796286	0.050140
201.486308	0.040910
202.176330	0.032600
202.866351	0.025130
203.556373	0.018120
204.246395	0.011070
204.936416	0.003520
205.626438	-0.004770
206.316459	-0.013740
207.006481	-0.023040
207.696503	-0.032130
208.386524	-0.040390
209.076546	-0.047170
209.766567	-0.051950
210.456589	-0.054430
211.146611	-0.054590
211.836632	-0.052750
212.526654	-0.049610
213.216675	-0.046160
213.906697	-0.043510
214.596719	-0.042640
215.286740	-0.044180
215.976762	-0.048240
216.666783	-0.054450
217.356805	-0.062040
218.046827	-0.070000
218.736848	-0.077180
219.426870	-0.082450
220.116891	-0.084880
220.806913	-0.083890
221.496935	-0.079460
222.186956	-0.072140
222.876978	-0.062910
223.566999	-0.052910
224.257021	-0.043040
224.947043	-0.033760
225.637064	-0.025070
226.327086	-0.016680
227.017107	-0.008200
227.707129	0.000650
228.397151	0.009920
229.087172	0.019540
229.777194	0.029200
230.467215	0.038540
231.157237	0.047150
231.847259	0.054550
232.537280	0.060210
233.227302	0.063590
233.917323	0.064250
234.607345	0.061960
235.297367	0.056870
235.987388	0.049590
236.677410	0.041070
237.367431	0.032360
238.057453	0.024410
238.747475	0.017910
239.437496	0.013160
240.127518	0.010120
240.817539	0.008580
241.507561	0.008270
242.197583	0.008920
242.887604	0.010310
243.577626	0.012350
244.267647	0.015050
244.957669	0.018540
245.647691	0.023050
246.337712	0.028820
247.027734	0.036020
247.717756	0.044560
248.407777	0.054050
249.097799	0.063720
249.787820	0.072410
250.477842	0.078670
251.167864	0.081000
251.857885	0.078230
252.547907	0.069970
253.237928	0.056940
253.927950	0.040720
254.617972	0.023420
255.307993	0.007090
255.998015	-0.006630
256.688036	-0.016690
257.378058	-0.022360
258.068080	-0.023110
258.758101	-0.018590
259.448123	-0.008850
260.138144	0.005330
260.828166	0.022450
261.518188	0.040310
262.208209	0.056460
262.898231	0.068730
263.588252	0.075830
264.278274	0.077660
264.968296	0.075400
265.658317	0.071200
266.348339	0.067600
267.038360	0.066950
267.728382	0.070870
268.418404	0.080060
269.108425	0.094490
269.798447	0.113540
270.488468	0.136080
271.178490	0.160430
271.868512	0.184320
272.558533	0.204930
273.248555	0.219190
273.938576	0.224250
274.628598	0.217970
275.318620	0.199310
276.008641	0.168500
276.698663	0.126940
277.388684	0.076930
278.078706	0.021280
278.768728	-0.037170
279.458749	-0.096000
280.148771	-0.153470
280.838792	-0.208570
281.528814	-0.260890
282.218836	-0.310280
282.908857	-0.356560
283.598879	-0.399130
284.288900	-0.436910
284.978922	-0.468260
285.668944	-0.491000
286.358965	-0.502480
287.048987	-0.499750
287.739008	-0.480040
288.429030	-0.441400
289.119052	-0.383460
289.809073	-0.307890
290.499095	-0.218530
291.189116	-0.120910
291.879138	-0.021300
292.569160	0.074210
293.259181	0.160620
293.949203	0.234340
294.639225	0.293330
295.329246	0.336860
296.019268	0.365120
296.709289	0.378830
297.399311	0.378910
298.089333	0.366390
298.779354	0.342350
299.469376	0.308000
300.159397	0.264870
300.849419	0.214820
301.539441	0.160080
302.229462	0.103110
302.919484	0.046480
303.609505	-0.007290
304.299527	-0.055840
304.989549	-0.097030
305.679570	-0.129110
306.369592	-0.150940
307.059613	-0.162250
307.749635	-0.163890
308.439657	-0.157760
309.129678	-0.146350
309.819700	-0.132140
310.509721	-0.117040
311.199743	-0.102010
311.889765	-0.087220
312.579786	-0.072570
313.269808	-0.058240
313.959829	-0.044960
314.649851	-0.033970
315.339873	-0.026470
316.029894	-0.023240
316.719916	-0.024280
317.409937	-0.028910
318.099959	-0.036030
318.789981	-0.044470
319.480002	-0.053150
320.170024	-0.061040
320.860045	-0.067030
321.550067	-0.069960
322.240089	-0.068900
322.930110	-0.063540
323.620132	-0.054450
324.310153	-0.042910
325.000175	-0.030500
325.690197	-0.018530
326.380218	-0.007730
327.070240	0.001830
327.760261	0.010400
328.450283	0.018430
329.140305	0.026550
329.830326	0.035570
330.520348	0.046470
331.210369	0.060140
331.900391	0.077030
332.590413	0.096850
333.280434	0.118490
333.970456	0.140250
334.660477	0.160110
335.350499	0.176080
336.040521	0.186580
336.730542	0.190650
337.420564	0.188090
338.110586	0.179430
338.800607	0.165700
339.490629	0.148100
340.180650	0.127710
340.870672	0.105130
341.560694	0.080480
342.250715	0.053420
342.940737	0.023620
343.630758	-0.008860
344.320780	-0.043240
345.010802	-0.077950
345.700823	-0.110810
346.390845	-0.139520
347.080866	-0.162180
347.770888	-0.177740
348.460910	-0.186150
349.150931	-0.188160
349.840953	-0.184790
350.530974	-0.176830
351.220996	-0.164460
351.911018	-0.147150
352.601039	-0.124090
353.291061	-0.094790
353.981082	-0.059630
354.671104	-0.020100
355.361126	0.021360
356.051147	0.061880
356.741169	0.098690
357.431190	0.129650
358.121212	0.153550
358.811234	0.170080
359.501255	0.179700
360.191277	0.183280
360.881298	0.181820
361.571320	0.176270
362.261342	0.167260
362.951363	0.155210
363.641385	0.140440
364.331406	0.123310
365.021428	0.104270
365.711450	0.083840
366.401471	0.062550
367.091493	0.040770
367.781514	0.018720
368.471536	-0.003500
369.161558	-0.025880
369.851579	-0.048210
370.541601	-0.069970
371.231622	-0.090320
371.921644	-0.108210
372.611666	-0.122350
373.301687	-0.131520
373.991709	-0.134690
374.681730	-0.131160
375.371752	-0.120800
376.061774	-0.104040
376.751795	-0.082080
377.441817	-0.056720
378.131838	-0.030160
378.821860	-0.004640
379.511882	0.017880
380.201903	0.035970
380.891925	0.048840
381.581947	0.056280
382.271968	0.058630
382.961990	0.056630
383.652011	0.051340
384.342033	0.043920
385.032055	0.035520
385.722076	0.027060
386.412098	0.019070
387.102119	0.011770
387.792141	0.005090
388.482163	-0.001050
389.172184	-0.006640
389.862206	-0.011480
390.552227	-0.015190
391.242249	-0.017400
391.932271	-0.017890
392.622292	-0.016770
393.312314	-0.014440
394.002335	-0.011470
394.692357	-0.008500
395.382379	-0.006070
396.072400	-0.004510
396.762422	-0.003900
397.452443	-0.004090
398.142465	-0.004690
398.832487	-0.005200
399.522508	-0.005000
400.212530	-0.003540
400.902551	-0.000380
401.592573	0.004680
402.282595	0.011650
402.972616	0.020250
403.662638	0.030090
404.352659	0.040700
405.042681	0.051530
405.732703	0.061900
406.422724	0.071060
407.112746	0.078220
407.802767	0.082630
408.492789	0.083700
409.182811	0.081060
409.872832	0.074530
410.562854	0.064070
411.252875	0.049700
411.942897	0.031620
412.632919	0.010170
413.322940	-0.014080
414.012962	-0.040370
414.702983	-0.067610
415.393005	-0.094480
416.083027	-0.119530
416.773048	-0.141260
417.463070	-0.158190
418.153091	-0.169110
418.843113	-0.173060
419.533135	-0.169530
420.223156	-0.158480
420.913178	-0.140460
421.603199	-0.116580
422.293221	-0.088390
422.983243	-0.057710
423.673264	-0.026340
424.363286	0.004130
425.053307	0.032590
425.743329	0.058330
426.433351	0.080960
427.123372	0.100300
427.813394	0.116220
428.503416	0.128520
429.193437	0.136900
429.883459	0.141020
430.573480	0.140450
431.263502	0.134740
431.953524	0.123620
432.643545	0.107140
433.333567	0.085910
434.023588	0.061130
434.713610	0.034550
435.403632	0.008280
436.093653	-0.015560
436.783675	-0.035170
437.473696	-0.049280
438.163718	-0.057320
438.853740	-0.059540
439.543761	-0.056820
440.233783	-0.050560
440.923804	-0.042370
441.613826	-0.033760
442.303848	-0.025910
442.993869	-0.019510
443.683891	-0.014760
444.373912	-0.011460
445.063934	-0.009210
445.753956	-0.007610
446.443977	-0.006330
447.133999	-0.005220
447.824020	-0.004270
448.514042	-0.003540
449.204064	-0.003140
449.894085	-0.003180
450.584107	-0.003740
451.274128	-0.004960
451.964150	-0.006960
452.654172	-0.009750
453.344193	-0.013100
454.034215	-0.016520
454.724236	-0.019240
455.414258	-0.020370
456.104280	-0.019160
456.794301	-0.015150
457.484323	-0.008390
458.174344	0.000680
458.864366	0.011220
459.554388	0.022220
460.244409	0.032560
460.934431	0.041300
461.624452	0.047720
462.314474	0.051390
463.004496	0.052170
463.694517	0.050220
464.384539	0.046010
465.074560	0.040260
465.764582	0.033850
466.454604	0.027680
467.144625	0.022460
467.834647	0.018480
468.524668	0.015630
469.214690	0.013440
469.904712	0.011250
470.594733	0.008380
471.284755	0.004300
471.974777	-0.001250
472.664798	-0.008300
473.354820	-0.016610
474.044841	-0.025620
474.734863	-0.034500
475.424885	-0.042290
476.114906	-0.047980
476.804928	-0.050760
477.494949	-0.050270
478.184971	-0.046730
478.874993	-0.040890
479.565014	-0.033940
480.255036	-0.027190
480.945057	-0.021770
481.635079	-0.018340
482.325101	-0.016840
483.015122	-0.016600
483.705144	-0.016600
484.395165	-0.015720
485.085187	-0.013130
485.775209	-0.008420
486.465230	-0.001670
487.155252	0.006690
487.845273	0.016060
488.535295	0.025780
489.225317	0.035260
489.915338	0.044060
490.605360	0.051910
491.295381	0.058730
491.985403	0.064540
492.675425	0.069350
493.365446	0.072990
494.055468	0.074970
494.745489	0.074530
495.435511	0.070810
496.125533	0.063220
496.815554	0.051700
497.505576	0.037020
498.195597	0.020610
498.885619	0.004370
499.575641	-0.009740
500.265662	-0.020040
500.955684	-0.025320
501.645705	-0.024870
502.335727	-0.018400
503.025749	-0.005900
503.715770	0.012450
504.405792	0.036300
505.095813	0.065050
505.785835	0.097700
506.475857	0.132730
507.165878	0.168050
507.855900	0.201270
508.545921	0.230040
509.235943	0.252550
509.925965	0.267870
510.615986	0.275760
511.306008	0.276320
511.996029	0.269520
512.686051	0.254970
513.376073	0.231950
514.066094	0.200010
514.756116	0.159520
515.446137	0.111930
516.136159	0.059540
516.826181	0.004880
517.516202	-0.049940
518.206224	-0.103760
518.896246	-0.156370
519.586267	-0.207960
520.276289	-0.258600
520.966310	-0.307920
521.656332	-0.355010
522.346354	-0.398650
523.036375	-0.437490
523.726397	-0.470260
524.416418	-0.495730
525.106440	-0.512790
525.796462	-0.520460
526.486483	-0.517960
527.176505	-0.504760
527.866526	-0.480560
528.556548	-0.445270
529.246570	-0.399170
529.936591	-0.343110
530.626613	-0.278570
531.316634	-0.207680
532.006656	-0.132940
532.696678	-0.056800
533.386699	0.018660
534.076721	0.091900
534.766742	0.161840
535.456764	0.227630
536.146786	0.288500
536.836807	0.343620
537.526829	0.392050
538.216850	0.432720
538.906872	0.464370
539.596894	0.485730
540.286915	0.495600
540.976937	0.493100
541.666958	0.477840
542.356980	0.450070
543.047002	0.410590
543.737023	0.360670
544.427045	0.301910
545.117066	0.236170
545.807088	0.165560
546.497110	0.092420
547.187131	0.019360
547.877153	-0.050790
548.567174	-0.115140
549.257196	-0.170910
549.947218	-0.215650
550.637239	-0.247530
551.327261	-0.265620
552.017282	-0.270090
552.707304	-0.262410
553.397326	-0.245230
554.087347	-0.222020
554.777369	-0.196600
555.467390	-0.172460
556.157412	-0.152240
556.847434	-0.137270
557.537455	-0.127470
558.227477	-0.121520
558.917498	-0.117370
559.607520	-0.112990
560.297542	-0.107200
560.987563	-0.100180
561.677585	-0.093360
562.367607	-0.088820
563.057628	-0.088430
563.747650	-0.093090
564.437671	-0.102210
565.127693	-0.113660
565.817715	-0.124120
566.507736	-0.129510
567.197758	-0.125520
567.887779	-0.108400
568.577801	-0.075920
569.267823	-0.028300
569.957844	0.031230
570.647866	0.097010
571.337887	0.162170
572.027909	0.220210
572.717931	0.266280
573.407952	0.297830
574.097974	0.314150
574.787995	0.315660
575.478017	0.303240
576.168039	0.278090
576.858060	0.241720
577.548082	0.196170
578.238103	0.144080
578.928125	0.088610
579.618147	0.033130
580.308168	-0.019060
580.998190	-0.065110
581.688211	-0.102710
582.378233	-0.130210
583.068255	-0.146610
583.758276	-0.151650
584.448298	-0.145960
585.138319	-0.131150
585.828341	-0.109680
586.518363	-0.084500
587.208384	-0.058550
587.898406	-0.034310
588.588427	-0.013420
589.278449	0.003260
589.968471	0.015600
590.658492	0.023760
591.348514	0.028080
592.038535	0.028890
592.728557	0.026680
593.418579	0.022220
594.108600	0.016710
594.798622	0.011710
595.488643	0.008790
596.178665	0.009150
596.868687	0.013380
597.558708	0.021400
598.248730	0.032620
598.938751	0.045970
599.628773	0.060030
600.318795	0.073200
601.008816	0.083870
601.698838	0.090680
602.388859	0.092840
603.078881	0.090180
603.768903	0.083040
604.458924	0.072010
605.148946	0.057740
605.838968	0.040720
606.528989	0.021290
607.219011	-0.000140
607.909032	-0.022780
608.599054	-0.045230
609.289076	-0.065390
609.979097	-0.080670
610.669119	-0.088510
611.359140	-0.087000
612.049162	-0.075430
612.739184	-0.054440
613.429205	-0.026050
614.119227	0.006810
614.809248	0.040700
615.499270	0.072140
616.189292	0.098060
616.879313	0.116130
617.569335	0.125010
618.259356	0.124370
618.949378	0.114790
619.639400	0.097500
620.329421	0.074130
621.019443	0.046440
621.709464	0.016230
622.399486	-0.014640
623.089508	-0.044320
623.779529	-0.071060
624.469551	-0.093400
625.159572	-0.110340
625.849594	-0.121350
626.539616	-0.126350
627.229637	-0.125580
627.919659	-0.119530
628.609680	-0.108880
629.299702	-0.094500
629.989724	-0.077380
630.679745	-0.058610
631.369767	-0.039220
632.059788	-0.020160
632.749810	-0.002240
633.439832	0.013810
634.129853	0.027350
634.819875	0.037860
635.509896	0.044920
636.199918	0.048280
636.889940	0.047910
637.579961	0.044050
638.269983	0.037150
638.960004	0.027880
639.650026	0.017070
640.340048	0.005700
641.030069	-0.005190
641.720091	-0.014590
642.410112	-0.021610
643.100134	-0.025690
643.790156	-0.026620
644.480177	-0.024660
645.170199	-0.020330
645.860220	-0.014320
646.550242	-0.007250
647.240264	0.000310
647.930285	0.007840
648.620307	0.014920
649.310328	0.021140
650.000350	0.026120
650.690372	0.029620
651.380393	0.031570
652.070415	0.032160
652.760437	0.031660
653.450458	0.030310
654.140480	0.028200
654.830501	0.025180
655.520523	0.020930
656.210545	0.015050
656.900566	0.007340
657.590588	-0.002090
658.280609	-0.012750
658.970631	-0.023730
659.660653	-0.033890
660.350674	-0.042080
661.040696	-0.047370
661.730717	-0.049190
662.420739	-0.047420
663.110761	-0.042310
663.800782	-0.034400
664.490804	-0.024410
665.180825	-0.013250
665.870847	-0.001860
666.560869	0.008810
667.250890	0.017890
667.940912	0.024700
668.630933	0.028820
669.320955	0.030190
670.010977	0.029140
670.700998	0.026320
671.391020	0.022600
672.081041	0.018990
672.771063	0.016430
673.461085	0.015700
674.151106	0.017310
674.841128	0.021360
675.531149	0.027540
676.221171	0.035080
676.911193	0.042950
677.601214	0.050040
678.291236	0.055360
678.981257	0.058240
679.671279	0.058260
680.361301	0.055290
681.051322	0.049360
681.741344	0.040660
682.431365	0.029480
683.121387	0.016330
683.811409	0.001910
684.501430	-0.013070
685.191452	-0.027860
685.881473	-0.041860
686.571495	-0.054620
687.261517	-0.065860
687.951538	-0.075350
688.641560	-0.082800
689.331581	-0.087890
690.021603	-0.090260
690.711625	-0.089500
691.401646	-0.085300
692.091668	-0.077580
692.781689	-0.066650
693.471711	-0.053320
694.161733	-0.038830
694.851754	-0.024610
695.541776	-0.012010
696.231798	-0.001930
696.921819	0.005270
697.611841	0.009710
698.301862	0.011870
698.991884	0.012430
699.681906	0.012140
700.371927	0.011760
701.061949	0.011920
701.751970	0.012960
702.441992	0.014840
703.132014	0.017090
703.822035	0.019020
704.512057	0.020070
705.202078	0.020080
705.892100	0.019530
706.582122	0.019360
707.272143	0.020570
707.962165	0.023790
708.652186	0.028870
709.342208	0.034860
710.032230	0.040250
710.722251	0.043470
711.412273	0.043320
712.102294	0.039210
712.792316	0.031240
713.482338	0.020030
714.172359	0.006530
714.862381	-0.008150
715.552402	-0.022890
716.242424	-0.036670
716.932446	-0.048680
717.622467	-0.058350
718.312489	-0.065270
719.002510	-0.069090
719.692532	-0.069460
720.382554	-0.066050
721.072575	-0.058590
721.762597	-0.047050
722.452618	-0.031720
723.142640	-0.013250
723.832662	0.007400
724.522683	0.029090
725.212705	0.050550
725.902726	0.070480
726.592748	0.087740
727.282770	0.101490
727.972791	0.111350
728.662813	0.117370
729.352834	0.119940
730.042856	0.119620
730.732878	0.116900
731.422899	0.112230
732.112921	0.106110
732.802942	0.099200
733.492964	0.092360
734.182986	0.086500
734.873007	0.082300
735.563029	0.079950
736.253050	0.079040
736.943072	0.078540
737.633094	0.077050
738.323115	0.073130
739.013137	0.065740
739.703158	0.054610
740.393180	0.040280
741.083202	0.023950
741.773223	0.007050
742.463245	-0.009080
743.153267	-0.023370
743.843288	-0.034780
744.533310	-0.042040
745.223331	-0.043510
745.913353	-0.037280
746.603375	-0.021590
747.293396	0.004590
747.983418	0.041150
748.673439	0.086580
749.363461	0.137890
750.053483	0.190890
750.743504	0.240500
751.433526	0.281260
752.123547	0.307800
752.813569	0.315550
753.503591	0.301410
754.193612	0.264450
754.883634	0.206280
755.573655	0.130960
756.263677	0.044390
756.953699	-0.046590
757.643720	-0.135260
758.333742	-0.215750
759.023763	-0.283750
759.713785	-0.336760
760.403807	-0.374220
761.093828	-0.397330
761.783850	-0.408600
762.473871	-0.411090
763.163893	-0.407650
763.853915	-0.400280
764.543936	-0.389720
765.233958	-0.375370
765.923979	-0.355600
766.614001	-0.328290
767.304023	-0.291390
767.994044	-0.243610
768.684066	-0.184990
769.374087	-0.117290
770.064109	-0.044060
770.754131	0.029680
771.444152	0.098180
772.134174	0.155980
772.824195	0.198990
773.514217	0.225140
774.204239	0.234440
774.894260	0.228520
775.584282	0.209890
776.274303	0.181200
776.964325	0.144730
777.654347	0.102250
778.344368	0.055080
779.034390	0.004320
779.724411	-0.048850
780.414433	-0.102930
781.104455	-0.155850
781.794476	-0.204960
782.484498	-0.247040
783.174519	-0.278570
783.864541	-0.296040
784.554563	-0.296440
785.244584	-0.277830
785.934606	-0.240250
786.624628	-0.186330
787.314649	-0.121160
788.004671	-0.051400
788.694692	0.016170
789.384714	0.076090
790.074736	0.125050
790.764757	0.162090
791.454779	0.188050
792.144800	0.204740
792.834822	0.214340
