0.000000	0.062800
0.690022	0.065360
1.380043	0.067280
2.070065	0.068320
2.760087	0.068380
3.450109	0.067520
4.140130	0.065910
4.830152	0.063860
5.520174	0.061750
6.210196	0.059950
6.900217	0.058760
7.590239	0.058260
8.280261	0.058330
8.970282	0.058550
9.660304	0.058430
10.350326	0.057460
11.040348	0.055310
11.730369	0.051950
12.420391	0.047620
13.110413	0.042780
13.800434	0.037990
14.490456	0.033760
15.180478	0.030430
15.870500	0.028060
16.560521	0.026440
17.250543	0.025220
17.940565	0.024040
18.630587	0.022710
19.320608	0.021340
20.010630	0.020340
20.700652	0.020290
21.390673	0.021790
22.080695	0.025270
22.770717	0.030870
23.460739	0.038350
24.150760	0.047150
24.840782	0.056380
25.530804	0.064910
26.220826	0.071370
26.910847	0.074270
27.600869	0.072140
28.290891	0.063800
28.980912	0.048650
29.670934	0.026960
30.360956	0.000030
31.050978	-0.029920
31.740999	-0.060070
32.431021	-0.087480
33.121043	-0.109670
33.811064	-0.124900
34.501086	-0.132440
35.191108	-0.132490
35.881130	-0.125990
36.571151	-0.114360
37.261173	-0.099310
37.951195	-0.082580
38.641217	-0.065760
39.331238	-0.050140
40.021260	-0.036570
40.711282	-0.025510
41.401303	-0.017020
42.091325	-0.010880
42.781347	-0.006730
43.471369	-0.004160
44.161390	-0.002850
44.851412	-0.002580
45.541434	-0.003360
46.231456	-0.005300
46.921477	-0.008570
47.611499	-0.013220
48.301521	-0.019110
48.991542	-0.025890
49.681564	-0.033150
50.371586	-0.040550
51.061608	-0.047940
51.751629	-0.055400
52.441651	-0.063090
53.131673	-0.071210
53.821694	-0.079820
54.511716	-0.088790
55.201738	-0.097840
55.891760	-0.106490
56.581781	-0.114120
57.271803	-0.120010
57.961825	-0.123280
58.651847	-0.122920
59.341868	-0.117890
60.031890	-0.107240
60.721912	-0.090340
61.411933	-0.067120
62.101955	-0.038290
62.791977	-0.005360
63.481999	0.029410
64.172020	0.063320
64.862042	0.093550
65.552064	0.117600
66.242086	0.133690
66.932107	0.141090
67.622129	0.140170
68.312151	0.132380
69.002172	0.120040
69.692194	0.106040
70.382216	0.093410
71.072238	0.084960
71.762259	0.082830
72.452281	0.088230
73.142303	0.101280
73.832324	0.121120
74.522346	0.146220
75.212368	0.174720
75.902390	0.204780
76.592411	0.234730
77.282433	0.263160
77.972455	0.288780
78.662477	0.310360
79.352498	0.326690
80.042520	0.336610
80.732542	0.339050
81.422563	0.333220
82.112585	0.318620
82.802607	0.295010
83.492629	0.262420
84.182650	0.221120
84.872672	0.171660
85.562694	0.115080
86.252715	0.053110
86.942737	-0.011670
87.632759	-0.076000
88.322781	-0.136240
89.012802	-0.189090
89.702824	-0.232220
90.392846	-0.264740
91.082868	-0.287150
91.772889	-0.300990
92.462911	-0.308230
93.152933	-0.310610
93.842954	-0.309310
94.532976	-0.304910
95.222998	-0.297520
95.913020	-0.287030
96.603041	-0.273390
97.293063	-0.256770
97.983085	-0.237560
98.673107	-0.216420
99.363128	-0.194130
100.053150	-0.171520
100.743172	-0.149370
101.433193	-0.128360
102.123215	-0.109020
102.813237	-0.091720
103.503259	-0.076700
104.193280	-0.064040
104.883302	-0.053710
105.573324	-0.045560
106.263345	-0.039340
106.953367	-0.034740
107.643389	-0.031430
108.333411	-0.029010
109.023432	-0.027100
109.713454	-0.025320
110.403476	-0.023320
111.093498	-0.020780
111.783519	-0.017400
112.473541	-0.012970
113.163563	-0.007340
113.853584	-0.000470
114.543606	0.007530
115.233628	0.016510
115.923650	0.026170
116.613671	0.036190
117.303693	0.046240
117.993715	0.056050
118.683737	0.065390
119.373758	0.074130
120.063780	0.082200
120.753802	0.089610
121.443823	0.096370
122.133845	0.102460
122.823867	0.107780
123.513889	0.112100
124.203910	0.115100
124.893932	0.116400
125.583954	0.115550
126.273975	0.112160
126.963997	0.105880
127.654019	0.096500
128.344041	0.083950
129.034062	0.068410
129.724084	0.050280
130.414106	0.030190
131.104128	0.008980
131.794149	-0.012460
132.484171	-0.033310
133.174193	-0.052860
133.864214	-0.070590
134.554236	-0.086150
135.244258	-0.099380
135.934280	-0.110210
136.624301	-0.118670
137.314323	-0.124800
138.004345	-0.128670
138.694367	-0.130250
139.384388	-0.129440
140.074410	-0.126080
140.764432	-0.119890
141.454453	-0.110550
142.144475	-0.097750
142.834497	-0.081240
143.524519	-0.060950
144.214540	-0.037100
144.904562	-0.010350
145.594584	0.018150
146.284605	0.046890
146.974627	0.074140
147.664649	0.098290
148.354671	0.118100
149.044692	0.132900
149.734714	0.142570
150.424736	0.147460
151.114758	0.148240
151.804779	0.145660
152.494801	0.140360
153.184823	0.132810
153.874844	0.123230
154.564866	0.111660
155.254888	0.098050
155.944910	0.082350
156.634931	0.064490
157.324953	0.044360
158.014975	0.021830
158.704997	-0.003130
159.395018	-0.030390
160.085040	-0.059490
160.775062	-0.089660
161.465083	-0.119780
162.155105	-0.148450
162.845127	-0.174030
163.535149	-0.194710
164.225170	-0.208800
164.915192	-0.214970
165.605214	-0.212630
166.295235	-0.202110
166.985257	-0.184690
167.675279	-0.162290
168.365301	-0.137020
169.055322	-0.110650
169.745344	-0.084280
170.435366	-0.058210
171.125388	-0.032150
171.815409	-0.005520
172.505431	0.022080
173.195453	0.050520
173.885474	0.079010
174.575496	0.106220
175.265518	0.130610
175.955540	0.150760
176.645561	0.165590
177.335583	0.174430
178.025605	0.176910
178.715627	0.172850
179.405648	0.162360
180.095670	0.145910
180.785692	0.124500
181.475713	0.099540
182.165735	0.072800
182.855757	0.046120
183.545779	0.021200
184.235800	-0.000580
184.925822	-0.018370
185.615844	-0.031990
186.305865	-0.041920
186.995887	-0.049190
187.685909	-0.055030
188.375931	-0.060530
189.065952	-0.066340
189.755974	-0.072670
190.445996	-0.079370
191.136018	-0.086070
191.826039	-0.092280
192.516061	-0.097320
193.206083	-0.100360
193.896104	-0.100490
194.586126	-0.096830
195.276148	-0.088760
195.966170	-0.076100
196.656191	-0.059110
197.346213	-0.038420
198.036235	-0.014960
198.726257	0.010260
199.416278	0.036130
200.106300	0.061540
200.796322	0.085390
201.486343	0.106760
202.176365	0.124960
202.866387	0.139640
203.556409	0.150790
204.246430	0.158720
204.936452	0.163810
205.626474	0.166470
206.316495	0.166970
207.006517	0.165410
207.696539	0.161720
208.386561	0.155710
209.076582	0.147180
209.766604	0.135890
210.456626	0.121600
211.146648	0.103930
211.836669	0.082390
212.526691	0.056370
213.216713	0.025480
213.906734	-0.010220
214.596756	-0.049940
215.286778	-0.092010
215.976800	-0.133970
216.666821	-0.172820
217.356843	-0.205430
218.046865	-0.228990
218.736887	-0.241460
219.426908	-0.241860
220.116930	-0.230330
220.806952	-0.208050
221.496973	-0.176950
222.186995	-0.139430
222.877017	-0.098060
223.567039	-0.055360
224.257060	-0.013640
224.947082	0.025140
225.637104	0.059460
226.327125	0.088120
227.017147	0.110330
227.707169	0.125640
228.397191	0.134080
229.087212	0.136120
229.777234	0.132650
230.467256	0.124900
231.157278	0.114230
231.847299	0.101860
232.537321	0.088850
233.227343	0.075990
233.917364	0.063880
234.607386	0.052920
235.297408	0.043320
235.987430	0.035120
236.677451	0.028200
237.367473	0.022320
238.057495	0.017240
238.747517	0.012760
239.437538	0.008640
240.127560	0.004590
240.817582	0.000160
241.507603	-0.005270
242.197625	-0.012330
242.887647	-0.021600
243.577669	-0.033400
244.267690	-0.047720
244.957712	-0.064200
245.647734	-0.082200
246.337755	-0.100860
247.027777	-0.119140
247.717799	-0.135930
248.407821	-0.150030
249.097842	-0.160220
249.787864	-0.165370
250.477886	-0.164580
251.167908	-0.157330
251.857929	-0.143550
252.547951	-0.123620
253.237973	-0.098340
253.927994	-0.068870
254.618016	-0.036590
255.308038	-0.002980
255.998060	0.030530
256.688081	0.062660
257.378103	0.092340
258.068125	0.118680
258.758146	0.140860
259.448168	0.158140
260.138190	0.169800
260.828212	0.175310
261.518233	0.174480
262.208255	0.167640
262.898277	0.155600
263.588299	0.139620
264.278320	0.121120
264.968342	0.101530
265.658364	0.082120
266.348385	0.063940
267.038407	0.047830
267.728429	0.034380
268.418451	0.023850
269.108472	0.016230
269.798494	0.011180
270.488516	0.008100
271.178538	0.006240
271.868559	0.004840
272.558581	0.003370
273.248603	0.001690
273.938624	0.000080
274.628646	-0.000830
275.318668	-0.000330
276.008690	0.002030
276.698711	0.006250
277.388733	0.011730
278.078755	0.017480
278.768776	0.022330
279.458798	0.025300
280.148820	0.025720
280.838842	0.023210
281.528863	0.017520
282.218885	0.008350
282.908907	-0.004620
283.598929	-0.021620
284.288950	-0.042370
284.978972	-0.065900
285.668994	-0.090540
286.359015	-0.114090
287.049037	-0.134280
287.739059	-0.149150
288.429081	-0.157300
289.119102	-0.158020
289.809124	-0.151240
290.499146	-0.137470
291.189168	-0.117680
291.879189	-0.093170
292.569211	-0.065480
293.259233	-0.036270
293.949254	-0.007170
294.639276	0.020320
295.329298	0.044910
296.019320	0.065560
296.709341	0.081470
297.399363	0.092090
298.089385	0.097120
298.779406	0.096480
299.469428	0.090370
300.159450	0.079260
300.849472	0.063930
301.539493	0.045580
302.229515	0.025740
302.919537	0.006200
303.609559	-0.011220
304.299580	-0.025010
304.989602	-0.034100
305.679624	-0.038010
306.369645	-0.036790
307.059667	-0.030820
307.749689	-0.020560
308.439711	-0.006400
309.129732	0.011500
309.819754	0.033180
310.509776	0.058730
311.199798	0.088060
311.889819	0.120680
312.579841	0.155680
313.269863	0.191650
313.959884	0.226870
314.649906	0.259320
315.339928	0.286810
316.029950	0.307030
316.719971	0.317710
317.409993	0.316870
318.100015	0.303100
318.790036	0.275960
319.480058	0.236210
320.170080	0.185890
320.860102	0.128100
321.550123	0.066540
322.240145	0.004940
322.930167	-0.053370
323.620189	-0.105810
324.310210	-0.150420
325.000232	-0.185760
325.690254	-0.210610
326.380275	-0.224000
327.070297	-0.225270
327.760319	-0.214370
328.450341	-0.192130
329.140362	-0.160530
329.830384	-0.122640
330.520406	-0.082390
331.210428	-0.044230
331.900449	-0.012700
332.590471	0.008020
333.280493	0.014540
333.970514	0.004580
334.660536	-0.022550
335.350558	-0.065740
336.040580	-0.121900
336.730601	-0.186220
337.420623	-0.252750
338.110645	-0.315230
338.800666	-0.367970
339.490688	-0.406680
340.180710	-0.428720
340.870732	-0.433200
341.560753	-0.420630
342.250775	-0.392450
342.940797	-0.350680
343.630819	-0.297650
344.320840	-0.236000
345.010862	-0.168620
345.700884	-0.098640
346.390905	-0.029280
347.080927	0.036260
347.770949	0.095110
348.460971	0.144870
349.150992	0.183850
349.841014	0.211170
350.531036	0.226850
351.221058	0.231770
351.911079	0.227600
352.601101	0.216500
353.291123	0.200960
353.981144	0.183420
354.671166	0.166080
355.361188	0.150640
356.051210	0.138210
356.741231	0.129290
357.431253	0.123780
358.121275	0.121150
358.811296	0.120540
359.501318	0.120950
360.191340	0.121420
360.881362	0.121120
361.571383	0.119340
362.261405	0.115490
362.951427	0.108910
363.641449	0.098930
364.331470	0.084860
365.021492	0.066160
365.711514	0.042620
366.401535	0.014480
367.091557	-0.017450
367.781579	-0.051980
368.471601	-0.087480
369.161622	-0.122060
369.851644	-0.153770
370.541666	-0.180650
371.231688	-0.200980
371.921709	-0.213390
372.611731	-0.217030
373.301753	-0.211730
373.991774	-0.197980
374.681796	-0.176910
375.371818	-0.150140
376.061840	-0.119540
376.751861	-0.087090
377.441883	-0.054650
378.131905	-0.023870
378.821926	0.003890
379.511948	0.027700
380.201970	0.047140
380.891992	0.062320
381.582013	0.073790
382.272035	0.082420
382.962057	0.089090
383.652079	0.094570
384.342100	0.099400
385.032122	0.103920
385.722144	0.108350
386.412165	0.112870
387.102187	0.117620
387.792209	0.122680
388.482231	0.127990
389.172252	0.133350
389.862274	0.138420
390.552296	0.142780
391.242318	0.146060
391.932339	0.147980
392.622361	0.148390
393.312383	0.147250
394.002404	0.144590
394.692426	0.140460
395.382448	0.134950
396.072470	0.128130
396.762491	0.120080
397.452513	0.110950
398.142535	0.100950
398.832556	0.090300
399.522578	0.079260
400.212600	0.067980
400.902622	0.056530
401.592643	0.044880
402.282665	0.033010
402.972687	0.020880
403.662709	0.008490
404.352730	-0.004120
405.042752	-0.016960
405.732774	-0.029970
406.422795	-0.043010
407.112817	-0.055860
407.802839	-0.068230
408.492861	-0.079860
409.182882	-0.090600
409.872904	-0.100410
410.562926	-0.109370
411.252947	-0.117610
411.942969	-0.125180
412.632991	-0.132010
413.323013	-0.137840
414.013034	-0.142260
414.703056	-0.144830
415.393078	-0.145160
416.083100	-0.143010
416.773121	-0.138360
417.463143	-0.131400
418.153165	-0.122530
418.843186	-0.112220
419.533208	-0.101000
420.223230	-0.089350
420.913252	-0.077660
421.603273	-0.066220
422.293295	-0.055230
422.983317	-0.044830
423.673339	-0.035200
424.363360	-0.026520
425.053382	-0.019050
425.743404	-0.013030
426.433425	-0.008710
427.123447	-0.006240
427.813469	-0.005730
428.503491	-0.007250
429.193512	-0.010870
429.883534	-0.016660
430.573556	-0.024630
431.263577	-0.034640
431.953599	-0.046300
432.643621	-0.058930
433.333643	-0.071500
434.023664	-0.082840
434.713686	-0.091740
435.403708	-0.097160
436.093730	-0.098420
436.783751	-0.095400
437.473773	-0.088580
438.163795	-0.079080
438.853816	-0.068500
439.543838	-0.058610
440.233860	-0.050980
440.923882	-0.046570
441.613903	-0.045400
442.303925	-0.046480
442.993947	-0.047980
443.683969	-0.047590
444.373990	-0.043050
445.064012	-0.032630
445.754034	-0.015630
446.444055	0.007520
447.134077	0.035390
447.824099	0.065740
448.514121	0.096010
449.204142	0.123860
449.894164	0.147500
450.584186	0.165970
451.274207	0.179150
451.964229	0.187650
452.654251	0.192440
453.344273	0.194530
454.034294	0.194730
454.724316	0.193460
455.414338	0.190820
456.104360	0.186710
456.794381	0.180920
457.484403	0.173270
458.174425	0.163640
458.864446	0.151930
459.554468	0.138070
460.244490	0.122050
460.934512	0.103980
461.624533	0.084080
462.314555	0.062790
463.004577	0.040700
463.694599	0.018580
464.384620	-0.002750
465.074642	-0.022380
465.764664	-0.039380
466.454685	-0.052830
467.144707	-0.061990
467.834729	-0.066360
468.524751	-0.065810
469.214772	-0.060670
469.904794	-0.051770
470.594816	-0.040370
471.284837	-0.028100
471.974859	-0.016860
472.664881	-0.008600
473.354903	-0.005150
474.044924	-0.008000
474.734946	-0.018050
475.424968	-0.035460
476.114990	-0.059540
476.805011	-0.088680
477.495033	-0.120570
478.185055	-0.152440
478.875076	-0.181430
479.565098	-0.204900
480.255120	-0.220710
480.945142	-0.227340
481.635163	-0.224030
482.325185	-0.210760
483.015207	-0.188270
483.705229	-0.157930
484.395250	-0.121630
485.085272	-0.081590
485.775294	-0.040280
486.465315	-0.000240
487.155337	0.036080
487.845359	0.066660
488.535381	0.090040
489.225402	0.105610
489.915424	0.113580
490.605446	0.114950
491.295467	0.111210
491.985489	0.104040
492.675511	0.095100
493.365533	0.085790
494.055554	0.077060
494.745576	0.069480
495.435598	0.063260
496.125620	0.058360
496.815641	0.054560
497.505663	0.051560
498.195685	0.049010
498.885706	0.046590
499.575728	0.044050
500.265750	0.041220
500.955772	0.037990
501.645793	0.034350
502.335815	0.030280
503.025837	0.025780
503.715859	0.020860
504.405880	0.015570
505.095902	0.010030
505.785924	0.004370
506.475945	-0.001250
507.165967	-0.006680
507.855989	-0.011740
508.546011	-0.016200
509.236032	-0.019750
509.926054	-0.022020
510.616076	-0.022680
511.306097	-0.021630
511.996119	-0.018980
512.686141	-0.015100
513.376163	-0.010450
514.066184	-0.005450
514.756206	-0.000360
515.446228	0.004720
516.136250	0.009850
516.826271	0.015040
517.516293	0.020170
518.206315	0.024840
518.896336	0.028480
519.586358	0.030370
520.276380	0.029800
520.966402	0.026220
521.656423	0.019290
522.346445	0.009010
523.036467	-0.004210
523.726489	-0.019470
524.416510	-0.035420
525.106532	-0.050450
525.796554	-0.063050
526.486575	-0.072160
527.176597	-0.077380
527.866619	-0.078950
528.556641	-0.077480
529.246662	-0.073600
529.936684	-0.067700
530.626706	-0.059850
531.316727	-0.049900
532.006749	-0.037700
532.696771	-0.023270
533.386793	-0.006880
534.076814	0.011090
534.766836	0.030240
535.456858	0.050250
536.146880	0.070870
536.836901	0.091880
537.526923	0.112940
538.216945	0.133510
538.906966	0.152850
539.596988	0.170110
540.287010	0.184400
540.977032	0.195010
541.667053	0.201430
542.357075	0.203320
543.047097	0.200380
543.737119	0.192350
544.427140	0.179020
545.117162	0.160320
545.807184	0.136530
546.497205	0.108520
547.187227	0.077840
547.877249	0.046620
548.567271	0.017160
549.257292	-0.008480
549.947314	-0.029010
550.637336	-0.044120
551.327357	-0.054590
552.017379	-0.061900
552.707401	-0.067930
553.397423	-0.074620
554.087444	-0.083750
554.777466	-0.096720
555.467488	-0.114400
556.157510	-0.136980
556.847531	-0.163810
557.537553	-0.193410
558.227575	-0.223630
558.917596	-0.251990
559.607618	-0.275920
560.297640	-0.292970
560.987662	-0.300990
561.677683	-0.298300
562.367705	-0.283890
563.057727	-0.257760
563.747749	-0.221150
564.437770	-0.176560
565.127792	-0.127390
565.817814	-0.077480
566.507835	-0.030360
567.197857	0.011100
567.887879	0.045080
568.577901	0.070750
569.267922	0.088150
569.957944	0.097940
570.647966	0.101250
571.337987	0.099510
572.028009	0.094300
572.718031	0.087120
573.408053	0.079170
574.098074	0.071210
574.788096	0.063580
575.478118	0.056200
576.168140	0.048850
576.858161	0.041260
577.548183	0.033240
578.238205	0.024650
578.928226	0.015470
579.618248	0.005820
580.308270	-0.004040
580.998292	-0.013730
581.688313	-0.022730
582.378335	-0.030570
583.068357	-0.036900
583.758378	-0.041520
584.448400	-0.044330
585.138422	-0.045290
585.828444	-0.044370
586.518465	-0.041610
587.208487	-0.037160
587.898509	-0.031280
588.588531	-0.024330
589.278552	-0.016710
589.968574	-0.008720
590.658596	-0.000600
591.348617	0.007530
592.038639	0.015640
592.728661	0.023580
593.418683	0.031120
594.108704	0.037830
594.798726	0.043190
595.488748	0.046720
596.178770	0.048090
596.868791	0.047260
597.558813	0.044600
598.248835	0.040810
598.938856	0.036860
599.628878	0.033770
600.318900	0.032410
601.008922	0.033280
601.698943	0.036330
602.388965	0.040960
603.078987	0.046210
603.769008	0.050990
604.459030	0.054380
605.149052	0.055810
605.839074	0.055080
606.529095	0.052270
607.219117	0.047590
607.909139	0.041300
608.599161	0.033620
609.289182	0.024710
609.979204	0.014720
610.669226	0.003850
611.359247	-0.007520
612.049269	-0.018830
612.739291	-0.029400
613.429313	-0.038570
614.119334	-0.045890
614.809356	-0.051190
615.499378	-0.054560
616.189400	-0.056250
616.879421	-0.056460
617.569443	-0.055400
618.259465	-0.053260
618.949486	-0.050270
619.639508	-0.046680
620.329530	-0.042630
621.019552	-0.038100
621.709573	-0.032840
622.399595	-0.026320
623.089617	-0.017830
623.779638	-0.006610
624.469660	0.008110
625.159682	0.026920
625.849704	0.050170
626.539725	0.077920
627.229747	0.109770
627.919769	0.144900
628.609791	0.182050
629.299812	0.219650
629.989834	0.255860
630.679856	0.288590
631.369877	0.315550
632.059899	0.334420
632.749921	0.343070
633.439943	0.339860
634.129964	0.323940
634.819986	0.295590
635.510008	0.256140
636.200030	0.207930
636.890051	0.153880
637.580073	0.097050
638.270095	0.040170
638.960116	-0.014540
639.650138	-0.065500
640.340160	-0.111480
641.030182	-0.151470
641.720203	-0.184640
642.410225	-0.210400
643.100247	-0.228610
643.790268	-0.239720
644.480290	-0.244640
645.170312	-0.244620
645.860334	-0.240970
646.550355	-0.234940
647.240377	-0.227540
647.930399	-0.219460
648.620421	-0.210970
649.310442	-0.201950
650.000464	-0.192050
650.690486	-0.180920
651.380507	-0.168370
652.070529	-0.154580
652.760551	-0.140040
653.450573	-0.125480
654.140594	-0.111740
654.830616	-0.099600
655.520638	-0.089720
656.210660	-0.082520
656.900681	-0.078120
657.590703	-0.076290
658.280725	-0.076570
658.970746	-0.078370
659.660768	-0.081010
660.350790	-0.083710
661.040812	-0.085660
661.730833	-0.085990
662.420855	-0.083890
663.110877	-0.078760
663.800898	-0.070410
664.490920	-0.059170
665.180942	-0.045720
665.870964	-0.030920
666.560985	-0.015680
667.251007	-0.000750
667.941029	0.013310
668.631051	0.026160
669.321072	0.037580
670.011094	0.047540
670.701116	0.056240
671.391137	0.064070
672.081159	0.071580
672.771181	0.079410
673.461203	0.088100
674.151224	0.097940
674.841246	0.108920
675.531268	0.120530
676.221290	0.131860
676.911311	0.141720
677.601333	0.148790
678.291355	0.151910
678.981376	0.150230
679.671398	0.143430
680.361420	0.131720
681.051442	0.115810
681.741463	0.096710
682.431485	0.075520
683.121507	0.053350
683.811528	0.031230
684.501550	0.010050
685.191572	-0.009360
685.881594	-0.026220
686.571615	-0.039860
687.261637	-0.049800
687.951659	-0.055830
688.641681	-0.057920
689.331702	-0.056230
690.021724	-0.051050
690.711746	-0.042820
691.401767	-0.032240
692.091789	-0.020400
692.781811	-0.008670
693.471833	0.001480
694.161854	0.008860
694.851876	0.012780
695.541898	0.013110
696.231920	0.010220
696.921941	0.004770
697.611963	-0.002440
698.301985	-0.010610
698.992006	-0.018880
699.682028	-0.026320
700.372050	-0.032040
701.062072	-0.035290
701.752093	-0.035680
702.442115	-0.033280
703.132137	-0.028590
703.822158	-0.022370
704.512180	-0.015380
705.202202	-0.008220
705.892224	-0.001180
706.582245	0.005600
707.272267	0.012110
707.962289	0.018190
708.652311	0.023550
709.342332	0.027740
710.032354	0.030170
710.722376	0.030300
711.412397	0.027820
712.102419	0.022770
712.792441	0.015550
713.482463	0.006910
714.172484	-0.002150
714.862506	-0.010610
715.552528	-0.017410
716.242550	-0.021640
716.932571	-0.022570
717.622593	-0.019770
718.312615	-0.013150
719.002636	-0.003040
719.692658	0.009770
720.382680	0.024130
721.072702	0.038540
721.762723	0.051460
722.452745	0.061550
723.142767	0.067950
723.832788	0.070410
724.522810	0.069370
725.212832	0.065780
725.902854	0.060840
726.592875	0.055650
727.282897	0.051010
727.972919	0.047270
728.662941	0.044380
729.352962	0.041970
730.042984	0.039500
730.733006	0.036410
731.423027	0.032130
732.113049	0.026130
732.803071	0.017970
733.493093	0.007290
734.183114	-0.006030
734.873136	-0.021780
735.563158	-0.039230
736.253180	-0.057220
736.943201	-0.074260
737.633223	-0.089010
738.323245	-0.100430
739.013266	-0.108030
739.703288	-0.111770
740.393310	-0.111880
741.083332	-0.108530
741.773353	-0.101820
742.463375	-0.091820
743.153397	-0.078680
743.843418	-0.062740
744.533440	-0.044570
745.223462	-0.024950
745.913484	-0.004780
746.603505	0.014920
747.293527	0.033070
747.983549	0.048530
748.673571	0.060300
749.363592	0.067590
750.053614	0.069890
750.743636	0.067090
751.433657	0.059410
752.123679	0.047440
752.813701	0.032160
753.503723	0.014880
754.193744	-0.002860
754.883766	-0.019540
755.573788	-0.033810
756.263809	-0.044750
756.953831	-0.051930
757.643853	-0.055370
758.333875	-0.055410
759.023896	-0.052640
759.713918	-0.047740
760.403940	-0.041480
761.093962	-0.034670
761.783983	-0.028000
762.474005	-0.021950
763.164027	-0.016820
763.854048	-0.012620
764.544070	-0.009230
765.234092	-0.006510
765.924114	-0.004310
766.614135	-0.002450
767.304157	-0.000800
767.994179	0.000770
768.684201	0.002370
769.374222	0.004030
770.064244	0.005680
770.754266	0.007220
771.444287	0.008550
772.134309	0.009580
772.824331	0.010190
773.514353	0.010200
774.204374	0.009510
774.894396	0.008130
775.584418	0.006250
776.274439	0.004330
776.964461	0.002940
777.654483	0.002730
778.344505	0.004350
779.034526	0.008370
779.724548	0.015230
780.414570	0.025160
781.104592	0.038130
781.794613	0.053800
782.484635	0.071550
783.174657	0.090550
783.864678	0.109850
784.554700	0.128400
785.244722	0.145150
785.934744	0.159150
786.624765	0.169600
787.314787	0.175830
788.004809	0.177290
788.694831	0.173540
789.384852	0.164300
790.074874	0.149600
790.764896	0.129840
791.454917	0.105790
792.144939	0.078380
792.834961	0.048520
793.524983	0.016880
794.215004	-0.016130
794.905026	-0.050230
795.595048	-0.084950
796.285069	-0.119440
796.975091	-0.152400
797.665113	-0.182280
798.355135	-0.207680
799.045156	-0.227650
799.735178	-0.241820
800.425200	-0.250240
801.115222	-0.252920
801.805243	-0.249550
802.495265	-0.239480
803.185287	-0.221980
803.875308	-0.196790
804.565330	-0.164500
805.255352	-0.126630
805.945374	-0.085380
806.635395	-0.043270
807.325417	-0.002830
808.015439	0.033640
808.705461	0.064160
809.395482	0.087200
810.085504	0.101740
810.775526	0.107400
811.465547	0.104520
812.155569	0.094130
812.845591	0.077950
813.535613	0.058260
814.225634	0.037600
814.915656	0.018090
815.605678	0.000840
816.295699	-0.014390
816.985721	-0.029010
817.675743	-0.044920
818.365765	-0.063660
819.055786	-0.085800
819.745808	-0.110750
820.435830	-0.136930
821.125852	-0.162170
821.815873	-0.183970
822.505895	-0.199950
823.195917	-0.208140
823.885938	-0.207250
824.575960	-0.196710
825.265982	-0.176770
825.956004	-0.148320
826.646025	-0.112680
827.336047	-0.071560
828.026069	-0.027100
828.716091	0.018180
829.406112	0.061500
830.096134	0.100010
830.786156	0.131280
831.476177	0.153590
832.166199	0.166130
832.856221	0.169020
833.546243	0.163170
834.236264	0.150050
834.926286	0.131580
835.616308	0.109940
836.306329	0.087410
836.996351	0.066080
837.686373	0.047640
838.376395	0.033070
839.066416	0.022580
839.756438	0.015780
840.446460	0.011930
841.136482	0.010130
841.826503	0.009430
842.516525	0.008800
843.206547	0.007060
843.896568	0.002890
844.586590	-0.005020
845.276612	-0.017620
845.966634	-0.035080
846.656655	-0.056480
847.346677	-0.079780
848.036699	-0.101980
848.726721	-0.119640
849.416742	-0.129530
850.106764	-0.129250
850.796786	-0.117710
851.486807	-0.095260
852.176829	-0.063650
852.866851	-0.025630
853.556873	0.015440
854.246894	0.056090
854.936916	0.093070
855.626938	0.123710
856.316959	0.146050
857.006981	0.159040
857.697003	0.162670
858.387025	0.158070
859.077046	0.147410
859.767068	0.133690
860.457090	0.120300
861.147112	0.110480
861.837133	0.106670
862.527155	0.110150
863.217177	0.120790
863.907198	0.137240
864.597220	0.157210
865.287242	0.178020
865.977264	0.197020
866.667285	0.211870
867.357307	0.220660
868.047329	0.221990
868.737351	0.214990
869.427372	0.199320
870.117394	0.175320
870.807416	0.144000
871.497437	0.106890
872.187459	0.065750
872.877481	0.022350
873.567503	-0.021700
874.257524	-0.065040
874.947546	-0.106460
875.637568	-0.144870
876.327589	-0.179340
877.017611	-0.209190
877.707633	-0.234110
878.397655	-0.254080
879.087676	-0.269380
879.777698	-0.280410
880.467720	-0.287560
881.157742	-0.291090
881.847763	-0.291070
882.537785	-0.287330
883.227807	-0.279550
883.917828	-0.267350
884.607850	-0.250380
885.297872	-0.228480
885.987894	-0.201780
886.677915	-0.170710
887.367937	-0.136090
888.057959	-0.099260
888.747981	-0.062040
889.438002	-0.026570
890.128024	0.005030
890.818046	0.031040
891.508067	0.050400
892.198089	0.062890
892.888111	0.069090
893.578133	0.070110
894.268154	0.067360
894.958176	0.062290
895.648198	0.056370
896.338219	0.050980
897.028241	0.047320
897.718263	0.046430
898.408285	0.049040
899.098306	0.055370
899.788328	0.064940
900.478350	0.076560
901.168372	0.088400
901.858393	0.098130
902.548415	0.103300
903.238437	0.101670
903.928458	0.091600
904.618480	0.072320
905.308502	0.044150
905.998524	0.008610
906.688545	-0.031750
907.378567	-0.073710
908.068589	-0.113740
908.758610	-0.148380
909.448632	-0.174620
910.138654	-0.190070
910.828676	-0.193070
911.518697	-0.182800
912.208719	-0.159430
912.898741	-0.124280
913.588763	-0.079790
914.278784	-0.029460
914.968806	0.022490
915.658828	0.071740
916.348849	0.114500
917.038871	0.148040
917.728893	0.170880
918.418915	0.182900
919.108936	0.185110
919.798958	0.179360
920.488980	0.168000
921.179002	0.153600
921.869023	0.138440
922.559045	0.124180
923.249067	0.111560
923.939088	0.100460
924.629110	0.090180
925.319132	0.079820
926.009154	0.068620
926.699175	0.056160
927.389197	0.042400
928.079219	0.027610
928.769240	0.012330
929.459262	-0.002830
930.149284	-0.017430
930.839306	-0.031270
931.529327	-0.044400
932.219349	-0.056970
932.909371	-0.068980
933.599393	-0.080120
934.289414	-0.089830
934.979436	-0.097510
935.669458	-0.102740
936.359479	-0.105390
937.049501	-0.105590
937.739523	-0.103570
938.429545	-0.099570
939.119566	-0.093700
939.809588	-0.085950
940.499610	-0.076310
941.189632	-0.064860
941.879653	-0.051770
942.569675	-0.037310
943.259697	-0.021780
943.949718	-0.005470
944.639740	0.011290
945.329762	0.028090
946.019784	0.044290
946.709805	0.059020
947.399827	0.071340
948.089849	0.080420
948.779870	0.085750
949.469892	0.087330
950.159914	0.085630
950.849936	0.081420
951.539957	0.075520
952.229979	0.068640
952.920001	0.061300
953.610023	0.053840
954.300044	0.046480
954.990066	0.039310
955.680088	0.032310
956.370109	0.025360
957.060131	0.018360
957.750153	0.011220
958.440175	0.003970
959.130196	-0.003240
959.820218	-0.010260
960.510240	-0.016910
961.200262	-0.023060
961.890283	-0.028590
962.580305	-0.033490
963.270327	-0.037790
963.960348	-0.041610
964.650370	-0.045070
965.340392	-0.048230
966.030414	-0.051040
966.720435	-0.053340
967.410457	-0.054820
968.100479	-0.055060
968.790500	-0.053630
969.480522	-0.050140
970.170544	-0.044230
970.860566	-0.035740
971.550587	-0.024790
972.240609	-0.011750
972.930631	0.002710
973.620653	0.017800
974.310674	0.032660
975.000696	0.046630
975.690718	0.059180
976.380739	0.069880
977.070761	0.078360
977.760783	0.084190
978.450805	0.087030
979.140826	0.086670
979.830848	0.083170
980.520870	0.076990
981.210892	0.068940
981.900913	0.060110
982.590935	0.051670
983.280957	0.044610
983.970978	0.039450
984.661000	0.036020
985.351022	0.033540
986.041044	0.030750
986.731065	0.026240
987.421087	0.018860
988.111109	0.007980
988.801130	-0.006260
989.491152	-0.022930
990.181174	-0.040430
990.871196	-0.056950
991.561217	-0.070820
992.251239	-0.080800
992.941261	-0.086170
993.631283	-0.086780
994.321304	-0.082970
995.011326	-0.075560
995.701348	-0.065700
996.391369	-0.054750
997.081391	-0.044070
997.771413	-0.034690
998.461435	-0.027330
999.151456	-0.022280
999.841478	-0.019460
1000.531500	-0.018400
1001.221522	-0.018360
1001.911543	-0.018400
1002.601565	-0.017560
1003.291587	-0.015090
1003.981608	-0.010540
1004.671630	-0.003840
1005.361652	0.004720
1006.051674	0.014570
1006.741695	0.024920
1007.431717	0.034850
1008.121739	0.043420
1008.811760	0.049820
1009.501782	0.053540
1010.191804	0.054420
1010.881826	0.052630
1011.571847	0.048550
1012.261869	0.042540
1012.951891	0.034820
1013.641913	0.025420
1014.331934	0.014260
1015.021956	0.001290
1015.711978	-0.013370
1016.401999	-0.029290
1017.092021	-0.045540
1017.782043	-0.060810
1018.472065	-0.073680
1019.162086	-0.083010
1019.852108	-0.088280
1020.542130	-0.089880
1021.232152	-0.088940
1021.922173	-0.086970
1022.612195	-0.085500
1023.302217	-0.085630
1023.992238	-0.087800
1024.682260	-0.091690
1025.372282	-0.096150
1026.062304	-0.099430
1026.752325	-0.099450
1027.442347	-0.094310
1028.132369	-0.082630
1028.822390	-0.063980
1029.512412	-0.038910
1030.202434	-0.008950
1030.892456	0.023740
1031.582477	0.056830
1032.272499	0.088180
1032.962521	0.116390
1033.652543	0.140910
1034.342564	0.162010
1035.032586	0.180500
1035.722608	0.197440
1036.412629	0.213860
1037.102651	0.230610
1037.792673	0.248360
1038.482695	0.267470
1039.172716	0.287890
1039.862738	0.309040
1040.552760	0.329670
1041.242782	0.348040
1041.932803	0.362050
1042.622825	0.369550
1043.312847	0.368580
1044.002868	0.357570
1044.692890	0.335470
1045.382912	0.301900
1046.072934	0.257270
1046.762955	0.202790
1047.452977	0.140350
1048.142999	0.072350
1048.833020	0.001390
1049.523042	-0.069890
1050.213064	-0.139050
1050.903086	-0.203810
1051.593107	-0.262210
1052.283129	-0.312790
1052.973151	-0.354680
1053.663173	-0.387780
1054.353194	-0.412640
1055.043216	-0.430250
1055.733238	-0.441640
1056.423259	-0.447510
1057.113281	-0.447980
1057.803303	-0.442700
1058.493325	-0.431090
1059.183346	-0.412700
1059.873368	-0.387460
1060.563390	-0.355810
1061.253412	-0.318710
1061.943433	-0.277520
1062.633455	-0.233960
1063.323477	-0.189930
1064.013498	-0.147340
1064.703520	-0.107860
1065.393542	-0.072750
1066.083564	-0.042800
1066.773585	-0.018440
1067.463607	0.000090
1068.153629	0.012620
1068.843650	0.019080
1069.533672	0.019590
1070.223694	0.014790
1070.913716	0.006080
1071.603737	-0.004200
1072.293759	-0.013050
1072.983781	-0.017250
1073.673803	-0.014090
1074.363824	-0.002020
1075.053846	0.018790
1075.743868	0.046590
1076.433889	0.078400
1077.123911	0.110820
1077.813933	0.140760
1078.503955	0.166040
1079.193976	0.185640
1079.883998	0.199630
1080.574020	0.208840
1081.264041	0.214320
1081.954063	0.217040
1082.644085	0.217540
1083.334107	0.216030
1084.024128	0.212420
1084.714150	0.206600
1085.404172	0.198550
1086.094194	0.188330
1086.784215	0.176100
1087.474237	0.162020
1088.164259	0.146210
1088.854280	0.128760
1089.544302	0.109740
1090.234324	0.089250
1090.924346	0.067460
1091.614367	0.044700
1092.304389	0.021500
1092.994411	-0.001390
1093.684433	-0.023050
1094.374454	-0.042440
1095.064476	-0.058540
1095.754498	-0.070420
1096.444519	-0.077380
1097.134541	-0.078980
1097.824563	-0.075060
1098.514585	-0.065840
1099.204606	-0.051810
1099.894628	-0.033760
1100.584650	-0.012730
1101.274671	0.010070
1101.964693	0.033430
1102.654715	0.056120
1103.344737	0.077120
1104.034758	0.095570
1104.724780	0.110850
1105.414802	0.122530
1106.104824	0.130350
1106.794845	0.134250
1107.484867	0.134270
1108.174889	0.130560
1108.864910	0.123340
1109.554932	0.112880
1110.244954	0.099470
1110.934976	0.083480
1111.624997	0.065300
1112.315019	0.045420
1113.005041	0.024360
1113.695063	0.002680
1114.385084	-0.019010
1115.075106	-0.040150
1115.765128	-0.060180
1116.455149	-0.078570
1117.145171	-0.094820
1117.835193	-0.108530
1118.525215	-0.119380
1119.215236	-0.127260
1119.905258	-0.132230
1120.595280	-0.134580
1121.285301	-0.134720
1121.975323	-0.133080
1122.665345	-0.130100
1123.355367	-0.126140
1124.045388	-0.121510
1124.735410	-0.116440
1125.425432	-0.111060
1126.115454	-0.105370
1126.805475	-0.099230
1127.495497	-0.092500
1128.185519	-0.085120
1128.875540	-0.077270
1129.565562	-0.069350
1130.255584	-0.061990
1130.945606	-0.055930
1131.635627	-0.051970
1132.325649	-0.050800
1133.015671	-0.052920
1133.705693	-0.058460
1134.395714	-0.067000
1135.085736	-0.077600
1135.775758	-0.088830
1136.465779	-0.098990
1137.155801	-0.106450
1137.845823	-0.109970
1138.535845	-0.108950
1139.225866	-0.103350
1139.915888	-0.093560
1140.605910	-0.080180
1141.295931	-0.063940
1141.985953	-0.045560
1142.675975	-0.025860
1143.365997	-0.005690
1144.056018	0.014140
1144.746040	0.033030
1145.436062	0.050570
1146.126084	0.066440
1146.816105	0.080300
1147.506127	0.091720
1148.196149	0.100300
1148.886170	0.105700
1149.576192	0.107760
1150.266214	0.106550
1150.956236	0.102400
1151.646257	0.095690
1152.336279	0.086800
1153.026301	0.075970
1153.716323	0.063270
1154.406344	0.048700
1155.096366	0.032370
1155.786388	0.014680
1156.476409	-0.003460
1157.166431	-0.020670
1157.856453	-0.035120
1158.546475	-0.044780
1159.236496	-0.047660
1159.926518	-0.042280
1160.616540	-0.028110
1161.306561	-0.005940
1161.996583	0.022170
1162.686605	0.053140
1163.376627	0.083540
1164.066648	0.110250
1164.756670	0.131010
1165.446692	0.144710
1166.136714	0.151250
1166.826735	0.151280
1167.516757	0.145830
1168.206779	0.135940
1168.896800	0.122470
1169.586822	0.106070
1170.276844	0.087330
1170.966866	0.067110
1171.656887	0.046740
1172.346909	0.028030
1173.036931	0.012870
1173.726953	0.002770
1174.416974	-0.001770
1175.106996	-0.001360
1175.797018	0.002470
1176.487039	0.007830
1177.177061	0.012870
1177.867083	0.016160
1178.557105	0.016860
1179.247126	0.014650
1179.937148	0.009590
1180.627170	0.001980
1181.317191	-0.007860
1182.007213	-0.019720
1182.697235	-0.033490
1183.387257	-0.049090
1184.077278	-0.066390
1184.767300	-0.085090
1185.457322	-0.104670
1186.147344	-0.124320
1186.837365	-0.142940
1187.527387	-0.159150
1188.217409	-0.171350
1188.907430	-0.178000
1189.597452	-0.177750
1190.287474	-0.169670
1190.977496	-0.153440
1191.667517	-0.129590
1192.357539	-0.099620
1193.047561	-0.065890
1193.737583	-0.031300
1194.427604	0.001300
1195.117626	0.029740
1195.807648	0.052890
1196.497669	0.070750
1197.187691	0.084120
1197.877713	0.094250
1198.567735	0.102480
1199.257756	0.109890
1199.947778	0.117240
1200.637800	0.124920
1201.327821	0.132970
1202.017843	0.141090
1202.707865	0.148620
1203.397887	0.154630
1204.087908	0.157880
1204.777930	0.157030
1205.467952	0.150740
1206.157974	0.137880
1206.847995	0.117640
1207.538017	0.089650
1208.228039	0.054110
1208.918060	0.011880
1209.608082	-0.035470
1210.298104	-0.085830
1210.988126	-0.136590
1211.678147	-0.184800
1212.368169	-0.227440
1213.058191	-0.261510
1213.748213	-0.284250
1214.438234	-0.293380
1215.128256	-0.287400
1215.818278	-0.265910
1216.508299	-0.229870
1217.198321	-0.181650
1217.888343	-0.124950
1218.578365	-0.064300
1219.268386	-0.004460
1219.958408	0.050200
1220.648430	0.096410
1221.338451	0.132170
1222.028473	0.156860
1222.718495	0.171070
1223.408517	0.176290
1224.098538	0.174420
1224.788560	0.167310
1225.478582	0.156440
1226.168604	0.142740
1226.858625	0.126620
1227.548647	0.108260
