0.000000	-0.511510
0.690045	-0.429410
1.380090	-0.325720
2.070135	-0.206430
2.760180	-0.078760
3.450225	0.049900
4.140270	0.172870
4.830315	0.284790
5.520360	0.382010
6.210405	0.462580
6.900450	0.526030
7.590495	0.572810
8.280540	0.603850
8.970585	0.620190
9.660630	0.622900
10.350675	0.613160
11.040720	0.592450
11.730765	0.562600
12.420810	0.525760
13.110855	0.484260
13.800900	0.440380
14.490945	0.396270
15.180990	0.353680
15.871035	0.313780
16.561080	0.277020
17.251125	0.243070
17.941170	0.210850
18.631215	0.178750
19.321260	0.144990
20.011305	0.107840
20.701350	0.065990
21.391395	0.018780
22.081440	-0.033570
22.771484	-0.089920
23.461529	-0.148230
24.151574	-0.205830
24.841619	-0.259990
25.531664	-0.308450
26.221709	-0.349830
26.911754	-0.383740
27.601799	-0.410560
28.291844	-0.431050
28.981889	-0.446080
29.671934	-0.456420
30.361979	-0.462560
31.052024	-0.464770
31.742069	-0.463090
32.432114	-0.457290
33.122159	-0.446870
33.812204	-0.431160
34.502249	-0.409260
35.192294	-0.380100
35.882339	-0.342620
36.572384	-0.296160
37.262429	-0.241000
37.952474	-0.178740
38.642519	-0.112000
39.332564	-0.043690
40.022609	0.023580
40.712654	0.087880
41.402699	0.147730
42.092744	0.201440
42.782789	0.246770
43.472834	0.281240
44.162879	0.302900
44.852924	0.311070
45.542969	0.306640
46.233014	0.291870
46.923059	0.269660
47.613104	0.242860
48.303149	0.213820
48.993194	0.184260
49.683239	0.155370
50.373284	0.128030
51.063329	0.102960
51.753374	0.080800
52.443419	0.062150
53.133464	0.047550
53.823509	0.037400
54.513554	0.032010
55.203599	0.031240
55.893644	0.034250
56.583689	0.039520
57.273734	0.045070
57.963779	0.048780
58.653824	0.049040
59.343869	0.045110
60.033914	0.037110
60.723959	0.025900
61.414004	0.012840
62.104049	-0.000400
62.794094	-0.012100
63.484139	-0.020710
64.174184	-0.025080
64.864229	-0.024640
65.554274	-0.019660
66.244319	-0.011140
66.934363	-0.000530
67.624408	0.010610
68.314453	0.020880
69.004498	0.029360
69.694543	0.035560
70.384588	0.039370
71.074633	0.040950
71.764678	0.040650
72.454723	0.038770
73.144768	0.035410
73.834813	0.030440
74.524858	0.023500
75.214903	0.014210
75.904948	0.002390
76.594993	-0.011800
77.285038	-0.027830
77.975083	-0.044750
78.665128	-0.061430
79.355173	-0.076560
80.045218	-0.088780
80.735263	-0.096920
81.425308	-0.100210
82.115353	-0.098440
82.805398	-0.091980
83.495443	-0.081810
84.185488	-0.069310
84.875533	-0.055910
85.565578	-0.042850
86.255623	-0.031040
86.945668	-0.021010
87.635713	-0.012860
88.325758	-0.006470
89.015803	-0.001620
89.705848	0.002020
90.395893	0.004710
91.085938	0.006620
91.775983	0.007680
92.466028	0.007590
93.156073	0.005940
93.846118	0.002210
94.536163	-0.003990
95.226208	-0.012760
95.916253	-0.023870
96.606298	-0.036690
97.296343	-0.050210
97.986388	-0.063090
98.676433	-0.073850
99.366478	-0.081010
100.056523	-0.083400
100.746568	-0.080480
101.436613	-0.072390
102.126658	-0.059930
102.816703	-0.044250
103.506748	-0.026590
104.196793	-0.008140
104.886838	0.010030
105.576883	0.027010
106.266928	0.042010
106.956973	0.054460
107.647018	0.064160
108.337063	0.071270
109.027108	0.076140
109.717153	0.079200
110.407198	0.080910
111.097242	0.081740
111.787287	0.082330
112.477332	0.083410
113.167377	0.085840
113.857422	0.090440
114.547467	0.097710
115.237512	0.107650
115.927557	0.119660
116.617602	0.132560
117.307647	0.144790
117.997692	0.154570
118.687737	0.160060
119.377782	0.159530
120.067827	0.151560
120.757872	0.135280
121.447917	0.110730
122.137962	0.078990
122.828007	0.042010
123.518052	0.002310
124.208097	-0.037630
124.898142	-0.075820
125.588187	-0.110940
126.278232	-0.142400
126.968277	-0.170080
127.658322	-0.194090
128.348367	-0.214590
129.038412	-0.231570
129.728457	-0.244840
130.418502	-0.253940
131.108547	-0.258240
131.798592	-0.257050
132.488637	-0.249670
133.178682	-0.235520
133.868727	-0.214210
134.558772	-0.185700
135.248817	-0.150450
135.938862	-0.109630
136.628907	-0.065140
137.318952	-0.019420
138.008997	0.024880
138.699042	0.065460
139.389087	0.100480
140.079132	0.128700
140.769177	0.149390
141.459222	0.162130
142.149267	0.166880
142.839312	0.164000
143.529357	0.154350
144.219402	0.139320
144.909447	0.120660
145.599492	0.100370
146.289537	0.080430
146.979582	0.062520
147.669627	0.047970
148.359672	0.037580
149.049717	0.031560
149.739762	0.029610
150.429807	0.030960
151.119852	0.034610
151.809897	0.039470
152.499942	0.044490
153.189987	0.048690
153.880032	0.051300
154.570077	0.051730
155.260121	0.049610
155.950166	0.044770
156.640211	0.037280
157.330256	0.027290
158.020301	0.015040
158.710346	0.000780
159.400391	-0.015140
160.090436	-0.032180
160.780481	-0.049500
161.470526	-0.066030
162.160571	-0.080500
162.850616	-0.091640
163.540661	-0.098550
164.230706	-0.100800
164.920751	-0.098500
165.610796	-0.092250
166.300841	-0.082930
166.990886	-0.071600
167.680931	-0.059310
168.370976	-0.047050
169.061021	-0.035660
169.751066	-0.025820
170.441111	-0.018030
171.131156	-0.012620
171.821201	-0.009710
172.511246	-0.009330
173.201291	-0.011450
173.891336	-0.016010
174.581381	-0.022890
175.271426	-0.031890
175.961471	-0.042640
176.651516	-0.054480
177.341561	-0.066380
178.031606	-0.076980
178.721651	-0.084720
179.411696	-0.088160
180.101741	-0.086260
180.791786	-0.078540
181.481831	-0.065240
182.171876	-0.047110
182.861921	-0.025240
183.551966	-0.000870
184.242011	0.024730
184.932056	0.050320
185.622101	0.074770
186.312146	0.097120
187.002191	0.116600
187.692236	0.132590
188.382281	0.144540
189.072326	0.151910
189.762371	0.154260
190.452416	0.151370
191.142461	0.143340
191.832506	0.130660
192.522551	0.114170
193.212596	0.094980
193.902641	0.074340
194.592686	0.053540
195.282731	0.033820
195.972776	0.016260
196.662821	0.001520
197.352866	-0.010250
198.042911	-0.019470
198.732956	-0.026980
199.423000	-0.033830
200.113045	-0.040960
200.803090	-0.048960
201.493135	-0.057840
202.183180	-0.067050
202.873225	-0.075650
203.563270	-0.082460
204.253315	-0.086110
204.943360	-0.085200
205.633405	-0.078440
206.323450	-0.064780
207.013495	-0.043700
207.703540	-0.015540
208.393585	0.018320
209.083630	0.055720
209.773675	0.093910
210.463720	0.130010
211.153765	0.161330
211.843810	0.185600
212.533855	0.201110
213.223900	0.206720
213.913945	0.202010
214.603990	0.187420
215.294035	0.164610
215.984080	0.136500
216.674125	0.106990
217.364170	0.080330
218.054215	0.060350
218.744260	0.049670
219.434305	0.049140
220.124350	0.057840
220.814395	0.073370
221.504440	0.092350
222.194485	0.111070
222.884530	0.126120
223.574575	0.134850
224.264620	0.135520
224.954665	0.127060
225.644710	0.108730
226.334755	0.079810
227.024800	0.039480
227.714845	-0.012870
228.404890	-0.077160
229.094935	-0.152090
229.784980	-0.234930
230.475025	-0.321700
231.165070	-0.407710
231.855115	-0.488240
232.545160	-0.559010
233.235205	-0.616550
233.925250	-0.658260
234.615295	-0.682250
235.305340	-0.687210
235.995385	-0.672290
236.685430	-0.637060
237.375475	-0.581490
238.065520	-0.506210
238.755565	-0.412800
239.445610	-0.304040
240.135655	-0.184150
240.825700	-0.058570
241.515745	0.066500
242.205790	0.184950
242.895835	0.291450
243.585879	0.381990
244.275924	0.454020
244.965969	0.506290
245.656014	0.538600
246.346059	0.551640
247.036104	0.546920
247.726149	0.526710
248.416194	0.493900
249.106239	0.451830
249.796284	0.403930
250.486329	0.353600
251.176374	0.303950
251.866419	0.257620
252.556464	0.216590
253.246509	0.182220
253.936554	0.155210
254.626599	0.135640
255.316644	0.122910
256.006689	0.115610
256.696734	0.111430
257.386779	0.107190
258.076824	0.099160
258.766869	0.083750
259.456914	0.058200
260.146959	0.021100
260.837004	-0.027310
261.527049	-0.085290
262.217094	-0.149760
262.907139	-0.216810
263.597184	-0.282000
264.287229	-0.340720
264.977274	-0.388500
265.667319	-0.421490
266.357364	-0.436920
267.047409	-0.433620
267.737454	-0.412430
268.427499	-0.376220
269.117544	-0.329350
269.807589	-0.276870
270.497634	-0.223530
271.187679	-0.172890
271.877724	-0.127010
272.567769	-0.086780
273.257814	-0.052610
273.947859	-0.024960
274.637904	-0.004560
275.327949	0.007980
276.017994	0.012690
276.708039	0.010900
277.398084	0.005390
278.088129	-0.000150
278.778174	-0.001880
279.468219	0.003190
280.158264	0.016620
280.848309	0.038290
281.538354	0.066640
282.228399	0.098980
282.918444	0.131950
283.608489	0.161790
284.298534	0.184800
284.988579	0.197820
285.678624	0.198860
286.368669	0.187480
287.058714	0.164930
287.748758	0.133830
288.438803	0.097490
289.128848	0.059440
289.818893	0.023100
290.508938	-0.008490
291.198983	-0.032780
291.889028	-0.047740
292.579073	-0.052020
293.269118	-0.045100
293.959163	-0.027390
294.649208	-0.000310
295.339253	0.033870
296.029298	0.071980
296.719343	0.110280
297.409388	0.144640
298.099433	0.170980
298.789478	0.185630
299.479523	0.185850
300.169568	0.170210
300.859613	0.138960
301.549658	0.094100
302.239703	0.039220
302.929748	-0.020900
303.619793	-0.080880
304.309838	-0.135320
304.999883	-0.179490
305.689928	-0.209740
306.379973	-0.223840
307.070018	-0.220900
307.760063	-0.201350
308.450108	-0.166770
309.140153	-0.119920
309.830198	-0.064720
310.520243	-0.006130
311.210288	0.050300
311.900333	0.099110
312.590378	0.135520
313.280423	0.156210
313.970468	0.159770
314.660513	0.146810
315.350558	0.119750
316.040603	0.082560
316.730648	0.040160
317.420693	-0.002260
318.110738	-0.040020
318.800783	-0.069630
319.490828	-0.089310
320.180873	-0.099040
320.870918	-0.100270
321.560963	-0.095260
322.251008	-0.086420
322.941053	-0.075770
323.631098	-0.064740
324.321143	-0.054170
325.011188	-0.044490
325.701233	-0.035810
326.391278	-0.028010
327.081323	-0.021050
327.771368	-0.015120
328.461413	-0.010690
329.151458	-0.008460
329.841503	-0.009150
330.531548	-0.013250
331.221593	-0.020770
331.911637	-0.031180
332.601682	-0.043470
333.291727	-0.056100
333.981772	-0.067110
334.671817	-0.074350
335.361862	-0.075550
336.051907	-0.068600
336.741952	-0.051990
337.431997	-0.025320
338.122042	0.010300
338.812087	0.052170
339.502132	0.096100
340.192177	0.137260
340.882222	0.170810
341.572267	0.192830
342.262312	0.201080
342.952357	0.195230
343.642402	0.176790
344.332447	0.148860
345.022492	0.115480
345.712537	0.080740
346.402582	0.048110
347.092627	0.020060
347.782672	-0.002190
348.472717	-0.018510
349.162762	-0.029670
349.852807	-0.036830
350.542852	-0.041330
351.232897	-0.044310
351.922942	-0.046610
352.612987	-0.048630
353.303032	-0.050520
353.993077	-0.052200
354.683122	-0.053560
355.373167	-0.054550
356.063212	-0.055110
356.753257	-0.055210
357.443302	-0.054800
358.133347	-0.053840
358.823392	-0.052350
359.513437	-0.050460
360.203482	-0.048410
360.893527	-0.046460
361.583572	-0.044780
362.273617	-0.043400
362.963662	-0.042210
363.653707	-0.040840
364.343752	-0.038650
365.033797	-0.034820
365.723842	-0.028490
366.413887	-0.018940
367.103932	-0.005930
367.793977	0.010070
368.484022	0.027810
369.174067	0.045410
369.864112	0.060720
370.554157	0.071700
371.244202	0.076890
371.934247	0.075620
372.624292	0.068000
373.314337	0.054730
374.004382	0.037000
374.694427	0.016220
375.384472	-0.005990
376.074516	-0.027870
376.764561	-0.047610
377.454606	-0.063640
378.144651	-0.074890
378.834696	-0.081000
379.524741	-0.082330
380.214786	-0.079770
380.904831	-0.074350
381.594876	-0.066940
382.284921	-0.058030
382.974966	-0.047710
383.665011	-0.035790
384.355056	-0.022040
385.045101	-0.006360
385.735146	0.011020
386.425191	0.029440
387.115236	0.047850
387.805281	0.064910
388.495326	0.079250
389.185371	0.089700
389.875416	0.095560
390.565461	0.096650
391.255506	0.093390
391.945551	0.086630
392.635596	0.077390
393.325641	0.066670
394.015686	0.055270
394.705731	0.043730
395.395776	0.032350
396.085821	0.021220
396.775866	0.010220
397.465911	-0.000880
398.155956	-0.012340
398.846001	-0.024360
399.536046	-0.036970
400.226091	-0.050030
400.916136	-0.063170
401.606181	-0.075880
402.296226	-0.087500
402.986271	-0.097220
403.676316	-0.104190
404.366361	-0.107550
405.056406	-0.106660
405.746451	-0.101210
406.436496	-0.091290
407.126541	-0.077380
407.816586	-0.060200
408.506631	-0.040730
409.196676	-0.020100
409.886721	0.000400
410.576766	0.019330
411.266811	0.035160
411.956856	0.046560
412.646901	0.052550
413.336946	0.052740
414.026991	0.047430
414.717036	0.037510
415.407081	0.024370
416.097126	0.009710
416.787171	-0.004660
417.477216	-0.017050
418.167261	-0.026110
418.857306	-0.030840
419.547351	-0.030750
420.237395	-0.025860
420.927440	-0.016710
421.617485	-0.004410
422.307530	0.009550
422.997575	0.023310
423.687620	0.034990
424.377665	0.042830
425.067710	0.045440
425.757755	0.041950
426.447800	0.032060
427.137845	0.016180
427.827890	-0.004480
428.517935	-0.027970
429.207980	-0.051730
429.898025	-0.072990
430.588070	-0.089240
431.278115	-0.098660
431.968160	-0.100340
432.658205	-0.094320
433.348250	-0.081360
434.038295	-0.062730
434.728340	-0.039940
435.418385	-0.014600
436.108430	0.011630
436.798475	0.037170
437.488520	0.060490
438.178565	0.080140
438.868610	0.094870
439.558655	0.103700
440.248700	0.106030
440.938745	0.101860
441.628790	0.091930
442.318835	0.077710
443.008880	0.061090
443.698925	0.044020
444.388970	0.028050
445.079015	0.014080
445.769060	0.002410
446.459105	-0.006970
447.149150	-0.013980
447.839195	-0.018190
448.529240	-0.018870
449.219285	-0.015190
449.909330	-0.006490
450.599375	0.007520
451.289420	0.026720
451.979465	0.050440
452.669510	0.077610
453.359555	0.106890
454.049600	0.136710
454.739645	0.165480
455.429690	0.191610
456.119735	0.213630
456.809780	0.230190
457.499825	0.240060
458.189870	0.242140
458.879915	0.235480
459.569960	0.219320
460.260005	0.193420
460.950050	0.158440
461.640095	0.116580
462.330140	0.071770
463.020185	0.028970
463.710230	-0.007000
464.400275	-0.032610
465.090319	-0.046570
465.780364	-0.050060
466.470409	-0.046120
467.160454	-0.038700
467.850499	-0.031890
468.540544	-0.029310
469.230589	-0.033630
469.920634	-0.046350
470.610679	-0.067900
471.300724	-0.097860
471.990769	-0.135250
472.680814	-0.178910
473.370859	-0.227590
474.060904	-0.280100
474.750949	-0.335250
475.440994	-0.391780
476.131039	-0.448390
476.821084	-0.503600
477.511129	-0.555720
478.201174	-0.602560
478.891219	-0.641220
479.581264	-0.668000
480.271309	-0.678500
480.961354	-0.668020
481.651399	-0.632290
482.341444	-0.568480
483.031489	-0.476250
483.721534	-0.358450
484.411579	-0.220870
485.101624	-0.071310
485.791669	0.081710
486.481714	0.230330
487.171759	0.368250
487.861804	0.490770
488.551849	0.594520
489.241894	0.677180
489.931939	0.737350
490.621984	0.774420
491.312029	0.788750
492.002074	0.781600
492.692119	0.754960
493.382164	0.711370
494.072209	0.653650
494.762254	0.584540
495.452299	0.506440
496.142344	0.421360
496.832389	0.330880
497.522434	0.236410
498.212479	0.139300
498.902524	0.041080
499.592569	-0.056550
500.282614	-0.151640
500.972659	-0.241990
501.662704	-0.325250
502.352749	-0.399040
503.042794	-0.461190
503.732839	-0.509860
504.422884	-0.543620
505.112929	-0.561430
505.802974	-0.562660
506.493019	-0.547100
507.183064	-0.515190
507.873109	-0.468420
508.563154	-0.409630
509.253198	-0.342980
509.943243	-0.273470
510.633288	-0.206120
511.323333	-0.145080
512.013378	-0.092960
512.703423	-0.050420
513.393468	-0.016450
514.083513	0.011180
514.773558	0.035360
515.463603	0.058850
516.153648	0.083490
516.843693	0.109580
517.533738	0.135680
518.223783	0.158970
518.913828	0.176070
519.603873	0.184010
520.293918	0.181160
520.983963	0.167570
521.674008	0.145070
522.364053	0.117040
523.054098	0.087960
523.744143	0.062790
524.434188	0.046110
525.124233	0.041250
525.814278	0.049340
526.504323	0.068840
527.194368	0.095840
527.884413	0.125040
528.574458	0.150970
529.264503	0.169180
529.954548	0.176900
530.644593	0.172960
531.334638	0.157360
532.024683	0.130820
532.714728	0.094720
533.404773	0.051180
534.094818	0.003250
534.784863	-0.045220
535.474908	-0.089920
536.164953	-0.126730
536.854998	-0.152430
537.545043	-0.165270
538.235088	-0.165120
538.925133	-0.153380
539.615178	-0.132520
540.305223	-0.105560
540.995268	-0.075560
541.685313	-0.045270
542.375358	-0.016990
543.065403	0.007560
543.755448	0.027260
544.445493	0.041550
545.135538	0.050560
545.825583	0.054900
546.515628	0.055440
547.205673	0.053030
547.895718	0.048190
548.585763	0.041120
549.275808	0.031810
549.965853	0.020300
550.655898	0.006870
551.345943	-0.007730
552.035988	-0.022430
552.726033	-0.035940
553.416077	-0.047030
554.106122	-0.054780
554.796167	-0.058670
555.486212	-0.058590
556.176257	-0.054830
556.866302	-0.047850
557.556347	-0.038240
558.246392	-0.026630
558.936437	-0.013630
559.626482	0.000220
560.316527	0.014410
561.006572	0.028430
561.696617	0.041710
562.386662	0.053610
563.076707	0.063460
563.766752	0.070570
564.456797	0.074400
565.146842	0.074630
565.836887	0.071150
566.526932	0.064080
567.216977	0.053770
567.907022	0.040760
568.597067	0.025840
569.287112	0.009980
569.977157	-0.005650
570.667202	-0.019990
571.357247	-0.032270
572.047292	-0.042170
572.737337	-0.049810
573.427382	-0.055640
574.117427	-0.060150
574.807472	-0.063710
575.497517	-0.066390
576.187562	-0.067930
576.877607	-0.067840
577.567652	-0.065470
578.257697	-0.060270
578.947742	-0.051960
579.637787	-0.040750
580.327832	-0.027340
581.017877	-0.012830
581.707922	0.001520
582.397967	0.014460
583.088012	0.025020
583.778057	0.032600
584.468102	0.037060
585.158147	0.038690
585.848192	0.038090
586.538237	0.036030
587.228282	0.033280
587.918327	0.030560
588.608372	0.028400
589.298417	0.027140
589.988462	0.026880
590.678507	0.027420
591.368552	0.028360
592.058597	0.029120
592.748642	0.029090
593.438687	0.027740
594.128732	0.024670
594.818777	0.019720
595.508822	0.013070
596.198867	0.005250
596.888912	-0.002940
597.578956	-0.010490
598.269001	-0.016430
598.959046	-0.019960
599.649091	-0.020590
600.339136	-0.018170
601.029181	-0.012860
601.719226	-0.005080
602.409271	0.004630
603.099316	0.015680
603.789361	0.027440
604.479406	0.039290
605.169451	0.050620
605.859496	0.060800
606.549541	0.069170
607.239586	0.075210
607.929631	0.078520
608.619676	0.078780
609.309721	0.075740
609.999766	0.069130
610.689811	0.058530
611.379856	0.043450
612.069901	0.023450
612.759946	-0.001600
613.449991	-0.031260
614.140036	-0.064380
614.830081	-0.099100
615.520126	-0.133150
616.210171	-0.164130
616.900216	-0.189820
617.590261	-0.208420
618.280306	-0.218700
618.970351	-0.219980
619.660396	-0.212170
620.350441	-0.195700
621.040486	-0.171550
621.730531	-0.141230
622.420576	-0.106620
623.110621	-0.069880
623.800666	-0.033160
624.490711	0.001640
625.180756	0.033110
625.870801	0.060240
626.560846	0.082440
627.250891	0.099450
627.940936	0.111290
628.630981	0.118330
629.321026	0.121230
630.011071	0.120870
630.701116	0.118150
631.391161	0.113840
632.081206	0.108420
632.771251	0.102090
633.461296	0.094790
634.151341	0.086290
634.841386	0.076290
635.531431	0.064480
636.221476	0.050650
636.911521	0.034800
637.601566	0.017170
638.291611	-0.001770
638.981656	-0.021280
639.671701	-0.040510
640.361746	-0.058460
641.051791	-0.074170
641.741835	-0.086740
642.431880	-0.095550
643.121925	-0.100210
643.811970	-0.100630
644.502015	-0.096920
645.192060	-0.089350
645.882105	-0.078310
646.572150	-0.064380
647.262195	-0.048330
647.952240	-0.031100
648.642285	-0.013690
649.332330	0.002990
650.022375	0.018200
650.712420	0.031320
651.402465	0.041710
652.092510	0.048660
652.782555	0.051460
653.472600	0.049570
654.162645	0.042900
654.852690	0.032000
655.542735	0.018080
656.232780	0.002720
656.922825	-0.012350
657.612870	-0.025660
658.302915	-0.036060
658.992960	-0.042820
659.683005	-0.045590
660.373050	-0.044410
661.063095	-0.039610
661.753140	-0.031860
662.443185	-0.022050
663.133230	-0.011230
663.823275	-0.000400
664.513320	0.009600
665.203365	0.018090
665.893410	0.024600
666.583455	0.028950
667.273500	0.031110
667.963545	0.031180
668.653590	0.029350
669.343635	0.025850
670.033680	0.021000
670.723725	0.015280
671.413770	0.009220
672.103815	0.003410
672.793860	-0.001760
673.483905	-0.006080
674.173950	-0.009570
674.863995	-0.012330
675.554040	-0.014440
676.244085	-0.015890
676.934130	-0.016640
677.624175	-0.016590
678.314220	-0.015630
679.004265	-0.013610
679.694310	-0.010380
680.384355	-0.005730
681.074400	0.000550
681.764445	0.008700
682.454490	0.018910
683.144535	0.031140
683.834580	0.045070
684.524625	0.060090
685.214670	0.075280
685.904714	0.089680
686.594759	0.102350
687.284804	0.112430
687.974849	0.119160
688.664894	0.121990
689.354939	0.120770
690.044984	0.115850
690.735029	0.107980
691.425074	0.098200
692.115119	0.087530
692.805164	0.076710
693.495209	0.066130
694.185254	0.056140
694.875299	0.047300
695.565344	0.040470
696.255389	0.036660
696.945434	0.037000
697.635479	0.042460
698.325524	0.053480
699.015569	0.069820
699.705614	0.090350
700.395659	0.112950
701.085704	0.134490
701.775749	0.151270
702.465794	0.159560
703.155839	0.156400
703.845884	0.140090
704.535929	0.110430
705.225974	0.068710
705.916019	0.017420
706.606064	-0.040220
707.296109	-0.100850
707.986154	-0.161340
708.676199	-0.219190
709.366244	-0.272750
710.056289	-0.321200
710.746334	-0.364370
711.436379	-0.402400
712.126424	-0.435590
712.816469	-0.464110
713.506514	-0.487840
714.196559	-0.506180
714.886604	-0.518070
715.576649	-0.522120
716.266694	-0.516670
716.956739	-0.500030
717.646784	-0.470680
718.336829	-0.427450
719.026874	-0.369660
719.716919	-0.297300
720.406964	-0.211410
721.097009	-0.114440
721.787054	-0.010630
722.477099	0.094190
723.167144	0.193350
723.857189	0.280220
724.547234	0.349390
725.237279	0.397570
725.927324	0.423870
726.617369	0.429630
727.307414	0.418010
727.997459	0.393450
728.687504	0.361070
729.377549	0.326060
730.067593	0.293160
730.757638	0.266180
731.447683	0.247770
732.137728	0.239280
732.827773	0.240740
733.517818	0.250990
734.207863	0.267730
734.897908	0.287760
735.587953	0.307200
736.277998	0.321970
736.968043	0.328260
737.658088	0.323100
738.348133	0.304680
739.038178	0.272540
739.728223	0.227460
740.418268	0.171210
741.108313	0.106100
741.798358	0.034600
742.488403	-0.040890
743.178448	-0.118190
743.868493	-0.195250
744.558538	-0.270200
745.248583	-0.341410
745.938628	-0.407400
746.628673	-0.466900
747.318718	-0.518570
748.008763	-0.560800
748.698808	-0.591480
749.388853	-0.608060
750.078898	-0.607760
750.768943	-0.588080
751.458988	-0.547390
752.149033	-0.485570
752.839078	-0.404570
753.529123	-0.308510
754.219168	-0.203440
754.909213	-0.096610
755.599258	0.004540
756.289303	0.093460
756.979348	0.165210
757.669393	0.216910
758.359438	0.247950
759.049483	0.259840
759.739528	0.255770
760.429573	0.240040
761.119618	0.217430
761.809663	0.192470
762.499708	0.169000
763.189753	0.149840
763.879798	0.136690
764.569843	0.130090
765.259888	0.129490
765.949933	0.133440
766.639978	0.139820
767.330023	0.146180
768.020068	0.150150
768.710113	0.149670
769.400158	0.143290
770.090203	0.130240
770.780248	0.110580
771.470293	0.085130
772.160338	0.055470
772.850383	0.023700
773.540428	-0.007800
774.230472	-0.036730
774.920517	-0.061200
775.610562	-0.080000
776.300607	-0.092660
776.990652	-0.099280
777.680697	-0.100280
778.370742	-0.096190
779.060787	-0.087580
779.750832	-0.075090
780.440877	-0.059420
781.130922	-0.041270
781.820967	-0.021300
782.511012	-0.000060
783.201057	0.021850
783.891102	0.043550
784.581147	0.063740
785.271192	0.080720
785.961237	0.092610
786.651282	0.097770
787.341327	0.095140
788.031372	0.084480
788.721417	0.066380
789.411462	0.042180
790.101507	0.013760
790.791552	-0.016570
791.481597	-0.046330
792.171642	-0.072900
792.861687	-0.093870
793.551732	-0.107350
794.241777	-0.112260
794.931822	-0.108600
795.621867	-0.097420
796.311912	-0.080500
797.001957	-0.059980
797.692002	-0.037950
798.382047	-0.016110
799.072092	0.004330
799.762137	0.022740
800.452182	0.038880
801.142227	0.052840
801.832272	0.064820
802.522317	0.075030
803.212362	0.083480
803.902407	0.089970
804.592452	0.094030
805.282497	0.095110
805.972542	0.092620
806.662587	0.086170
807.352632	0.075740
808.042677	0.061710
808.732722	0.044990
809.422767	0.026960
810.112812	0.009360
810.802857	-0.005950
811.492902	-0.017330
812.182947	-0.023640
812.872992	-0.024600
813.563037	-0.020880
814.253082	-0.013950
814.943127	-0.005750
815.633172	0.001790
816.323217	0.007170
817.013262	0.009470
817.703307	0.008490
818.393351	0.004530
819.083396	-0.001800
819.773441	-0.009840
820.463486	-0.018960
821.153531	-0.028550
821.843576	-0.038050
822.533621	-0.046950
823.223666	-0.054800
823.913711	-0.061360
824.603756	-0.066640
825.293801	-0.070960
825.983846	-0.074820
826.673891	-0.078770
827.363936	-0.083180
828.053981	-0.088160
828.744026	-0.093390
829.434071	-0.098090
830.124116	-0.101100
830.814161	-0.100960
831.504206	-0.096230
832.194251	-0.085870
832.884296	-0.069580
833.574341	-0.048020
834.264386	-0.022780
834.954431	0.004010
835.644476	0.030080
836.334521	0.053390
837.024566	0.072350
837.714611	0.085930
838.404656	0.093700
839.094701	0.095730
839.784746	0.092530
840.474791	0.085070
841.164836	0.074560
841.854881	0.062340
842.544926	0.049640
843.234971	0.037500
843.925016	0.026640
844.615061	0.017390
845.305106	0.009740
845.995151	0.003500
846.685196	-0.001570
847.375241	-0.005700
848.065286	-0.009020
848.755331	-0.011560
849.445376	-0.013260
850.135421	-0.014010
850.825466	-0.013640
851.515511	-0.011880
852.205556	-0.008370
852.895601	-0.002750
853.585646	0.005310
854.275691	0.015870
854.965736	0.028650
855.655781	0.042980
856.345826	0.057800
857.035871	0.071790
857.725916	0.083580
858.415961	0.091990
859.106006	0.096070
859.796051	0.095130
860.486096	0.088840
861.176141	0.077220
861.866186	0.060620
862.556230	0.039840
863.246275	0.016240
863.936320	-0.008420
864.626365	-0.032180
865.316410	-0.053100
866.006455	-0.069650
866.696500	-0.080890
867.386545	-0.086710
868.076590	-0.087790
868.766635	-0.085460
869.456680	-0.081390
870.146725	-0.077310
870.836770	-0.074710
871.526815	-0.074620
872.216860	-0.077590
872.906905	-0.083690
873.596950	-0.092540
874.286995	-0.103250
874.977040	-0.114420
875.667085	-0.124290
876.357130	-0.130940
877.047175	-0.132870
877.737220	-0.129200
878.427265	-0.119790
879.117310	-0.105170
879.807355	-0.086380
880.497400	-0.064730
881.187445	-0.041600
881.877490	-0.018420
882.567535	0.003490
883.257580	0.023160
883.947625	0.039940
884.637670	0.053580
885.327715	0.064170
886.017760	0.072090
886.707805	0.077920
887.397850	0.082390
888.087895	0.086220
888.777940	0.090010
889.467985	0.094080
890.158030	0.098370
890.848075	0.102540
891.538120	0.106010
892.228165	0.108120
892.918210	0.108210
893.608255	0.105700
894.298300	0.100080
894.988345	0.090880
895.678390	0.077740
896.368435	0.060550
897.058480	0.039560
897.748525	0.015560
898.438570	-0.010110
899.128615	-0.035730
899.818660	-0.059320
900.508705	-0.078950
901.198750	-0.093100
901.888795	-0.100870
902.578840	-0.102190
903.268885	-0.097770
903.958930	-0.088810
904.648975	-0.076630
905.339020	-0.062370
906.029065	-0.046850
906.719110	-0.030710
907.409154	-0.014500
908.099199	0.001110
908.789244	0.015410
909.479289	0.027760
910.169334	0.037740
910.859379	0.045190
911.549424	0.050190
912.239469	0.052890
912.929514	0.053360
913.619559	0.051520
914.309604	0.047160
914.999649	0.040040
915.689694	0.030120
916.379739	0.017720
917.069784	0.003600
917.759829	-0.010960
918.449874	-0.024360
919.139919	-0.034860
919.829964	-0.040990
920.520009	-0.041890
921.210054	-0.037600
921.900099	-0.028960
922.590144	-0.017360
923.280189	-0.004220
923.970234	0.009430
924.660279	0.023090
925.350324	0.036740
926.040369	0.050570
926.730414	0.064720
927.420459	0.079240
928.110504	0.093970
928.800549	0.108680
929.490594	0.123090
930.180639	0.136870
930.870684	0.149600
931.560729	0.160620
932.250774	0.169150
932.940819	0.174260
933.630864	0.175150
934.320909	0.171310
935.010954	0.162800
935.700999	0.150460
936.391044	0.135840
937.081089	0.120800
937.771134	0.107030
938.461179	0.095690
939.151224	0.087180
939.841269	0.081390
940.531314	0.077970
941.221359	0.076430
941.911404	0.076130
942.601449	0.076070
943.291494	0.074650
943.981539	0.069800
944.671584	0.059310
945.361629	0.041180
946.051674	0.014180
946.741719	-0.021770
947.431764	-0.065480
948.121809	-0.114520
948.811854	-0.165830
949.501899	-0.216390
950.191944	-0.263910
950.881989	-0.307070
951.572033	-0.345530
952.262078	-0.379540
952.952123	-0.409530
953.642168	-0.435900
954.332213	-0.458870
955.022258	-0.478420
955.712303	-0.494230
956.402348	-0.505580
957.092393	-0.511360
957.782438	-0.510130
958.472483	-0.500290
959.162528	-0.480320
959.852573	-0.449040
960.542618	-0.405830
961.232663	-0.350750
961.922708	-0.284530
962.612753	-0.208530
963.302798	-0.124520
963.992843	-0.034710
964.682888	0.058200
965.372933	0.151100
966.062978	0.240610
966.753023	0.323430
967.443068	0.396730
968.133113	0.458370
968.823158	0.507000
969.513203	0.541880
970.203248	0.562780
970.893293	0.569970
971.583338	0.564170
972.273383	0.546640
972.963428	0.519100
973.653473	0.483610
974.343518	0.442390
975.033563	0.397670
975.723608	0.351470
976.413653	0.305430
977.103698	0.260670
977.793743	0.217760
978.483788	0.176740
979.173833	0.137240
979.863878	0.098610
980.553923	0.060060
981.243968	0.020720
981.934013	-0.020080
982.624058	-0.062680
983.314103	-0.106800
984.004148	-0.151450
984.694193	-0.195060
985.384238	-0.235750
986.074283	-0.271650
986.764328	-0.301260
987.454373	-0.323440
988.144418	-0.337420
988.834463	-0.342730
989.524508	-0.339250
990.214553	-0.327430
990.904598	-0.308500
991.594643	-0.284380
992.284688	-0.257350
992.974733	-0.229440
993.664778	-0.202030
994.354823	-0.175680
995.044868	-0.150480
995.734912	-0.126440
996.424957	-0.103670
997.115002	-0.082380
997.805047	-0.062620
998.495092	-0.044260
999.185137	-0.027150
999.875182	-0.011390
1000.565227	0.002360
1001.255272	0.013030
1001.945317	0.019340
1002.635362	0.020350
1003.325407	0.015860
1004.015452	0.006600
1004.705497	-0.005710
1005.395542	-0.018740
1006.085587	-0.029780
1006.775632	-0.036360
1007.465677	-0.036630
1008.155722	-0.029670
1008.845767	-0.015680
1009.535812	0.004210
1010.225857	0.028190
1010.915902	0.054150
1011.605947	0.079980
1012.295992	0.103970
1012.986037	0.124870
1013.676082	0.141990
1014.366127	0.155040
1015.056172	0.163910
1015.746217	0.168460
1016.436262	0.168450
1017.126307	0.163600
1017.816352	0.153800
1018.506397	0.139310
1019.196442	0.120820
1019.886487	0.099300
1020.576532	0.075990
1021.266577	0.052250
1021.956622	0.029580
1022.646667	0.009490
1023.336712	-0.006650
1024.026757	-0.017960
1024.716802	-0.024210
1025.406847	-0.025990
1026.096892	-0.024510
1026.786937	-0.021320
1027.476982	-0.017900
1028.167027	-0.015360
1028.857072	-0.014290
1029.547117	-0.014660
1030.237162	-0.016040
1030.927207	-0.017810
1031.617252	-0.019340
1032.307297	-0.020200
1032.997342	-0.020340
1033.687387	-0.020070
1034.377432	-0.019910
1035.067477	-0.020300
1035.757522	-0.021340
1036.447567	-0.022670
1037.137612	-0.023480
1037.827657	-0.022770
1038.517702	-0.019720
1039.207747	-0.014060
1039.897791	-0.006400
1040.587836	0.001630
1041.277881	0.007550
1041.967926	0.008510
1042.657971	0.002070
1043.348016	-0.013080
1044.038061	-0.036670
1044.728106	-0.066710
1045.418151	-0.099820
1046.108196	-0.131790
1046.798241	-0.158070
1047.488286	-0.174330
1048.178331	-0.176890
1048.868376	-0.163230
1049.558421	-0.132430
1050.248466	-0.085540
1050.938511	-0.025680
1051.628556	0.042180
1052.318601	0.112000
1053.008646	0.177540
1053.698691	0.233290
1054.388736	0.275060
1055.078781	0.300180
1055.768826	0.307560
1056.458871	0.297480
1057.148916	0.271520
1057.838961	0.232240
1058.529006	0.182880
1059.219051	0.126880
1059.909096	0.067510
1060.599141	0.007680
1061.289186	-0.050160
1061.979231	-0.103890
