0.000000	-0.067030
0.690014	-0.063310
1.380027	-0.060090
2.070041	-0.057880
2.760055	-0.057030
3.450068	-0.057720
4.140082	-0.059960
4.830095	-0.063500
5.520109	-0.067870
6.210123	-0.072350
6.900136	-0.076020
7.590150	-0.077750
8.280164	-0.076380
8.970177	-0.070900
9.660191	-0.060690
10.350204	-0.045640
11.040218	-0.026320
11.730232	-0.003920
12.420245	0.019930
13.110259	0.043430
13.800273	0.064860
14.490286	0.082890
15.180300	0.096820
15.870313	0.106710
16.560327	0.113440
17.250341	0.118530
17.940354	0.123820
18.630368	0.131110
19.320382	0.141770
20.010395	0.156540
20.700409	0.175450
21.390422	0.197970
22.080436	0.223130
22.770450	0.249650
23.460463	0.276040
24.150477	0.300670
24.840491	0.321870
25.530504	0.338050
26.220518	0.347820
26.910531	0.350050
27.600545	0.343910
28.290559	0.328870
28.980572	0.304650
29.670586	0.271330
30.360600	0.229340
31.050613	0.179570
31.740627	0.123490
32.430640	0.063160
33.120654	0.001090
33.810668	-0.060080
34.500681	-0.117820
35.190695	-0.169900
35.880709	-0.214570
36.570722	-0.250600
37.260736	-0.277210
37.950750	-0.294170
38.640763	-0.301850
39.330777	-0.301320
40.020790	-0.294170
40.710804	-0.282340
41.400818	-0.267790
42.090831	-0.252200
42.780845	-0.236740
43.470859	-0.221990
44.160872	-0.208060
44.850886	-0.194710
45.540899	-0.181580
46.230913	-0.168430
46.920927	-0.155160
47.610940	-0.141870
48.300954	-0.128830
48.990968	-0.116370
49.680981	-0.104800
50.370995	-0.094370
51.061008	-0.085270
51.751022	-0.077600
52.441036	-0.071370
53.131049	-0.066520
53.821063	-0.062850
54.511077	-0.060080
55.201090	-0.057800
55.891104	-0.055600
56.581117	-0.053070
57.271131	-0.049860
57.961145	-0.045760
58.651158	-0.040630
59.341172	-0.034460
60.031186	-0.027310
60.721199	-0.019310
61.411213	-0.010600
62.101226	-0.001370
62.791240	0.008270
63.481254	0.018200
64.171267	0.028380
64.861281	0.038790
65.551295	0.049450
66.241308	0.060380
66.931322	0.071570
67.621335	0.082900
68.311349	0.094140
69.001363	0.104930
69.691376	0.114800
70.381390	0.123250
71.071404	0.129790
71.761417	0.133990
72.451431	0.135530
73.141444	0.134270
73.831458	0.130150
74.521472	0.123250
75.211485	0.113700
75.901499	0.101650
76.591513	0.087320
77.281526	0.070970
77.971540	0.052970
78.661554	0.033790
79.351567	0.014010
80.041581	-0.005740
80.731594	-0.024880
81.421608	-0.042840
82.111622	-0.059170
82.801635	-0.073540
83.491649	-0.085700
84.181663	-0.095510
84.871676	-0.102890
85.561690	-0.107770
86.251703	-0.110180
86.941717	-0.110170
87.631731	-0.107890
88.321744	-0.103560
89.011758	-0.097440
89.701772	-0.089860
90.391785	-0.081150
91.081799	-0.071610
91.771812	-0.061480
92.461826	-0.050930
93.151840	-0.040010
93.841853	-0.028700
94.531867	-0.016980
95.221881	-0.004780
95.911894	0.007930
96.601908	0.021150
97.291921	0.034880
97.981935	0.049110
98.671949	0.063880
99.361962	0.079160
100.051976	0.094780
100.741990	0.110200
101.432003	0.124510
102.122017	0.136360
102.812030	0.144170
103.502044	0.146430
104.192058	0.141970
104.882071	0.130150
105.572085	0.111050
106.262099	0.085320
106.952112	0.054140
107.642126	0.018980
108.332139	-0.018540
109.022153	-0.056940
109.712167	-0.094820
110.402180	-0.130900
111.092194	-0.163980
111.782208	-0.192890
112.472221	-0.216380
113.162235	-0.233230
113.852249	-0.242350
114.542262	-0.242960
115.232276	-0.234740
115.922289	-0.217940
116.612303	-0.193370
117.302317	-0.162300
117.992330	-0.126370
118.682344	-0.087530
119.372358	-0.047970
120.062371	-0.009950
120.752385	0.024490
121.442398	0.053820
122.132412	0.077220
122.822426	0.094610
123.512439	0.106450
124.202453	0.113380
124.892467	0.116060
125.582480	0.115000
126.272494	0.110690
126.962507	0.103670
127.652521	0.094700
128.342535	0.084810
129.032548	0.075190
129.722562	0.067060
130.412576	0.061380
131.102589	0.058690
131.792603	0.058860
132.482616	0.061080
133.172630	0.063970
133.862644	0.065850
134.552657	0.064990
135.242671	0.059920
135.932685	0.049660
136.622698	0.033890
137.312712	0.012920
138.002725	-0.012400
138.692739	-0.040820
139.382753	-0.070820
140.072766	-0.100810
140.762780	-0.129190
141.452794	-0.154430
142.142807	-0.175060
142.832821	-0.189750
143.522834	-0.197510
144.212848	-0.197780
144.902862	-0.190430
145.592875	-0.175760
146.282889	-0.154460
146.972903	-0.127460
147.662916	-0.095910
148.352930	-0.061140
149.042943	-0.024580
149.732957	0.012320
150.422971	0.048310
151.112984	0.082330
151.802998	0.113660
152.493012	0.141870
153.183025	0.166750
153.873039	0.188210
154.563053	0.206200
155.253066	0.220650
155.943080	0.231360
156.633093	0.237920
157.323107	0.239730
158.013121	0.235990
158.703134	0.225840
159.393148	0.208440
160.083162	0.183190
160.773175	0.149830
161.463189	0.108650
162.153202	0.060640
162.843216	0.007500
163.533230	-0.048340
164.223243	-0.103900
164.913257	-0.155940
165.603271	-0.201320
166.293284	-0.237350
166.983298	-0.262110
167.673311	-0.274650
168.363325	-0.274910
169.053339	-0.263710
169.743352	-0.242470
170.433366	-0.213100
171.123380	-0.177750
171.813393	-0.138660
172.503407	-0.098050
173.193420	-0.057970
173.883434	-0.020230
174.573448	0.013640
175.263461	0.042490
175.953475	0.065530
176.643489	0.082430
177.333502	0.093280
178.023516	0.098550
178.713529	0.099020
179.403543	0.095630
180.093557	0.089410
180.783570	0.081280
181.473584	0.071980
182.163598	0.062060
182.853611	0.051830
183.543625	0.041550
184.233638	0.031520
184.923652	0.022190
185.613666	0.014150
186.303679	0.007960
186.993693	0.004060
187.683707	0.002550
188.373720	0.003060
189.063734	0.004830
189.753748	0.006760
190.443761	0.007630
191.133775	0.006250
191.823788	0.001730
192.513802	-0.006420
193.203816	-0.018270
193.893829	-0.033370
194.583843	-0.050930
195.273857	-0.069850
195.963870	-0.088820
196.653884	-0.106430
197.343897	-0.121150
198.033911	-0.131550
198.723925	-0.136350
199.413938	-0.134620
200.103952	-0.125890
200.793966	-0.110280
201.483979	-0.088500
202.173993	-0.061820
202.864006	-0.031930
203.554020	-0.000800
204.244034	0.029520
204.934047	0.057000
205.624061	0.079890
206.314075	0.096830
207.004088	0.107000
207.694102	0.110140
208.384115	0.106600
209.074129	0.097150
209.764143	0.082980
210.454156	0.065520
211.144170	0.046370
211.834184	0.027220
212.524197	0.009680
213.214211	-0.004880
213.904224	-0.015490
214.594238	-0.021560
215.284252	-0.022910
215.974265	-0.019700
216.664279	-0.012350
217.354293	-0.001540
218.044306	0.011810
218.734320	0.026530
219.424333	0.041270
220.114347	0.054630
220.804361	0.065360
221.494374	0.072610
222.184388	0.076060
222.874402	0.075930
223.564415	0.072840
224.254429	0.067590
224.944442	0.060910
225.634456	0.053370
226.324470	0.045350
227.014483	0.037020
227.704497	0.028380
228.394511	0.019240
229.084524	0.009320
229.774538	-0.001720
230.464552	-0.014200
231.154565	-0.028360
231.844579	-0.044260
232.534592	-0.061820
233.224606	-0.080720
233.914620	-0.100310
234.604633	-0.119590
235.294647	-0.137270
235.984661	-0.151870
236.674674	-0.161990
237.364688	-0.166520
238.054701	-0.164820
238.744715	-0.156760
239.434729	-0.142740
240.124742	-0.123580
240.814756	-0.100370
241.504770	-0.074390
242.194783	-0.047010
242.884797	-0.019620
243.574810	0.006480
244.264824	0.030120
244.954838	0.050250
245.644851	0.066010
246.334865	0.076690
247.024879	0.081790
247.714892	0.081070
248.404906	0.074680
249.094919	0.063220
249.784933	0.047840
250.474947	0.030110
251.164960	0.011900
251.854974	-0.004870
252.544988	-0.018560
253.235001	-0.027880
253.925015	-0.032010
254.615028	-0.030620
255.305042	-0.023800
255.995056	-0.011950
256.685069	0.004250
257.375083	0.024000
258.065097	0.046510
258.755110	0.071070
259.445124	0.097170
260.135137	0.124340
260.825151	0.152160
261.515165	0.179970
262.205178	0.206860
262.895192	0.231490
263.585206	0.252240
264.275219	0.267200
264.965233	0.274460
265.655247	0.272360
266.345260	0.259790
267.035274	0.236450
267.725287	0.202930
268.415301	0.160760
269.105315	0.112250
269.795328	0.060250
270.485342	0.007850
271.175356	-0.041910
271.865369	-0.086420
272.555383	-0.123600
273.245396	-0.152070
273.935410	-0.171100
274.625424	-0.180520
275.315437	-0.180650
276.005451	-0.172290
276.695465	-0.156780
277.385478	-0.135930
278.075492	-0.112080
278.765505	-0.087930
279.455519	-0.066360
280.145533	-0.050120
280.835546	-0.041480
281.525560	-0.041920
282.215574	-0.052010
282.905587	-0.071330
283.595601	-0.098670
284.285614	-0.132200
284.975628	-0.169780
285.665642	-0.209080
286.355655	-0.247720
287.045669	-0.283410
287.735683	-0.313950
288.425696	-0.337400
289.115710	-0.352080
289.805723	-0.356730
290.495737	-0.350560
291.185751	-0.333290
291.875764	-0.305270
292.565778	-0.267400
293.255792	-0.221220
293.945805	-0.168710
294.635819	-0.112230
295.325832	-0.054270
296.015846	0.002730
296.705860	0.056640
297.395873	0.105630
298.085887	0.148360
298.775901	0.183900
299.465914	0.211790
300.155928	0.232000
300.845941	0.244940
301.535955	0.251360
302.225969	0.252290
302.915982	0.248760
303.605996	0.241770
304.296010	0.232100
304.986023	0.220400
305.676037	0.207140
306.366051	0.192750
307.056064	0.177610
307.746078	0.162050
308.436091	0.146290
309.126105	0.130420
309.816119	0.114390
310.506132	0.097930
311.196146	0.080610
311.886160	0.061930
312.576173	0.041430
313.266187	0.018800
313.956200	-0.005980
314.646214	-0.032600
315.336228	-0.060410
316.026241	-0.088500
316.716255	-0.115750
317.406269	-0.140920
318.096282	-0.162740
318.786296	-0.180080
319.476309	-0.191990
320.166323	-0.197880
320.856337	-0.197500
321.546350	-0.190980
322.236364	-0.178800
322.926378	-0.161670
323.616391	-0.140500
324.306405	-0.116360
324.996418	-0.090390
325.686432	-0.063740
326.376446	-0.037500
327.066459	-0.012540
327.756473	0.010480
328.446487	0.031230
329.136500	0.049560
329.826514	0.065540
330.516527	0.079260
331.206541	0.090910
331.896555	0.100710
332.586568	0.108980
333.276582	0.116060
333.966596	0.122360
334.656609	0.128220
335.346623	0.133820
336.036636	0.139110
336.726650	0.143820
337.416664	0.147580
338.106677	0.150000
338.796691	0.150810
339.486705	0.149930
340.176718	0.147480
340.866732	0.143760
341.556746	0.139130
342.246759	0.133940
342.936773	0.128390
343.626786	0.122590
344.316800	0.116450
345.006814	0.109840
345.696827	0.102610
346.386841	0.094680
347.076855	0.086020
347.766868	0.076640
348.456882	0.066570
349.146895	0.055810
349.836909	0.044350
350.526923	0.032170
351.216936	0.019250
351.906950	0.005650
352.596964	-0.008570
353.286977	-0.023260
353.976991	-0.038240
354.667004	-0.053270
355.357018	-0.068070
356.047032	-0.082340
356.737045	-0.095790
357.427059	-0.108170
358.117073	-0.119230
358.807086	-0.128800
359.497100	-0.136700
360.187113	-0.142790
360.877127	-0.146950
361.567141	-0.149060
362.257154	-0.149050
362.947168	-0.146890
363.637182	-0.142630
364.327195	-0.136420
365.017209	-0.128530
365.707222	-0.119360
366.397236	-0.109400
367.087250	-0.099190
367.777263	-0.089240
368.467277	-0.080010
369.157291	-0.071860
369.847304	-0.065000
370.537318	-0.059500
371.227331	-0.055310
371.917345	-0.052330
372.607359	-0.050420
373.297372	-0.049420
373.987386	-0.049230
374.677400	-0.049760
375.367413	-0.050920
376.057427	-0.052490
376.747441	-0.054080
377.437454	-0.055020
378.127468	-0.054400
378.817481	-0.051180
379.507495	-0.044510
380.197509	-0.033910
380.887522	-0.019480
381.577536	-0.001980
382.267550	0.017390
382.957563	0.037160
383.647577	0.055870
384.337590	0.072220
385.027604	0.085130
385.717618	0.093700
386.407631	0.097200
387.097645	0.095150
387.787659	0.087400
388.477672	0.074270
389.167686	0.056600
389.857699	0.035670
390.547713	0.012950
391.237727	-0.010120
391.927740	-0.032410
392.617754	-0.053110
393.307768	-0.071830
393.997781	-0.088350
394.687795	-0.102570
395.377808	-0.114280
396.067822	-0.123200
396.757836	-0.128930
397.447849	-0.131160
398.137863	-0.129750
398.827877	-0.124840
399.517890	-0.116730
400.207904	-0.105720
400.897917	-0.091890
401.587931	-0.074890
402.277945	-0.054070
402.967958	-0.028820
403.657972	0.000950
404.347986	0.034450
405.037999	0.069920
405.728013	0.104960
406.418026	0.137080
407.108040	0.164260
407.798054	0.185360
408.488067	0.200210
409.178081	0.209340
409.868095	0.213760
410.558108	0.214620
411.248122	0.213050
411.938135	0.210050
412.628149	0.206400
413.318163	0.202590
414.008176	0.198810
414.698190	0.194880
415.388204	0.190330
416.078217	0.184430
416.768231	0.176360
417.458245	0.165360
418.148258	0.150840
418.838272	0.132470
419.528285	0.110240
420.218299	0.084390
420.908313	0.055320
421.598326	0.023470
422.288340	-0.010730
422.978354	-0.046950
423.668367	-0.084800
424.358381	-0.123870
425.048394	-0.163520
425.738408	-0.202800
426.428422	-0.240370
427.118435	-0.274580
427.808449	-0.303610
428.498463	-0.325670
429.188476	-0.339270
429.878490	-0.343410
430.568503	-0.337650
431.258517	-0.322100
431.948531	-0.297430
432.638544	-0.264710
433.328558	-0.225360
434.018572	-0.181070
434.708585	-0.133720
435.398599	-0.085370
436.088612	-0.038130
436.778626	0.005970
437.468640	0.045240
438.158653	0.078470
438.848667	0.105130
439.538681	0.125330
440.228694	0.139690
440.918708	0.149110
441.608721	0.154520
442.298735	0.156740
442.988749	0.156370
443.678762	0.153760
444.368776	0.149070
445.058790	0.142320
445.748803	0.133460
446.438817	0.122500
447.128830	0.109610
447.818844	0.095170
448.508858	0.079730
449.198871	0.064000
449.888885	0.048740
450.578899	0.034680
451.268912	0.022470
451.958926	0.012600
452.648940	0.005370
453.338953	0.000760
454.028967	-0.001490
454.718980	-0.001840
455.408994	-0.000870
456.099008	0.000830
456.789021	0.002680
457.479035	0.004170
458.169049	0.004940
458.859062	0.004760
459.549076	0.003640
460.239089	0.001820
460.929103	-0.000290
461.619117	-0.002220
462.309130	-0.003520
462.999144	-0.003860
463.689158	-0.003130
464.379171	-0.001420
465.069185	0.000870
465.759198	0.003140
466.449212	0.004650
467.139226	0.004700
467.829239	0.002730
468.519253	-0.001530
469.209267	-0.008110
469.899280	-0.016800
470.589294	-0.027130
471.279307	-0.038520
471.969321	-0.050250
472.659335	-0.061500
473.349348	-0.071460
474.039362	-0.079380
474.729376	-0.084720
475.419389	-0.087130
476.109403	-0.086430
476.799416	-0.082630
477.489430	-0.075770
478.179444	-0.065960
478.869457	-0.053310
479.559471	-0.038000
480.249485	-0.020270
480.939498	-0.000480
481.629512	0.020920
482.319525	0.043280
483.009539	0.065870
483.699553	0.087910
484.389566	0.108680
485.079580	0.127640
485.769594	0.144480
486.459607	0.159070
487.149621	0.171350
487.839634	0.181240
488.529648	0.188600
489.219662	0.193180
489.909675	0.194800
490.599689	0.193370
491.289703	0.188900
491.979716	0.181440
492.669730	0.170960
493.359744	0.157280
494.049757	0.140090
494.739771	0.119120
495.429784	0.094440
496.119798	0.066630
496.809812	0.036840
497.499825	0.006650
498.189839	-0.022250
498.879853	-0.048510
499.569866	-0.071300
500.259880	-0.090480
500.949893	-0.106520
501.639907	-0.120360
502.329921	-0.133110
503.019934	-0.145870
503.709948	-0.159480
504.399962	-0.174380
505.089975	-0.190570
505.779989	-0.207540
506.470002	-0.224350
507.160016	-0.239740
507.850030	-0.252190
508.540043	-0.260100
509.230057	-0.261900
509.920071	-0.256360
510.610084	-0.242800
511.300098	-0.221310
511.990111	-0.192890
512.680125	-0.159300
513.370139	-0.122880
514.060152	-0.086140
514.750166	-0.051360
515.440180	-0.020250
516.130193	0.006220
516.820207	0.027890
517.510220	0.045200
518.200234	0.059050
518.890248	0.070450
519.580261	0.080330
520.270275	0.089320
520.960289	0.097710
521.650302	0.105330
522.340316	0.111690
523.030329	0.116000
523.720343	0.117430
524.410357	0.115240
525.100370	0.108950
525.790384	0.098380
526.480398	0.083630
527.170411	0.065050
527.860425	0.043270
528.550439	0.019250
529.240452	-0.005700
529.930466	-0.030040
530.620479	-0.052150
531.310493	-0.070590
532.000507	-0.084150
532.690520	-0.091980
533.380534	-0.093560
534.070548	-0.088780
534.760561	-0.078100
535.450575	-0.062580
536.140588	-0.043840
536.830602	-0.023750
537.520616	-0.004140
538.210629	0.013530
538.900643	0.028440
539.590657	0.040340
540.280670	0.049390
540.970684	0.055920
541.660697	0.060210
542.350711	0.062400
543.040725	0.062540
543.730738	0.060700
544.420752	0.057120
545.110766	0.052270
545.800779	0.046770
546.490793	0.041330
547.180806	0.036590
547.870820	0.033030
548.560834	0.030790
549.250847	0.029670
549.940861	0.029230
550.630875	0.028930
551.320888	0.028370
552.010902	0.027400
552.700915	0.026120
553.390929	0.024790
554.080943	0.023660
554.770956	0.022840
555.460970	0.022230
556.150984	0.021530
556.840997	0.020300
557.531011	0.018030
558.221024	0.014320
558.911038	0.008960
559.601052	0.002040
560.291065	-0.006090
560.981079	-0.014920
561.671093	-0.023830
562.361106	-0.032280
563.051120	-0.039860
563.741133	-0.046310
564.431147	-0.051520
565.121161	-0.055490
565.811174	-0.058300
566.501188	-0.059970
567.191202	-0.060460
567.881215	-0.059500
568.571229	-0.056610
569.261243	-0.051150
569.951256	-0.042410
570.641270	-0.029780
571.331283	-0.012830
572.021297	0.008670
572.711311	0.034730
573.401324	0.065100
574.091338	0.099330
574.781352	0.136700
575.471365	0.176240
576.161379	0.216720
576.851392	0.256720
577.541406	0.294690
578.231420	0.328890
578.921433	0.357440
579.611447	0.378400
580.301461	0.389810
580.991474	0.389870
581.681488	0.377140
582.371501	0.350850
583.061515	0.311150
583.751529	0.259310
584.441542	0.197770
585.131556	0.129900
585.821570	0.059550
586.511583	-0.009510
587.201597	-0.074150
587.891610	-0.132040
588.581624	-0.181710
589.271638	-0.222420
589.961651	-0.253910
590.651665	-0.276280
591.341679	-0.290010
592.031692	-0.295880
592.721706	-0.295060
593.411719	-0.288940
594.101733	-0.278960
594.791747	-0.266420
595.481760	-0.252290
596.171774	-0.237180
596.861788	-0.221420
597.551801	-0.205200
598.241815	-0.188650
598.931828	-0.171940
599.621842	-0.155310
600.311856	-0.139070
601.001869	-0.123680
601.691883	-0.109650
602.381897	-0.097560
603.071910	-0.087890
603.761924	-0.080900
604.451938	-0.076520
605.141951	-0.074280
605.831965	-0.073370
606.521978	-0.072780
607.211992	-0.071390
607.902006	-0.068200
608.592019	-0.062450
609.282033	-0.053770
609.972047	-0.042240
610.662060	-0.028360
611.352074	-0.012880
612.042087	0.003300
612.732101	0.019380
613.422115	0.034660
614.112128	0.048590
614.802142	0.060830
615.492156	0.071200
616.182169	0.079670
616.872183	0.086370
617.562196	0.091610
618.252210	0.095830
618.942224	0.099570
619.632237	0.103350
620.322251	0.107560
621.012265	0.112300
621.702278	0.117290
622.392292	0.121940
623.082305	0.125460
623.772319	0.126990
624.462333	0.125750
625.152346	0.121130
625.842360	0.112820
626.532374	0.100900
627.222387	0.085840
627.912401	0.068530
628.602414	0.050100
629.292428	0.031780
629.982442	0.014590
630.672455	-0.000710
631.362469	-0.013630
632.052483	-0.023930
632.742496	-0.031440
633.432510	-0.036080
634.122523	-0.037860
634.812537	-0.036870
635.502551	-0.033290
636.192564	-0.027330
636.882578	-0.019190
637.572592	-0.009080
638.262605	0.002590
638.952619	0.015210
639.642632	0.027770
640.332646	0.039010
641.022660	0.047560
641.712673	0.052220
642.402687	0.052220
643.092701	0.047380
643.782714	0.038120
644.472728	0.025450
645.162742	0.010900
645.852755	-0.003770
646.542769	-0.016830
647.232782	-0.026840
647.922796	-0.032790
648.612810	-0.034290
649.302823	-0.031450
649.992837	-0.024790
650.682851	-0.015160
651.372864	-0.003580
652.062878	0.008920
652.752891	0.021350
653.442905	0.032880
654.132919	0.042880
654.822932	0.050890
655.512946	0.056580
656.202960	0.059600
656.892973	0.059630
657.582987	0.056340
658.273000	0.049540
658.963014	0.039350
659.653028	0.026330
660.343041	0.011570
661.033055	-0.003540
661.723069	-0.017510
662.413082	-0.029030
663.103096	-0.037080
663.793109	-0.041150
664.483123	-0.041160
665.173137	-0.037350
665.863150	-0.030210
666.553164	-0.020290
667.243178	-0.008150
667.933191	0.005610
668.623205	0.020300
669.313218	0.035040
670.003232	0.048900
670.693246	0.060960
671.383259	0.070510
672.073273	0.077220
672.763287	0.081070
673.453300	0.082380
674.143314	0.081620
674.833327	0.079340
675.523341	0.076050
676.213355	0.072210
676.903368	0.068120
677.593382	0.063980
678.283396	0.059810
678.973409	0.055460
679.663423	0.050500
680.353437	0.044250
681.043450	0.035870
681.733464	0.024510
682.423477	0.009550
683.113491	-0.009170
683.803505	-0.031170
684.493518	-0.055240
685.183532	-0.079620
685.873546	-0.102270
686.563559	-0.121280
687.253573	-0.135180
687.943586	-0.143130
688.633600	-0.144870
689.323614	-0.140520
690.013627	-0.130370
690.703641	-0.114860
691.393655	-0.094530
692.083668	-0.070130
692.773682	-0.042700
693.463695	-0.013640
694.153709	0.015440
694.843723	0.042790
695.533736	0.066660
696.223750	0.085520
696.913764	0.098250
697.603777	0.104150
698.293791	0.103010
698.983804	0.095070
699.673818	0.081060
700.363832	0.062160
701.053845	0.040070
701.743859	0.016800
702.433873	-0.005560
703.123886	-0.025260
703.813900	-0.041040
704.503913	-0.052370
705.193927	-0.059340
705.883941	-0.062440
706.573954	-0.062340
707.263968	-0.059720
707.953982	-0.055190
708.643995	-0.049290
709.334009	-0.042480
710.024022	-0.035170
710.714036	-0.027740
711.404050	-0.020530
712.094063	-0.013830
712.784077	-0.007810
713.474091	-0.002580
714.164104	0.001870
714.854118	0.005550
715.544132	0.008530
716.234145	0.010830
716.924159	0.012480
717.614172	0.013590
718.304186	0.014460
718.994200	0.015480
719.684213	0.017080
720.374227	0.019530
721.064241	0.022760
721.754254	0.026380
722.444268	0.029730
723.134281	0.032100
723.824295	0.032960
724.514309	0.032170
725.204322	0.030060
725.894336	0.027350
726.584350	0.025070
727.274363	0.024430
727.964377	0.026600
728.654390	0.032540
729.344404	0.042810
730.034418	0.057500
730.724431	0.076080
731.414445	0.097460
732.104459	0.120120
732.794472	0.142300
733.484486	0.162240
734.174499	0.178420
734.864513	0.189750
735.554527	0.195630
736.244540	0.195720
736.934554	0.189780
737.624568	0.177500
738.314581	0.158470
739.004595	0.132320
739.694608	0.099110
740.384622	0.059540
741.074636	0.015120
741.764649	-0.032020
742.454663	-0.079490
743.144677	-0.124990
743.834690	-0.166610
744.524704	-0.202940
745.214717	-0.232920
745.904731	-0.255700
746.594745	-0.270570
747.284758	-0.276980
747.974772	-0.274680
748.664786	-0.263810
749.354799	-0.244900
750.044813	-0.218810
750.734826	-0.186800
751.424840	-0.150490
752.114854	-0.111900
752.804867	-0.073390
753.494881	-0.037540
754.184895	-0.006900
754.874908	0.016190
755.564922	0.029990
756.254936	0.033560
756.944949	0.026980
757.634963	0.011510
758.324976	-0.010400
759.014990	-0.035280
759.705004	-0.059040
760.395017	-0.077630
761.085031	-0.087950
761.775045	-0.088620
762.465058	-0.080380
763.155072	-0.065950
763.845085	-0.049260
764.535099	-0.034450
765.225113	-0.024770
765.915126	-0.022080
766.605140	-0.026590
767.295154	-0.037150
767.985167	-0.051650
768.675181	-0.067440
769.365194	-0.081740
770.055208	-0.092010
770.745222	-0.096290
771.435235	-0.093460
772.125249	-0.083350
772.815263	-0.066660
773.505276	-0.044760
774.195290	-0.019320
774.885303	0.007910
775.575317	0.035190
776.265331	0.060770
776.955344	0.082950
777.645358	0.100310
778.335372	0.111930
779.025385	0.117640
779.715399	0.118190
780.405412	0.115010
781.095426	0.109810
781.785440	0.104050
782.475453	0.098650
783.165467	0.093850
783.855481	0.089250
784.545494	0.084150
785.235508	0.077800
785.925521	0.069720
786.615535	0.059770
787.305549	0.048150
787.995562	0.035280
788.685576	0.021540
789.375590	0.007140
790.065603	-0.008030
790.755617	-0.024260
791.445631	-0.041830
792.135644	-0.060690
792.825658	-0.080310
793.515671	-0.099480
794.205685	-0.116440
794.895699	-0.129090
795.585712	-0.135420
796.275726	-0.133880
796.965740	-0.123710
797.655753	-0.105140
798.345767	-0.079360
799.035780	-0.048290
799.725794	-0.014330
800.415808	0.019910
801.105821	0.051990
801.795835	0.079780
802.485849	0.101710
803.175862	0.116920
803.865876	0.125310
804.555889	0.127550
805.245903	0.124980
805.935917	0.119610
806.625930	0.113950
807.315944	0.110780
808.005958	0.112650
808.695971	0.121320
809.385985	0.137250
810.075998	0.159290
810.766012	0.184940
811.456026	0.210920
812.146039	0.233880
812.836053	0.251040
813.526067	0.260550
814.216080	0.261450
814.906094	0.253520
815.596107	0.237080
816.286121	0.212770
816.976135	0.181420
817.666148	0.143990
818.356162	0.101540
819.046176	0.055190
819.736189	0.006210
820.426203	-0.044060
821.116216	-0.094290
821.806230	-0.143210
822.496244	-0.189660
823.186257	-0.232730
823.876271	-0.271670
824.566285	-0.305870
825.256298	-0.334890
825.946312	-0.358360
826.636325	-0.375940
827.326339	-0.387260
828.016353	-0.391980
828.706366	-0.389880
829.396380	-0.380980
830.086394	-0.365520
830.776407	-0.343950
831.466421	-0.316660
832.156435	-0.283990
832.846448	-0.246190
833.536462	-0.203560
834.226475	-0.156700
834.916489	-0.106640
835.606503	-0.055020
836.296516	-0.003980
836.986530	0.043990
837.676544	0.086470
838.366557	0.121490
839.056571	0.147920
839.746584	0.165480
840.436598	0.174720
841.126612	0.176780
841.816625	0.173100
842.506639	0.165290
843.196653	0.154960
843.886666	0.143640
844.576680	0.132590
845.266693	0.122710
845.956707	0.114480
846.646721	0.107920
847.336734	0.102620
848.026748	0.097710
848.716762	0.091970
849.406775	0.083890
850.096789	0.071860
850.786802	0.054460
851.476816	0.030710
852.166830	0.000400
852.856843	-0.035810
853.546857	-0.076460
854.236871	-0.119320
854.926884	-0.161630
855.616898	-0.200330
856.306911	-0.232300
856.996925	-0.254640
857.686939	-0.264920
858.376952	-0.261410
859.066966	-0.243300
859.756980	-0.210920
860.446993	-0.165850
861.137007	-0.110970
861.827020	-0.050220
862.517034	0.011890
863.207048	0.070890
863.897061	0.123060
864.587075	0.165900
865.277089	0.198340
865.967102	0.220570
866.657116	0.233750
867.347130	0.239470
868.037143	0.239290
868.727157	0.234420
869.417170	0.225510
870.107184	0.212820
870.797198	0.196390
871.487211	0.176330
872.177225	0.152990
872.867239	0.127000
873.557252	0.099130
874.247266	0.070180
874.937279	0.040790
875.627293	0.011490
876.317307	-0.017220
877.007320	-0.044770
877.697334	-0.070470
878.387348	-0.093480
879.077361	-0.112970
879.767375	-0.128240
880.457388	-0.138930
881.147402	-0.145090
881.837416	-0.147110
882.527429	-0.145670
883.217443	-0.141590
883.907457	-0.135800
884.597470	-0.129170
885.287484	-0.122430
885.977497	-0.116060
886.667511	-0.110200
887.357525	-0.104700
888.047538	-0.099070
888.737552	-0.092640
889.427566	-0.084630
890.117579	-0.074330
890.807593	-0.061150
891.497606	-0.044830
892.187620	-0.025600
892.877634	-0.004210
893.567647	0.018230
894.257661	0.040380
894.947675	0.060910
895.637688	0.078710
896.327702	0.093030
897.017715	0.103430
897.707729	0.109790
898.397743	0.112310
899.087756	0.111350
899.777770	0.107370
900.467784	0.100950
901.157797	0.092720
901.847811	0.083380
902.537824	0.073580
903.227838	0.063840
903.917852	0.054480
904.607865	0.045550
905.297879	0.036920
905.987893	0.028350
906.677906	0.019610
907.367920	0.010510
908.057934	0.000960
908.747947	-0.009030
909.437961	-0.019380
910.127974	-0.029930
910.817988	-0.040520
911.508002	-0.051000
912.198015	-0.061210
912.888029	-0.070920
913.578043	-0.079830
914.268056	-0.087540
914.958070	-0.093730
915.648083	-0.098160
916.338097	-0.100640
917.028111	-0.101010
917.718124	-0.099050
918.408138	-0.094440
919.098152	-0.086810
919.788165	-0.075890
920.478179	-0.061580
921.168192	-0.044170
921.858206	-0.024300
922.548220	-0.002990
923.238233	0.018650
923.928247	0.039450
924.618261	0.058360
925.308274	0.074580
925.998288	0.087500
926.688301	0.096700
927.378315	0.102030
928.068329	0.103580
928.758342	0.101720
929.448356	0.097070
930.138370	0.090390
930.828383	0.082330
931.518397	0.073350
932.208410	0.063600
932.898424	0.052890
933.588438	0.040740
934.278451	0.026560
934.968465	0.009950
935.658479	-0.009020
936.348492	-0.029720
937.038506	-0.050880
937.728519	-0.070910
938.418533	-0.088170
939.108547	-0.101290
939.798560	-0.109340
940.488574	-0.112030
941.178588	-0.109650
941.868601	-0.103070
942.558615	-0.093670
943.248629	-0.083150
943.938642	-0.073190
944.628656	-0.065200
945.318669	-0.060060
946.008683	-0.057900
946.698697	-0.058110
947.388710	-0.059420
948.078724	-0.060300
948.768738	-0.059260
949.458751	-0.055210
950.148765	-0.047650
950.838778	-0.036630
951.528792	-0.022690
952.218806	-0.006730
952.908819	0.010110
953.598833	0.026540
954.288847	0.041210
954.978860	0.052890
955.668874	0.060620
956.358887	0.063860
957.048901	0.062650
957.738915	0.057640
958.428928	0.049870
959.118942	0.040600
959.808956	0.030950
960.498969	0.021760
961.188983	0.013490
961.878996	0.006270
962.569010	0.000100
963.259024	-0.004980
963.949037	-0.008860
964.639051	-0.011270
965.329065	-0.012000
966.019078	-0.011150
966.709092	-0.009340
967.399105	-0.007810
968.089119	-0.008260
968.779133	-0.012520
969.469146	-0.022090
970.159160	-0.037670
970.849174	-0.058750
971.539187	-0.083420
972.229201	-0.108650
972.919214	-0.130820
973.609228	-0.146460
974.299242	-0.153000
974.989255	-0.149060
975.679269	-0.134580
976.369283	-0.110480
977.059296	-0.078420
977.749310	-0.040570
978.439323	0.000720
979.129337	0.043220
979.819351	0.084960
980.509364	0.124380
981.199378	0.160460
981.889392	0.192600
982.579405	0.220580
983.269419	0.244500
983.959433	0.264790
984.649446	0.282150
985.339460	0.297390
986.029473	0.311270
986.719487	0.324280
987.409501	0.336490
988.099514	0.347380
988.789528	0.355830
989.479542	0.360210
990.169555	0.358480
990.859569	0.348440
991.549582	0.328130
992.239596	0.296190
992.929610	0.252200
993.619623	0.196930
994.309637	0.132170
994.999651	0.060440
995.689664	-0.015390
996.379678	-0.092510
997.069691	-0.168310
997.759705	-0.240500
998.449719	-0.307070
999.139732	-0.366310
999.829746	-0.416880
1000.519760	-0.457750
1001.209773	-0.488190
1001.899787	-0.507720
1002.589800	-0.516000
1003.279814	-0.512900
1003.969828	-0.498590
1004.659841	-0.473690
1005.349855	-0.439290
1006.039869	-0.396950
1006.729882	-0.348540
1007.419896	-0.296080
1008.109909	-0.241620
1008.799923	-0.187220
1009.489937	-0.134920
1010.179950	-0.086720
1010.869964	-0.044360
1011.559978	-0.009230
1012.249991	0.017860
1012.940005	0.036730
1013.630018	0.047700
1014.320032	0.051400
1015.010046	0.048590
1015.700059	0.040140
1016.390073	0.027070
1017.080087	0.010850
1017.770100	-0.006490
1018.460114	-0.022400
1019.150128	-0.034060
1019.840141	-0.038810
1020.530155	-0.034740
1021.220168	-0.021160
1021.910182	0.001180
1022.600196	0.030190
1023.290209	0.062780
1023.980223	0.095490
1024.670237	0.125180
1025.360250	0.149500
1026.050264	0.167200
1026.740277	0.178070
1027.430291	0.182760
1028.120305	0.182370
1028.810318	0.178190
1029.500332	0.171420
1030.190346	0.163070
1030.880359	0.153850
1031.570373	0.144270
1032.260386	0.134690
1032.950400	0.125280
1033.640414	0.116080
1034.330427	0.107040
1035.020441	0.097980
1035.710455	0.088650
1036.400468	0.078770
1037.090482	0.068130
1037.780495	0.056780
1038.470509	0.045040
1039.160523	0.033540
1039.850536	0.023090
1040.540550	0.014440
1041.230564	0.008200
1041.920577	0.004680
1042.610591	0.004010
1043.300604	0.006120
1043.990618	0.010790
1044.680632	0.017720
1045.370645	0.026450
1046.060659	0.036460
1046.750673	0.047190
1047.440686	0.058140
1048.130700	0.068880
1048.820713	0.079050
1049.510727	0.088330
1050.200741	0.096430
1050.890754	0.103020
1051.580768	0.107750
1052.270782	0.110250
1052.960795	0.110120
1053.650809	0.106970
1054.340823	0.100510
1055.030836	0.090530
1055.720850	0.077000
1056.410863	0.060050
1057.100877	0.040010
1057.790891	0.017330
1058.480904	-0.007410
1059.170918	-0.033530
1059.860932	-0.060280
1060.550945	-0.086780
1061.240959	-0.112120
1061.930972	-0.135350
1062.620986	-0.155540
1063.311000	-0.171870
1064.001013	-0.183730
1064.691027	-0.190700
1065.381041	-0.192660
1066.071054	-0.189750
1066.761068	-0.182420
1067.451081	-0.171320
1068.141095	-0.157280
1068.831109	-0.141280
1069.521122	-0.124300
1070.211136	-0.107270
1070.901150	-0.091050
1071.591163	-0.076280
1072.281177	-0.063380
1072.971190	-0.052390
1073.661204	-0.043110
1074.351218	-0.035110
1075.041231	-0.027950
1075.731245	-0.021390
1076.421259	-0.015530
1077.111272	-0.010840
1077.801286	-0.008040
1078.491299	-0.007890
1079.181313	-0.010960
1079.871327	-0.017450
1080.561340	-0.027110
1081.251354	-0.039190
1081.941368	-0.052560
1082.631381	-0.065830
1083.321395	-0.077520
1084.011408	-0.086320
1084.701422	-0.091290
1085.391436	-0.091940
1086.081449	-0.088220
1086.771463	-0.080360
1087.461477	-0.068850
1088.151490	-0.054350
1088.841504	-0.037730
1089.531517	-0.020070
1090.221531	-0.002530
1090.911545	0.013900
1091.601558	0.028470
1092.291572	0.040720
1092.981586	0.050330
1093.671599	0.057060
1094.361613	0.060620
1095.051627	0.060760
1095.741640	0.057410
1096.431654	0.050790
1097.121667	0.041510
1097.811681	0.030490
1098.501695	0.018780
1099.191708	0.007290
1099.881722	-0.003380
1100.571736	-0.013010
1101.261749	-0.021710
1101.951763	-0.029600
1102.641776	-0.036520
1103.331790	-0.041810
1104.021804	-0.044300
1104.711817	-0.042450
1105.401831	-0.034670
1106.091845	-0.019750
1106.781858	0.002540
1107.471872	0.031220
1108.161885	0.064090
1108.851899	0.098100
1109.541913	0.130010
1110.231926	0.157110
1110.921940	0.177720
1111.611954	0.191310
1112.301967	0.198370
1112.991981	0.200070
1113.681994	0.197940
1114.372008	0.193440
1115.062022	0.187700
1115.752035	0.181260
1116.442049	0.174000
1117.132063	0.165350
1117.822076	0.154560
1118.512090	0.141040
1119.202103	0.124520
1119.892117	0.105050
1120.582131	0.082860
1121.272144	0.058230
1121.962158	0.031370
1122.652172	0.002500
1123.342185	-0.028090
1124.032199	-0.059970
1124.722212	-0.092400
1125.412226	-0.124410
1126.102240	-0.154880
1126.792253	-0.182740
1127.482267	-0.207090
1128.172281	-0.227320
1128.862294	-0.243070
1129.552308	-0.254080
1130.242322	-0.260180
1130.932335	-0.261350
1131.622349	-0.257750
1132.312362	-0.249820
1133.002376	-0.238190
1133.692390	-0.223540
1134.382403	-0.206420
1135.072417	-0.187200
1135.762431	-0.166030
1136.452444	-0.142880
1137.142458	-0.117720
1137.832471	-0.090630
1138.522485	-0.061910
1139.212499	-0.032100
1139.902512	-0.001940
1140.592526	0.027880
1141.282540	0.056780
1141.972553	0.084450
1142.662567	0.110780
1143.352580	0.135750
1144.042594	0.159340
1144.732608	0.181470
1145.422621	0.201880
1146.112635	0.220250
1146.802649	0.236200
1147.492662	0.249260
1148.182676	0.258930
1148.872689	0.264620
1149.562703	0.265670
1150.252717	0.261350
1150.942730	0.250840
1151.632744	0.233210
1152.322758	0.207510
1153.012771	0.172880
1153.702785	0.128720
1154.392798	0.074960
1155.082812	0.012350
1155.772826	-0.057380
1156.462839	-0.131400
1157.152853	-0.205830
1157.842867	-0.276160
1158.532880	-0.337670
1159.222894	-0.386000
1159.912907	-0.417600
1160.602921	-0.430180
1161.292935	-0.422820
1161.982948	-0.396050
1162.672962	-0.351800
1163.362976	-0.293260
1164.052989	-0.224650
1164.743003	-0.150720
1165.433016	-0.076270
1166.123030	-0.005590
1166.813044	0.057930
1167.503057	0.112050
1168.193071	0.155600
1168.883085	0.188360
1169.573098	0.210800
1170.263112	0.223770
1170.953126	0.228270
1171.643139	0.225190
1172.333153	0.215130
1173.023166	0.198470
1173.713180	0.175480
1174.403194	0.146640
1175.093207	0.112800
1175.783221	0.075370
1176.473235	0.036240
1177.163248	-0.002350
1177.853262	-0.037960
1178.543275	-0.068400
1179.233289	-0.091900
1179.923303	-0.107440
1180.613316	-0.114850
1181.303330	-0.114800
1181.993344	-0.108530
1182.683357	-0.097520
1183.373371	-0.083220
1184.063384	-0.066940
1184.753398	-0.049790
1185.443412	-0.032740
1186.133425	-0.016710
1186.823439	-0.002520
1187.513453	0.009190
1188.203466	0.018000
1188.893480	0.023830
1189.583493	0.026990
1190.273507	0.028180
1190.963521	0.028430
1191.653534	0.028980
1192.343548	0.030940
1193.033562	0.035040
1193.723575	0.041330
1194.413589	0.049130
1195.103602	0.057190
1195.793616	0.063920
1196.483630	0.067610
1197.173643	0.066730
1197.863657	0.060130
1198.553671	0.047200
1199.243684	0.028110
1199.933698	0.003950
1200.623711	-0.023230
1201.313725	-0.050710
1202.003739	-0.075480
1202.693752	-0.094910
1203.383766	-0.107210
1204.073780	-0.111750
1204.763793	-0.109170
1205.453807	-0.101110
1206.143821	-0.089820
1206.833834	-0.077650
1207.523848	-0.066620
1208.213861	-0.057990
1208.903875	-0.052220
1209.593889	-0.049070
1210.283902	-0.047870
1210.973916	-0.047770
1211.663930	-0.047910
1212.353943	-0.047310
1213.043957	-0.044840
1213.733970	-0.039220
1214.423984	-0.029090
1215.113998	-0.013070
1215.804011	0.009910
1216.494025	0.040460
1217.184039	0.078570
1217.874052	0.123440
1218.564066	0.173580
1219.254079	0.226930
1219.944093	0.281080
1220.634107	0.333420
1221.324120	0.381230
1222.014134	0.421700
1222.704148	0.452020
1223.394161	0.469510
1224.084175	0.471740
1224.774188	0.456640
1225.464202	0.422660
1226.154216	0.369060
1226.844229	0.296310
1227.534243	0.206570
