0.000000	0.035870
0.690011	-0.004640
1.380023	-0.046460
2.070034	-0.088430
2.760045	-0.129310
3.450056	-0.167840
4.140068	-0.202720
4.830079	-0.232690
5.520090	-0.256510
6.210101	-0.273060
6.900113	-0.281400
7.590124	-0.280980
8.280135	-0.271950
8.970147	-0.255270
9.660158	-0.232840
10.350169	-0.207200
11.040180	-0.181070
11.730192	-0.156750
12.420203	-0.135610
13.110214	-0.117840
13.800226	-0.102560
14.490237	-0.088190
15.180248	-0.073010
15.870259	-0.055720
16.560271	-0.035950
17.250282	-0.014420
17.940293	0.007280
18.630304	0.027210
19.320316	0.043670
20.010327	0.055820
20.700338	0.063940
21.390350	0.069300
22.080361	0.073690
22.770372	0.078790
23.460383	0.085580
24.150395	0.094120
24.840406	0.103680
25.530417	0.113160
26.220428	0.121440
26.910440	0.127710
27.600451	0.131380
28.290462	0.131870
28.980474	0.128570
29.670485	0.120910
30.360496	0.108580
31.050507	0.091780
31.740519	0.071260
32.430530	0.048270
33.120541	0.024310
33.810553	0.000940
34.500564	-0.020530
35.190575	-0.039080
35.880586	-0.054140
36.570598	-0.065570
37.260609	-0.073440
37.950620	-0.077750
38.640631	-0.078250
39.330643	-0.074340
40.020654	-0.065310
40.710665	-0.050760
41.400677	-0.030990
42.090688	-0.007280
42.780699	0.018390
43.470710	0.043720
44.160722	0.066640
44.850733	0.085750
45.540744	0.100400
46.230755	0.110590
46.920767	0.116710
47.610778	0.119280
48.300789	0.118870
48.990801	0.115980
49.680812	0.111130
50.370823	0.104770
51.060834	0.097300
51.750846	0.089000
52.440857	0.080030
53.130868	0.070430
53.820880	0.060140
54.510891	0.049060
55.200902	0.037080
55.890913	0.024140
56.580925	0.010260
57.270936	-0.004380
57.960947	-0.019450
58.650958	-0.034440
59.340970	-0.048720
60.030981	-0.061650
60.720992	-0.072620
61.411004	-0.081070
62.101015	-0.086510
62.791026	-0.088590
63.481037	-0.087120
64.171049	-0.082180
64.861060	-0.074140
65.551071	-0.063610
66.241082	-0.051320
66.931094	-0.038060
67.621105	-0.024530
68.311116	-0.011410
69.001128	0.000660
69.691139	0.011080
70.381150	0.019330
71.071161	0.024990
71.761173	0.027880
72.451184	0.028050
73.141195	0.025810
73.831207	0.021660
74.521218	0.016260
75.211229	0.010340
75.901240	0.004640
76.591252	-0.000250
77.281263	-0.003860
77.971274	-0.005930
78.661285	-0.006420
79.351297	-0.005450
80.041308	-0.003280
80.731319	-0.000260
81.421331	0.003220
82.111342	0.006770
82.801353	0.010120
83.491364	0.013090
84.181376	0.015590
84.871387	0.017580
85.561398	0.019030
86.251409	0.019860
86.941421	0.019930
87.631432	0.019050
88.321443	0.017080
89.011455	0.013940
89.701466	0.009670
90.391477	0.004500
91.081488	-0.001200
91.771500	-0.006900
92.461511	-0.012030
93.151522	-0.016060
93.841534	-0.018610
94.531545	-0.019580
95.221556	-0.019130
95.911567	-0.017720
96.601579	-0.015900
97.291590	-0.014190
97.981601	-0.013010
98.671612	-0.012620
99.361624	-0.013150
100.051635	-0.014560
100.741646	-0.016740
101.431658	-0.019380
102.121669	-0.022090
102.811680	-0.024450
103.501691	-0.026100
104.191703	-0.026800
104.881714	-0.026380
105.571725	-0.024700
106.261736	-0.021590
106.951748	-0.016880
107.641759	-0.010440
108.331770	-0.002390
109.021782	0.006920
109.711793	0.016960
110.401804	0.027000
111.091815	0.036330
111.781827	0.044210
112.471838	0.049950
113.161849	0.052870
113.851860	0.052360
114.541872	0.047970
115.231883	0.039570
115.921894	0.027470
116.611906	0.012550
117.301917	-0.003860
117.991928	-0.020140
118.681939	-0.034690
119.371951	-0.046150
120.061962	-0.053580
120.751973	-0.056410
121.441985	-0.054440
122.131996	-0.047770
122.822007	-0.036830
123.512018	-0.022440
124.202030	-0.005750
124.892041	0.011820
125.582052	0.028820
126.272063	0.043890
126.962075	0.055970
127.652086	0.064340
128.342097	0.068690
129.032109	0.069110
129.722120	0.065970
130.412131	0.059920
131.102142	0.051760
131.792154	0.042430
132.482165	0.033030
133.172176	0.024790
133.862187	0.019010
134.552199	0.016810
135.242210	0.018890
135.932221	0.025200
136.622233	0.034910
137.312244	0.046530
138.002255	0.058270
138.692266	0.068550
139.382278	0.076290
140.072289	0.081130
140.762300	0.083350
141.452312	0.083680
142.142323	0.083040
142.832334	0.082290
143.522345	0.081980
144.212357	0.082210
144.902368	0.082600
145.592379	0.082300
146.282390	0.080170
146.972402	0.075020
147.662413	0.065920
148.352424	0.052370
149.042436	0.034430
149.732447	0.012710
150.422458	-0.011780
151.112469	-0.037780
151.802481	-0.063870
152.492492	-0.088610
153.182503	-0.110610
153.872514	-0.128670
154.562526	-0.141860
155.252537	-0.149620
155.942548	-0.151710
156.632560	-0.148100
157.322571	-0.138910
158.012582	-0.124250
158.702593	-0.104250
159.392605	-0.079090
160.082616	-0.049150
160.772627	-0.015100
161.462639	0.022100
162.152650	0.061310
162.842661	0.101220
163.532672	0.140580
164.222684	0.178170
164.912695	0.212810
165.602706	0.243340
166.292717	0.268550
166.982729	0.287200
167.672740	0.297930
168.362751	0.299310
169.052763	0.289910
169.742774	0.268400
170.432785	0.233810
171.122796	0.185900
171.812808	0.125390
172.502819	0.054210
173.192830	-0.024490
173.882841	-0.106560
174.572853	-0.187150
175.262864	-0.261110
175.952875	-0.323540
176.642887	-0.370350
177.332898	-0.398750
178.022909	-0.407450
178.712920	-0.396720
179.402932	-0.368160
180.092943	-0.324240
180.782954	-0.267950
181.472966	-0.202580
182.162977	-0.131590
182.852988	-0.058700
183.542999	0.012150
184.233011	0.076890
184.923022	0.131440
185.613033	0.172150
186.303044	0.196150
186.993056	0.201680
187.683067	0.188560
188.373078	0.158290
189.063090	0.114070
189.753101	0.060290
190.443112	0.001960
191.133123	-0.056020
191.823135	-0.109280
192.513146	-0.154300
193.203157	-0.188580
193.893168	-0.210610
194.583180	-0.220120
195.273191	-0.218070
195.963202	-0.206500
196.653214	-0.188220
197.343225	-0.166300
198.033236	-0.143640
198.723247	-0.122460
199.413259	-0.104130
200.103270	-0.089090
200.793281	-0.076990
201.483293	-0.066980
202.173304	-0.058010
202.863315	-0.049100
203.553326	-0.039450
204.243338	-0.028430
204.933349	-0.015610
205.623360	-0.000730
206.313371	0.016330
207.003383	0.035540
207.693394	0.056600
208.383405	0.079000
209.073417	0.101940
209.763428	0.124480
210.453439	0.145600
211.143450	0.164320
211.833462	0.179860
212.523473	0.191710
213.213484	0.199600
213.903495	0.203500
214.593507	0.203530
215.283518	0.199960
215.973529	0.193140
216.663541	0.183620
217.353552	0.172170
218.043563	0.159770
218.733574	0.147570
219.423586	0.136640
220.113597	0.127890
220.803608	0.121860
221.493620	0.118710
222.183631	0.118220
222.873642	0.119880
223.563653	0.123010
224.253665	0.126810
224.943676	0.130460
225.633687	0.133190
226.323698	0.134270
227.013710	0.132990
227.703721	0.128620
228.393732	0.120420
229.083744	0.107720
229.773755	0.090050
230.463766	0.067260
231.153777	0.039700
231.843789	0.008190
232.533800	-0.026010
233.223811	-0.061350
233.913822	-0.096040
234.603834	-0.128300
235.293845	-0.156530
235.983856	-0.179500
236.673868	-0.196490
237.363879	-0.207300
238.053890	-0.212120
238.743901	-0.211280
239.433913	-0.205050
240.123924	-0.193590
240.813935	-0.177110
241.503947	-0.156240
242.193958	-0.132290
242.883969	-0.107160
243.573980	-0.083160
244.263992	-0.062530
244.954003	-0.047040
245.644014	-0.037800
246.334025	-0.035180
247.024037	-0.038870
247.714048	-0.047950
248.404059	-0.061040
249.094071	-0.076340
249.784082	-0.091880
250.474093	-0.105620
251.164104	-0.115670
251.854116	-0.120500
252.544127	-0.119100
253.234138	-0.111130
253.924149	-0.097130
254.614161	-0.078420
255.304172	-0.056840
255.994183	-0.034350
256.684195	-0.012490
257.374206	0.008020
258.064217	0.027240
258.754228	0.045760
259.444240	0.064140
260.134251	0.082400
260.824262	0.099830
261.514274	0.115030
262.204285	0.126220
262.894296	0.131690
263.584307	0.130150
264.274319	0.120920
264.964330	0.104060
265.654341	0.080390
266.344352	0.051510
267.034364	0.019650
267.724375	-0.012470
268.414386	-0.042010
269.104398	-0.066310
269.794409	-0.083250
270.484420	-0.091520
271.174431	-0.090780
271.864443	-0.081700
272.554454	-0.065810
273.244465	-0.045190
273.934476	-0.022090
274.624488	0.001410
275.314499	0.023620
276.004510	0.043400
276.694522	0.060020
277.384533	0.073170
278.074544	0.082920
278.764555	0.089730
279.454567	0.094370
280.144578	0.097740
280.834589	0.100590
281.524601	0.103300
282.214612	0.105720
282.904623	0.107200
283.594634	0.106880
284.284646	0.103850
284.974657	0.097360
285.664668	0.086920
286.354679	0.072320
287.044691	0.053610
287.734702	0.031190
288.424713	0.005810
289.114725	-0.021380
289.804736	-0.048980
290.494747	-0.075400
291.184758	-0.099150
291.874770	-0.118900
292.564781	-0.133540
293.254792	-0.142140
293.944803	-0.143860
294.634815	-0.137940
295.324826	-0.123860
296.014837	-0.101570
296.704849	-0.071730
297.394860	-0.035770
298.084871	0.004300
298.774882	0.046290
299.464894	0.088190
300.154905	0.128320
300.844916	0.165290
301.534928	0.197630
302.224939	0.223510
302.914950	0.240630
303.604961	0.246570
304.294973	0.239180
304.984984	0.217190
305.674995	0.180570
306.365006	0.130650
307.055018	0.069990
307.745029	0.002150
308.435040	-0.068740
309.125052	-0.138240
309.815063	-0.201900
310.505074	-0.255600
311.195085	-0.295780
311.885097	-0.319620
312.575108	-0.325260
313.265119	-0.312050
313.955130	-0.280760
314.645142	-0.233800
315.335153	-0.175140
316.025164	-0.109870
316.715176	-0.043520
317.405187	0.018720
318.095198	0.072810
318.785209	0.116040
319.475221	0.147080
320.165232	0.165710
320.855243	0.172500
321.545254	0.168480
322.235266	0.155060
322.925277	0.133840
323.615288	0.106570
324.305300	0.075090
324.995311	0.041370
325.685322	0.007520
326.375333	-0.024220
327.065345	-0.051590
327.755356	-0.072430
328.445367	-0.085070
329.135379	-0.088580
329.825390	-0.083010
330.515401	-0.069340
331.205412	-0.049310
331.895424	-0.025100
332.585435	0.000980
333.275446	0.026720
333.965457	0.050240
334.655469	0.070040
335.345480	0.085110
336.035491	0.094970
336.725503	0.099660
337.415514	0.099700
338.105525	0.095920
338.795536	0.089330
339.485548	0.080910
340.175559	0.071540
340.865570	0.061930
341.555581	0.052640
342.245593	0.044050
342.935604	0.036400
343.625615	0.029730
344.315627	0.023900
345.005638	0.018630
345.695649	0.013570
346.385660	0.008350
347.075672	0.002660
347.765683	-0.003760
348.455694	-0.011080
349.145706	-0.019320
349.835717	-0.028300
350.525728	-0.037680
351.215739	-0.046970
351.905751	-0.055600
352.595762	-0.063020
353.285773	-0.068790
353.975784	-0.072620
354.665796	-0.074380
355.355807	-0.074160
356.045818	-0.072200
356.735830	-0.068810
357.425841	-0.064310
358.115852	-0.058900
358.805863	-0.052680
359.495875	-0.045770
360.185886	-0.038320
360.875897	-0.030630
361.565908	-0.023140
362.255920	-0.016330
362.945931	-0.010690
363.635942	-0.006670
364.325954	-0.004620
365.015965	-0.004790
365.705976	-0.007330
366.395987	-0.012100
367.085999	-0.018630
367.776010	-0.025970
368.466021	-0.032780
369.156033	-0.037450
369.846044	-0.038430
370.536055	-0.034450
371.226066	-0.024750
371.916078	-0.009140
372.606089	0.011990
373.296100	0.037780
373.986111	0.066840
374.676123	0.097310
375.366134	0.127010
376.056145	0.153550
376.746157	0.174620
377.436168	0.188390
378.126179	0.193790
378.816190	0.190690
379.506202	0.179890
380.196213	0.162940
380.886224	0.141760
381.576235	0.118310
382.266247	0.094370
382.956258	0.071500
383.646269	0.051030
384.336281	0.034180
385.026292	0.021990
385.716303	0.015170
386.406314	0.013860
387.096326	0.017530
387.786337	0.024970
388.476348	0.034510
389.166360	0.044200
389.856371	0.052110
390.546382	0.056490
391.236393	0.055770
391.926405	0.048630
392.616416	0.033970
393.306427	0.011110
393.996438	-0.020060
394.686450	-0.058790
395.376461	-0.103150
396.066472	-0.149990
396.756484	-0.195060
397.446495	-0.233570
398.136506	-0.261020
398.826517	-0.273960
399.516529	-0.270580
400.206540	-0.250920
400.896551	-0.216590
401.586562	-0.170330
402.276574	-0.115420
402.966585	-0.055400
403.656596	0.006160
404.346608	0.065810
405.036619	0.120320
405.726630	0.166960
406.416641	0.203830
407.106653	0.230150
407.796664	0.246380
408.486675	0.253950
409.176687	0.254780
409.866698	0.250570
410.556709	0.242260
411.246720	0.229720
411.936732	0.211880
412.626743	0.187160
413.316754	0.154090
414.006765	0.112010
414.696777	0.061520
415.386788	0.004620
416.076799	-0.055640
416.766811	-0.115560
417.456822	-0.171570
418.146833	-0.220690
418.836844	-0.260840
419.526856	-0.290880
420.216867	-0.310550
420.906878	-0.320350
421.596889	-0.321430
422.286901	-0.315460
422.976912	-0.304380
423.666923	-0.290180
424.356935	-0.274570
425.046946	-0.258750
425.736957	-0.243210
426.426968	-0.227820
427.116980	-0.211900
427.806991	-0.194550
428.497002	-0.174850
429.187014	-0.152160
429.877025	-0.126120
430.567036	-0.096740
431.257047	-0.064380
431.947059	-0.029810
432.637070	0.005820
433.327081	0.041110
434.017092	0.074490
434.707104	0.104540
435.397115	0.130140
436.087126	0.150590
436.777138	0.165560
437.467149	0.175060
438.157160	0.179350
438.847171	0.178860
439.537183	0.174200
440.227194	0.166040
440.917205	0.155120
441.607216	0.142170
442.297228	0.127890
442.987239	0.112910
443.677250	0.097740
444.367262	0.082840
445.057273	0.068620
445.747284	0.055520
446.437295	0.044040
447.127307	0.034690
447.817318	0.027980
448.507329	0.024260
449.197341	0.023730
449.887352	0.026460
450.577363	0.032380
451.267374	0.041430
451.957386	0.053520
452.647397	0.068440
453.337408	0.085790
454.027419	0.104710
454.717431	0.123850
455.407442	0.141340
456.097453	0.155080
456.787465	0.163080
457.477476	0.163830
458.167487	0.156600
458.857498	0.141560
459.547510	0.119690
460.237521	0.092590
460.927532	0.062170
461.617543	0.030410
462.307555	-0.000930
462.997566	-0.030420
463.687577	-0.056960
464.377589	-0.079740
465.067600	-0.098090
465.757611	-0.111360
466.447622	-0.118830
467.137634	-0.119700
467.827645	-0.113270
468.517656	-0.099130
469.207668	-0.077430
469.897679	-0.048990
470.587690	-0.015320
471.277701	0.021490
471.967713	0.059010
472.657724	0.094640
473.347735	0.125910
474.037746	0.150690
474.727758	0.167360
475.417769	0.174890
476.107780	0.172830
476.797792	0.161190
477.487803	0.140400
478.177814	0.111250
478.867825	0.074980
479.557837	0.033390
480.247848	-0.011080
480.937859	-0.055500
481.627870	-0.096670
482.317882	-0.131530
483.007893	-0.157530
483.697904	-0.172960
484.387916	-0.177040
485.077927	-0.169900
485.767938	-0.152510
486.457949	-0.126580
487.147961	-0.094360
487.837972	-0.058480
488.527983	-0.021710
489.217995	0.013220
489.908006	0.043950
490.598017	0.068560
491.288028	0.085580
491.978040	0.094020
492.668051	0.093180
493.358062	0.082720
494.048073	0.062730
494.738085	0.033980
495.428096	-0.001930
496.118107	-0.042570
496.808119	-0.084880
497.498130	-0.125670
498.188141	-0.162250
498.878152	-0.192780
499.568164	-0.216560
500.258175	-0.233770
500.948186	-0.245160
501.638197	-0.251430
502.328209	-0.252860
503.018220	-0.249170
503.708231	-0.239790
504.398243	-0.224220
505.088254	-0.202560
505.778265	-0.175740
506.468276	-0.145480
507.158288	-0.114020
507.848299	-0.083550
508.538310	-0.055780
509.228322	-0.031670
509.918333	-0.011310
510.608344	0.005850
511.298355	0.020730
511.988367	0.034290
512.678378	0.047300
513.368389	0.060220
514.058400	0.073260
514.748412	0.086410
515.438423	0.099450
516.128434	0.112010
516.818446	0.123580
517.508457	0.133580
518.198468	0.141410
518.888479	0.146650
519.578491	0.149060
520.268502	0.148740
520.958513	0.146140
521.648524	0.142120
522.338536	0.137840
523.028547	0.134510
523.718558	0.133070
524.408570	0.133830
525.098581	0.136220
525.788592	0.138900
526.478603	0.140050
527.168615	0.137900
527.858626	0.131190
528.548637	0.119480
529.238648	0.103290
529.928660	0.083880
530.618671	0.062950
531.308682	0.042230
531.998694	0.023110
532.688705	0.006410
533.378716	-0.007600
534.068727	-0.019120
534.758739	-0.028580
535.448750	-0.036490
536.138761	-0.043340
536.828773	-0.049650
537.518784	-0.055900
538.208795	-0.062450
538.898806	-0.069440
539.588818	-0.076720
540.278829	-0.083810
540.968840	-0.090060
541.658851	-0.094830
542.348863	-0.097670
543.038874	-0.098400
543.728885	-0.097120
544.418897	-0.094090
545.108908	-0.089570
545.798919	-0.083730
546.488930	-0.076600
547.178942	-0.068070
547.868953	-0.058010
548.558964	-0.046430
549.248975	-0.033520
549.938987	-0.019740
550.628998	-0.005740
551.319009	0.007720
552.009021	0.019990
552.699032	0.030560
553.389043	0.039110
554.079054	0.045520
554.769066	0.049800
555.459077	0.052070
556.149088	0.052550
556.839100	0.051570
557.529111	0.049610
558.219122	0.047260
558.909133	0.045130
559.599145	0.043710
560.289156	0.043320
560.979167	0.044050
561.669178	0.045740
562.359190	0.048040
563.049201	0.050460
563.739212	0.052450
564.429224	0.053450
565.119235	0.053010
565.809246	0.050810
566.499257	0.046700
567.189269	0.040640
567.879280	0.032820
568.569291	0.023560
569.259302	0.013390
569.949314	0.002980
570.639325	-0.006930
571.329336	-0.015640
572.019348	-0.022580
572.709359	-0.027480
573.399370	-0.030400
574.089381	-0.031780
574.779393	-0.032290
575.469404	-0.032630
576.159415	-0.033350
576.849427	-0.034690
577.539438	-0.036530
578.229449	-0.038510
578.919460	-0.040120
579.609472	-0.040800
580.299483	-0.040050
580.989494	-0.037520
581.679505	-0.033150
582.369517	-0.027220
583.059528	-0.020360
583.749539	-0.013380
584.439551	-0.007150
585.129562	-0.002420
585.819573	0.000290
586.509584	0.000700
587.199596	-0.001220
587.889607	-0.005320
588.579618	-0.011250
589.269629	-0.018520
589.959641	-0.026430
590.649652	-0.034100
591.339663	-0.040540
592.029675	-0.044750
592.719686	-0.045900
593.409697	-0.043460
594.099708	-0.037260
594.789720	-0.027530
595.479731	-0.014830
596.169742	0.000110
596.859754	0.016330
597.549765	0.032820
598.239776	0.048540
598.929787	0.062500
599.619799	0.073870
600.309810	0.082110
600.999821	0.086870
601.689832	0.088000
602.379844	0.085410
603.069855	0.078960
603.759866	0.068600
604.449878	0.054480
605.139889	0.037180
605.829900	0.017720
606.519911	-0.002420
607.209923	-0.021620
607.899934	-0.038310
608.589945	-0.051270
609.279956	-0.059630
609.969968	-0.062880
610.659979	-0.060790
611.349990	-0.053390
612.040002	-0.041010
612.730013	-0.024330
613.420024	-0.004330
614.110035	0.017700
614.800047	0.040340
615.490058	0.062060
616.180069	0.081470
616.870081	0.097400
617.560092	0.109050
618.250103	0.116220
618.940114	0.119300
619.630126	0.119150
620.320137	0.116820
621.010148	0.113230
621.700159	0.108970
622.390171	0.104180
623.080182	0.098620
623.770193	0.091910
624.460205	0.083690
625.150216	0.073800
625.840227	0.062330
626.530238	0.049650
627.220250	0.036370
627.910261	0.023270
628.600272	0.011250
629.290283	0.001220
629.980295	-0.006000
630.670306	-0.009870
631.360317	-0.010360
632.050329	-0.008170
632.740340	-0.004650
633.430351	-0.001540
634.120362	-0.000600
634.810374	-0.003120
635.500385	-0.009730
636.190396	-0.020350
636.880408	-0.034320
637.570419	-0.050630
638.260430	-0.068190
638.950441	-0.085990
639.640453	-0.103170
640.330464	-0.119050
641.020475	-0.133170
641.710486	-0.145230
642.400498	-0.155100
643.090509	-0.162810
643.780520	-0.168480
644.470532	-0.172270
645.160543	-0.174250
645.850554	-0.174310
646.540565	-0.172230
647.230577	-0.167750
647.920588	-0.160620
648.610599	-0.150740
649.300610	-0.138110
649.990622	-0.122770
650.680633	-0.104760
651.370644	-0.084140
652.060656	-0.061120
652.750667	-0.036140
653.440678	-0.009940
654.130689	0.016490
654.820701	0.042100
655.510712	0.065860
656.200723	0.086870
656.890735	0.104400
657.580746	0.117870
658.270757	0.126870
658.960768	0.131110
659.650780	0.130470
660.340791	0.125040
661.030802	0.115040
661.720813	0.100900
662.410825	0.083190
663.100836	0.062630
663.790847	0.039950
664.480859	0.015920
665.170870	-0.008680
665.860881	-0.033100
666.550892	-0.056500
667.240904	-0.078000
667.930915	-0.096760
668.620926	-0.112000
669.310937	-0.123070
670.000949	-0.129490
670.690960	-0.131010
671.380971	-0.127580
672.070983	-0.119380
672.760994	-0.106840
673.451005	-0.090510
674.141016	-0.071120
674.831028	-0.049520
675.521039	-0.026710
676.211050	-0.003770
676.901062	0.018240
677.591073	0.038490
678.281084	0.056510
678.971095	0.072210
679.661107	0.085920
680.351118	0.098200
681.041129	0.109650
681.731140	0.120660
682.421152	0.131330
683.111163	0.141340
683.801174	0.150080
684.491186	0.156830
685.181197	0.161040
685.871208	0.162410
686.561219	0.160960
687.251231	0.156930
687.941242	0.150580
688.631253	0.142100
689.321264	0.131540
690.011276	0.118830
690.701287	0.103860
691.391298	0.086510
692.081310	0.066730
692.771321	0.044560
693.461332	0.020310
694.151343	-0.005470
694.841355	-0.031900
695.531366	-0.057870
696.221377	-0.082150
696.911389	-0.103550
697.601400	-0.121000
698.291411	-0.133670
698.981422	-0.140960
699.671434	-0.142580
700.361445	-0.138600
701.051456	-0.129440
701.741467	-0.115850
702.431479	-0.098790
703.121490	-0.079260
703.811501	-0.058140
704.501513	-0.036050
705.191524	-0.013320
705.881535	0.010030
706.571546	0.034150
707.261558	0.059190
707.951569	0.085080
708.641580	0.111350
709.331591	0.137070
710.021603	0.160900
710.711614	0.181350
711.401625	0.197030
712.091637	0.206900
712.781648	0.210480
713.471659	0.207800
714.161670	0.199410
714.851682	0.186230
715.541693	0.169450
716.231704	0.150370
716.921716	0.130270
717.611727	0.110350
718.301738	0.091520
718.991749	0.074380
719.681761	0.059100
720.371772	0.045400
721.061783	0.032650
721.751794	0.019940
722.441806	0.006280
723.131817	-0.009180
723.821828	-0.026940
724.511840	-0.046830
725.201851	-0.067870
725.891862	-0.088350
726.581873	-0.106180
727.271885	-0.119460
727.961896	-0.127070
728.651907	-0.129080
729.341918	-0.126830
730.031930	-0.122600
730.721941	-0.119040
731.411952	-0.118580
732.101964	-0.122810
732.791975	-0.132140
733.481986	-0.145730
734.171997	-0.161660
734.862009	-0.177350
735.552020	-0.190090
736.242031	-0.197600
736.932042	-0.198440
737.622054	-0.192170
738.312065	-0.179350
739.002076	-0.161320
739.692088	-0.139910
740.382099	-0.117160
741.072110	-0.094930
741.762121	-0.074760
742.452133	-0.057620
743.142144	-0.044010
743.832155	-0.034020
744.522167	-0.027510
745.212178	-0.024250
745.902189	-0.023860
746.592200	-0.025710
747.282212	-0.028870
747.972223	-0.032180
748.662234	-0.034510
749.352245	-0.035030
750.042257	-0.033450
750.732268	-0.029940
751.422279	-0.025040
752.112291	-0.019410
752.802302	-0.013570
753.492313	-0.007810
754.182324	-0.002090
754.872336	0.003890
755.562347	0.010670
756.252358	0.018910
756.942369	0.029140
757.632381	0.041540
758.322392	0.055860
759.012403	0.071390
759.702415	0.087110
760.392426	0.101880
761.082437	0.114710
761.772448	0.124860
762.462460	0.131820
763.152471	0.135270
763.842482	0.135140
764.532494	0.131640
765.222505	0.125380
765.912516	0.117440
766.602527	0.109310
767.292539	0.102550
767.982550	0.098520
768.672561	0.097960
769.362572	0.100840
770.052584	0.106340
770.742595	0.113120
771.432606	0.119580
772.122618	0.124100
772.812629	0.125310
773.502640	0.122190
774.192651	0.114050
774.882663	0.100600
775.572674	0.081980
776.262685	0.058720
776.952696	0.031780
777.642708	0.002410
778.332719	-0.027890
779.022730	-0.057540
779.712742	-0.084960
780.402753	-0.108740
781.092764	-0.127700
781.782775	-0.141020
782.472787	-0.148320
783.162798	-0.149760
783.852809	-0.146000
784.542821	-0.138110
785.232832	-0.127320
785.922843	-0.114840
786.612854	-0.101640
787.302866	-0.088350
787.992877	-0.075110
788.682888	-0.061690
789.372899	-0.047660
790.062911	-0.032530
790.752922	-0.015970
791.442933	0.002010
792.132945	0.021060
792.822956	0.040460
