0.000000	0.112720
0.690002	0.090310
1.380004	0.059960
2.070006	0.023740
2.760008	-0.015360
3.450011	-0.053950
4.140013	-0.088800
4.830015	-0.117400
5.520017	-0.138270
6.210019	-0.150870
6.900021	-0.155360
7.590023	-0.152270
8.280025	-0.142360
8.970028	-0.126600
9.660030	-0.106200
10.350032	-0.082680
11.040034	-0.057740
11.730036	-0.033200
12.420038	-0.010780
13.110040	0.008100
13.800042	0.022680
14.490044	0.032860
15.180047	0.039290
15.870049	0.043020
16.560051	0.045250
17.250053	0.046970
17.940055	0.048970
18.630057	0.051980
19.320059	0.056820
20.010061	0.064340
20.700063	0.075240
21.390066	0.089710
22.080068	0.107180
22.770070	0.126280
23.460072	0.144970
24.150074	0.160900
24.840076	0.171810
25.530078	0.176050
26.220080	0.172960
26.910083	0.163090
27.600085	0.148170
28.290087	0.130860
28.980089	0.114350
29.670091	0.101760
30.360093	0.095510
31.050095	0.096720
31.740097	0.104880
32.430099	0.117730
33.120102	0.131740
33.810104	0.143030
34.500106	0.148450
35.190108	0.146570
35.880110	0.138020
36.570112	0.125250
37.260114	0.111550
37.950116	0.099970
38.640118	0.092320
39.330121	0.088780
40.020123	0.088000
40.710125	0.087590
41.400127	0.084670
42.090129	0.076610
42.780131	0.061460
43.470133	0.038200
44.160135	0.006620
44.850138	-0.032760
45.540140	-0.078960
46.230142	-0.130570
46.920144	-0.185960
47.610146	-0.243270
48.300148	-0.300670
48.990150	-0.356520
49.680152	-0.409610
50.370154	-0.459020
51.060157	-0.503980
51.750159	-0.543530
52.440161	-0.576330
53.130163	-0.600500
53.820165	-0.613660
54.510167	-0.613080
55.200169	-0.595980
55.890171	-0.559850
56.580173	-0.503020
57.270176	-0.425190
57.960178	-0.328030
58.650180	-0.215140
59.340182	-0.091820
60.030184	0.035690
60.720186	0.161020
61.410188	0.278340
62.100190	0.382820
62.790193	0.470740
63.480195	0.539590
64.170197	0.588040
64.860199	0.615840
65.550201	0.623640
66.240203	0.612900
66.930205	0.585710
67.620207	0.544580
68.310209	0.492210
69.000212	0.431330
69.690214	0.364440
70.380216	0.293680
71.070218	0.220820
71.760220	0.147310
72.450222	0.074310
73.140224	0.002850
73.830226	-0.065930
74.520229	-0.130690
75.210231	-0.189620
75.900233	-0.240480
76.590235	-0.280780
77.280237	-0.308100
77.970239	-0.320500
78.660241	-0.316920
79.350243	-0.297290
80.040245	-0.262680
80.730248	-0.215290
81.420250	-0.158450
82.110252	-0.096620
82.800254	-0.035060
83.490256	0.020640
84.180258	0.065380
84.870260	0.095320
85.560262	0.108380
86.250264	0.104450
86.940267	0.085110
87.630269	0.053050
88.320271	0.011590
89.010273	-0.035850
89.700275	-0.085940
90.390277	-0.135420
91.080279	-0.181010
91.770281	-0.219290
92.460284	-0.246760
93.150286	-0.260140
93.840288	-0.256950
94.530290	-0.236170
95.220292	-0.198730
95.910294	-0.147770
96.600296	-0.088240
97.290298	-0.026090
97.980300	0.032890
98.670303	0.084090
99.360305	0.124660
100.050307	0.153660
100.740309	0.171670
101.430311	0.180200
102.120313	0.181000
102.810315	0.175500
103.500317	0.164580
104.190319	0.148610
104.880322	0.127770
105.570324	0.102610
106.260326	0.074450
106.950328	0.045510
107.640330	0.018640
108.330332	-0.003340
109.020334	-0.018430
109.710336	-0.025860
110.400339	-0.026180
111.090341	-0.020890
111.780343	-0.011950
112.470345	-0.001170
113.160347	0.010020
113.850349	0.020710
114.540351	0.030350
115.230353	0.038640
115.920355	0.045380
116.610358	0.050350
117.300360	0.053250
117.990362	0.053830
118.680364	0.051930
119.370366	0.047710
120.060368	0.041680
120.750370	0.034660
121.440372	0.027710
122.130374	0.021960
122.820377	0.018380
123.510379	0.017560
124.200381	0.019530
124.890383	0.023740
125.580385	0.029050
126.270387	0.034000
126.960389	0.037090
127.650391	0.037130
128.340394	0.033380
129.030396	0.025630
129.720398	0.014230
130.410400	-0.000140
131.100402	-0.016510
131.790404	-0.033720
132.480406	-0.050420
133.170408	-0.065230
133.860410	-0.076820
134.550413	-0.084120
135.240415	-0.086500
135.930417	-0.083810
136.620419	-0.076390
137.310421	-0.064990
138.000423	-0.050630
138.690425	-0.034470
139.380427	-0.017610
140.070430	-0.000990
140.760432	0.014720
141.450434	0.029120
142.140436	0.041960
142.830438	0.053030
143.520440	0.062060
144.210442	0.068670
144.900444	0.072330
145.590446	0.072430
146.280449	0.068370
146.970451	0.059670
147.660453	0.046120
148.350455	0.027880
149.040457	0.005510
149.730459	-0.020010
150.420461	-0.047340
151.110463	-0.074830
151.800465	-0.100660
152.490468	-0.122990
153.180470	-0.140110
153.870472	-0.150610
154.560474	-0.153550
155.250476	-0.148520
155.940478	-0.135670
156.630480	-0.115620
157.320482	-0.089530
158.010485	-0.058890
158.700487	-0.025390
159.390489	0.009200
160.080491	0.043240
160.770493	0.075210
161.460495	0.103820
162.150497	0.128030
162.840499	0.146970
163.530501	0.160020
164.220504	0.166900
164.910506	0.167640
165.600508	0.162580
166.290510	0.152400
166.980512	0.137900
167.670514	0.119910
168.360516	0.099130
169.050518	0.076170
169.740520	0.051550
170.430523	0.025860
171.120525	-0.000210
171.810527	-0.025710
172.500529	-0.049540
173.190531	-0.070400
173.880533	-0.086940
174.570535	-0.097800
175.260537	-0.101950
175.950540	-0.098840
176.640542	-0.088650
177.330544	-0.072380
178.020546	-0.051780
178.710548	-0.029100
179.400550	-0.006700
180.090552	0.013250
180.780554	0.029040
181.470556	0.039500
182.160559	0.044070
182.850561	0.042730
183.540563	0.035980
184.230565	0.024860
184.920567	0.010740
185.610569	-0.004860
186.300571	-0.020640
186.990573	-0.035600
187.680575	-0.049100
188.370578	-0.060700
189.060580	-0.070050
189.750582	-0.076810
190.440584	-0.080660
191.130586	-0.081430
191.820588	-0.079190
192.510590	-0.074200
193.200592	-0.066960
193.890595	-0.058160
194.580597	-0.048550
195.270599	-0.038880
195.960601	-0.029710
196.650603	-0.021300
197.340605	-0.013570
198.030607	-0.006120
198.720609	0.001540
199.410611	0.009960
200.100614	0.019510
200.790616	0.030450
201.480618	0.042920
202.170620	0.056830
202.860622	0.071860
203.550624	0.087250
204.240626	0.101870
204.930628	0.114240
205.620631	0.122840
206.310633	0.126400
207.000635	0.124170
207.690637	0.116010
208.380639	0.102350
209.070641	0.083990
209.760643	0.062000
210.450645	0.037650
211.140647	0.012340
211.830650	-0.012490
212.520652	-0.035510
213.210654	-0.055550
213.900656	-0.071820
214.590658	-0.083910
215.280660	-0.091810
215.970662	-0.095850
216.660664	-0.096660
217.350666	-0.094990
218.040669	-0.091550
218.730671	-0.086740
219.420673	-0.080600
220.110675	-0.072860
220.800677	-0.063120
221.490679	-0.051100
222.180681	-0.036850
222.870683	-0.020870
223.560686	-0.004050
224.250688	0.012450
224.940690	0.027450
225.630692	0.039870
226.320694	0.048970
227.010696	0.054420
227.700698	0.056310
228.390700	0.055050
229.080702	0.051300
229.770705	0.045730
230.460707	0.038960
231.150709	0.031480
231.840711	0.023740
232.530713	0.016070
233.220715	0.008810
233.910717	0.002230
234.600719	-0.003510
235.290721	-0.008430
235.980724	-0.012720
236.670726	-0.016670
237.360728	-0.020620
238.050730	-0.024770
238.740732	-0.029100
239.430734	-0.033380
240.120736	-0.037390
240.810738	-0.041150
241.500741	-0.045100
242.190743	-0.050020
242.880745	-0.056770
243.570747	-0.065820
244.260749	-0.077000
244.950751	-0.089350
245.640753	-0.101340
246.330755	-0.111150
247.020757	-0.117110
247.710760	-0.117970
248.400762	-0.113180
249.090764	-0.102820
249.780766	-0.087520
250.470768	-0.068120
251.160770	-0.045400
251.850772	-0.019910
252.540774	0.008000
253.230776	0.038140
253.920779	0.070260
254.610781	0.103920
255.300783	0.138350
255.990785	0.172390
256.680787	0.204440
257.370789	0.232650
258.060791	0.255310
258.750793	0.271280
259.440796	0.280370
260.130798	0.283390
260.820800	0.281830
261.510802	0.277360
262.200804	0.271180
262.890806	0.263430
263.580808	0.253040
264.270810	0.237970
264.960812	0.215790
265.650815	0.184640
266.340817	0.144070
267.030819	0.095530
267.720821	0.042210
268.410823	-0.011400
269.100825	-0.060370
269.790827	-0.100200
270.480829	-0.127600
271.170832	-0.140900
271.860834	-0.140130
272.550836	-0.126730
273.240838	-0.103120
273.930840	-0.072090
274.620842	-0.036430
275.310844	0.001260
276.000846	0.038590
276.690848	0.073330
277.380851	0.103200
278.070853	0.125780
278.760855	0.138590
279.450857	0.139330
280.140859	0.126430
280.830861	0.099500
281.520863	0.059500
282.210865	0.008450
282.900867	-0.051130
283.590870	-0.116950
284.280872	-0.187230
284.970874	-0.260630
285.660876	-0.335800
286.350878	-0.410850
287.040880	-0.482990
287.730882	-0.548590
288.420884	-0.603550
289.110887	-0.643860
289.800889	-0.665990
290.490891	-0.667280
291.180893	-0.646040
291.870895	-0.601710
292.560897	-0.535090
293.250899	-0.448550
293.940901	-0.346140
294.630903	-0.233230
295.320906	-0.115810
296.010908	0.000260
296.700910	0.110010
297.390912	0.209670
298.080914	0.296680
298.770916	0.369480
299.460918	0.427250
300.150920	0.469840
300.840922	0.497710
301.530925	0.511830
302.220927	0.513630
302.910929	0.504810
303.600931	0.487120
304.290933	0.462220
304.980935	0.431580
305.670937	0.396400
306.360939	0.357660
307.050942	0.316140
307.740944	0.272420
308.430946	0.226920
309.120948	0.179910
309.810950	0.131580
310.500952	0.082060
311.190954	0.031630
311.880956	-0.019180
312.570958	-0.069540
313.260961	-0.118260
313.950963	-0.163870
314.640965	-0.204800
315.330967	-0.239420
316.020969	-0.266170
316.710971	-0.283630
317.400973	-0.290700
318.090975	-0.286850
318.780977	-0.272380
319.470980	-0.248360
320.160982	-0.216580
320.850984	-0.179240
321.540986	-0.138620
322.230988	-0.096850
322.920990	-0.055640
323.610992	-0.016240
324.300994	0.020460
324.990997	0.053710
325.680999	0.082450
326.371001	0.105050
327.061003	0.119450
327.751005	0.123460
328.441007	0.115370
329.131009	0.094500
329.821011	0.061410
330.511013	0.017790
331.201016	-0.033830
331.891018	-0.090450
332.581020	-0.148760
333.271022	-0.205310
333.961024	-0.256620
334.651026	-0.299340
335.341028	-0.330360
336.031030	-0.347060
336.721033	-0.347520
337.411035	-0.330780
338.101037	-0.296940
338.791039	-0.247340
339.481041	-0.184600
340.171043	-0.112490
340.861045	-0.035600
341.551047	0.041050
342.241049	0.112590
342.931052	0.174750
343.621054	0.224330
344.311056	0.259400
345.001058	0.279360
345.691060	0.284910
346.381062	0.277930
347.071064	0.261190
347.761066	0.238000
348.451068	0.211660
349.141071	0.184870
349.831073	0.159400
350.521075	0.135890
351.211077	0.114090
351.901079	0.093280
352.591081	0.072770
353.281083	0.052240
353.971085	0.031910
354.661088	0.012560
355.351090	-0.004680
356.041092	-0.018670
356.731094	-0.028500
357.421096	-0.033770
358.111098	-0.034640
358.801100	-0.031780
359.491102	-0.026270
360.181104	-0.019380
360.871107	-0.012380
361.561109	-0.006350
362.251111	-0.001920
362.941113	0.000900
363.631115	0.002760
364.321117	0.004800
365.011119	0.008330
365.701121	0.014320
366.391123	0.022850
367.081126	0.032980
367.771128	0.042920
368.461130	0.050520
369.151132	0.053950
369.841134	0.052300
370.531136	0.045720
371.221138	0.035260
371.911140	0.022380
372.601143	0.008520
373.291145	-0.005140
373.981147	-0.017830
374.671149	-0.028990
375.361151	-0.038200
376.051153	-0.045050
376.741155	-0.049170
377.431157	-0.050280
378.121159	-0.048290
378.811162	-0.043390
379.501164	-0.036090
380.191166	-0.027180
380.881168	-0.017640
381.571170	-0.008580
382.261172	-0.001110
382.951174	0.003720
383.641176	0.005090
384.331178	0.002520
385.021181	-0.004030
385.711183	-0.014070
386.401185	-0.026660
387.091187	-0.040560
387.781189	-0.054450
388.471191	-0.067080
389.161193	-0.077350
389.851195	-0.084390
390.541198	-0.087560
391.231200	-0.086410
391.921202	-0.080680
392.611204	-0.070310
393.301206	-0.055400
393.991208	-0.036260
394.681210	-0.013470
395.371212	0.012060
396.061214	0.039090
396.751217	0.066100
397.441219	0.091460
398.131221	0.113620
398.821223	0.131490
399.511225	0.144460
400.201227	0.152400
400.891229	0.155630
401.581231	0.154770
402.271234	0.150550
402.961236	0.143760
403.651238	0.135160
404.341240	0.125290
405.031242	0.114420
405.721244	0.102440
406.411246	0.088970
407.101248	0.073510
407.791250	0.055640
408.481253	0.035230
409.171255	0.012490
409.861257	-0.011980
410.551259	-0.037360
411.241261	-0.062570
411.931263	-0.086500
412.621265	-0.108020
413.311267	-0.126170
414.001269	-0.140240
414.691272	-0.149840
415.381274	-0.154900
416.071276	-0.155600
416.761278	-0.152280
417.451280	-0.145300
418.141282	-0.135090
418.831284	-0.122120
419.521286	-0.107060
420.211289	-0.090700
420.901291	-0.074000
421.591293	-0.057890
422.281295	-0.043070
422.971297	-0.029830
423.661299	-0.018010
424.351301	-0.007140
425.041303	0.003310
425.731305	0.013690
426.421308	0.024000
427.111310	0.033910
427.801312	0.042940
428.491314	0.050570
429.181316	0.056430
429.871318	0.060180
430.561320	0.061550
431.251322	0.060220
431.941324	0.055930
432.631327	0.048500
433.321329	0.037970
434.011331	0.024640
434.701333	0.009170
435.391335	-0.007450
436.081337	-0.024030
436.771339	-0.039150
437.461341	-0.051360
438.151344	-0.059270
438.841346	-0.061710
439.531348	-0.057980
440.221350	-0.047920
440.911352	-0.032000
441.601354	-0.011320
442.291356	0.012590
442.981358	0.038010
443.671360	0.063200
444.361363	0.086500
445.051365	0.106350
445.741367	0.121320
446.431369	0.130040
447.121371	0.131360
447.811373	0.124530
448.501375	0.109480
449.191377	0.087090
449.881379	0.059220
450.571382	0.028450
451.261384	-0.002330
451.951386	-0.030500
452.641388	-0.054050
453.331390	-0.071770
454.021392	-0.083240
454.711394	-0.088590
455.401396	-0.088400
456.091399	-0.083510
456.781401	-0.074980
457.471403	-0.063990
458.161405	-0.051710
458.851407	-0.039250
459.541409	-0.027570
460.231411	-0.017460
460.921413	-0.009570
461.611415	-0.004430
462.301418	-0.002470
462.991420	-0.003880
463.681422	-0.008580
464.371424	-0.016160
465.061426	-0.025910
465.751428	-0.036940
466.441430	-0.048160
467.131432	-0.058310
467.821435	-0.066070
468.511437	-0.070160
469.201439	-0.069560
469.891441	-0.063700
470.581443	-0.052570
471.271445	-0.036610
471.961447	-0.016620
472.651449	0.006360
473.341451	0.031190
474.031454	0.056480
474.721456	0.080680
475.411458	0.102160
476.101460	0.119480
476.791462	0.131560
477.481464	0.137860
478.171466	0.138330
478.861468	0.133250
479.551470	0.123050
480.241473	0.108200
480.931475	0.089310
481.621477	0.067200
482.311479	0.042960
483.001481	0.018040
483.691483	-0.006000
484.381485	-0.027700
485.071487	-0.045940
485.761490	-0.060190
486.451492	-0.070600
487.141494	-0.077850
487.831496	-0.082940
488.521498	-0.086810
489.211500	-0.090060
489.901502	-0.092780
490.591504	-0.094590
491.281506	-0.094920
491.971509	-0.093290
492.661511	-0.089580
493.351513	-0.084120
494.041515	-0.077530
494.731517	-0.070450
495.421519	-0.063210
496.111521	-0.055550
496.801523	-0.046580
497.491525	-0.034960
498.181528	-0.019290
498.871530	0.001470
499.561532	0.027600
500.251534	0.058390
500.941536	0.092140
501.631538	0.126520
502.321540	0.158890
503.011542	0.186800
503.701545	0.208310
504.391547	0.222110
505.081549	0.227620
505.771551	0.224940
506.461553	0.214830
507.151555	0.198620
507.841557	0.178120
508.531559	0.155430
509.221561	0.132800
509.911564	0.112340
510.601566	0.095970
511.291568	0.085250
511.981570	0.081320
512.671572	0.084740
513.361574	0.095340
514.051576	0.112150
514.741578	0.133490
515.431580	0.157130
516.121583	0.180550
516.811585	0.201210
517.501587	0.216740
518.191589	0.225060
518.881591	0.224330
519.571593	0.212890
520.261595	0.189150
520.951597	0.151550
521.641600	0.098650
522.331602	0.029600
523.021604	-0.055220
523.711606	-0.153360
524.401608	-0.259850
525.091610	-0.367710
525.781612	-0.469150
526.471614	-0.557190
527.161616	-0.626820
527.851619	-0.675590
528.541621	-0.703190
529.231623	-0.710540
529.921625	-0.698980
530.611627	-0.669770
531.301629	-0.623980
531.991631	-0.562590
532.681633	-0.486610
533.371636	-0.397460
534.061638	-0.297330
534.751640	-0.189460
535.441642	-0.078130
536.131644	0.031680
536.821646	0.134980
537.511648	0.227480
538.201650	0.306090
538.891652	0.369140
539.581655	0.416210
540.271657	0.447850
540.961659	0.465220
541.651661	0.469800
542.341663	0.463180
543.031665	0.446930
543.721667	0.422460
544.411669	0.390950
545.101671	0.353240
545.791674	0.309840
546.481676	0.260950
547.171678	0.206620
547.861680	0.147050
548.551682	0.082770
549.241684	0.014820
549.931686	-0.055160
550.621688	-0.125030
551.311691	-0.192170
552.001693	-0.253720
552.691695	-0.306660
553.381697	-0.347960
554.071699	-0.374710
554.761701	-0.384260
555.451703	-0.374510
556.141705	-0.344220
556.831707	-0.293500
557.521710	-0.224150
558.211712	-0.139890
558.901714	-0.046170
559.591716	0.050400
560.281718	0.142860
560.971720	0.224830
561.661722	0.291150
562.351724	0.338370
563.041726	0.364720
563.731729	0.369970
564.421731	0.355080
565.111733	0.322020
565.801735	0.273530
566.491737	0.213070
567.181739	0.144630
567.871741	0.072580
568.561743	0.001270
569.251746	-0.065320
569.941748	-0.124070
570.631750	-0.172800
571.321752	-0.210480
572.011754	-0.237090
572.701756	-0.253550
573.391758	-0.261510
574.081760	-0.263130
574.771762	-0.260730
575.461765	-0.256410
576.151767	-0.251710
576.841769	-0.247250
577.531771	-0.242690
578.221773	-0.236850
578.911775	-0.228050
579.601777	-0.214660
580.291779	-0.195430
580.981781	-0.169710
581.671784	-0.137430
582.361786	-0.099160
583.051788	-0.056030
583.741790	-0.009760
584.431792	0.037240
585.121794	0.082150
585.811796	0.122070
586.501798	0.154700
587.191801	0.178690
587.881803	0.193840
588.571805	0.201050
589.261807	0.201890
589.951809	0.198160
590.641811	0.191500
591.331813	0.183250
592.021815	0.174400
592.711817	0.165550
593.401820	0.157030
594.091822	0.148820
594.781824	0.140650
595.471826	0.132100
596.161828	0.122710
596.851830	0.112140
597.541832	0.100250
598.231834	0.087080
598.921837	0.072800
599.611839	0.057540
600.301841	0.041380
600.991843	0.024240
601.681845	0.006000
602.371847	-0.013420
603.061849	-0.033890
603.751851	-0.054890
604.441853	-0.075440
605.131856	-0.094110
605.821858	-0.109120
606.511860	-0.118660
607.201862	-0.121240
607.891864	-0.116010
608.581866	-0.103120
609.271868	-0.083680
609.961870	-0.059710
610.651872	-0.033720
611.341875	-0.008360
612.031877	0.014090
612.721879	0.031970
613.411881	0.044400
614.101883	0.051260
614.791885	0.053090
615.481887	0.050840
616.171889	0.045640
616.861892	0.038610
617.551894	0.030680
618.241896	0.022440
618.931898	0.014200
619.621900	0.005990
620.311902	-0.002250
621.001904	-0.010580
621.691906	-0.018990
622.381908	-0.027330
623.071911	-0.035290
623.761913	-0.042420
624.451915	-0.048180
625.141917	-0.052050
625.831919	-0.053660
626.521921	-0.052930
627.211923	-0.050160
627.901925	-0.045930
628.591927	-0.040870
629.281930	-0.035460
629.971932	-0.029820
630.661934	-0.023760
631.351936	-0.016900
632.041938	-0.008920
632.731940	0.000320
633.421942	0.010690
634.111944	0.021860
634.801947	0.033410
635.491949	0.044910
636.181951	0.055920
636.871953	0.066060
637.561955	0.074900
638.251957	0.082010
638.941959	0.086980
639.631961	0.089520
640.321963	0.089570
641.011966	0.087280
641.701968	0.082980
642.391970	0.077050
643.081972	0.069780
643.771974	0.061300
644.461976	0.051600
645.151978	0.040510
645.841980	0.027890
646.531982	0.013720
647.221985	-0.001730
647.911987	-0.017850
648.601989	-0.033670
649.291991	-0.047910
649.981993	-0.059280
650.671995	-0.066700
651.361997	-0.069620
652.051999	-0.068150
652.742002	-0.063080
653.432004	-0.055690
654.122006	-0.047520
654.812008	-0.040080
655.502010	-0.034660
656.192012	-0.032200
656.882014	-0.033220
657.572016	-0.037690
658.262018	-0.045040
658.952021	-0.054220
659.642023	-0.063870
660.332025	-0.072570
661.022027	-0.079130
661.712029	-0.082760
662.402031	-0.083110
663.092033	-0.080290
663.782035	-0.074730
664.472038	-0.067000
665.162040	-0.057710
665.852042	-0.047330
666.542044	-0.036120
667.232046	-0.024080
667.922048	-0.011070
668.612050	0.003030
669.302052	0.018160
669.992054	0.033900
670.682057	0.049540
671.372059	0.064180
672.062061	0.076900
672.752063	0.086900
673.442065	0.093560
674.132067	0.096480
674.822069	0.095400
675.512071	0.090280
676.202073	0.081310
676.892076	0.069070
677.582078	0.054510
678.272080	0.038880
678.962082	0.023660
679.652084	0.010250
680.342086	-0.000240
681.032088	-0.007210
681.722090	-0.010620
682.412093	-0.010890
683.102095	-0.008750
683.792097	-0.005110
684.482099	-0.000890
685.172101	0.002980
685.862103	0.005680
686.552105	0.006440
687.242107	0.004730
687.932109	0.000450
688.622112	-0.005940
689.312114	-0.013460
690.002116	-0.020730
690.692118	-0.026340
691.382120	-0.029180
692.072122	-0.028790
692.762124	-0.025360
693.452126	-0.019750
694.142128	-0.013180
694.832131	-0.006950
695.522133	-0.002190
696.212135	0.000310
696.902137	0.000210
697.592139	-0.002480
698.282141	-0.007440
698.972143	-0.014070
699.662145	-0.021570
700.352148	-0.029110
701.042150	-0.035920
701.732152	-0.041460
702.422154	-0.045510
703.112156	-0.048130
703.802158	-0.049550
704.492160	-0.050060
705.182162	-0.049870
705.872164	-0.049050
706.562167	-0.047470
707.252169	-0.044840
707.942171	-0.040740
708.632173	-0.034760
709.322175	-0.026540
710.012177	-0.016010
710.702179	-0.003390
711.392181	0.010860
712.082183	0.026150
712.772186	0.041800
713.462188	0.057150
714.152190	0.071490
714.842192	0.084010
715.532194	0.093740
716.222196	0.099680
716.912198	0.100990
717.602200	0.097340
718.292203	0.089080
718.982205	0.077290
719.672207	0.063510
720.362209	0.049300
721.052211	0.035750
721.742213	0.023260
722.432215	0.011630
723.122217	0.000320
723.812219	-0.011130
724.502222	-0.022910
725.192224	-0.034790
725.882226	-0.046370
726.572228	-0.057090
727.262230	-0.066390
727.952232	-0.073690
728.642234	-0.078330
729.332236	-0.079670
730.022239	-0.077180
730.712241	-0.070630
731.402243	-0.060260
732.092245	-0.046790
732.782247	-0.031280
733.472249	-0.014930
734.162251	0.001070
734.852253	0.015810
735.542255	0.028770
736.232258	0.039820
736.922260	0.049150
737.612262	0.057050
738.302264	0.063750
738.992266	0.069250
739.682268	0.073460
740.372270	0.076320
741.062272	0.077870
741.752274	0.078150
742.442277	0.076940
743.132279	0.073640
743.822281	0.067370
744.512283	0.057420
745.202285	0.043770
745.892287	0.027540
746.582289	0.010930
747.272291	-0.003100
747.962294	-0.011540
748.652296	-0.012020
749.342298	-0.003330
750.032300	0.014280
750.722302	0.039220
751.412304	0.068780
752.102306	0.099670
752.792308	0.128590
753.482310	0.152830
754.172313	0.170690
754.862315	0.181500
755.552317	0.185400
756.242319	0.182960
756.932321	0.174950
757.622323	0.162140
758.312325	0.145410
759.002327	0.125820
759.692329	0.104560
760.382332	0.082680
761.072334	0.060750
761.762336	0.038660
762.452338	0.015730
763.142340	-0.008890
763.832342	-0.035720
764.522344	-0.064350
765.212346	-0.093440
765.902349	-0.121050
766.592351	-0.145280
767.282353	-0.164950
767.972355	-0.180050
768.662357	-0.191780
769.352359	-0.202200
770.042361	-0.213780
770.732363	-0.228890
771.422365	-0.249300
772.112368	-0.275950
772.802370	-0.308830
773.492372	-0.347010
774.182374	-0.388810
774.872376	-0.431970
775.562378	-0.473740
776.252380	-0.510970
776.942382	-0.540050
777.632384	-0.556890
778.322387	-0.557020
779.012389	-0.535880
779.702391	-0.489410
780.392393	-0.414980
781.082395	-0.312350
781.772397	-0.184600
782.462399	-0.038580
783.152401	0.115740
783.842404	0.266840
784.532406	0.403430
785.222408	0.516240
785.912410	0.599150
786.602412	0.649410
787.292414	0.667200
787.982416	0.654910
788.672418	0.616410
789.362420	0.556430
790.052423	0.479980
790.742425	0.391960
791.432427	0.297040
792.122429	0.199680
792.812431	0.104220
