0.000000	-0.607880
0.690010	-0.606040
1.380020	-0.595050
2.070029	-0.574940
2.760039	-0.545640
3.450049	-0.507140
4.140059	-0.459540
4.830069	-0.403340
5.520078	-0.339520
6.210088	-0.269670
6.900098	-0.195840
7.590108	-0.120410
8.280117	-0.045900
8.970127	0.025170
9.660137	0.090490
10.350147	0.148020
11.040157	0.196240
11.730166	0.234220
12.420176	0.261810
13.110186	0.279570
13.800196	0.288710
14.490206	0.290860
15.180215	0.287930
15.870225	0.281850
16.560235	0.274420
17.250245	0.267150
17.940254	0.261210
18.630264	0.257380
19.320274	0.256040
20.010284	0.257140
20.700294	0.260270
21.390303	0.264640
22.080313	0.269240
22.770323	0.273040
23.460333	0.275140
24.150343	0.274970
24.840352	0.272420
25.530362	0.267770
26.220372	0.261530
26.910382	0.254340
27.600391	0.246730
28.290401	0.239020
28.980411	0.231240
29.670421	0.223060
30.360431	0.213840
31.050440	0.202640
31.740450	0.188380
32.430460	0.169970
33.120470	0.146410
33.810480	0.116970
34.500489	0.081260
35.190499	0.039190
35.880509	-0.009000
36.570519	-0.062820
37.260529	-0.121430
37.950538	-0.183770
38.640548	-0.248500
39.330558	-0.314090
40.020568	-0.378820
40.710577	-0.440800
41.400587	-0.497940
42.090597	-0.547890
42.780607	-0.588100
43.470617	-0.615820
44.160626	-0.628380
44.850636	-0.623510
45.540646	-0.599810
46.230656	-0.557170
46.920666	-0.496860
47.610675	-0.421420
48.300685	-0.334280
48.990695	-0.239440
49.680705	-0.141200
50.370714	-0.043990
51.060724	0.047940
51.750734	0.130840
52.440744	0.201760
53.130754	0.258930
53.820763	0.301740
54.510773	0.330620
55.200783	0.346740
55.890793	0.351770
56.580803	0.347630
57.270812	0.336290
57.960822	0.319520
58.650832	0.298790
59.340842	0.275140
60.030851	0.249280
60.720861	0.221700
61.410871	0.192800
62.100881	0.163150
62.790891	0.133440
63.480900	0.104540
64.170910	0.077360
64.860920	0.052730
65.550930	0.031340
66.240940	0.013710
66.930949	0.000120
67.620959	-0.009400
68.310969	-0.015240
69.000979	-0.018170
69.690989	-0.019290
70.380998	-0.019820
71.071008	-0.020920
71.761018	-0.023390
72.451028	-0.027640
73.141037	-0.033570
73.831047	-0.040700
74.521057	-0.048310
75.211067	-0.055660
75.901077	-0.062150
76.591086	-0.067450
77.281096	-0.071500
77.971106	-0.074480
78.661116	-0.076620
79.351126	-0.078130
80.041135	-0.079130
80.731145	-0.079610
81.421155	-0.079430
82.111165	-0.078290
82.801174	-0.075780
83.491184	-0.071390
84.181194	-0.064610
84.871204	-0.055050
85.561214	-0.042490
86.251223	-0.027040
86.941233	-0.009210
87.631243	0.010070
88.321253	0.029620
89.011263	0.048100
89.701272	0.064330
90.391282	0.077450
91.081292	0.087090
91.771302	0.093380
92.461311	0.096800
93.151321	0.098030
93.841331	0.097680
94.531341	0.096120
95.221351	0.093390
95.911360	0.089280
96.601370	0.083430
97.291380	0.075530
97.981390	0.065500
98.671400	0.053620
99.361409	0.040480
100.051419	0.026980
100.741429	0.014110
101.431439	0.002790
102.121449	-0.006320
102.811458	-0.012940
103.501468	-0.017160
104.191478	-0.019330
104.881488	-0.019840
105.571497	-0.019270
106.261507	-0.018200
106.951517	-0.017160
107.641527	-0.016610
108.331537	-0.016950
109.021546	-0.018420
109.711556	-0.021120
110.401566	-0.024890
111.091576	-0.029300
111.781586	-0.033720
112.471595	-0.037400
113.161605	-0.039570
113.851615	-0.039530
114.541625	-0.036710
115.231634	-0.030700
115.921644	-0.021290
116.611654	-0.008560
117.301664	0.007080
117.991674	0.024860
118.681683	0.043650
119.371693	0.062090
120.061703	0.078760
120.751713	0.092270
121.441723	0.101510
122.131732	0.105630
122.821742	0.104130
123.511752	0.096820
124.201762	0.083900
124.891771	0.065870
125.581781	0.043520
126.271791	0.017960
126.961801	-0.009560
127.651811	-0.037650
128.341820	-0.064890
129.031830	-0.089830
129.721840	-0.111110
130.411850	-0.127480
131.101860	-0.137890
131.791869	-0.141550
132.481879	-0.138110
133.171889	-0.127740
133.861899	-0.111200
134.551909	-0.089780
135.241918	-0.065180
135.931928	-0.039350
136.621938	-0.014210
137.311948	0.008470
138.001957	0.027280
138.691967	0.041180
139.381977	0.049610
140.071987	0.052470
140.761997	0.050070
141.452006	0.043010
142.142016	0.032100
142.832026	0.018270
143.522036	0.002540
144.212046	-0.014080
144.902055	-0.030570
145.592065	-0.045950
146.282075	-0.059350
146.972085	-0.070060
147.662094	-0.077580
148.352104	-0.081570
149.042114	-0.081840
149.732124	-0.078300
150.422134	-0.070990
151.112143	-0.060200
151.802153	-0.046500
152.492163	-0.030740
153.182173	-0.013940
153.872183	0.002780
154.562192	0.018470
155.252202	0.032330
155.942212	0.043890
156.632222	0.052900
157.322231	0.059330
158.012241	0.063320
158.702251	0.065140
159.392261	0.065100
160.082271	0.063500
160.772280	0.060600
161.462290	0.056520
162.152300	0.051280
162.842310	0.044830
163.532320	0.037120
164.222329	0.028200
164.912339	0.018330
165.602349	0.007950
166.292359	-0.002250
166.982369	-0.011430
167.672378	-0.018620
168.362388	-0.022930
169.052398	-0.023630
169.742408	-0.020280
170.432417	-0.012850
171.122427	-0.001680
171.812437	0.012540
172.502447	0.028850
173.192457	0.046130
173.882466	0.063230
174.572476	0.078970
175.262486	0.092200
175.952496	0.101810
176.642506	0.106770
177.332515	0.106170
178.022525	0.099260
178.712535	0.085600
179.402545	0.065100
180.092554	0.038160
180.782564	0.005760
181.472574	-0.030590
182.162584	-0.068860
182.852594	-0.106740
183.542603	-0.141830
184.232613	-0.171910
184.922623	-0.195160
185.612633	-0.210290
186.302643	-0.216520
186.992652	-0.213580
187.682662	-0.201630
188.372672	-0.181340
189.062682	-0.153890
189.752691	-0.121010
190.442701	-0.084820
191.132711	-0.047670
191.822721	-0.011800
192.512731	0.020920
193.202740	0.049220
193.892750	0.072340
194.582760	0.090000
195.272770	0.102230
195.962780	0.109240
196.652789	0.111330
197.342799	0.108910
198.032809	0.102640
198.722819	0.093420
199.412829	0.082390
200.102838	0.070740
200.792848	0.059630
201.482858	0.049990
202.172868	0.042500
202.862877	0.037560
203.552887	0.035400
204.242897	0.036020
204.932907	0.039240
205.622917	0.044710
206.312926	0.052030
207.002936	0.060860
207.692946	0.070930
208.382956	0.082070
209.072966	0.094070
209.762975	0.106580
210.452985	0.119030
211.142995	0.130700
211.833005	0.140760
212.523014	0.148480
213.213024	0.153310
213.903034	0.155000
214.593044	0.153550
215.283054	0.149190
215.973063	0.142300
216.663073	0.133360
217.353083	0.122870
218.043093	0.111230
218.733103	0.098660
219.423112	0.085110
220.113122	0.070320
220.803132	0.053910
221.493142	0.035580
222.183151	0.015290
222.873161	-0.006720
223.563171	-0.029980
224.253181	-0.053820
224.943191	-0.077500
225.633200	-0.100200
226.323210	-0.121120
227.013220	-0.139580
227.703230	-0.155150
228.393240	-0.167770
229.083249	-0.177840
229.773259	-0.186200
230.463269	-0.193890
231.153279	-0.201980
231.843289	-0.211220
232.533298	-0.221870
233.223308	-0.233650
233.913318	-0.245790
234.603328	-0.257280
235.293337	-0.267060
235.983347	-0.274230
236.673357	-0.278180
237.363367	-0.278580
238.053377	-0.275340
238.743386	-0.268490
239.433396	-0.258150
240.123406	-0.244520
240.813416	-0.227830
241.503426	-0.208370
242.193435	-0.186450
242.883445	-0.162420
243.573455	-0.136570
244.263465	-0.109120
244.953474	-0.080060
245.643484	-0.049080
246.333494	-0.015540
247.023504	0.021270
247.713514	0.061860
248.403523	0.105980
249.093533	0.152370
249.783543	0.198910
250.473553	0.242980
251.163563	0.282110
251.853572	0.314440
252.543582	0.339050
253.233592	0.355930
253.923602	0.365640
254.613611	0.369110
255.303621	0.367290
255.993631	0.361060
256.683641	0.351050
257.373651	0.337640
258.063660	0.320960
258.753670	0.301070
259.443680	0.278120
260.133690	0.252530
260.823700	0.225080
261.513709	0.196880
262.203719	0.169150
262.893729	0.142960
263.583739	0.119070
264.273749	0.097730
264.963758	0.078750
265.653768	0.061570
266.343778	0.045280
267.033788	0.028870
267.723797	0.011290
268.413807	-0.008290
269.103817	-0.030420
269.793827	-0.055150
270.483837	-0.082040
271.173846	-0.110260
271.863856	-0.138790
272.553866	-0.166550
273.243876	-0.192570
273.933886	-0.216110
274.623895	-0.236690
275.313905	-0.254050
276.003915	-0.268150
276.693925	-0.279180
277.383934	-0.287520
278.073944	-0.293670
278.763954	-0.298120
279.453964	-0.301180
280.143974	-0.302800
280.833983	-0.302480
281.523993	-0.299300
282.214003	-0.292060
282.904013	-0.279530
283.594023	-0.260720
284.284032	-0.235060
284.974042	-0.202490
285.664052	-0.163600
286.354062	-0.119530
287.044071	-0.072010
287.734081	-0.023140
288.424091	0.024820
289.114101	0.069800
289.804111	0.110200
290.494120	0.145020
291.184130	0.173860
291.874140	0.196760
292.564150	0.214070
293.254160	0.226260
293.944169	0.233790
294.634179	0.237040
295.324189	0.236250
296.014199	0.231420
296.704209	0.222480
297.394218	0.209380
298.084228	0.192320
298.774238	0.171840
299.464248	0.148840
300.154257	0.124560
300.844267	0.100310
301.534277	0.077400
302.224287	0.056940
302.914297	0.039700
303.604306	0.026150
304.294316	0.016420
304.984326	0.010430
305.674336	0.007930
306.364346	0.008590
307.054355	0.011960
307.744365	0.017460
308.434375	0.024340
309.124385	0.031610
309.814394	0.038040
310.504404	0.042180
311.194414	0.042520
311.884424	0.037780
312.574434	0.027100
313.264443	0.010370
313.954453	-0.011510
314.644463	-0.036760
315.334473	-0.062780
316.024483	-0.086490
316.714492	-0.104800
317.404502	-0.115150
318.094512	-0.116070
318.784522	-0.107450
319.474531	-0.090530
320.164541	-0.067550
320.854551	-0.041310
321.544561	-0.014650
322.234571	0.009830
322.924580	0.029970
323.614590	0.044030
324.304600	0.050760
324.994610	0.049570
325.684620	0.040610
326.374629	0.024820
327.064639	0.003860
327.754649	-0.020040
328.444659	-0.044430
329.134669	-0.066800
329.824678	-0.084930
330.514688	-0.096970
331.204698	-0.101690
331.894708	-0.098590
332.584717	-0.087880
333.274727	-0.070540
333.964737	-0.048160
334.654747	-0.022760
335.344757	0.003440
336.034766	0.028330
336.724776	0.050080
337.414786	0.067430
338.104796	0.079800
338.794806	0.087310
339.484815	0.090630
340.174825	0.090800
340.864835	0.089030
341.554845	0.086430
342.244854	0.083850
342.934864	0.081780
343.624874	0.080270
344.314884	0.078980
345.004894	0.077310
345.694903	0.074530
346.384913	0.069990
347.074923	0.063270
347.764933	0.054330
348.454943	0.043580
349.144952	0.031810
349.834962	0.020080
350.524972	0.009570
351.214982	0.001400
351.904991	-0.003460
352.595001	-0.004410
353.285011	-0.001250
353.975021	0.005780
354.665031	0.015940
355.355040	0.028050
356.045050	0.040680
356.735060	0.052290
357.425070	0.061440
358.115080	0.066960
358.805089	0.068080
359.495099	0.064500
360.185109	0.056410
360.875119	0.044490
361.565129	0.029720
362.255138	0.013280
362.945148	-0.003650
363.635158	-0.020060
364.325168	-0.035080
365.015177	-0.048060
365.705187	-0.058540
366.395197	-0.066150
367.085207	-0.070720
367.775217	-0.072240
368.465226	-0.070960
369.155236	-0.067420
369.845246	-0.062470
370.535256	-0.057210
371.225266	-0.052900
371.915275	-0.050780
372.605285	-0.051850
373.295295	-0.056720
373.985305	-0.065420
374.675314	-0.077360
375.365324	-0.091400
376.055334	-0.105960
376.745344	-0.119310
377.435354	-0.129700
378.125363	-0.135670
378.815373	-0.136090
379.505383	-0.130360
380.195393	-0.118330
380.885403	-0.100360
381.575412	-0.077240
382.265422	-0.050160
382.955432	-0.020600
383.645442	0.009780
384.335451	0.039370
385.025461	0.066670
385.715471	0.090450
386.405481	0.109730
387.095491	0.123810
387.785500	0.132190
388.475510	0.134540
389.165520	0.130780
389.855530	0.121110
390.545540	0.106000
391.235549	0.086250
391.925559	0.062910
392.615569	0.037360
393.305579	0.011180
393.995589	-0.013870
394.685598	-0.036010
395.375608	-0.053560
396.065618	-0.065100
396.755628	-0.069690
397.445637	-0.067010
398.135647	-0.057390
398.825657	-0.041880
399.515667	-0.022120
400.205677	-0.000090
400.895686	0.022160
401.585696	0.042750
402.275706	0.060170
402.965716	0.073370
403.655726	0.081760
404.345735	0.085130
405.035745	0.083600
405.725755	0.077490
406.415765	0.067310
407.105774	0.053790
407.795784	0.037860
408.485794	0.020760
409.175804	0.003990
409.865814	-0.010760
410.555823	-0.021820
411.245833	-0.027750
411.935843	-0.027630
412.625853	-0.021280
413.315863	-0.009370
414.005872	0.006610
414.695882	0.024570
415.385892	0.042090
416.075902	0.056800
416.765911	0.066740
417.455921	0.070590
418.145931	0.067900
418.835941	0.059010
419.525951	0.044980
420.215960	0.027340
420.905970	0.007790
421.595980	-0.011910
422.285990	-0.030210
422.976000	-0.045800
423.666009	-0.057770
424.356019	-0.065700
425.046029	-0.069730
425.736039	-0.070410
426.426049	-0.068550
427.116058	-0.065060
427.806068	-0.060690
428.496078	-0.055920
429.186088	-0.050920
429.876097	-0.045650
430.566107	-0.039950
431.256117	-0.033710
431.946127	-0.027020
432.636137	-0.020180
433.326146	-0.013710
434.016156	-0.008270
434.706166	-0.004560
435.396176	-0.003200
436.086186	-0.004570
436.776195	-0.008780
437.466205	-0.015480
438.156215	-0.023960
438.846225	-0.033240
439.536234	-0.042170
440.226244	-0.049480
440.916254	-0.053910
441.606264	-0.054250
442.296274	-0.049440
442.986283	-0.038850
443.676293	-0.022520
444.366303	-0.001380
445.056313	0.022770
445.746323	0.047370
446.436332	0.069550
447.126342	0.086650
447.816352	0.096810
448.506362	0.099390
449.196371	0.095100
449.886381	0.085790
450.576391	0.073970
451.266401	0.062300
451.956411	0.053110
452.646420	0.048130
453.336430	0.048390
454.026440	0.054290
454.716450	0.065700
455.406460	0.082040
456.096469	0.102390
456.786479	0.125490
457.476489	0.149850
458.166499	0.173800
458.856509	0.195590
459.546518	0.213530
460.236528	0.226060
460.926538	0.231940
461.616548	0.230220
462.306557	0.220300
462.996567	0.201880
463.686577	0.175010
464.376587	0.140210
465.066597	0.098640
465.756606	0.052060
466.446616	0.002720
467.136626	-0.047030
467.826636	-0.095160
468.516646	-0.140090
469.206655	-0.180870
469.896665	-0.216980
470.586675	-0.248260
471.276685	-0.274720
471.966694	-0.296500
472.656704	-0.313710
473.346714	-0.326340
474.036724	-0.334190
474.726734	-0.336940
475.416743	-0.334260
476.106753	-0.325920
476.796763	-0.311880
477.486773	-0.292340
478.176783	-0.267730
478.866792	-0.238740
479.556802	-0.206290
480.246812	-0.171440
480.936822	-0.135310
481.626831	-0.099000
482.316841	-0.063530
483.006851	-0.029930
483.696861	0.000820
484.386871	0.027770
485.076880	0.050070
485.766890	0.067100
486.456900	0.078530
487.146910	0.084310
487.836920	0.084740
488.526929	0.080320
489.216939	0.071840
489.906949	0.060270
490.596959	0.046790
491.286969	0.032630
491.976978	0.019010
492.666988	0.006970
493.356998	-0.002660
494.047008	-0.009340
494.737017	-0.012670
495.427027	-0.012360
496.117037	-0.008120
496.807047	0.000340
497.497057	0.013320
498.187066	0.030980
498.877076	0.053290
499.567086	0.080040
500.257096	0.110720
500.947106	0.144550
501.637115	0.180430
502.327125	0.216850
503.017135	0.251980
503.707145	0.283800
504.397154	0.310350
505.087164	0.329970
505.777174	0.341600
506.467184	0.344810
507.157194	0.339720
507.847203	0.326870
508.537213	0.306940
509.227223	0.280600
509.917233	0.248500
510.607243	0.211190
511.297252	0.169280
511.987262	0.123470
512.677272	0.074610
513.367282	0.023770
514.057291	-0.027800
514.747301	-0.078760
515.437311	-0.127760
516.127321	-0.173590
516.817331	-0.215360
517.507340	-0.252470
518.197350	-0.284690
518.887360	-0.312040
519.577370	-0.334710
520.267380	-0.352890
520.957389	-0.366710
521.647399	-0.376140
522.337409	-0.380980
523.027419	-0.380830
523.717429	-0.375180
524.407438	-0.363510
525.097448	-0.345430
525.787458	-0.320680
526.477468	-0.289230
527.167477	-0.251250
527.857487	-0.207160
528.547497	-0.157790
529.237507	-0.104490
529.927517	-0.049120
530.617526	0.006140
531.307536	0.059130
531.997546	0.108060
532.687556	0.151710
533.377566	0.189440
534.067575	0.221020
534.757585	0.246450
535.447595	0.265860
536.137605	0.279360
536.827614	0.287000
537.517624	0.288710
538.207634	0.284270
538.897644	0.273360
539.587654	0.255670
540.277663	0.231130
540.967673	0.200120
541.657683	0.163590
542.347693	0.123020
543.037703	0.080320
543.727712	0.037520
544.417722	-0.003470
545.107732	-0.041130
545.797742	-0.074420
546.487751	-0.102600
547.177761	-0.125140
547.867771	-0.141580
548.557781	-0.151700
549.247791	-0.155710
549.937800	-0.154520
550.627810	-0.149680
551.317820	-0.143040
552.007830	-0.136370
552.697840	-0.130890
553.387849	-0.127120
554.077859	-0.124920
554.767869	-0.123740
555.457879	-0.122810
556.147889	-0.121410
556.837898	-0.119040
557.527908	-0.115410
558.217918	-0.110410
558.907928	-0.103970
559.597937	-0.095990
560.287947	-0.086390
560.977957	-0.075280
561.667967	-0.063090
562.357977	-0.050610
563.047986	-0.038880
563.737996	-0.028920
564.428006	-0.021410
565.118016	-0.016500
565.808026	-0.013810
566.498035	-0.012480
567.188045	-0.011330
567.878055	-0.008980
568.568065	-0.004020
569.258074	0.004960
569.948084	0.019250
570.638094	0.039840
571.328104	0.067210
572.018114	0.101170
572.708123	0.140770
573.398133	0.184410
574.088143	0.230080
574.778153	0.275670
575.468163	0.319300
576.158172	0.359380
576.848182	0.394680
577.538192	0.424170
578.228202	0.446950
578.918211	0.462210
579.608221	0.469230
580.298231	0.467450
580.988241	0.456550
581.678251	0.436480
582.368260	0.407560
583.058270	0.370520
583.748280	0.326460
584.438290	0.276740
585.128300	0.222920
585.818309	0.166610
586.508319	0.109370
587.198329	0.052670
587.888339	-0.002210
588.578349	-0.054200
589.268358	-0.102420
589.958368	-0.146220
590.648378	-0.185110
591.338388	-0.218850
592.028397	-0.247460
592.718407	-0.271190
593.408417	-0.290480
594.098427	-0.305880
594.788437	-0.317850
595.478446	-0.326710
596.168456	-0.332590
596.858466	-0.335450
597.548476	-0.335160
598.238486	-0.331550
598.928495	-0.324500
599.618505	-0.314050
600.308515	-0.300460
600.998525	-0.284190
601.688534	-0.265920
602.378544	-0.246490
603.068554	-0.226770
603.758564	-0.207610
604.448574	-0.189720
605.138583	-0.173600
605.828593	-0.159540
606.518603	-0.147540
607.208613	-0.137360
607.898623	-0.128570
608.588632	-0.120630
609.278642	-0.112940
609.968652	-0.104920
610.658662	-0.096100
611.348671	-0.086090
612.038681	-0.074640
612.728691	-0.061630
613.418701	-0.047050
614.108711	-0.031040
614.798720	-0.013880
615.488730	0.004040
616.178740	0.022240
616.868750	0.040170
617.558760	0.057270
618.248769	0.072970
618.938779	0.086720
619.628789	0.098050
620.318799	0.106600
621.008809	0.112160
621.698818	0.114670
622.388828	0.114240
623.078838	0.111110
623.768848	0.105630
624.458857	0.098270
625.148867	0.089600
625.838877	0.080290
626.528887	0.071010
627.218897	0.062380
627.908906	0.054870
628.598916	0.048830
629.288926	0.044470
629.978936	0.041930
630.668946	0.041280
631.358955	0.042500
632.048965	0.045490
632.738975	0.049970
633.428985	0.055500
634.118994	0.061480
634.809004	0.067160
635.499014	0.071710
636.189024	0.074330
636.879034	0.074350
637.569043	0.071380
638.259053	0.065360
638.949063	0.056580
639.639073	0.045670
640.329083	0.033510
641.019092	0.021080
641.709102	0.009290
642.399112	-0.001110
643.089122	-0.009650
643.779131	-0.016160
644.469141	-0.020760
645.159151	-0.023790
645.849161	-0.025680
646.539171	-0.026780
647.229180	-0.027350
647.919190	-0.027420
648.609200	-0.026840
649.299210	-0.025360
649.989220	-0.022710
650.679229	-0.018730
651.369239	-0.013390
652.059249	-0.006820
652.749259	0.000710
653.439269	0.008880
654.129278	0.017260
654.819288	0.025370
655.509298	0.032700
656.199308	0.038750
656.889317	0.043080
657.579327	0.045340
658.269337	0.045330
658.959347	0.043030
659.649357	0.038630
660.339366	0.032510
661.029376	0.025280
661.719386	0.017700
662.409396	0.010580
663.099406	0.004710
663.789415	0.000710
664.479425	-0.000980
665.169435	-0.000330
665.859445	0.002270
666.549454	0.006020
667.239464	0.009820
667.929474	0.012500
668.619484	0.013040
669.309494	0.010690
669.999503	0.005060
670.689513	-0.003880
671.379523	-0.015790
672.069533	-0.029900
672.759543	-0.045080
673.449552	-0.059900
674.139562	-0.072800
674.829572	-0.082320
675.519582	-0.087290
676.209591	-0.086960
676.899601	-0.081070
677.589611	-0.069800
678.279621	-0.053720
678.969631	-0.033690
679.659640	-0.010690
680.349650	0.014180
681.039660	0.039740
681.729670	0.064710
682.419680	0.087670
683.109689	0.107190
683.799699	0.121900
684.489709	0.130840
685.179719	0.133600
685.869729	0.130450
686.559738	0.122280
687.249748	0.110370
687.939758	0.096160
688.629768	0.080890
689.319777	0.065500
690.009787	0.050500
690.699797	0.036040
691.389807	0.021960
692.079817	0.007990
692.769826	-0.006050
693.459836	-0.020110
694.149846	-0.033790
694.839856	-0.046390
695.529866	-0.057020
696.219875	-0.064750
696.909885	-0.068750
697.599895	-0.068450
698.289905	-0.063510
698.979914	-0.053940
699.669924	-0.040060
700.359934	-0.022520
701.049944	-0.002190
701.739954	0.019910
702.429963	0.042740
703.119973	0.065240
703.809983	0.086370
704.499993	0.105100
705.190003	0.120320
705.880012	0.130790
706.570022	0.135270
707.260032	0.132500
707.950042	0.121490
708.640051	0.101670
709.330061	0.073070
710.020071	0.036420
710.710081	-0.006950
711.400091	-0.055190
712.090100	-0.106070
712.780110	-0.157110
713.470120	-0.205800
714.160130	-0.249780
714.850140	-0.287010
715.540149	-0.315980
716.230159	-0.335810
716.920169	-0.346320
717.610179	-0.347850
718.300189	-0.341220
718.990198	-0.327480
719.680208	-0.307810
720.370218	-0.283390
721.060228	-0.255350
721.750237	-0.224730
722.440247	-0.192400
723.130257	-0.158980
723.820267	-0.124800
724.510277	-0.090010
725.200286	-0.054790
725.890296	-0.019730
726.580306	0.013990
727.270316	0.044860
727.960326	0.071390
728.650335	0.092820
729.340345	0.109500
730.030355	0.122940
730.720365	0.135460
731.410374	0.149570
732.100384	0.167270
732.790394	0.189440
733.480404	0.215470
734.170414	0.243410
734.860423	0.270480
735.550433	0.293740
736.240443	0.310830
736.930453	0.320300
737.620463	0.321700
738.310472	0.315270
739.000482	0.301770
739.690492	0.282240
740.380502	0.257910
741.070511	0.230050
741.760521	0.199870
742.450531	0.168510
743.140541	0.137000
743.830551	0.106240
744.520560	0.077050
745.210570	0.050090
745.900580	0.025850
746.590590	0.004550
747.280600	-0.013880
747.970609	-0.029850
748.660619	-0.044080
749.350629	-0.057570
750.040639	-0.071580
750.730649	-0.087460
751.420658	-0.106520
752.110668	-0.129780
752.800678	-0.157730
753.490688	-0.190090
754.180697	-0.225740
754.870707	-0.262730
755.560717	-0.298580
756.250727	-0.330550
756.940737	-0.356140
757.630746	-0.373460
758.320756	-0.381390
759.010766	-0.379660
759.700776	-0.368650
760.390786	-0.349180
761.080795	-0.322310
761.770805	-0.289230
762.460815	-0.251250
763.150825	-0.209750
763.840834	-0.166140
764.530844	-0.121640
765.220854	-0.077100
765.910864	-0.032820
766.600874	0.011280
767.290883	0.055530
767.980893	0.100030
768.670903	0.144390
769.360913	0.187610
770.050923	0.228160
770.740932	0.264210
771.430942	0.293990
772.120952	0.316000
772.810962	0.329240
773.500971	0.333230
774.190981	0.328070
774.880991	0.314270
775.571001	0.292680
776.261011	0.264400
776.951020	0.230640
777.641030	0.192660
778.331040	0.151660
779.021050	0.108740
779.711060	0.064910
780.401069	0.021180
781.091079	-0.021400
781.781089	-0.061590
782.471099	-0.097910
783.161109	-0.128770
783.851118	-0.152670
784.541128	-0.168440
785.231138	-0.175550
785.921148	-0.174220
786.611157	-0.165500
787.301167	-0.151110
787.991177	-0.133190
788.681187	-0.114020
789.371197	-0.095650
790.061206	-0.079560
790.751216	-0.066420
791.441226	-0.056040
792.131236	-0.047490
792.821246	-0.039450
793.511255	-0.030620
794.201265	-0.020100
794.891275	-0.007590
795.581285	0.006640
796.271294	0.021950
796.961304	0.037530
797.651314	0.052640
798.341324	0.066660
799.031334	0.079120
799.721343	0.089560
800.411353	0.097500
801.101363	0.102390
801.791373	0.103700
802.481383	0.101020
803.171392	0.094140
803.861402	0.083120
804.551412	0.068310
805.241422	0.050280
805.931431	0.029780
806.621441	0.007690
807.311451	-0.014990
808.001461	-0.037260
808.691471	-0.058040
809.381480	-0.076240
810.071490	-0.090830
810.761500	-0.100870
811.451510	-0.105510
812.141520	-0.104030
812.831529	-0.095980
813.521539	-0.081400
814.211549	-0.060940
814.901559	-0.035900
815.591569	-0.008000
816.281578	0.020760
816.971588	0.048530
817.661598	0.073740
818.351608	0.095230
819.041617	0.112270
819.731627	0.124520
820.421637	0.131940
821.111647	0.134690
821.801657	0.132880
822.491666	0.126500
823.181676	0.115420
823.871686	0.099420
824.561696	0.078390
825.251706	0.052550
825.941715	0.022580
826.631725	-0.010340
827.321735	-0.044580
828.011745	-0.078180
828.701754	-0.109070
829.391764	-0.135250
830.081774	-0.154960
830.771784	-0.166820
831.461794	-0.169920
832.151803	-0.163890
832.841813	-0.148950
833.531823	-0.125880
834.221833	-0.096000
834.911843	-0.061100
835.601852	-0.023310
836.291862	0.015060
836.981872	0.051680
837.671882	0.084350
838.361891	0.111140
839.051901	0.130550
839.741911	0.141580
840.431921	0.143780
841.121931	0.137270
841.811940	0.122720
842.501950	0.101270
843.191960	0.074520
843.881970	0.044350
844.571980	0.012830
845.261989	-0.017980
845.951999	-0.046250
846.642009	-0.070390
847.332019	-0.089180
848.022029	-0.101680
848.712038	-0.107290
849.402048	-0.105700
850.092058	-0.096970
850.782068	-0.081620
851.472077	-0.060610
852.162087	-0.035390
852.852097	-0.007740
853.542107	0.020370
854.232117	0.046960
854.922126	0.070210
855.612136	0.088550
856.302146	0.100780
856.992156	0.106050
857.682166	0.103890
858.372175	0.094250
859.062185	0.077500
859.752195	0.054460
860.442205	0.026420
861.132214	-0.004920
861.822224	-0.037520
862.512234	-0.069160
863.202244	-0.097600
863.892254	-0.120830
864.582263	-0.137270
865.272273	-0.145950
865.962283	-0.146560
866.652293	-0.139460
867.342303	-0.125550
868.032312	-0.106140
868.722322	-0.082800
869.412332	-0.057210
870.102342	-0.031180
870.792351	-0.006500
871.482361	0.015140
872.172371	0.032290
872.862381	0.043850
873.552391	0.049200
874.242400	0.048280
874.932410	0.041510
875.622420	0.029870
876.312430	0.014740
877.002440	-0.002150
877.692449	-0.018970
878.382459	-0.033950
879.072469	-0.045560
879.762479	-0.052710
880.452489	-0.054780
881.142498	-0.051610
881.832508	-0.043440
882.522518	-0.030840
883.212528	-0.014610
883.902537	0.004290
884.592547	0.024810
885.282557	0.045770
885.972567	0.065940
886.662577	0.084090
887.352586	0.099030
888.042596	0.109750
888.732606	0.115550
889.422616	0.116040
890.112626	0.111300
890.802635	0.101810
891.492645	0.088410
892.182655	0.072200
892.872665	0.054410
893.562674	0.036290
894.252684	0.018920
894.942694	0.003180
895.632704	-0.010270
896.322714	-0.021050
897.012723	-0.029000
897.702733	-0.034140
898.392743	-0.036640
899.082753	-0.036770
899.772763	-0.034870
900.462772	-0.031270
901.152782	-0.026310
901.842792	-0.020350
902.532802	-0.013820
903.222811	-0.007210
903.912821	-0.001120
904.602831	0.003910
905.292841	0.007320
905.982851	0.008630
906.672860	0.007440
907.362870	0.003520
908.052880	-0.003140
908.742890	-0.012220
909.432900	-0.023050
910.122909	-0.034720
910.812919	-0.046200
911.502929	-0.056510
912.192939	-0.064860
912.882949	-0.070630
913.572958	-0.073430
914.262968	-0.072980
914.952978	-0.069190
915.642988	-0.062090
916.332997	-0.051900
917.023007	-0.039100
917.713017	-0.024410
918.403027	-0.008830
919.093037	0.006500
919.783046	0.020510
920.473056	0.032270
921.163066	0.041150
921.853076	0.046860
922.543086	0.049350
923.233095	0.048760
923.923105	0.045360
924.613115	0.039570
925.303125	0.031960
925.993134	0.023260
926.683144	0.014350
927.373154	0.006180
928.063164	-0.000320
928.753174	-0.004360
929.443183	-0.005450
930.133193	-0.003380
930.823203	0.001670
931.513213	0.009190
932.203223	0.018390
932.893232	0.028280
933.583242	0.037800
934.273252	0.046010
934.963262	0.052230
935.653271	0.056080
936.343281	0.057620
937.033291	0.057220
937.723301	0.055480
938.413311	0.053080
939.103320	0.050580
939.793330	0.048300
940.483340	0.046250
941.173350	0.044070
941.863360	0.041230
942.553369	0.037180
943.243379	0.031560
943.933389	0.024380
944.623399	0.016100
945.313409	0.007500
946.003418	-0.000390
946.693428	-0.006520
947.383438	-0.010090
948.073448	-0.010580
948.763457	-0.007910
949.453467	-0.002410
950.143477	0.005230
950.833487	0.014170
951.523497	0.023400
952.213506	0.031920
952.903516	0.038760
953.593526	0.043040
954.283536	0.043950
954.973546	0.040860
955.663555	0.033320
956.353565	0.021130
957.043575	0.004330
957.733585	-0.016750
958.423594	-0.041480
959.113604	-0.068970
959.803614	-0.098230
960.493624	-0.128180
961.183634	-0.157800
961.873643	-0.185950
962.563653	-0.211340
963.253663	-0.232350
963.943673	-0.247260
964.633683	-0.254540
965.323692	-0.253270
966.013702	-0.243360
966.703712	-0.225580
967.393722	-0.201270
968.083731	-0.172010
968.773741	-0.139360
969.463751	-0.104690
970.153761	-0.069160
970.843771	-0.033800
971.533780	0.000410
972.223790	0.032500
972.913800	0.061330
973.603810	0.085640
974.293820	0.104080
974.983829	0.115390
975.673839	0.118660
976.363849	0.113510
977.053859	0.100240
977.743868	0.079890
978.433878	0.054220
979.123888	0.025630
979.813898	-0.003040
980.503908	-0.028660
981.193917	-0.048150
981.883927	-0.058760
982.573937	-0.058360
983.263947	-0.045670
983.953957	-0.020480
984.643966	0.016190
985.333976	0.062140
986.023986	0.114020
986.713996	0.167790
987.404006	0.219100
988.094015	0.263810
988.784025	0.298430
989.474035	0.320360
990.164045	0.328030
990.854054	0.320930
991.544064	0.299590
992.234074	0.265450
992.924084	0.220670
993.614094	0.167910
994.304103	0.110080
994.994113	0.050070
995.684123	-0.009370
996.374133	-0.065760
997.064143	-0.116920
997.754152	-0.161050
998.444162	-0.196780
999.134172	-0.223180
999.824182	-0.239860
1000.514191	-0.246960
1001.204201	-0.245250
1001.894211	-0.236150
1002.584221	-0.221610
1003.274231	-0.203930
1003.964240	-0.185450
1004.654250	-0.168200
1005.344260	-0.153700
1006.034270	-0.142770
1006.724280	-0.135640
1007.414289	-0.132060
1008.104299	-0.131470
1008.794309	-0.133090
1009.484319	-0.136010
1010.174328	-0.139220
1010.864338	-0.141650
1011.554348	-0.142270
1012.244358	-0.140140
1012.934368	-0.134480
1013.624377	-0.124700
1014.314387	-0.110400
1015.004397	-0.091390
1015.694407	-0.067750
1016.384417	-0.039890
1017.074426	-0.008590
1017.764436	0.025000
1018.454446	0.059480
1019.144456	0.093330
1019.834466	0.125050
1020.524475	0.153380
1021.214485	0.177350
1021.904495	0.196360
1022.594505	0.210090
1023.284514	0.218460
1023.974524	0.221480
1024.664534	0.219220
1025.354544	0.211810
1026.044554	0.199500
1026.734563	0.182720
1027.424573	0.162200
1028.114583	0.138890
1028.804593	0.113950
1029.494603	0.088590
1030.184612	0.063990
1030.874622	0.041150
1031.564632	0.020840
1032.254642	0.003550
1032.944651	-0.010450
1033.634661	-0.021190
1034.324671	-0.028850
1035.014681	-0.033730
1035.704691	-0.036180
1036.394700	-0.036550
1037.084710	-0.035200
1037.774720	-0.032520
1038.464730	-0.028940
1039.154740	-0.024970
1039.844749	-0.021160
1040.534759	-0.017980
1041.224769	-0.015800
1041.914779	-0.014820
1042.604788	-0.015030
1043.294798	-0.016300
1043.984808	-0.018410
1044.674818	-0.021060
1045.364828	-0.023930
1046.054837	-0.026700
1046.744847	-0.029020
1047.434857	-0.030570
1048.124867	-0.031070
1048.814877	-0.030350
1049.504886	-0.028360
1050.194896	-0.025230
1050.884906	-0.021200
1051.574916	-0.016620
1052.264926	-0.011810
1052.954935	-0.007050
1053.644945	-0.002460
1054.334955	0.001870
1055.024965	0.005870
1055.714974	0.009330
1056.404984	0.011930
1057.094994	0.013320
1057.785004	0.013200
1058.475014	0.011410
1059.165023	0.008030
1059.855033	0.003320
1060.545043	-0.002340
1061.235053	-0.008560
1061.925063	-0.014950
1062.615072	-0.021180
1063.305082	-0.026990
1063.995092	-0.032140
1064.685102	-0.036420
1065.375111	-0.039580
1066.065121	-0.041360
1066.755131	-0.041450
1067.445141	-0.039540
1068.135151	-0.035380
1068.825160	-0.028790
1069.515170	-0.019780
1070.205180	-0.008530
1070.895190	0.004600
1071.585200	0.019150
1072.275209	0.034470
1072.965219	0.049780
1073.655229	0.064180
1074.345239	0.076780
1075.035248	0.086780
1075.725258	0.093610
1076.415268	0.096990
1077.105278	0.096900
1077.795288	0.093560
1078.485297	0.087350
1079.175307	0.078710
1079.865317	0.068150
1080.555327	0.056140
1081.245337	0.043150
1081.935346	0.029560
1082.625356	0.015710
1083.315366	0.001870
1084.005376	-0.011670
1084.695386	-0.024630
1085.385395	-0.036630
1086.075405	-0.047270
1086.765415	-0.056170
1087.455425	-0.062990
1088.145434	-0.067510
1088.835444	-0.069630
1089.525454	-0.069410
1090.215464	-0.066990
1090.905474	-0.062650
1091.595483	-0.056710
1092.285493	-0.049610
1092.975503	-0.041820
1093.665513	-0.033860
1094.355523	-0.026230
1095.045532	-0.019390
1095.735542	-0.013670
1096.425552	-0.009280
1097.115562	-0.006260
1097.805571	-0.004520
1098.495581	-0.003810
1099.185591	-0.003770
1099.875601	-0.004020
1100.565611	-0.004170
1101.255620	-0.003890
1101.945630	-0.002990
1102.635640	-0.001400
1103.325650	0.000840
1104.015660	0.003530
1104.705669	0.006420
1105.395679	0.009240
1106.085689	0.011740
1106.775699	0.013740
1107.465708	0.015140
1108.155718	0.015950
1108.845728	0.016280
1109.535738	0.016270
1110.225748	0.016080
1110.915757	0.015830
1111.605767	0.015520
1112.295777	0.015080
1112.985787	0.014290
1113.675797	0.012910
1114.365806	0.010630
1115.055816	0.007200
1115.745826	0.002460
1116.435836	-0.003620
1117.125846	-0.010980
1117.815855	-0.019380
1118.505865	-0.028540
1119.195875	-0.038090
1119.885885	-0.047670
1120.575894	-0.056910
1121.265904	-0.065410
1121.955914	-0.072740
1122.645924	-0.078440
1123.335934	-0.081970
1124.025943	-0.082790
1124.715953	-0.080400
1125.405963	-0.074430
1126.095973	-0.064680
1126.785983	-0.051180
1127.475992	-0.034250
1128.166002	-0.014430
1128.856012	0.007430
1129.546022	0.030350
1130.236031	0.053250
1130.926041	0.075120
1131.616051	0.095180
1132.306061	0.112950
1132.996071	0.128290
1133.686080	0.141340
1134.376090	0.152380
1135.066100	0.161790
1135.756110	0.169870
1136.446120	0.176800
1137.136129	0.182540
1137.826139	0.186770
1138.516149	0.188810
1139.206159	0.187610
1139.896168	0.181760
1140.586178	0.169640
1141.276188	0.149690
1141.966198	0.120690
1142.656208	0.082100
1143.346217	0.034320
1144.036227	-0.021260
1144.726237	-0.082320
1145.416247	-0.145760
1146.106257	-0.208040
1146.796266	-0.265490
1147.486276	-0.314600
1148.176286	-0.352410
1148.866296	-0.376770
1149.556306	-0.386630
1150.246315	-0.382150
1150.936325	-0.364650
1151.626335	-0.336340
1152.316345	-0.299850
1153.006354	-0.257890
1153.696364	-0.212950
1154.386374	-0.167180
1155.076384	-0.122410
1155.766394	-0.080150
1156.456403	-0.041460
1157.146413	-0.006970
1157.836423	0.023180
1158.526433	0.049320
1159.216443	0.072040
1159.906452	0.092030
1160.596462	0.109920
1161.286472	0.126160
1161.976482	0.140970
1162.666491	0.154360
1163.356501	0.166180
1164.046511	0.176160
1164.736521	0.184040
1165.426531	0.189620
1166.116540	0.192840
1166.806550	0.193820
1167.496560	0.192890
1168.186570	0.190550
1168.876580	0.187360
1169.566589	0.183890
1170.256599	0.180690
1170.946609	0.178260
1171.636619	0.177080
1172.326628	0.177650
1173.016638	0.180430
1173.706648	0.185730
1174.396658	0.193520
1175.086668	0.203260
1175.776677	0.213760
1176.466687	0.223150
1177.156697	0.229030
1177.846707	0.228860
1178.536717	0.220420
1179.226726	0.202520
1179.916736	0.175320
1180.606746	0.140320
1181.296756	0.099990
1181.986766	0.057150
1182.676775	0.014280
1183.366785	-0.026850
1184.056795	-0.065230
1184.746805	-0.100310
1185.436814	-0.131740
1186.126824	-0.159040
1186.816834	-0.181530
1187.506844	-0.198450
1188.196854	-0.209190
1188.886863	-0.213530
1189.576873	-0.211850
1190.266883	-0.205080
1190.956893	-0.194620
1191.646903	-0.182160
1192.336912	-0.169400
1193.026922	-0.157960
1193.716932	-0.149170
1194.406942	-0.144010
1195.096951	-0.142970
1195.786961	-0.146110
1196.476971	-0.153000
1197.166981	-0.162950
1197.856991	-0.175070
1198.547000	-0.188460
1199.237010	-0.202210
1199.927020	-0.215390
1200.617030	-0.226980
1201.307040	-0.235920
1201.997049	-0.241200
1202.687059	-0.242070
1203.377069	-0.238140
1204.067079	-0.229550
1204.757088	-0.216870
1205.447098	-0.201010
1206.137108	-0.183010
1206.827118	-0.163820
1207.517128	-0.144190
1208.207137	-0.124580
1208.897147	-0.105200
1209.587157	-0.086080
1210.277167	-0.067060
1210.967177	-0.047860
1211.657186	-0.028040
1212.347196	-0.007010
1213.037206	0.015890
1213.727216	0.041370
1214.417226	0.069910
1215.107235	0.101710
1215.797245	0.136500
1216.487255	0.173430
1217.177265	0.211100
1217.867274	0.247660
1218.557284	0.281110
1219.247294	0.309570
1219.937304	0.331490
1220.627314	0.345830
1221.317323	0.352090
1222.007333	0.350240
1222.697343	0.340720
1223.387353	0.324310
1224.077363	0.302040
1224.767372	0.275120
1225.457382	0.244800
1226.147392	0.212220
1226.837402	0.178360
1227.527411	0.143960
