0.000000	0.050630
0.690019	0.082950
1.380038	0.109760
2.070057	0.129660
2.760076	0.141930
3.450095	0.146650
4.140114	0.144610
4.830133	0.137180
5.520152	0.126120
6.210171	0.113280
6.900190	0.100300
7.590208	0.088430
8.280227	0.078340
8.970246	0.070240
9.660265	0.063880
10.350284	0.058730
11.040303	0.054150
11.730322	0.049430
12.420341	0.044030
13.110360	0.037590
13.800379	0.030030
14.490398	0.021560
15.180417	0.012560
15.870436	0.003570
16.560455	-0.004840
17.250474	-0.012170
17.940493	-0.017990
18.630512	-0.022010
19.320531	-0.024070
20.010550	-0.024150
20.700569	-0.022350
21.390587	-0.018860
22.080606	-0.013920
22.770625	-0.007780
23.460644	-0.000720
24.150663	0.007060
24.840682	0.015340
25.530701	0.023950
26.220720	0.032700
26.910739	0.041340
27.600758	0.049480
28.290777	0.056550
28.980796	0.061840
29.670815	0.064630
30.360834	0.064270
31.050853	0.060330
31.740872	0.052600
32.430891	0.041100
33.120910	0.026030
33.810929	0.007750
34.500948	-0.013280
35.190967	-0.036580
35.880985	-0.061600
36.571004	-0.087740
37.261023	-0.114280
37.951042	-0.140290
38.641061	-0.164590
39.331080	-0.185780
40.021099	-0.202390
40.711118	-0.213100
41.401137	-0.216960
42.091156	-0.213530
42.781175	-0.202950
43.471194	-0.185820
44.161213	-0.163070
44.851232	-0.135810
45.541251	-0.105150
46.231270	-0.072130
46.921289	-0.037770
47.611308	-0.003040
48.301327	0.031000
48.991346	0.063200
49.681364	0.092310
50.371383	0.117070
51.061402	0.136300
51.751421	0.149040
52.441440	0.154540
53.131459	0.152330
53.821478	0.142280
54.511497	0.124680
55.201516	0.100340
55.891535	0.070600
56.581554	0.037300
57.271573	0.002580
57.961592	-0.031340
58.651611	-0.062490
59.341630	-0.089340
60.031649	-0.111020
60.721668	-0.127200
61.411687	-0.137990
62.101706	-0.143660
62.791725	-0.144490
63.481743	-0.140590
64.171762	-0.131930
64.861781	-0.118360
65.551800	-0.099880
66.241819	-0.076780
66.931838	-0.049810
67.621857	-0.020230
68.311876	0.010260
69.001895	0.039910
69.691914	0.067080
70.381933	0.090550
71.071952	0.109550
71.761971	0.123690
72.451990	0.132840
73.142009	0.137000
73.832028	0.136350
74.522047	0.131170
75.212066	0.121990
75.902085	0.109570
76.592104	0.094870
77.282123	0.078970
77.972141	0.062950
78.662160	0.047760
79.352179	0.034180
80.042198	0.022780
80.732217	0.014030
81.422236	0.008230
82.112255	0.005600
82.802274	0.006150
83.492293	0.009650
84.182312	0.015570
84.872331	0.023090
85.562350	0.031100
86.252369	0.038280
86.942388	0.043210
87.632407	0.044670
88.322426	0.041840
89.012445	0.034470
89.702464	0.022940
90.392483	0.008150
91.082502	-0.008750
91.772520	-0.026560
92.462539	-0.044200
93.152558	-0.060790
93.842577	-0.075720
94.532596	-0.088550
95.222615	-0.099030
95.912634	-0.106990
96.602653	-0.112370
97.292672	-0.115170
97.982691	-0.115420
98.672710	-0.113190
99.362729	-0.108590
100.052748	-0.101730
100.742767	-0.092690
101.432786	-0.081530
102.122805	-0.068220
102.812824	-0.052640
103.502843	-0.034610
104.192862	-0.013950
104.882881	0.009350
105.572900	0.035030
106.262918	0.062340
106.952937	0.089990
107.642956	0.116240
108.332975	0.139080
109.022994	0.156550
109.713013	0.166960
110.403032	0.169190
111.093051	0.162790
111.783070	0.148100
112.473089	0.126130
113.163108	0.098470
113.853127	0.067020
114.543146	0.033740
115.233165	0.000500
115.923184	-0.031050
116.613203	-0.059600
117.303222	-0.084130
117.993241	-0.104030
118.683260	-0.119060
119.373279	-0.129310
120.063297	-0.135140
120.753316	-0.136970
121.443335	-0.135170
122.133354	-0.130020
122.823373	-0.121690
123.513392	-0.110300
124.203411	-0.096020
124.893430	-0.079110
125.583449	-0.060080
126.273468	-0.039580
126.963487	-0.018350
127.653506	0.002900
128.343525	0.023580
129.033544	0.043280
129.723563	0.061710
130.413582	0.078660
131.103601	0.093960
131.793620	0.107410
132.483639	0.118710
133.173658	0.127530
133.863676	0.133450
134.553695	0.136100
135.243714	0.135210
135.933733	0.130740
136.623752	0.122920
137.313771	0.112100
138.003790	0.098770
138.693809	0.083400
139.383828	0.066380
140.073847	0.047960
140.763866	0.028320
141.453885	0.007530
142.143904	-0.014310
142.833923	-0.037060
143.523942	-0.060470
144.213961	-0.084130
144.903980	-0.107520
145.593999	-0.129970
146.284018	-0.150810
146.974037	-0.169320
147.664056	-0.184820
148.354074	-0.196690
149.044093	-0.204310
149.734112	-0.207060
150.424131	-0.204330
151.114150	-0.195630
151.804169	-0.180640
152.494188	-0.159320
153.184207	-0.131950
153.874226	-0.099110
154.564245	-0.061620
155.254264	-0.020470
155.944283	0.023240
156.634302	0.068430
157.324321	0.113930
158.014340	0.158560
158.704359	0.201080
159.394378	0.240150
160.084397	0.274390
160.774416	0.302390
161.464435	0.322850
162.154453	0.334560
162.844472	0.336480
163.534491	0.327890
164.224510	0.308530
164.914529	0.278770
165.604548	0.239810
166.294567	0.193670
166.984586	0.143090
167.674605	0.091130
168.364624	0.040830
169.054643	-0.005180
169.744662	-0.044990
170.434681	-0.077470
171.124700	-0.102290
171.814719	-0.119760
172.504738	-0.130650
173.194757	-0.136000
173.884776	-0.136920
174.574795	-0.134510
175.264814	-0.129770
175.954833	-0.123590
176.644851	-0.116680
177.334870	-0.109640
178.024889	-0.102990
178.714908	-0.097140
179.404927	-0.092380
180.094946	-0.088820
180.784965	-0.086220
181.474984	-0.084000
182.165003	-0.081230
182.855022	-0.076810
183.545041	-0.069690
184.235060	-0.059050
184.925079	-0.044570
185.615098	-0.026420
186.305117	-0.005250
186.995136	0.017890
187.685155	0.041820
188.375174	0.065320
189.065193	0.087250
189.755212	0.106610
190.445230	0.122500
191.135249	0.134150
191.825268	0.140900
192.515287	0.142270
193.205306	0.138010
193.895325	0.128120
194.585344	0.112860
195.275363	0.092700
195.965382	0.068340
196.655401	0.040690
197.345420	0.010880
198.035439	-0.019730
198.725458	-0.049660
199.415477	-0.077330
200.105496	-0.101230
200.795515	-0.120080
201.485534	-0.132980
202.175553	-0.139520
202.865572	-0.139900
203.555591	-0.134910
204.245609	-0.125920
204.935628	-0.114680
205.625647	-0.103120
206.315666	-0.093020
207.005685	-0.085800
207.695704	-0.082340
208.385723	-0.082840
209.075742	-0.086850
209.765761	-0.093360
210.455780	-0.100980
211.145799	-0.108230
211.835818	-0.113780
212.525837	-0.116610
213.215856	-0.116120
213.905875	-0.112130
214.595894	-0.104780
215.285913	-0.094440
215.975932	-0.081640
216.665951	-0.066950
217.355970	-0.050970
218.045989	-0.034260
218.736007	-0.017430
219.426026	-0.001120
220.116045	0.013990
220.806064	0.027260
221.496083	0.038120
222.186102	0.046150
222.876121	0.051200
223.566140	0.053390
224.256159	0.053110
224.946178	0.050990
225.636197	0.047840
226.326216	0.044510
227.016235	0.041840
227.706254	0.040570
228.396273	0.041310
229.086292	0.044510
229.776311	0.050450
230.466330	0.059230
231.156349	0.070740
231.846368	0.084590
232.536386	0.099990
233.226405	0.115720
233.916424	0.130260
234.606443	0.142120
235.296462	0.150130
235.986481	0.153730
236.676500	0.153060
237.366519	0.148890
238.056538	0.142420
238.746557	0.135020
239.436576	0.127890
240.126595	0.121780
240.816614	0.116740
241.506633	0.112190
242.196652	0.107030
242.886671	0.099960
243.576690	0.089750
244.266709	0.075380
244.956728	0.056140
245.646747	0.031710
246.336766	0.002350
247.026784	-0.030980
247.716803	-0.066560
248.406822	-0.101980
249.096841	-0.134480
249.786860	-0.161390
250.476879	-0.180480
251.166898	-0.190280
251.856917	-0.190090
252.546936	-0.179980
253.236955	-0.160650
253.926974	-0.133350
254.616993	-0.099700
255.307012	-0.061560
255.997031	-0.020790
256.687050	0.020880
257.377069	0.061980
258.067088	0.101170
258.757107	0.137150
259.447126	0.168510
260.137145	0.193680
260.827163	0.211040
261.517182	0.219140
262.207201	0.217010
262.897220	0.204360
263.587239	0.181780
264.277258	0.150650
264.967277	0.113010
265.657296	0.071250
266.347315	0.027930
267.037334	-0.014470
267.727353	-0.053650
268.417372	-0.087460
269.107391	-0.114080
269.797410	-0.132200
270.487429	-0.141100
271.177448	-0.140810
271.867467	-0.132120
272.557486	-0.116480
273.247505	-0.095890
273.937524	-0.072570
274.627543	-0.048740
275.317561	-0.026320
276.007580	-0.006770
276.697599	0.008950
277.387618	0.020340
278.077637	0.027130
278.767656	0.029190
279.457675	0.026490
280.147694	0.019170
280.837713	0.007640
281.527732	-0.007270
282.217751	-0.024440
282.907770	-0.042600
283.597789	-0.060660
284.287808	-0.077900
284.977827	-0.094140
285.667846	-0.109580
286.357865	-0.124600
287.047884	-0.139550
287.737903	-0.154560
288.427922	-0.169470
289.117940	-0.183900
289.807959	-0.197210
290.497978	-0.208640
291.187997	-0.217310
291.878016	-0.222280
292.568035	-0.222710
293.258054	-0.217930
293.948073	-0.207680
294.638092	-0.192210
295.328111	-0.172350
296.018130	-0.149360
296.708149	-0.124680
297.398168	-0.099570
298.088187	-0.074810
298.778206	-0.050580
299.468225	-0.026500
300.158244	-0.001910
300.848263	0.023850
301.538282	0.051250
302.228301	0.080270
302.918319	0.110450
303.608338	0.141000
304.298357	0.170900
304.988376	0.199100
305.678395	0.224660
306.368414	0.246850
307.058433	0.265170
307.748452	0.279370
308.438471	0.289390
309.128490	0.295240
309.818509	0.296910
310.508528	0.294260
311.198547	0.287020
311.888566	0.274840
312.578585	0.257380
313.268604	0.234410
313.958623	0.205960
314.648642	0.172390
315.338661	0.134500
316.028680	0.093480
316.718699	0.050830
317.408717	0.008210
318.098736	-0.032720
318.788755	-0.070490
319.478774	-0.103890
320.168793	-0.132080
320.858812	-0.154630
321.548831	-0.171420
322.238850	-0.182560
322.928869	-0.188320
323.618888	-0.188970
324.308907	-0.184830
324.998926	-0.176180
325.688945	-0.163390
326.378964	-0.146940
327.068983	-0.127510
327.759002	-0.105990
328.449021	-0.083440
329.139040	-0.060990
329.829059	-0.039740
330.519078	-0.020610
331.209096	-0.004410
331.899115	0.008210
332.589134	0.016750
333.279153	0.020830
333.969172	0.020240
334.659191	0.015050
335.349210	0.005660
336.039229	-0.007230
336.729248	-0.022670
337.419267	-0.039470
338.109286	-0.056320
338.799305	-0.071890
339.489324	-0.084850
340.179343	-0.093940
340.869362	-0.097990
341.559381	-0.096080
342.249400	-0.087580
342.939419	-0.072300
343.629438	-0.050570
344.319457	-0.023340
345.009476	0.007790
345.699494	0.040690
346.389513	0.072910
347.079532	0.101940
347.769551	0.125650
348.459570	0.142520
349.149589	0.151830
349.839608	0.153670
350.529627	0.148800
351.219646	0.138450
351.909665	0.124150
352.599684	0.107500
353.289703	0.090070
353.979722	0.073280
354.669741	0.058360
355.359760	0.046290
356.049779	0.037700
356.739798	0.032730
357.429817	0.031030
358.119836	0.031790
358.809855	0.033910
359.499873	0.036240
360.189892	0.037720
360.879911	0.037570
361.569930	0.035340
362.259949	0.030880
362.949968	0.024300
363.639987	0.015920
364.330006	0.006110
365.020025	-0.004790
365.710044	-0.016510
366.400063	-0.028850
367.090082	-0.041610
367.780101	-0.054500
368.470120	-0.067040
369.160139	-0.078610
369.850158	-0.088540
370.540177	-0.096200
371.230196	-0.101110
371.920215	-0.103020
372.610234	-0.101870
373.300252	-0.097850
373.990271	-0.091350
374.680290	-0.082970
375.370309	-0.073420
376.060328	-0.063410
376.750347	-0.053560
377.440366	-0.044340
378.130385	-0.036000
378.820404	-0.028650
379.510423	-0.022340
380.200442	-0.017080
380.890461	-0.012890
381.580480	-0.009780
382.270499	-0.007760
382.960518	-0.006730
383.650537	-0.006500
384.340556	-0.006740
385.030575	-0.007020
385.720594	-0.006880
386.410613	-0.005850
387.100632	-0.003580
387.790650	0.000130
388.480669	0.005330
389.170688	0.011930
389.860707	0.019690
390.550726	0.028320
391.240745	0.037550
391.930764	0.047130
392.620783	0.056880
393.310802	0.066730
394.000821	0.076610
394.690840	0.086400
395.380859	0.095880
396.070878	0.104670
396.760897	0.112320
397.450916	0.118300
398.140935	0.122130
398.830954	0.123360
399.520973	0.121580
400.210992	0.116420
400.901011	0.107600
401.591029	0.094980
402.281048	0.078640
402.971067	0.058920
403.661086	0.036440
404.351105	0.012110
405.041124	-0.012930
405.731143	-0.037470
406.421162	-0.060310
407.111181	-0.080400
407.801200	-0.096950
408.491219	-0.109440
409.181238	-0.117660
409.871257	-0.121710
410.561276	-0.121920
411.251295	-0.118840
411.941314	-0.113000
412.631333	-0.104870
413.321352	-0.094770
414.011371	-0.082860
414.701390	-0.069190
415.391409	-0.053830
416.081427	-0.036900
416.771446	-0.018620
417.461465	0.000670
418.151484	0.020600
418.841503	0.040680
419.531522	0.060350
420.221541	0.079010
420.911560	0.095960
421.601579	0.110490
422.291598	0.121920
422.981617	0.129720
423.671636	0.133550
424.361655	0.133340
425.051674	0.129260
425.741693	0.121660
426.431712	0.110990
427.121731	0.097750
427.811750	0.082460
428.501769	0.065700
429.191788	0.048120
429.881806	0.030410
430.571825	0.013280
431.261844	-0.002620
431.951863	-0.016790
432.641882	-0.028880
433.331901	-0.038720
434.021920	-0.046370
434.711939	-0.052130
435.401958	-0.056490
436.091977	-0.060050
436.781996	-0.063460
437.472015	-0.067290
438.162034	-0.072020
438.852053	-0.077990
439.542072	-0.085490
440.232091	-0.094710
440.922110	-0.105710
441.612129	-0.118370
442.302148	-0.132290
442.992167	-0.146770
443.682185	-0.160790
444.372204	-0.173100
445.062223	-0.182330
445.752242	-0.187140
446.442261	-0.186400
447.132280	-0.179340
447.822299	-0.165630
448.512318	-0.145510
449.202337	-0.119740
449.892356	-0.089570
450.582375	-0.056630
451.272394	-0.022750
451.962413	0.010120
452.652432	0.040160
453.342451	0.065770
454.032470	0.085690
454.722489	0.099150
455.412508	0.105890
456.102527	0.106090
456.792546	0.100360
457.482565	0.089600
458.172583	0.074930
458.862602	0.057600
459.552621	0.038940
460.242640	0.020170
460.932659	0.002360
461.622678	-0.013730
462.312697	-0.027710
463.002716	-0.039440
463.692735	-0.049020
464.382754	-0.056650
465.072773	-0.062570
465.762792	-0.066960
466.452811	-0.069940
467.142830	-0.071460
467.832849	-0.071360
468.522868	-0.069360
469.212887	-0.065210
469.902906	-0.058760
470.592925	-0.049950
471.282944	-0.038810
471.972962	-0.025370
472.662981	-0.009610
473.353000	0.008430
474.043019	0.028690
474.733038	0.050850
475.423057	0.074350
476.113076	0.098370
476.803095	0.121910
477.493114	0.143820
478.183133	0.162950
478.873152	0.178200
479.563171	0.188600
480.253190	0.193460
480.943209	0.192390
481.633228	0.185420
482.323247	0.173000
483.013266	0.156010
483.703285	0.135700
484.393304	0.113570
485.083323	0.091230
485.773342	0.070220
486.463360	0.051900
487.153379	0.037280
487.843398	0.026980
488.533417	0.021190
489.223436	0.019650
489.913455	0.021670
490.603474	0.026150
491.293493	0.031710
491.983512	0.036810
492.673531	0.039990
493.363550	0.039980
494.053569	0.035860
494.743588	0.027130
495.433607	0.013690
496.123626	-0.004050
496.813645	-0.025320
497.503664	-0.048920
498.193683	-0.073440
498.883702	-0.097360
499.573721	-0.119150
500.263739	-0.137440
500.953758	-0.151050
501.643777	-0.159100
502.333796	-0.161180
503.023815	-0.157370
503.713834	-0.148250
504.403853	-0.134840
505.093872	-0.118420
505.783891	-0.100340
506.473910	-0.081890
507.163929	-0.064180
507.853948	-0.048000
508.543967	-0.033740
509.233986	-0.021320
509.924005	-0.010180
510.614024	0.000610
511.304043	0.012260
511.994062	0.026000
512.684081	0.042850
513.374100	0.063420
514.064119	0.087830
514.754137	0.115610
515.444156	0.145770
516.134175	0.176980
516.824194	0.207660
517.514213	0.236240
518.204232	0.261230
518.894251	0.281340
519.584270	0.295500
520.274289	0.302800
520.964308	0.302420
521.654327	0.293580
522.344346	0.275640
523.034365	0.248160
523.724384	0.211070
524.414403	0.164800
525.104422	0.110280
525.794441	0.049020
526.484460	-0.016980
527.174479	-0.085330
527.864498	-0.153330
528.554516	-0.218180
529.244535	-0.277140
529.934554	-0.327820
530.624573	-0.368270
531.314592	-0.397240
532.004611	-0.414200
532.694630	-0.419440
533.384649	-0.413990
534.074668	-0.399420
534.764687	-0.377720
535.454706	-0.351000
536.144725	-0.321250
536.834744	-0.290180
537.524763	-0.258990
538.214782	-0.228470
538.904801	-0.199000
539.594820	-0.170860
540.284839	-0.144260
540.974858	-0.119420
541.664877	-0.096490
542.354895	-0.075360
543.044914	-0.055710
543.734933	-0.036950
544.424952	-0.018510
545.114971	0.000000
545.804990	0.018700
546.495009	0.037360
547.185028	0.055550
547.875047	0.072800
548.565066	0.088780
549.255085	0.103300
549.945104	0.116300
550.635123	0.127750
551.325142	0.137560
552.015161	0.145620
552.705180	0.151830
553.395199	0.156150
554.085218	0.158610
554.775237	0.159380
555.465256	0.158630
556.155275	0.156580
556.845293	0.153480
557.535312	0.149620
558.225331	0.145290
558.915350	0.140760
559.605369	0.136060
560.295388	0.131030
560.985407	0.125200
561.675426	0.117940
562.365445	0.108550
563.055464	0.096510
563.745483	0.081660
564.435502	0.064300
565.125521	0.045180
565.815540	0.025450
566.505559	0.006400
567.195578	-0.010690
567.885597	-0.024790
568.575616	-0.035170
569.265635	-0.041490
569.955654	-0.043840
570.645672	-0.042680
571.335691	-0.038760
572.025710	-0.032970
572.715729	-0.026170
573.405748	-0.019090
574.095767	-0.012280
574.785786	-0.006120
575.475805	-0.000810
576.165824	0.003560
576.855843	0.006960
577.545862	0.009380
578.235881	0.010860
578.925900	0.011380
579.615919	0.010870
580.305938	0.009230
580.995957	0.006320
581.685976	0.001960
582.375995	-0.004040
583.066014	-0.011860
583.756033	-0.021570
584.446052	-0.033040
585.136070	-0.045850
585.826089	-0.059320
586.516108	-0.072570
587.206127	-0.084740
587.896146	-0.095150
588.586165	-0.103350
589.276184	-0.109100
589.966203	-0.112350
590.656222	-0.113040
591.346241	-0.111120
592.036260	-0.106510
592.726279	-0.099090
593.416298	-0.088720
594.106317	-0.075370
594.796336	-0.059160
595.486355	-0.040390
596.176374	-0.019590
596.866393	0.002490
597.556412	0.025010
598.246431	0.047050
598.936449	0.067650
599.626468	0.085920
600.316487	0.101050
601.006506	0.112440
601.696525	0.119690
602.386544	0.122630
603.076563	0.121410
603.766582	0.116430
604.456601	0.108290
605.146620	0.097720
605.836639	0.085460
606.526658	0.072210
607.216677	0.058490
607.906696	0.044650
608.596715	0.030850
609.286734	0.017130
609.976753	0.003490
610.666772	-0.009950
611.356791	-0.022900
612.046810	-0.034950
612.736828	-0.045680
613.426847	-0.054860
614.116866	-0.062510
614.806885	-0.068860
615.496904	-0.074350
616.186923	-0.079400
616.876942	-0.084290
617.566961	-0.089090
618.256980	-0.093560
618.946999	-0.097130
619.637018	-0.099010
620.327037	-0.098370
621.017056	-0.094560
621.707075	-0.087230
622.397094	-0.076430
623.087113	-0.062640
623.777132	-0.046650
624.467151	-0.029570
625.157170	-0.012610
625.847189	0.002900
626.537208	0.015820
627.227226	0.025270
627.917245	0.030730
628.607264	0.032140
629.297283	0.029910
629.987302	0.024850
630.677321	0.018120
631.367340	0.011120
632.057359	0.005270
632.747378	0.001870
633.437397	0.001850
634.127416	0.005670
634.817435	0.013320
635.507454	0.024380
636.197473	0.038160
636.887492	0.053790
637.577511	0.070390
638.267530	0.087090
638.957549	0.103000
639.647568	0.117260
640.337587	0.129050
641.027605	0.137590
641.717624	0.142260
642.407643	0.142630
643.097662	0.138530
643.787681	0.130100
644.477700	0.117790
645.167719	0.102330
645.857738	0.084700
646.547757	0.066070
647.237776	0.047610
647.927795	0.030390
648.617814	0.015230
649.307833	0.002560
649.997852	-0.007600
650.687871	-0.015610
651.377890	-0.022040
652.067909	-0.027540
652.757928	-0.032710
653.447947	-0.038060
654.137966	-0.043990
654.827985	-0.050820
655.518003	-0.058670
656.208022	-0.067320
656.898041	-0.076170
657.588060	-0.084200
658.278079	-0.090170
658.968098	-0.092810
659.658117	-0.091120
660.348136	-0.084500
661.038155	-0.072830
661.728174	-0.056510
662.418193	-0.036350
663.108212	-0.013480
663.798231	0.010810
664.488250	0.035230
665.178269	0.058450
665.868288	0.079230
666.558307	0.096290
667.248326	0.108410
667.938345	0.114430
668.628364	0.113390
669.318382	0.104650
670.008401	0.088060
670.698420	0.064000
671.388439	0.033420
672.078458	-0.002240
672.768477	-0.041180
673.458496	-0.081350
674.148515	-0.120580
674.838534	-0.156790
675.528553	-0.188090
676.218572	-0.212940
676.908591	-0.230330
677.598610	-0.239730
678.288629	-0.241140
678.978648	-0.234900
679.668667	-0.221560
680.358686	-0.201770
681.048705	-0.176260
681.738724	-0.145840
682.428743	-0.111490
683.118761	-0.074400
683.808780	-0.035950
684.498799	0.002340
685.188818	0.038940
685.878837	0.072310
686.568856	0.100990
687.258875	0.123690
687.948894	0.139300
688.638913	0.147030
689.328932	0.146530
690.018951	0.137900
690.708970	0.121750
691.398989	0.099130
692.089008	0.071440
692.779027	0.040270
693.469046	0.007230
694.159065	-0.026130
694.849084	-0.058520
695.539103	-0.088820
696.229122	-0.116150
696.919141	-0.139840
697.609159	-0.159360
698.299178	-0.174250
698.989197	-0.184110
699.679216	-0.188600
700.369235	-0.187450
701.059254	-0.180530
701.749273	-0.167890
702.439292	-0.149790
703.129311	-0.126610
703.819330	-0.098910
704.509349	-0.067360
705.199368	-0.032790
705.889387	0.003750
706.579406	0.041070
707.269425	0.077830
707.959444	0.112630
708.649463	0.144150
709.339482	0.171290
710.029501	0.193250
710.719520	0.209600
711.409538	0.220260
712.099557	0.225550
712.789576	0.226080
713.479595	0.222630
714.169614	0.216090
714.859633	0.207360
715.549652	0.197170
716.239671	0.186080
716.929690	0.174440
717.619709	0.162420
718.309728	0.149970
718.999747	0.136960
719.689766	0.123240
720.379785	0.108680
721.069804	0.093250
721.759823	0.077130
722.449842	0.060670
723.139861	0.044460
723.829880	0.029230
724.519899	0.015780
725.209918	0.004890
725.899936	-0.002770
726.589955	-0.006760
727.279974	-0.006860
727.969993	-0.003090
728.660012	0.004290
729.350031	0.014780
730.040050	0.027670
730.730069	0.042030
731.420088	0.056740
732.110107	0.070440
732.800126	0.081590
733.490145	0.088570
734.180164	0.089850
734.870183	0.084270
735.560202	0.071260
736.250221	0.051090
736.940240	0.024910
737.630259	-0.005390
738.320278	-0.037420
739.010297	-0.068600
739.700315	-0.096450
740.390334	-0.118860
741.080353	-0.134330
741.770372	-0.142140
742.460391	-0.142560
743.150410	-0.136850
743.840429	-0.127220
744.530448	-0.116500
745.220467	-0.107670
745.910486	-0.103370
746.600505	-0.105400
747.290524	-0.114390
747.980543	-0.129750
748.670562	-0.149690
749.360581	-0.171570
750.050600	-0.192330
750.740619	-0.209020
751.430638	-0.219270
752.120657	-0.221680
752.810676	-0.215930
753.500695	-0.202580
754.190713	-0.182850
754.880732	-0.158200
755.570751	-0.130170
756.260770	-0.100200
756.950789	-0.069620
757.640808	-0.039590
758.330827	-0.011130
759.020846	0.014910
759.710865	0.037880
760.400884	0.057170
761.090903	0.072200
761.780922	0.082410
762.470941	0.087360
763.160960	0.086900
763.850979	0.081320
764.540998	0.071370
765.231017	0.058230
765.921036	0.043340
766.611055	0.028140
767.301074	0.013860
767.991092	0.001400
768.681111	-0.008660
769.371130	-0.016060
770.061149	-0.020660
770.751168	-0.022430
771.441187	-0.021480
772.131206	-0.018190
772.821225	-0.013190
773.511244	-0.007340
774.201263	-0.001510
774.891282	0.003670
775.581301	0.008000
776.271320	0.011720
776.961339	0.015460
777.651358	0.020040
778.341377	0.026140
779.031396	0.034100
779.721415	0.043840
780.411434	0.054870
781.101453	0.066440
781.791471	0.077680
782.481490	0.087730
783.171509	0.095770
783.861528	0.101060
784.551547	0.102950
785.241566	0.101050
785.931585	0.095310
786.621604	0.086030
787.311623	0.073840
788.001642	0.059490
788.691661	0.043690
789.381680	0.026950
790.071699	0.009620
790.761718	-0.008040
791.451737	-0.025750
792.141756	-0.042970
792.831775	-0.058910
793.521794	-0.072590
794.211813	-0.082930
794.901832	-0.088840
795.591851	-0.089470
796.281869	-0.084320
796.971888	-0.073420
797.661907	-0.057390
798.351926	-0.037430
799.041945	-0.015150
799.731964	0.007600
800.421983	0.029020
801.112002	0.047590
801.802021	0.062240
802.492040	0.072490
803.182059	0.078410
803.872078	0.080500
804.562097	0.079520
805.252116	0.076260
805.942135	0.071440
806.632154	0.065570
807.322173	0.059000
808.012192	0.051930
808.702211	0.044450
809.392230	0.036630
810.082248	0.028580
810.772267	0.020490
811.462286	0.012560
812.152305	0.005020
812.842324	-0.001940
813.532343	-0.008270
814.222362	-0.013960
814.912381	-0.019090
815.602400	-0.023740
816.292419	-0.027990
816.982438	-0.031880
817.672457	-0.035450
818.362476	-0.038740
819.052495	-0.041780
819.742514	-0.044590
820.432533	-0.047150
821.122552	-0.049380
821.812571	-0.051120
822.502590	-0.052170
823.192609	-0.052370
823.882628	-0.051560
824.572646	-0.049650
825.262665	-0.046650
825.952684	-0.042610
826.642703	-0.037580
827.332722	-0.031640
828.022741	-0.024830
828.712760	-0.017200
829.402779	-0.008860
830.092798	0.000050
830.782817	0.009360
831.472836	0.018810
832.162855	0.028140
832.852874	0.037130
833.542893	0.045610
834.232912	0.053460
834.922931	0.060600
835.612950	0.066990
836.302969	0.072480
836.992988	0.076830
837.683007	0.079700
838.373025	0.080600
839.063044	0.079050
839.753063	0.074610
840.443082	0.066970
841.133101	0.056030
841.823120	0.041930
842.513139	0.025060
843.203158	0.006060
843.893177	-0.014190
844.583196	-0.034670
845.273215	-0.054280
845.963234	-0.071960
846.653253	-0.086780
847.343272	-0.098100
848.033291	-0.105590
848.723310	-0.109200
849.413329	-0.109200
850.103348	-0.106050
850.793367	-0.100290
851.483386	-0.092470
852.173404	-0.083040
852.863423	-0.072310
853.553442	-0.060390
854.243461	-0.047340
854.933480	-0.033180
855.623499	-0.018040
856.313518	-0.002210
857.003537	0.013810
857.693556	0.029430
858.383575	0.043950
859.073594	0.056660
859.763613	0.066950
860.453632	0.074310
861.143651	0.078440
861.833670	0.079290
862.523689	0.077030
863.213708	0.072040
863.903727	0.064850
864.593746	0.056040
865.283765	0.046170
865.973784	0.035780
866.663802	0.025360
867.353821	0.015390
868.043840	0.006320
868.733859	-0.001520
869.423878	-0.008010
870.113897	-0.013290
870.803916	-0.017700
871.493935	-0.021720
872.183954	-0.025770
872.873973	-0.030090
873.563992	-0.034590
874.254011	-0.038940
874.944030	-0.042650
875.634049	-0.045270
876.324068	-0.046580
877.014087	-0.046670
877.704106	-0.045950
878.394125	-0.044960
879.084144	-0.044260
879.774163	-0.044270
880.464181	-0.045170
881.154200	-0.046900
881.844219	-0.049150
882.534238	-0.051360
883.224257	-0.052950
883.914276	-0.053390
884.604295	-0.052380
885.294314	-0.049840
885.984333	-0.045890
886.674352	-0.040710
887.364371	-0.034290
888.054390	-0.026410
888.744409	-0.016540
889.434428	-0.003960
890.124447	0.011970
890.814466	0.031620
891.504485	0.054760
892.194504	0.080530
892.884523	0.107530
893.574542	0.134130
894.264561	0.158770
894.954579	0.180290
895.644598	0.198190
896.334617	0.212740
897.024636	0.224820
897.714655	0.235710
898.404674	0.246570
899.094693	0.258000
899.784712	0.269730
900.474731	0.280660
901.164750	0.289140
901.854769	0.293340
902.544788	0.291680
903.234807	0.282890
903.924826	0.266040
904.614845	0.240620
905.304864	0.206600
905.994883	0.164440
906.684902	0.115070
907.374921	0.059820
908.064940	0.000310
908.754958	-0.061610
909.444977	-0.123870
910.134996	-0.184040
910.825015	-0.239440
911.515034	-0.287220
912.205053	-0.324670
912.895072	-0.349450
913.585091	-0.359960
914.275110	-0.355570
914.965129	-0.336750
915.655148	-0.305090
916.345167	-0.263180
917.035186	-0.214350
917.725205	-0.162380
918.415224	-0.111210
919.105243	-0.064640
919.795262	-0.026080
920.485281	0.001670
921.175300	0.016470
921.865319	0.017020
922.555337	0.003010
923.245356	-0.024520
923.935375	-0.063040
924.625394	-0.108550
925.315413	-0.156120
926.005432	-0.200610
926.695451	-0.237500
927.385470	-0.263570
928.075489	-0.277160
928.765508	-0.278070
929.455527	-0.267260
930.145546	-0.246510
930.835565	-0.218040
931.525584	-0.184260
932.215603	-0.147570
932.905622	-0.110220
933.595641	-0.074120
934.285660	-0.040760
934.975679	-0.011140
935.665698	0.014270
936.355717	0.035440
937.045735	0.052530
937.735754	0.065820
938.425773	0.075540
939.115792	0.081870
939.805811	0.085030
940.495830	0.085270
941.185849	0.083030
941.875868	0.078910
942.565887	0.073660
943.255906	0.068070
943.945925	0.062950
944.635944	0.059060
945.325963	0.057110
946.015982	0.057750
946.706001	0.061560
947.396020	0.069030
948.086039	0.080530
948.776058	0.096330
949.466077	0.116600
950.156096	0.141420
950.846114	0.170600
951.536133	0.203630
952.226152	0.239510
952.916171	0.276770
953.606190	0.313550
954.296209	0.347770
954.986228	0.377370
955.676247	0.400450
956.366266	0.415290
957.056285	0.420470
957.746304	0.414850
958.436323	0.397660
959.126342	0.368530
959.816361	0.327450
960.506380	0.274770
961.196399	0.211190
961.886418	0.137820
962.576437	0.056330
963.266456	-0.030790
963.956475	-0.120160
964.646494	-0.207560
965.336512	-0.288290
966.026531	-0.357690
966.716550	-0.411730
967.406569	-0.447430
968.096588	-0.463170
968.786607	-0.458730
969.476626	-0.435200
970.166645	-0.394830
970.856664	-0.340790
971.546683	-0.276960
972.236702	-0.207510
972.926721	-0.136600
973.616740	-0.067960
974.306759	-0.004680
974.996778	0.050870
975.686797	0.096890
976.376816	0.131970
977.066835	0.154990
977.756854	0.165140
978.446873	0.162120
979.136891	0.146340
979.826910	0.119100
980.516929	0.082540
981.206948	0.039500
981.896967	-0.006850
982.586986	-0.053290
983.277005	-0.096890
983.967024	-0.135220
984.657043	-0.166550
985.347062	-0.189890
986.037081	-0.204900
986.727100	-0.211830
987.417119	-0.211350
988.107138	-0.204470
988.797157	-0.192320
989.487176	-0.176050
990.177195	-0.156680
990.867214	-0.134820
991.557233	-0.110600
992.247252	-0.083650
992.937271	-0.053340
993.627289	-0.019090
994.317308	0.018970
995.007327	0.059650
995.697346	0.100510
996.387365	0.138330
997.077384	0.169730
997.767403	0.191960
998.457422	0.203440
999.147441	0.203860
999.837460	0.193970
1000.527479	0.175180
1001.217498	0.149330
1001.907517	0.118480
1002.597536	0.084810
1003.287555	0.050490
1003.977574	0.017600
1004.667593	-0.012070
1005.357612	-0.037150
1006.047631	-0.056720
1006.737650	-0.070350
1007.427668	-0.078090
1008.117687	-0.080440
1008.807706	-0.078230
1009.497725	-0.072450
1010.187744	-0.064130
1010.877763	-0.054190
1011.567782	-0.043290
1012.257801	-0.031970
1012.947820	-0.020670
1013.637839	-0.010010
1014.327858	-0.000700
1015.017877	0.006620
1015.707896	0.011560
1016.397915	0.014120
1017.087934	0.014750
1017.777953	0.014220
1018.467972	0.013360
1019.157991	0.012900
1019.848010	0.013440
1020.538029	0.015490
1021.228047	0.019440
1021.918066	0.025500
1022.608085	0.033610
1023.298104	0.043420
1023.988123	0.054270
1024.678142	0.065320
1025.368161	0.075650
1026.058180	0.084460
1026.748199	0.091100
1027.438218	0.095140
1028.128237	0.096350
1028.818256	0.094640
1029.508275	0.090040
1030.198294	0.082680
1030.888313	0.072770
1031.578332	0.060620
1032.268351	0.046640
1032.958370	0.031310
1033.648389	0.015220
1034.338408	-0.001030
1035.028427	-0.016820
1035.718445	-0.031480
1036.408464	-0.044420
1037.098483	-0.055140
1037.788502	-0.063260
1038.478521	-0.068570
1039.168540	-0.071020
1039.858559	-0.070780
1040.548578	-0.068230
1041.238597	-0.063950
1041.928616	-0.058680
1042.618635	-0.053200
1043.308654	-0.048180
1043.998673	-0.044090
1044.688692	-0.041060
1045.378711	-0.038920
1046.068730	-0.037260
1046.758749	-0.035560
1047.448768	-0.033330
1048.138787	-0.030260
1048.828806	-0.026250
1049.518824	-0.021510
1050.208843	-0.016370
1050.898862	-0.011280
1051.588881	-0.006650
1052.278900	-0.002800
1052.968919	0.000090
1053.658938	0.002030
1054.348957	0.003130
1055.038976	0.003670
1055.728995	0.004000
1056.419014	0.004480
1057.109033	0.005420
1057.799052	0.006990
1058.489071	0.009220
1059.179090	0.012000
1059.869109	0.015120
1060.559128	0.018350
1061.249147	0.021520
1061.939166	0.024530
