0.000000	-0.244330
0.690001	-0.235850
1.380003	-0.228220
2.070004	-0.221920
2.760005	-0.217390
3.450006	-0.214960
4.140008	-0.214880
4.830009	-0.217270
5.520010	-0.222130
6.210011	-0.229350
6.900013	-0.238660
7.590014	-0.249720
8.280015	-0.262110
8.970016	-0.275400
9.660018	-0.289180
10.350019	-0.303040
11.040020	-0.316690
11.730022	-0.329850
12.420023	-0.342340
13.110024	-0.354050
13.800025	-0.364910
14.490027	-0.374870
15.180028	-0.383910
15.870029	-0.392020
16.560030	-0.399170
17.250032	-0.405320
17.940033	-0.410450
18.630034	-0.414510
19.320036	-0.417480
20.010037	-0.419310
20.700038	-0.419980
21.390039	-0.419420
22.080041	-0.417590
22.770042	-0.414430
23.460043	-0.409870
24.150044	-0.403820
24.840046	-0.396170
25.530047	-0.386790
26.220048	-0.375550
26.910049	-0.362350
27.600051	-0.347120
28.290052	-0.329860
28.980053	-0.310660
29.670055	-0.289650
30.360056	-0.267010
31.050057	-0.242970
31.740058	-0.217720
32.430060	-0.191500
33.120061	-0.164480
33.810062	-0.136840
34.500063	-0.108730
35.190065	-0.080310
35.880066	-0.051700
36.570067	-0.023060
37.260069	0.005430
37.950070	0.033590
38.640071	0.061210
39.330072	0.088060
40.020074	0.113910
40.710075	0.138560
41.400076	0.161830
42.090077	0.183590
42.780079	0.203740
43.470080	0.222230
44.160081	0.239050
44.850082	0.254220
45.540084	0.267780
46.230085	0.279790
46.920086	0.290270
47.610088	0.299270
48.300089	0.306810
48.990090	0.312910
49.680091	0.317600
50.370093	0.320910
51.060094	0.322880
51.750095	0.323600
52.440096	0.323160
53.130098	0.321700
53.820099	0.319400
54.510100	0.316440
55.200102	0.313030
55.890103	0.309380
56.580104	0.305690
57.270105	0.302160
57.960107	0.298960
58.650108	0.296230
59.340109	0.294060
60.030110	0.292480
60.720112	0.291470
61.410113	0.290930
62.100114	0.290760
62.790115	0.290760
63.480117	0.290750
64.170118	0.290470
64.860119	0.289620
65.550121	0.287870
66.240122	0.284820
66.930123	0.280070
67.620124	0.273180
68.310126	0.263780
69.000127	0.251540
69.690128	0.236240
70.380129	0.217800
71.070131	0.196320
71.760132	0.172060
72.450133	0.145500
73.140134	0.117270
73.830136	0.088140
74.520137	0.058900
75.210138	0.030340
75.900140	0.003160
76.590141	-0.022110
77.280142	-0.045080
77.970143	-0.065480
78.660145	-0.083160
79.350146	-0.098010
80.040147	-0.109990
80.730148	-0.119060
81.420150	-0.125230
82.110151	-0.128520
82.800152	-0.129050
83.490154	-0.127000
84.180155	-0.122650
84.870156	-0.116390
85.560157	-0.108690
86.250159	-0.100060
86.940160	-0.091050
87.630161	-0.082180
88.320162	-0.073940
89.010164	-0.066710
89.700165	-0.060810
90.390166	-0.056390
91.080167	-0.053530
91.770169	-0.052160
92.460170	-0.052110
93.150171	-0.053130
93.840173	-0.054890
94.530174	-0.057030
95.220175	-0.059190
95.910176	-0.061060
96.600178	-0.062440
97.290179	-0.063210
97.980180	-0.063390
98.670181	-0.063120
99.360183	-0.062610
100.050184	-0.062170
100.740185	-0.062180
101.430187	-0.063040
102.120188	-0.065140
102.810189	-0.068820
103.500190	-0.074360
104.190192	-0.081890
104.880193	-0.091470
105.570194	-0.103070
106.260195	-0.116580
106.950197	-0.131810
107.640198	-0.148500
108.330199	-0.166340
109.020200	-0.184950
109.710202	-0.203950
110.400203	-0.222940
111.090204	-0.241520
111.780206	-0.259320
112.470207	-0.276010
113.160208	-0.291340
113.850209	-0.305080
114.540211	-0.317090
115.230212	-0.327310
115.920213	-0.335790
116.610214	-0.342610
117.300216	-0.347940
117.990217	-0.351940
118.680218	-0.354770
119.370219	-0.356560
120.060221	-0.357360
120.750222	-0.357160
121.440223	-0.355910
122.130225	-0.353560
122.820226	-0.350040
123.510227	-0.345350
124.200228	-0.339510
124.890230	-0.332610
125.580231	-0.324780
126.270232	-0.316180
126.960233	-0.307000
127.650235	-0.297460
128.340236	-0.287820
129.030237	-0.278350
129.720239	-0.269340
130.410240	-0.261070
131.100241	-0.253800
131.790242	-0.247780
132.480244	-0.243190
133.170245	-0.240150
133.860246	-0.238720
134.550247	-0.238880
135.240249	-0.240540
135.930250	-0.243540
136.620251	-0.247670
137.310252	-0.252610
138.000254	-0.258040
138.690255	-0.263600
139.380256	-0.268910
140.070258	-0.273600
140.760259	-0.277360
141.450260	-0.279910
142.140261	-0.281050
142.830263	-0.280660
143.520264	-0.278740
144.210265	-0.275380
144.900266	-0.270780
145.590268	-0.265270
146.280269	-0.259200
146.970270	-0.252990
147.660272	-0.247080
148.350273	-0.241830
149.040274	-0.237540
149.730275	-0.234390
150.420277	-0.232400
151.110278	-0.231430
151.800279	-0.231170
152.490280	-0.231150
153.180282	-0.230820
153.870283	-0.229580
154.560284	-0.226830
155.250285	-0.222040
155.940287	-0.214790
156.630288	-0.204810
157.320289	-0.192010
158.010291	-0.176460
158.700292	-0.158330
159.390293	-0.137890
160.080294	-0.115460
160.770296	-0.091400
161.460297	-0.066120
162.150298	-0.040060
162.840299	-0.013680
163.530301	0.012510
164.220302	0.038070
164.910303	0.062570
165.600305	0.085660
166.290306	0.107060
166.980307	0.126650
167.670308	0.144380
168.360310	0.160330
169.050311	0.174650
169.740312	0.187520
170.430313	0.199120
171.120315	0.209620
171.810316	0.219200
172.500317	0.228030
173.190318	0.236370
173.880320	0.244460
174.570321	0.252540
175.260322	0.260830
175.950324	0.269480
176.640325	0.278540
177.330326	0.288000
178.020327	0.297760
178.710329	0.307660
179.400330	0.317510
180.090331	0.327110
180.780332	0.336260
181.470334	0.344780
182.160335	0.352500
182.850336	0.359250
183.540337	0.364860
184.230339	0.369180
184.920340	0.372110
185.610341	0.373560
186.300343	0.373540
186.990344	0.372100
187.680345	0.369360
188.370346	0.365490
189.060348	0.360710
189.750349	0.355280
190.440350	0.349460
191.130351	0.343550
191.820353	0.337820
192.510354	0.332560
193.200355	0.328010
193.890357	0.324470
194.580358	0.322230
195.270359	0.321590
195.960360	0.322860
196.650362	0.326290
197.340363	0.332070
198.030364	0.340260
198.720365	0.350730
199.410367	0.363200
200.100368	0.377160
200.790369	0.392020
201.480370	0.407100
202.170372	0.421740
202.860373	0.435340
203.550374	0.447400
204.240376	0.457540
204.930377	0.465500
205.620378	0.471090
206.310379	0.474220
207.000381	0.474840
207.690382	0.472960
208.380383	0.468650
209.070384	0.462010
209.760386	0.453220
210.450387	0.442460
211.140388	0.429930
211.830390	0.415820
212.520391	0.400260
213.210392	0.383390
213.900393	0.365300
214.590395	0.346100
215.280396	0.325940
215.970397	0.304930
216.660398	0.283170
217.350400	0.260650
218.040401	0.237300
218.730402	0.212940
219.420403	0.187450
220.110405	0.160760
220.800406	0.133000
221.490407	0.104530
222.180409	0.075880
222.870410	0.047730
223.560411	0.020770
224.250412	-0.004330
224.940414	-0.027020
225.630415	-0.046920
226.320416	-0.063810
227.010417	-0.077700
227.700419	-0.088730
228.390420	-0.097240
229.080421	-0.103650
229.770422	-0.108470
230.460424	-0.112210
231.150425	-0.115410
231.840426	-0.118560
232.530428	-0.122110
233.220429	-0.126430
233.910430	-0.131810
234.600431	-0.138440
235.290433	-0.146370
235.980434	-0.155550
236.670435	-0.165800
237.360436	-0.176860
238.050438	-0.188430
238.740439	-0.200190
239.430440	-0.211830
240.120442	-0.223100
240.810443	-0.233780
241.500444	-0.243710
242.190445	-0.252710
242.880447	-0.260650
243.570448	-0.267360
244.260449	-0.272640
244.950450	-0.276280
245.640452	-0.278070
246.330453	-0.277810
247.020454	-0.275360
247.710455	-0.270670
248.400457	-0.263730
249.090458	-0.254630
249.780459	-0.243520
250.470461	-0.230600
251.160462	-0.216170
251.850463	-0.200580
252.540464	-0.184300
253.230466	-0.167840
253.920467	-0.151760
254.610468	-0.136600
255.300469	-0.122780
255.990471	-0.110600
256.680472	-0.100210
257.370473	-0.091610
258.060475	-0.084740
258.750476	-0.079500
259.440477	-0.075840
260.130478	-0.073700
260.820480	-0.072990
261.510481	-0.073530
262.200482	-0.075040
262.890483	-0.077140
263.580485	-0.079390
264.270486	-0.081370
264.960487	-0.082700
265.650488	-0.083070
266.340490	-0.082250
267.030491	-0.080100
267.720492	-0.076580
268.410494	-0.071720
269.100495	-0.065680
269.790496	-0.058690
270.480497	-0.051070
271.170499	-0.043170
271.860500	-0.035370
272.550501	-0.028010
273.240502	-0.021340
273.930504	-0.015520
274.620505	-0.010550
275.310506	-0.006310
276.000508	-0.002580
276.690509	0.000890
277.380510	0.004340
278.070511	0.007980
278.760513	0.011900
279.450514	0.016090
280.140515	0.020460
280.830516	0.024860
281.520518	0.029130
282.210519	0.033110
282.900520	0.036650
283.590521	0.039560
284.280523	0.041670
284.970524	0.042760
285.660525	0.042690
286.350527	0.041330
287.040528	0.038680
287.730529	0.034780
288.420530	0.029720
289.110532	0.023640
289.800533	0.016680
290.490534	0.009000
291.180535	0.000730
291.870537	-0.007980
292.560538	-0.017030
293.250539	-0.026390
293.940540	-0.036070
294.630542	-0.046150
295.320543	-0.056740
296.010544	-0.067960
296.700546	-0.079930
297.390547	-0.092650
298.080548	-0.106060
298.770549	-0.119950
299.460551	-0.134040
300.150552	-0.147980
300.840553	-0.161420
301.530554	-0.174060
302.220556	-0.185660
302.910557	-0.196040
303.600558	-0.205010
304.290560	-0.212380
304.980561	-0.217880
305.670562	-0.221200
306.360563	-0.222020
307.050565	-0.220040
307.740566	-0.215000
308.430567	-0.206760
309.120568	-0.195290
309.810570	-0.180740
310.500571	-0.163410
311.190572	-0.143730
311.880573	-0.122260
312.570575	-0.099630
313.260576	-0.076450
313.950577	-0.053310
314.640579	-0.030710
315.330580	-0.009040
316.020581	0.011500
316.710582	0.030830
317.400584	0.049030
318.090585	0.066290
318.780586	0.082880
319.470587	0.099120
320.160589	0.115280
320.850590	0.131600
321.540591	0.148210
322.230593	0.165170
322.920594	0.182390
323.610595	0.199740
324.300596	0.217000
324.990598	0.233920
325.680599	0.250270
326.370600	0.265770
327.060601	0.280200
327.750603	0.293320
328.440604	0.304970
329.130605	0.314980
329.820606	0.323290
330.510608	0.329870
331.200609	0.334810
331.890610	0.338230
332.580612	0.340370
333.270613	0.341480
333.960614	0.341850
334.650615	0.341750
335.340617	0.341430
336.030618	0.341050
336.720619	0.340710
337.410620	0.340450
338.100622	0.340220
338.790623	0.339950
339.480624	0.339530
340.170625	0.338860
340.860627	0.337850
341.550628	0.336470
342.240629	0.334700
342.930631	0.332590
343.620632	0.330180
344.310633	0.327540
345.000634	0.324770
345.690636	0.321970
346.380637	0.319290
347.070638	0.316890
347.760639	0.314930
348.450641	0.313570
349.140642	0.312910
349.830643	0.312980
350.520645	0.313670
351.210646	0.314780
351.900647	0.316020
352.590648	0.317040
353.280650	0.317510
353.970651	0.317120
354.660652	0.315680
355.350653	0.313060
356.040655	0.309220
356.730656	0.304180
357.420657	0.298060
358.110658	0.291030
358.800660	0.283320
359.490661	0.275250
360.180662	0.267130
360.870664	0.259290
361.560665	0.252040
362.250666	0.245620
362.940667	0.240170
363.630669	0.235740
364.320670	0.232180
365.010671	0.229250
365.700672	0.226530
366.390674	0.223520
367.080675	0.219700
367.770676	0.214570
368.460678	0.207730
369.150679	0.198890
369.840680	0.187940
370.530681	0.174880
371.220683	0.159860
371.910684	0.143130
372.600685	0.125000
373.290686	0.105830
373.980688	0.086010
374.670689	0.065910
375.360690	0.045930
376.050691	0.026400
376.740693	0.007660
377.430694	-0.009980
378.120695	-0.026260
378.810697	-0.040980
379.500698	-0.054000
380.190699	-0.065240
380.880700	-0.074720
381.570702	-0.082490
382.260703	-0.088680
382.950704	-0.093390
383.640705	-0.096750
384.330707	-0.098890
385.020708	-0.099900
385.710709	-0.099850
386.400711	-0.098780
387.090712	-0.096680
387.780713	-0.093520
388.470714	-0.089320
389.160716	-0.084110
389.850717	-0.078050
390.540718	-0.071360
391.230719	-0.064360
391.920721	-0.057420
392.610722	-0.050980
393.300723	-0.045500
393.990724	-0.041490
394.680726	-0.039440
395.370727	-0.039780
396.060728	-0.042810
396.750730	-0.048650
397.440731	-0.057280
398.130732	-0.068440
398.820733	-0.081780
399.510735	-0.096810
400.200736	-0.113020
400.890737	-0.129870
401.580738	-0.146870
402.270740	-0.163590
402.960741	-0.179630
403.650742	-0.194700
404.340743	-0.208590
405.030745	-0.221130
405.720746	-0.232240
406.410747	-0.241850
407.100749	-0.249970
407.790750	-0.256620
408.480751	-0.261910
409.170752	-0.266040
409.860754	-0.269260
410.550755	-0.271890
411.240756	-0.274210
411.930757	-0.276410
412.620759	-0.278550
413.310760	-0.280480
414.000761	-0.281920
414.690763	-0.282440
415.380764	-0.281570
416.070765	-0.278820
416.760766	-0.273730
417.450768	-0.265930
418.140769	-0.255160
418.830770	-0.241270
419.520771	-0.224260
420.210773	-0.204270
420.900774	-0.181550
421.590775	-0.156500
422.280776	-0.129640
422.970778	-0.101600
423.660779	-0.073120
424.350780	-0.045020
425.040782	-0.018120
425.730783	0.006770
426.420784	0.029000
427.110785	0.048120
427.800787	0.063890
428.490788	0.076300
429.180789	0.085510
429.870790	0.091840
430.560792	0.095670
431.250793	0.097430
431.940794	0.097620
432.630796	0.096720
433.320797	0.095260
434.010798	0.093720
434.700799	0.092570
435.390801	0.092230
436.080802	0.093030
436.770803	0.095220
437.460804	0.098910
438.150806	0.104090
438.840807	0.110610
439.530808	0.118190
440.220809	0.126480
440.910811	0.135090
441.600812	0.143610
442.290813	0.151710
442.980815	0.159090
443.670816	0.165550
444.360817	0.170940
445.050818	0.175160
445.740820	0.178080
446.430821	0.179550
447.120822	0.179340
447.810823	0.177210
448.500825	0.172900
449.190826	0.166190
449.880827	0.157000
450.570828	0.145360
451.260830	0.131510
451.950831	0.115780
452.640832	0.098670
453.330834	0.080730
454.020835	0.062550
454.710836	0.044700
455.400837	0.027700
456.090839	0.011980
456.780840	-0.002140
457.470841	-0.014410
458.160842	-0.024740
458.850844	-0.033030
459.540845	-0.039330
460.230846	-0.043720
460.920848	-0.046390
461.610849	-0.047630
462.300850	-0.047790
462.990851	-0.047280
463.680853	-0.046530
464.370854	-0.045950
465.060855	-0.045920
465.750856	-0.046760
466.440858	-0.048750
467.130859	-0.052080
467.820860	-0.056870
468.510861	-0.063110
469.200863	-0.070640
469.890864	-0.079200
470.580865	-0.088390
471.270867	-0.097790
471.960868	-0.106930
472.650869	-0.115360
473.340870	-0.122640
474.030872	-0.128370
474.720873	-0.132170
475.410874	-0.133740
476.100875	-0.132820
476.790877	-0.129240
477.480878	-0.122940
478.170879	-0.113970
478.860881	-0.102540
479.550882	-0.088960
480.240883	-0.073710
480.930884	-0.057370
481.620886	-0.040610
482.310887	-0.024110
483.000888	-0.008580
483.690889	0.005370
484.380891	0.017210
485.070892	0.026560
485.760893	0.033210
486.450894	0.037130
487.140896	0.038480
487.830897	0.037570
488.520898	0.034870
489.210900	0.030920
489.900901	0.026310
490.590902	0.021650
491.280903	0.017500
491.970905	0.014410
492.660906	0.012800
493.350907	0.013040
494.040908	0.015370
494.730910	0.019910
495.420911	0.026670
496.110912	0.035490
496.800914	0.046100
497.490915	0.058050
498.180916	0.070790
498.870917	0.083690
499.560919	0.096090
500.250920	0.107370
500.940921	0.117040
501.630922	0.124720
502.320924	0.130210
503.010925	0.133450
503.700926	0.134530
504.390927	0.133690
505.080929	0.131310
505.770930	0.127840
506.460931	0.123830
507.150933	0.119830
507.840934	0.116290
508.530935	0.113560
509.220936	0.111820
509.910938	0.111130
510.600939	0.111430
511.290940	0.112600
511.980941	0.114500
512.670943	0.116930
513.360944	0.119680
514.050945	0.122490
514.740946	0.125070
515.430948	0.127150
516.120949	0.128520
516.810950	0.129050
517.500952	0.128650
518.190953	0.127290
518.880954	0.124930
519.570955	0.121530
520.260957	0.117030
520.950958	0.111320
521.640959	0.104300
522.330960	0.095840
523.020962	0.085820
523.710963	0.074180
524.400964	0.060890
525.090966	0.046020
525.780967	0.029780
526.470968	0.012500
527.160969	-0.005380
527.850971	-0.023300
528.540972	-0.040680
529.230973	-0.056880
529.920974	-0.071320
530.610976	-0.083500
531.300977	-0.092990
531.990978	-0.099470
532.680979	-0.102750
533.370981	-0.102790
534.060982	-0.099740
534.750983	-0.093940
535.440985	-0.085950
536.130986	-0.076480
536.820987	-0.066310
537.510988	-0.056260
538.200990	-0.047030
538.890991	-0.039240
539.580992	-0.033330
540.270993	-0.029620
540.960995	-0.028250
541.650996	-0.029250
542.340997	-0.032480
543.030999	-0.037680
543.721000	-0.044460
544.411001	-0.052310
545.101002	-0.060680
545.791004	-0.068970
546.481005	-0.076630
547.171006	-0.083140
547.861007	-0.088070
548.551009	-0.091100
549.241010	-0.092050
549.931011	-0.090900
550.621012	-0.087830
551.311014	-0.083150
552.001015	-0.077360
552.691016	-0.071070
553.381018	-0.064920
554.071019	-0.059570
554.761020	-0.055590
555.451021	-0.053430
556.141023	-0.053350
556.831024	-0.055450
557.521025	-0.059650
558.211026	-0.065720
558.901028	-0.073300
559.591029	-0.081940
560.281030	-0.091110
560.971031	-0.100310
561.661033	-0.109050
562.351034	-0.116960
563.041035	-0.123780
563.731037	-0.129410
564.421038	-0.133850
565.111039	-0.137210
565.801040	-0.139610
566.491042	-0.141210
567.181043	-0.142120
567.871044	-0.142420
568.561045	-0.142170
569.251047	-0.141370
569.941048	-0.140050
570.631049	-0.138190
571.321051	-0.135790
572.011052	-0.132830
572.701053	-0.129250
573.391054	-0.124950
574.081056	-0.119790
574.771057	-0.113620
575.461058	-0.106310
576.151059	-0.097730
576.841061	-0.087820
577.531062	-0.076530
578.221063	-0.063820
578.911064	-0.049680
579.601066	-0.034120
580.291067	-0.017190
580.981068	0.001020
581.671070	0.020380
582.361071	0.040650
583.051072	0.061540
583.741073	0.082690
584.431075	0.103660
585.121076	0.123990
585.811077	0.143210
586.501078	0.160870
587.191080	0.176580
587.881081	0.190040
588.571082	0.201000
589.261084	0.209320
589.951085	0.214920
590.641086	0.217760
591.331087	0.217870
592.021089	0.215330
592.711090	0.210250
593.401091	0.202790
594.091092	0.193170
594.781094	0.181640
595.471095	0.168500
596.161096	0.154150
596.851097	0.139020
597.541099	0.123650
598.231100	0.108610
598.921101	0.094520
599.611103	0.081920
600.301104	0.071300
600.991105	0.062990
601.681106	0.057170
602.371108	0.053870
603.061109	0.053010
603.751110	0.054430
604.441111	0.057940
605.131113	0.063290
605.821114	0.070190
606.511115	0.078340
607.201117	0.087380
607.891118	0.096980
608.581119	0.106790
609.271120	0.116560
609.961122	0.126070
610.651123	0.135230
611.341124	0.144020
612.031125	0.152540
612.721127	0.160950
613.411128	0.169490
614.101129	0.178380
614.791130	0.187820
615.481132	0.197930
616.171133	0.208730
616.861134	0.220120
617.551136	0.231880
618.241137	0.243670
618.931138	0.255090
619.621139	0.265660
620.311141	0.274890
621.001142	0.282360
621.691143	0.287700
622.381144	0.290650
623.071146	0.291070
623.761147	0.288940
624.451148	0.284330
625.141149	0.277420
625.831151	0.268510
626.521152	0.257950
627.211153	0.246120
627.901155	0.233400
628.591156	0.220090
629.281157	0.206420
629.971158	0.192520
630.661160	0.178520
631.351161	0.164530
632.041162	0.150680
632.731163	0.137130
633.421165	0.124040
634.111166	0.111550
634.801167	0.099770
635.491169	0.088730
636.181170	0.078430
636.871171	0.068830
637.561172	0.059840
638.251174	0.051360
638.941175	0.043260
639.631176	0.035390
640.321177	0.027610
641.011179	0.019760
641.701180	0.011690
642.391181	0.003270
643.081182	-0.005620
643.771184	-0.015070
644.461185	-0.025180
645.151186	-0.035990
645.841188	-0.047540
646.531189	-0.059840
647.221190	-0.072920
647.911191	-0.086820
648.601193	-0.101610
649.291194	-0.117360
649.981195	-0.134130
650.671196	-0.151930
651.361198	-0.170690
652.051199	-0.190260
652.741200	-0.210430
653.431202	-0.230930
654.121203	-0.251500
654.811204	-0.271880
655.501205	-0.291850
656.191207	-0.311260
656.881208	-0.330060
657.571209	-0.348250
658.261210	-0.365920
658.951212	-0.383190
659.641213	-0.400210
660.331214	-0.417100
661.021215	-0.433980
661.711217	-0.450920
662.401218	-0.467920
663.091219	-0.484940
663.781221	-0.501950
664.471222	-0.518880
665.161223	-0.535680
665.851224	-0.552300
666.541226	-0.568670
667.231227	-0.584710
667.921228	-0.600270
668.611229	-0.615210
669.301231	-0.629330
669.991232	-0.642420
670.681233	-0.654230
671.371234	-0.664470
672.061236	-0.672860
672.751237	-0.679140
673.441238	-0.683120
674.131240	-0.684680
674.821241	-0.683810
675.511242	-0.680620
676.201243	-0.675280
676.891245	-0.668010
677.581246	-0.659060
678.271247	-0.648680
678.961248	-0.637140
679.651250	-0.624700
680.341251	-0.611630
681.031252	-0.598210
681.721254	-0.584660
682.411255	-0.571180
683.101256	-0.557890
683.791257	-0.544860
684.481259	-0.532150
685.171260	-0.519810
685.861261	-0.507990
686.551262	-0.496820
687.241264	-0.486460
687.931265	-0.477000
688.621266	-0.468460
689.311267	-0.460760
690.001269	-0.453740
690.691270	-0.447230
691.381271	-0.441040
692.071273	-0.434980
692.761274	-0.428910
693.451275	-0.422690
694.141276	-0.416190
694.831278	-0.409310
695.521279	-0.401940
696.211280	-0.394000
696.901281	-0.385410
697.591283	-0.376150
698.281284	-0.366220
698.971285	-0.355660
699.661287	-0.344540
700.351288	-0.332950
701.041289	-0.320990
701.731290	-0.308750
702.421292	-0.296320
703.111293	-0.283750
703.801294	-0.271060
704.491295	-0.258260
705.181297	-0.245320
705.871298	-0.232200
706.561299	-0.218860
707.251300	-0.205270
707.941302	-0.191390
708.631303	-0.177210
709.321304	-0.162710
710.011306	-0.147880
710.701307	-0.132780
711.391308	-0.117500
712.081309	-0.102210
712.771311	-0.087080
713.461312	-0.072290
714.151313	-0.057960
714.841314	-0.044150
715.531316	-0.030880
716.221317	-0.018180
716.911318	-0.006090
717.601320	0.005370
718.291321	0.016120
718.981322	0.026140
719.671323	0.035400
720.361325	0.043950
721.051326	0.051860
721.741327	0.059240
722.431328	0.066160
723.121330	0.072690
723.811331	0.078830
724.501332	0.084560
725.191333	0.089870
725.881335	0.094730
726.571336	0.099170
727.261337	0.103220
727.951339	0.106930
728.641340	0.110330
729.331341	0.113430
730.021342	0.116190
730.711344	0.118530
731.401345	0.120370
732.091346	0.121560
732.781347	0.122020
733.471349	0.121650
734.161350	0.120440
734.851351	0.118400
735.541352	0.115600
736.231354	0.112120
736.921355	0.108050
737.611356	0.103460
738.301358	0.098420
738.991359	0.093020
739.681360	0.087380
740.371361	0.081660
741.061363	0.076100
741.751364	0.070990
742.441365	0.066620
743.131366	0.063250
743.821368	0.061070
744.511369	0.060140
745.201370	0.060430
745.891372	0.061810
746.581373	0.064090
747.271374	0.067050
747.961375	0.070460
748.651377	0.074100
749.341378	0.077810
750.031379	0.081500
750.721380	0.085170
751.411382	0.088930
752.101383	0.092920
752.791384	0.097350
753.481385	0.102430
754.171387	0.108400
754.861388	0.115440
755.551389	0.123690
756.241391	0.133230
756.931392	0.144050
757.621393	0.156010
758.311394	0.168880
759.001396	0.182290
759.691397	0.195840
760.381398	0.209070
761.071399	0.221530
761.761401	0.232840
762.451402	0.242650
763.141403	0.250730
763.831405	0.256930
764.521406	0.261250
765.211407	0.263800
765.901408	0.264860
766.591410	0.264770
767.281411	0.263950
767.971412	0.262820
768.661413	0.261770
769.351415	0.261100
770.041416	0.261040
770.731417	0.261730
771.421418	0.263200
772.111420	0.265380
772.801421	0.268130
773.491422	0.271210
774.181424	0.274280
774.871425	0.277010
775.561426	0.279010
776.251427	0.279940
776.941429	0.279520
777.631430	0.277550
778.321431	0.273970
779.011432	0.268840
779.701434	0.262390
780.391435	0.254980
781.081436	0.247080
781.771437	0.239230
782.461439	0.231950
783.151440	0.225710
783.841441	0.220870
784.531443	0.217650
785.221444	0.216100
785.911445	0.216160
786.601446	0.217600
787.291448	0.220120
787.981449	0.223330
788.671450	0.226890
789.361451	0.230500
790.051453	0.233930
790.741454	0.237120
791.431455	0.240030
792.121457	0.242740
792.811458	0.245310
793.501459	0.247800
794.191460	0.250270
794.881462	0.252750
795.571463	0.255280
796.261464	0.257920
796.951465	0.260720
797.641467	0.263760
798.331468	0.267120
799.021469	0.270840
799.711470	0.274970
800.401472	0.279500
801.091473	0.284410
801.781474	0.289650
802.471476	0.295110
803.161477	0.300700
803.851478	0.306280
804.541479	0.311720
805.231481	0.316870
805.921482	0.321600
806.611483	0.325810
807.301484	0.329410
807.991486	0.332400
808.681487	0.334760
809.371488	0.336570
810.061490	0.337910
810.751491	0.338920
811.441492	0.339780
812.131493	0.340750
812.821495	0.342080
813.511496	0.344070
814.201497	0.347010
814.891498	0.351160
815.581500	0.356720
816.271501	0.363780
816.961502	0.372280
817.651503	0.382040
818.341505	0.392710
819.031506	0.403800
819.721507	0.414780
820.411509	0.425100
821.101510	0.434260
821.791511	0.441870
822.481512	0.447580
823.171514	0.451150
823.861515	0.452410
824.551516	0.451260
825.241517	0.447710
825.931519	0.441910
826.621520	0.434080
827.311521	0.424580
828.001523	0.413780
828.691524	0.402080
829.381525	0.389830
830.071526	0.377350
830.761528	0.364860
831.451529	0.352520
832.141530	0.340400
832.831531	0.328480
833.521533	0.316640
834.211534	0.304710
834.901535	0.292430
835.591536	0.279520
836.281538	0.265680
836.971539	0.250620
837.661540	0.234080
838.351542	0.215900
839.041543	0.196020
839.731544	0.174510
840.421545	0.151570
841.111547	0.127520
841.801548	0.102750
842.491549	0.077670
843.181550	0.052710
843.871552	0.028230
844.561553	0.004520
845.251554	-0.018260
845.941555	-0.040100
846.631557	-0.061070
847.321558	-0.081340
848.011559	-0.101120
848.701561	-0.120620
849.391562	-0.140000
850.081563	-0.159420
850.771564	-0.179000
851.461566	-0.198820
852.151567	-0.218950
852.841568	-0.239390
853.531569	-0.260040
854.221571	-0.280750
854.911572	-0.301260
855.601573	-0.321210
856.291575	-0.340210
856.981576	-0.357800
857.671577	-0.373530
858.361578	-0.386940
859.051580	-0.397630
859.741581	-0.405260
860.431582	-0.409570
861.121583	-0.410370
861.811585	-0.407540
862.501586	-0.401040
863.191587	-0.390880
863.881588	-0.377120
864.571590	-0.359910
865.261591	-0.339480
865.951592	-0.316150
866.641594	-0.290360
867.331595	-0.262710
868.021596	-0.233870
868.711597	-0.204620
869.401599	-0.175750
870.091600	-0.148010
870.781601	-0.122070
871.471602	-0.098450
872.161604	-0.077540
872.851605	-0.059540
873.541606	-0.044550
874.231608	-0.032500
874.921609	-0.023240
875.611610	-0.016580
876.301611	-0.012270
876.991613	-0.010090
877.681614	-0.009820
878.371615	-0.011240
879.061616	-0.014160
879.751618	-0.018420
880.441619	-0.023830
881.131620	-0.030220
881.821621	-0.037420
882.511623	-0.045270
883.201624	-0.053580
883.891625	-0.062170
884.581627	-0.070850
885.271628	-0.079410
885.961629	-0.087650
886.651630	-0.095380
887.341632	-0.102430
888.031633	-0.108660
888.721634	-0.113980
889.411635	-0.118350
890.101637	-0.121780
890.791638	-0.124290
891.481639	-0.125930
892.171641	-0.126740
892.861642	-0.126710
893.551643	-0.125810
894.241644	-0.123990
894.931646	-0.121180
895.621647	-0.117320
896.311648	-0.112410
897.001649	-0.106490
897.691651	-0.099720
898.381652	-0.092320
899.071653	-0.084570
899.761654	-0.076820
900.451656	-0.069410
901.141657	-0.062630
901.831658	-0.056760
902.521660	-0.051970
903.211661	-0.048430
903.901662	-0.046280
904.591663	-0.045610
905.281665	-0.046530
905.971666	-0.049060
906.661667	-0.053140
907.351668	-0.058610
908.041670	-0.065180
908.731671	-0.072480
909.421672	-0.080070
910.111673	-0.087510
910.801675	-0.094320
911.491676	-0.100110
912.181677	-0.104500
912.871679	-0.107240
913.561680	-0.108150
914.251681	-0.107100
914.941682	-0.104080
915.631684	-0.099110
916.321685	-0.092270
917.011686	-0.083690
917.701687	-0.073560
918.391689	-0.062090
919.081690	-0.049550
919.771691	-0.036250
920.461693	-0.022540
921.151694	-0.008820
921.841695	0.004550
922.531696	0.017220
923.221698	0.028910
923.911699	0.039430
924.601700	0.048630
925.291701	0.056420
925.981703	0.062740
926.671704	0.067540
927.361705	0.070760
928.051706	0.072380
928.741708	0.072410
929.431709	0.070870
930.121710	0.067800
930.811712	0.063280
931.501713	0.057410
932.191714	0.050330
932.881715	0.042220
933.571717	0.033300
934.261718	0.023800
934.951719	0.014010
935.641720	0.004220
936.331722	-0.005250
937.021723	-0.014050
937.711724	-0.021900
938.401726	-0.028480
939.091727	-0.033530
939.781728	-0.036860
940.471729	-0.038330
941.161731	-0.037920
941.851732	-0.035690
942.541733	-0.031790
943.231734	-0.026370
943.921736	-0.019620
944.611737	-0.011680
945.301738	-0.002660
945.991739	0.007330
946.681741	0.018100
947.371742	0.029440
948.061743	0.041040
948.751745	0.052600
949.441746	0.063770
950.131747	0.074250
950.821748	0.083770
951.511750	0.092130
952.201751	0.099160
952.891752	0.104760
953.581753	0.108860
954.271755	0.111450
954.961756	0.112550
955.651757	0.112210
956.341758	0.110520
957.031760	0.107630
957.721761	0.103690
958.411762	0.098880
959.101764	0.093370
959.791765	0.087360
960.481766	0.080970
961.171767	0.074330
961.861769	0.067460
962.551770	0.060290
963.241771	0.052690
963.931772	0.044460
964.621774	0.035360
965.311775	0.025190
966.001776	0.013780
966.691778	0.001050
967.381779	-0.012980
968.071780	-0.028210
968.761781	-0.044380
969.451783	-0.061190
970.141784	-0.078260
970.831785	-0.095210
971.521786	-0.111660
972.211788	-0.127280
972.901789	-0.141800
973.591790	-0.155020
974.281791	-0.166820
974.971793	-0.177150
975.661794	-0.186020
976.351795	-0.193520
977.041797	-0.199780
977.731798	-0.204980
978.421799	-0.209260
979.111800	-0.212750
979.801802	-0.215520
980.491803	-0.217590
981.181804	-0.218890
981.871805	-0.219350
982.561807	-0.218890
983.251808	-0.217470
983.941809	-0.215110
984.631811	-0.211900
985.321812	-0.207970
986.011813	-0.203500
986.701814	-0.198620
987.391816	-0.193400
988.081817	-0.187820
988.771818	-0.181780
989.461819	-0.175190
990.151821	-0.168020
990.841822	-0.160300
991.531823	-0.152170
992.221824	-0.143810
992.911826	-0.135390
993.601827	-0.127050
994.291828	-0.118870
994.981830	-0.110890
995.671831	-0.103090
996.361832	-0.095420
997.051833	-0.087740
997.741835	-0.079890
998.431836	-0.071630
999.121837	-0.062690
999.811838	-0.052850
1000.501840	-0.041940
1001.191841	-0.029890
1001.881842	-0.016760
1002.571844	-0.002690
1003.261845	0.012120
1003.951846	0.027380
1004.641847	0.042780
1005.331849	0.058010
1006.021850	0.072840
1006.711851	0.087050
1007.401852	0.100560
1008.091854	0.113300
1008.781855	0.125260
1009.471856	0.136380
1010.161857	0.146630
1010.851859	0.155930
1011.541860	0.164230
1012.231861	0.171460
1012.921863	0.177550
1013.611864	0.182500
1014.301865	0.186270
1014.991866	0.188890
1015.681868	0.190420
1016.371869	0.190910
1017.061870	0.190510
1017.751871	0.189360
1018.441873	0.187650
1019.131874	0.185570
1019.821875	0.183310
1020.511876	0.181020
1021.201878	0.178830
1021.891879	0.176790
1022.581880	0.174930
1023.271882	0.173250
1023.961883	0.171720
1024.651884	0.170320
1025.341885	0.169050
1026.031887	0.167880
1026.721888	0.166780
1027.411889	0.165670
1028.101890	0.164430
1028.791892	0.162910
1029.481893	0.160960
1030.171894	0.158460
1030.861896	0.155330
1031.551897	0.151520
1032.241898	0.147010
1032.931899	0.141760
1033.621901	0.135760
1034.311902	0.129010
1035.001903	0.121480
1035.691904	0.113210
1036.381906	0.104230
1037.071907	0.094620
1037.761908	0.084460
1038.451909	0.073900
1039.141911	0.063100
1039.831912	0.052260
1040.521913	0.041590
1041.211915	0.031280
1041.901916	0.021510
1042.591917	0.012400
1043.281918	0.004060
1043.971920	-0.003480
1044.661921	-0.010190
1045.351922	-0.016120
1046.041923	-0.021350
1046.731925	-0.026010
1047.421926	-0.030240
1048.111927	-0.034190
1048.801929	-0.037970
1049.491930	-0.041650
1050.181931	-0.045220
1050.871932	-0.048570
1051.561934	-0.051580
1052.251935	-0.054080
1052.941936	-0.055900
1053.631937	-0.056950
1054.321939	-0.057170
1055.011940	-0.056600
1055.701941	-0.055330
1056.391942	-0.053490
1057.081944	-0.051270
1057.771945	-0.048880
1058.461946	-0.046540
1059.151948	-0.044520
1059.841949	-0.043050
1060.531950	-0.042350
1061.221951	-0.042600
1061.911953	-0.043950
1062.601954	-0.046500
1063.291955	-0.050290
1063.981956	-0.055290
1064.671958	-0.061390
1065.361959	-0.068380
1066.051960	-0.075940
1066.741961	-0.083730
1067.431963	-0.091410
1068.121964	-0.098670
1068.811965	-0.105300
1069.501967	-0.111200
1070.191968	-0.116330
1070.881969	-0.120710
1071.571970	-0.124440
1072.261972	-0.127660
1072.951973	-0.130580
1073.641974	-0.133410
1074.331975	-0.136390
1075.021977	-0.139700
1075.711978	-0.143440
1076.401979	-0.147610
1077.091981	-0.152090
1077.781982	-0.156690
1078.471983	-0.161150
1079.161984	-0.165170
1079.851986	-0.168510
1080.541987	-0.170950
1081.231988	-0.172360
1081.921989	-0.172650
1082.611991	-0.171770
1083.301992	-0.169690
1083.991993	-0.166390
1084.681994	-0.161880
1085.371996	-0.156200
1086.061997	-0.149450
1086.751998	-0.141810
1087.442000	-0.133530
1088.132001	-0.124940
1088.822002	-0.116370
1089.512003	-0.108140
1090.202005	-0.100550
1090.892006	-0.093820
1091.582007	-0.088100
1092.272008	-0.083510
1092.962010	-0.080110
1093.652011	-0.077960
1094.342012	-0.077080
1095.032014	-0.077500
1095.722015	-0.079190
1096.412016	-0.082100
1097.102017	-0.086150
1097.792019	-0.091210
1098.482020	-0.097190
1099.172021	-0.103980
1099.862022	-0.111510
1100.552024	-0.119690
1101.242025	-0.128400
1101.932026	-0.137440
1102.622027	-0.146560
1103.312029	-0.155470
1104.002030	-0.163860
1104.692031	-0.171430
1105.382033	-0.177950
1106.072034	-0.183230
1106.762035	-0.187150
1107.452036	-0.189650
1108.142038	-0.190710
1108.832039	-0.190360
1109.522040	-0.188630
1110.212041	-0.185570
1110.902043	-0.181230
1111.592044	-0.175690
1112.282045	-0.169050
1112.972047	-0.161440
1113.662048	-0.152990
1114.352049	-0.143840
1115.042050	-0.134140
1115.732052	-0.124000
1116.422053	-0.113570
1117.112054	-0.103000
1117.802055	-0.092440
1118.492057	-0.082070
1119.182058	-0.072030
1119.872059	-0.062450
1120.562060	-0.053430
1121.252062	-0.045040
1121.942063	-0.037340
1122.632064	-0.030340
1123.322066	-0.024000
1124.012067	-0.018220
1124.702068	-0.012850
1125.392069	-0.007730
1126.082071	-0.002660
1126.772072	0.002450
1127.462073	0.007670
1128.152074	0.012970
1128.842076	0.018280
1129.532077	0.023510
1130.222078	0.028580
1130.912079	0.033430
1131.602081	0.038060
1132.292082	0.042440
1132.982083	0.046560
1133.672085	0.050360
1134.362086	0.053760
1135.052087	0.056690
1135.742088	0.059100
1136.432090	0.060970
1137.122091	0.062360
1137.812092	0.063370
1138.502093	0.064160
1139.192095	0.064870
1139.882096	0.065620
1140.572097	0.066500
1141.262099	0.067540
1141.952100	0.068740
1142.642101	0.070040
1143.332102	0.071390
1144.022104	0.072710
1144.712105	0.073880
1145.402106	0.074780
1146.092107	0.075230
1146.782109	0.075020
1147.472110	0.073940
1148.162111	0.071820
1148.852112	0.068540
1149.542114	0.064040
1150.232115	0.058370
1150.922116	0.051630
1151.612118	0.043960
1152.302119	0.035570
1152.992120	0.026690
1153.682121	0.017560
1154.372123	0.008500
1155.062124	-0.000220
1155.752125	-0.008330
1156.442126	-0.015610
1157.132128	-0.021960
1157.822129	-0.027300
1158.512130	-0.031660
1159.202132	-0.035100
1159.892133	-0.037740
1160.582134	-0.039700
1161.272135	-0.041100
1161.962137	-0.042090
1162.652138	-0.042770
1163.342139	-0.043240
1164.032140	-0.043590
1164.722142	-0.043870
1165.412143	-0.044140
1166.102144	-0.044360
1166.792145	-0.044490
1167.482147	-0.044420
1168.172148	-0.044010
1168.862149	-0.043080
1169.552151	-0.041490
1170.242152	-0.039130
1170.932153	-0.035970
1171.622154	-0.032040
1172.312156	-0.027470
1173.002157	-0.022420
1173.692158	-0.017140
1174.382159	-0.011880
1175.072161	-0.006850
1175.762162	-0.002250
1176.452163	0.001760
1177.142164	0.005080
1177.832166	0.007690
1178.522167	0.009610
1179.212168	0.010930
1179.902170	0.011810
1180.592171	0.012460
1181.282172	0.013100
1181.972173	0.013990
1182.662175	0.015360
1183.352176	0.017400
1184.042177	0.020320
1184.732178	0.024260
1185.422180	0.029330
1186.112181	0.035600
1186.802182	0.043090
1187.492184	0.051780
1188.182185	0.061610
1188.872186	0.072440
1189.562187	0.084110
1190.252189	0.096430
1190.942190	0.109160
1191.632191	0.122060
1192.322192	0.134880
1193.012194	0.147380
1193.702195	0.159340
1194.392196	0.170550
1195.082197	0.180860
1195.772199	0.190170
1196.462200	0.198410
1197.152201	0.205590
1197.842203	0.211750
1198.532204	0.217010
1199.222205	0.221510
1199.912206	0.225430
1200.602208	0.228980
1201.292209	0.232380
1201.982210	0.235840
1202.672211	0.239540
1203.362213	0.243680
1204.052214	0.248390
1204.742215	0.253800
1205.432217	0.259950
1206.122218	0.266840
1206.812219	0.274360
1207.502220	0.282320
1208.192222	0.290450
1208.882223	0.298370
1209.572224	0.305690
1210.262225	0.311940
1210.952227	0.316660
1211.642228	0.319380
1212.332229	0.319650
1213.022230	0.317050
1213.712232	0.311220
1214.402233	0.301910
1215.092234	0.288960
1215.782236	0.272360
1216.472237	0.252220
1217.162238	0.228780
1217.852239	0.202370
1218.542241	0.173360
1219.232242	0.142130
1219.922243	0.109020
1220.612244	0.074310
1221.302246	0.038290
1221.992247	0.001230
1222.682248	-0.036530
1223.372250	-0.074640
1224.062251	-0.112750
1224.752252	-0.150520
1225.442253	-0.187700
1226.132255	-0.224100
1226.822256	-0.259550
1227.512257	-0.293820
