0.000000	-0.623900
0.690000	-0.641320
1.380000	-0.655550
2.070000	-0.665870
2.760000	-0.671750
3.450000	-0.672950
4.140000	-0.669460
4.830000	-0.661540
5.520000	-0.649640
6.210000	-0.634410
6.900000	-0.616650
7.590000	-0.597220
8.280000	-0.576980
8.970000	-0.556720
9.660000	-0.537090
10.350000	-0.518580
11.040000	-0.501520
11.730000	-0.486070
12.420000	-0.472280
13.110000	-0.460130
13.800000	-0.449550
14.490000	-0.440400
15.180000	-0.432470
15.870000	-0.425420
16.560000	-0.418800
17.250000	-0.412030
17.940000	-0.404480
18.630000	-0.395590
19.320000	-0.384920
20.010000	-0.372250
20.700000	-0.357640
21.390000	-0.341380
22.080000	-0.323990
22.770000	-0.306160
23.460000	-0.288680
24.150000	-0.272310
24.840000	-0.257690
25.530000	-0.245300
26.220000	-0.235380
26.910000	-0.227940
27.600000	-0.222840
28.290000	-0.219760
28.980000	-0.218260
29.670000	-0.217820
30.360000	-0.217820
31.050000	-0.217670
31.740000	-0.216790
32.430000	-0.214710
33.120000	-0.211100
33.810000	-0.205780
34.500000	-0.198760
35.190000	-0.190240
35.880000	-0.180610
36.570000	-0.170420
37.260000	-0.160350
37.950000	-0.151170
38.640000	-0.143590
39.330000	-0.138250
40.020000	-0.135650
40.710000	-0.136100
41.400000	-0.139780
42.090000	-0.146740
42.780000	-0.156910
43.470001	-0.170060
44.160001	-0.185770
44.850001	-0.203420
45.540001	-0.222180
46.230001	-0.241060
46.920001	-0.259020
47.610001	-0.275060
48.300001	-0.288330
48.990001	-0.298200
49.680001	-0.304290
50.370001	-0.306470
51.060001	-0.304800
51.750001	-0.299480
52.440001	-0.290820
53.130001	-0.279150
53.820001	-0.264870
54.510001	-0.248380
55.200001	-0.230100
55.890001	-0.210450
56.580001	-0.189850
57.270001	-0.168770
57.960001	-0.147740
58.650001	-0.127320
59.340001	-0.108110
60.030001	-0.090740
60.720001	-0.075770
61.410001	-0.063700
62.100001	-0.054840
62.790001	-0.049350
63.480001	-0.047100
64.170001	-0.047740
64.860001	-0.050750
65.550001	-0.055450
66.240001	-0.061100
66.930001	-0.066910
67.620001	-0.072070
68.310001	-0.075830
69.000001	-0.077520
69.690001	-0.076650
70.380001	-0.072970
71.070001	-0.066500
71.760001	-0.057490
72.450001	-0.046400
73.140001	-0.033840
73.830001	-0.020470
74.520001	-0.006990
75.210001	0.005940
75.900001	0.017730
76.590001	0.027810
77.280001	0.035710
77.970001	0.041010
78.660001	0.043330
79.350001	0.042360
80.040001	0.037890
80.730001	0.029760
81.420001	0.017870
82.110001	0.002120
82.800001	-0.017600
83.490001	-0.041420
84.180001	-0.069440
84.870001	-0.101670
85.560001	-0.137950
86.250001	-0.177920
86.940001	-0.220890
87.630001	-0.265820
88.320001	-0.311250
89.010001	-0.355320
89.700001	-0.395960
90.390001	-0.431050
91.080001	-0.458730
91.770001	-0.477550
92.460001	-0.486640
93.150001	-0.485620
93.840001	-0.474630
94.530001	-0.454210
95.220001	-0.425260
95.910001	-0.388990
96.600001	-0.346890
97.290001	-0.300680
97.980001	-0.252180
98.670001	-0.203290
99.360001	-0.155870
100.050001	-0.111630
100.740001	-0.071990
101.430001	-0.037960
102.120001	-0.010060
102.810001	0.011720
103.500001	0.027870
104.190001	0.039200
104.880001	0.046770
105.570001	0.051710
106.260001	0.055110
106.950001	0.057920
107.640001	0.060900
108.330001	0.064600
109.020001	0.069380
109.710001	0.075460
110.400001	0.082960
111.090001	0.091910
111.780001	0.102210
112.470001	0.113680
113.160001	0.125990
113.850001	0.138750
114.540001	0.151590
115.230001	0.164200
115.920001	0.176380
116.610001	0.187980
117.300001	0.198850
117.990001	0.208720
118.680001	0.217250
119.370001	0.224080
120.060001	0.228940
120.750001	0.231720
121.440001	0.232490
122.130001	0.231470
122.820001	0.228930
123.510001	0.225200
124.200001	0.220620
124.890001	0.215540
125.580001	0.210270
126.270001	0.205140
126.960001	0.200390
127.650001	0.196210
128.340001	0.192700
129.030002	0.189880
129.720002	0.187730
130.410002	0.186220
131.100002	0.185370
131.790002	0.185300
132.480002	0.186150
133.170002	0.188070
133.860002	0.191120
134.550002	0.195180
135.240002	0.199940
135.930002	0.204940
136.620002	0.209690
137.310002	0.213730
138.000002	0.216750
138.690002	0.218560
139.380002	0.219090
140.070002	0.218370
140.760002	0.216520
141.450002	0.213760
142.140002	0.210470
142.830002	0.207120
143.520002	0.204190
144.210002	0.202150
144.900002	0.201370
145.590002	0.202130
146.280002	0.204660
146.970002	0.209090
147.660002	0.215470
148.350002	0.223660
149.040002	0.233370
149.730002	0.244090
150.420002	0.255230
151.110002	0.266180
151.800002	0.276470
152.490002	0.285860
153.180002	0.294360
153.870002	0.302230
154.560002	0.309840
155.250002	0.317630
155.940002	0.325970
156.630002	0.335130
157.320002	0.345260
158.010002	0.356310
158.700002	0.368040
159.390002	0.379950
160.080002	0.391260
160.770002	0.401000
161.460002	0.408170
162.150002	0.411910
162.840002	0.411740
163.530002	0.407610
164.220002	0.399860
164.910002	0.389110
165.600002	0.376050
166.290002	0.361400
166.980002	0.345780
167.670002	0.329780
168.360002	0.313960
169.050002	0.298820
169.740002	0.284800
170.430002	0.272180
171.120002	0.261040
171.810002	0.251310
172.500002	0.242800
173.190002	0.235320
173.880002	0.228730
174.570002	0.222940
175.260002	0.217780
175.950002	0.213010
176.640002	0.208210
177.330002	0.202910
178.020002	0.196630
178.710002	0.189010
179.400002	0.179770
180.090002	0.168690
180.780002	0.155500
181.470002	0.139890
182.160002	0.121570
182.850002	0.100400
183.540002	0.076570
184.230002	0.050620
184.920002	0.023340
185.610002	-0.004320
186.300002	-0.031520
186.990002	-0.057480
187.680002	-0.081590
188.370002	-0.103320
189.060002	-0.122250
189.750002	-0.138050
190.440002	-0.150560
191.130002	-0.159710
191.820002	-0.165470
192.510002	-0.167710
193.200002	-0.166220
193.890002	-0.160850
194.580002	-0.151690
195.270002	-0.139220
195.960002	-0.124260
196.650002	-0.107800
197.340002	-0.090840
198.030002	-0.074250
198.720002	-0.058860
199.410002	-0.045450
200.100002	-0.034850
200.790002	-0.027820
201.480002	-0.025020
202.170002	-0.027010
202.860002	-0.034320
203.550002	-0.047600
204.240002	-0.067570
204.930002	-0.095040
205.620002	-0.130570
206.310002	-0.174270
207.000002	-0.225490
207.690002	-0.282760
208.380002	-0.343750
209.070002	-0.405390
209.760002	-0.464170
210.450002	-0.516420
211.140002	-0.558790
211.830002	-0.588580
212.520002	-0.604120
213.210002	-0.604940
213.900002	-0.591860
214.590003	-0.566800
215.280003	-0.532600
215.970003	-0.492570
216.660003	-0.450110
217.350003	-0.408260
218.040003	-0.369430
218.730003	-0.335250
219.420003	-0.306710
220.110003	-0.284350
220.800003	-0.268480
221.490003	-0.259350
222.180003	-0.257090
222.870003	-0.261640
223.560003	-0.272580
224.250003	-0.289070
224.940003	-0.309900
225.630003	-0.333600
226.320003	-0.358660
227.010003	-0.383760
227.700003	-0.407930
228.390003	-0.430580
229.080003	-0.451470
229.770003	-0.470500
230.460003	-0.487450
231.150003	-0.501940
231.840003	-0.513370
232.530003	-0.521080
233.220003	-0.524580
233.910003	-0.523630
234.600003	-0.518210
235.290003	-0.508470
235.980003	-0.494640
236.670003	-0.476960
237.360003	-0.455780
238.050003	-0.431580
238.740003	-0.404990
239.430003	-0.376710
240.120003	-0.347410
240.810003	-0.317610
241.500003	-0.287660
242.190003	-0.257620
242.880003	-0.227290
243.570003	-0.196100
244.260003	-0.163070
244.950003	-0.126980
245.640003	-0.086610
246.330003	-0.041190
247.020003	0.009340
247.710003	0.064160
248.400003	0.121640
249.090003	0.179770
249.780003	0.236480
250.470003	0.290020
251.160003	0.339120
251.850003	0.383050
252.540003	0.421500
253.230003	0.454450
253.920003	0.482000
254.610003	0.504350
255.300003	0.521780
255.990003	0.534700
256.680003	0.543800
257.370003	0.549950
258.060003	0.554230
258.750003	0.557720
259.440003	0.561400
260.130003	0.566010
260.820003	0.571940
261.510003	0.579210
262.200003	0.587420
262.890003	0.595810
263.580003	0.603300
264.270003	0.608760
264.960003	0.611120
265.650003	0.609690
266.340003	0.604250
267.030003	0.595120
267.720003	0.583010
268.410003	0.568850
269.100003	0.553630
269.790003	0.538200
270.480003	0.523230
271.170003	0.509150
271.860003	0.496180
272.550003	0.484400
273.240003	0.473740
273.930003	0.464110
274.620003	0.455410
275.310003	0.447600
276.000003	0.440680
276.690003	0.434660
277.380003	0.429540
278.070003	0.425300
278.760003	0.421870
279.450003	0.419130
280.140003	0.416980
280.830003	0.415300
281.520003	0.413890
282.210003	0.412470
282.900003	0.410580
283.590003	0.407610
284.280003	0.402810
284.970003	0.395330
285.660003	0.384250
286.350003	0.368630
287.040003	0.347540
287.730003	0.320050
288.420003	0.285350
289.110003	0.242810
289.800003	0.192050
290.490003	0.133070
291.180003	0.066280
291.870003	-0.007340
292.560003	-0.086330
293.250003	-0.168710
293.940003	-0.252160
294.630003	-0.334220
295.320003	-0.412530
296.010003	-0.485000
296.700003	-0.549970
297.390003	-0.606280
298.080003	-0.653320
298.770003	-0.691060
299.460003	-0.720040
300.150004	-0.741330
300.840004	-0.756400
301.530004	-0.766900
302.220004	-0.774470
302.910004	-0.780520
303.600004	-0.786120
304.290004	-0.792010
304.980004	-0.798680
305.670004	-0.806400
306.360004	-0.815230
307.050004	-0.824980
307.740004	-0.835090
308.430004	-0.844710
309.120004	-0.852760
309.810004	-0.858150
310.500004	-0.859870
311.190004	-0.857020
311.880004	-0.848810
312.570004	-0.834460
313.260004	-0.813210
313.950004	-0.784370
314.640004	-0.747390
315.330004	-0.702060
316.020004	-0.648670
316.710004	-0.588210
317.400004	-0.522260
318.090004	-0.452900
318.780004	-0.382320
319.470004	-0.312440
320.160004	-0.244670
320.850004	-0.179860
321.540004	-0.118360
322.230004	-0.060230
322.920004	-0.005380
323.610004	0.046280
324.300004	0.094840
324.990004	0.140250
325.680004	0.182430
326.370004	0.221240
327.060004	0.256490
327.750004	0.287990
328.440004	0.315530
329.130004	0.338990
329.820004	0.358340
330.510004	0.373760
331.200004	0.385630
331.890004	0.394510
332.580004	0.401120
333.270004	0.406170
333.960004	0.410270
334.650004	0.413850
335.340004	0.417130
336.030004	0.420250
336.720004	0.423350
337.410004	0.426750
338.100004	0.430950
338.790004	0.436520
339.480004	0.443820
340.170004	0.452810
340.860004	0.463000
341.550004	0.473530
342.240004	0.483470
342.930004	0.492050
343.620004	0.498790
344.310004	0.503530
345.000004	0.506380
345.690004	0.507550
346.380004	0.507280
347.070004	0.505820
347.760004	0.503380
348.450004	0.500220
349.140004	0.496650
349.830004	0.493100
350.520004	0.490010
351.210004	0.487770
351.900004	0.486590
352.590004	0.486480
353.280004	0.487290
353.970004	0.488800
354.660004	0.490750
355.350004	0.492860
356.040004	0.494770
356.730004	0.495970
357.420004	0.495940
358.110004	0.494270
358.800004	0.490870
359.490004	0.486170
360.180004	0.481010
360.870004	0.476420
361.560004	0.473290
362.250004	0.472190
362.940004	0.473240
363.630004	0.476180
364.320004	0.480480
365.010004	0.485440
365.700004	0.490250
366.390004	0.494090
367.080004	0.496130
367.770004	0.495670
368.460004	0.492120
369.150004	0.485080
369.840004	0.474300
370.530004	0.459780
371.220004	0.441760
371.910004	0.420780
372.600004	0.397610
373.290004	0.373160
373.980004	0.348340
374.670004	0.323890
375.360004	0.300410
376.050004	0.278430
376.740004	0.258580
377.430004	0.241640
378.120004	0.228550
378.810004	0.220180
379.500004	0.216970
380.190004	0.218710
380.880004	0.224490
381.570004	0.232870
382.260004	0.242200
382.950004	0.250900
383.640004	0.257590
384.330004	0.261140
385.020004	0.260620
385.710005	0.255310
386.400005	0.244840
387.090005	0.229230
387.780005	0.208990
388.470005	0.185060
389.160005	0.158670
389.850005	0.131130
390.540005	0.103620
391.230005	0.077160
391.920005	0.052540
392.610005	0.030520
393.300005	0.011920
393.990005	-0.002310
394.680005	-0.011250
395.370005	-0.014330
396.060005	-0.011440
396.750005	-0.003060
397.440005	0.009980
398.130005	0.026720
398.820005	0.046370
399.510005	0.068470
400.200005	0.092860
400.890005	0.119580
401.580005	0.148740
402.270005	0.180250
402.960005	0.213720
403.650005	0.248380
404.340005	0.283130
405.030005	0.316840
405.720005	0.348480
406.410005	0.377360
407.100005	0.403070
407.790005	0.425440
408.480005	0.444400
409.170005	0.459880
409.860005	0.471820
410.550005	0.480150
411.240005	0.484870
411.930005	0.486160
412.620005	0.484380
413.310005	0.480030
414.000005	0.473670
414.690005	0.465730
415.380005	0.456400
416.070005	0.445550
416.760005	0.432910
417.450005	0.418160
418.140005	0.401200
418.830005	0.382170
419.520005	0.361490
420.210005	0.339730
420.900005	0.317540
421.590005	0.295590
422.280005	0.274470
422.970005	0.254770
423.660005	0.236930
424.350005	0.221230
425.040005	0.207640
425.730005	0.195760
426.420005	0.184960
427.110005	0.174510
427.800005	0.163780
428.490005	0.152340
429.180005	0.140010
429.870005	0.126770
430.560005	0.112680
431.250005	0.097780
431.940005	0.082110
432.630005	0.065690
433.320005	0.048500
434.010005	0.030430
434.700005	0.011260
435.390005	-0.009300
436.080005	-0.031510
436.770005	-0.055410
437.460005	-0.080690
438.150005	-0.106650
438.840005	-0.132240
439.530005	-0.156310
440.220005	-0.177760
440.910005	-0.195710
441.600005	-0.209620
442.290005	-0.219250
442.980005	-0.224560
443.670005	-0.225730
444.360005	-0.223020
445.050005	-0.216750
445.740005	-0.207220
446.430005	-0.194740
447.120005	-0.179520
447.810005	-0.161730
448.500005	-0.141530
449.190005	-0.119080
449.880005	-0.094630
450.570005	-0.068560
451.260005	-0.041410
451.950005	-0.013830
452.640005	0.013480
453.330005	0.039880
454.020005	0.064790
454.710005	0.087680
455.400005	0.108030
456.090005	0.125340
456.780005	0.139100
457.470005	0.148930
458.160005	0.154580
458.850005	0.156120
459.540005	0.153850
460.230005	0.148340
460.920005	0.140360
461.610005	0.130800
462.300005	0.120560
462.990005	0.110470
463.680005	0.101270
464.370005	0.093490
465.060005	0.087440
465.750005	0.083140
466.440005	0.080350
467.130005	0.078600
467.820005	0.077280
468.510005	0.075760
469.200005	0.073540
469.890005	0.070350
470.580005	0.066220
471.270005	0.061530
471.960006	0.056980
472.650006	0.053430
473.340006	0.051770
474.030006	0.052730
474.720006	0.056810
475.410006	0.064190
476.100006	0.074820
476.790006	0.088400
477.480006	0.104480
478.170006	0.122440
478.860006	0.141670
479.550006	0.161620
480.240006	0.181870
480.930006	0.202160
481.620006	0.222300
482.310006	0.242100
483.000006	0.261300
483.690006	0.279500
484.380006	0.296140
485.070006	0.310470
485.760006	0.321600
486.450006	0.328540
487.140006	0.330300
487.830006	0.325990
488.520006	0.314920
489.210006	0.296670
489.900006	0.271170
490.590006	0.238670
491.280006	0.199850
491.970006	0.155820
492.660006	0.108140
493.350006	0.058690
494.040006	0.009480
494.730006	-0.037600
495.420006	-0.081010
496.110006	-0.119600
496.800006	-0.152660
497.490006	-0.179830
498.180006	-0.201120
498.870006	-0.216860
499.560006	-0.227780
500.250006	-0.234830
500.940006	-0.239040
501.630006	-0.241340
502.320006	-0.242390
503.010006	-0.242550
503.700006	-0.241860
504.390006	-0.240130
505.080006	-0.236990
505.770006	-0.231910
506.460006	-0.224310
507.150006	-0.213650
507.840006	-0.199620
508.530006	-0.182200
509.220006	-0.161740
509.910006	-0.138910
510.600006	-0.114630
511.290006	-0.089940
511.980006	-0.065910
512.670006	-0.043500
513.360006	-0.023460
514.050006	-0.006320
514.740006	0.007660
515.430006	0.018440
516.120006	0.026090
516.810006	0.030770
517.500006	0.032670
518.190006	0.032070
518.880006	0.029270
519.570006	0.024710
520.260006	0.018810
520.950006	0.011990
521.640006	0.004500
522.330006	-0.003560
523.020006	-0.012270
523.710006	-0.021770
524.400006	-0.032110
525.090006	-0.043120
525.780006	-0.054390
526.470006	-0.065280
527.160006	-0.075180
527.850006	-0.083610
528.540006	-0.090430
529.230006	-0.095840
529.920006	-0.100230
530.610006	-0.103990
531.300006	-0.107410
531.990006	-0.110570
532.680006	-0.113410
533.370006	-0.115880
534.060006	-0.118100
534.750006	-0.120330
535.440006	-0.122920
536.130006	-0.126200
536.820006	-0.130330
537.510006	-0.135220
538.200006	-0.140600
538.890006	-0.146080
539.580006	-0.151230
540.270006	-0.155680
540.960006	-0.159100
541.650006	-0.161220
542.340006	-0.161820
543.030006	-0.160800
543.720006	-0.158130
544.410006	-0.153970
545.100006	-0.148580
545.790006	-0.142320
546.480006	-0.135590
547.170006	-0.128780
547.860006	-0.122300
548.550006	-0.116580
549.240006	-0.112050
549.930006	-0.109130
550.620006	-0.108160
551.310006	-0.109410
552.000006	-0.113080
552.690006	-0.119410
553.380006	-0.128670
554.070006	-0.141140
554.760006	-0.157010
555.450006	-0.176310
556.140006	-0.198940
556.830006	-0.224810
557.520007	-0.254080
558.210007	-0.287200
558.900007	-0.324840
559.590007	-0.367630
560.280007	-0.415860
560.970007	-0.469340
561.660007	-0.527350
562.350007	-0.588790
563.040007	-0.652260
563.730007	-0.716060
564.420007	-0.778190
565.110007	-0.836280
565.800007	-0.887760
566.490007	-0.930120
567.180007	-0.961190
567.870007	-0.979310
568.560007	-0.983410
569.250007	-0.973010
569.940007	-0.948250
570.630007	-0.909940
571.320007	-0.859820
572.010007	-0.800590
572.700007	-0.735770
573.390007	-0.669230
574.080007	-0.604660
574.770007	-0.545000
575.460007	-0.492150
576.150007	-0.446910
576.840007	-0.409190
577.530007	-0.378370
578.220007	-0.353600
578.910007	-0.333980
579.600007	-0.318620
580.290007	-0.306660
580.980007	-0.297260
581.670007	-0.289570
582.360007	-0.282860
583.050007	-0.276620
583.740007	-0.270600
584.430007	-0.264780
585.120007	-0.259210
585.810007	-0.253900
586.500007	-0.248690
587.190007	-0.243230
587.880007	-0.237040
588.570007	-0.229650
589.260007	-0.220730
589.950007	-0.210180
590.640007	-0.198150
591.330007	-0.184990
592.020007	-0.171230
592.710007	-0.157450
593.400007	-0.144270
594.090007	-0.132250
594.780007	-0.121910
595.470007	-0.113620
596.160007	-0.107600
596.850007	-0.103920
597.540007	-0.102520
598.230007	-0.103220
598.920007	-0.105820
599.610007	-0.110000
600.300007	-0.115430
600.990007	-0.121760
601.680007	-0.128650
602.370007	-0.135750
603.060007	-0.142680
603.750007	-0.148980
604.440007	-0.154090
605.130007	-0.157440
605.820007	-0.158520
606.510007	-0.157030
607.200007	-0.152940
607.890007	-0.146510
608.580007	-0.138290
609.270007	-0.129040
609.960007	-0.119660
610.650007	-0.111080
611.340007	-0.104060
612.030007	-0.099130
612.720007	-0.096510
613.410007	-0.096080
614.100007	-0.097460
614.790007	-0.100080
615.480007	-0.103260
616.170007	-0.106280
616.860007	-0.108500
617.550007	-0.109440
618.240007	-0.108860
618.930007	-0.106790
619.620007	-0.103550
620.310007	-0.099640
621.000007	-0.095650
621.690007	-0.092160
622.380007	-0.089630
623.070007	-0.088420
623.760007	-0.088720
624.450007	-0.090630
625.140007	-0.094110
625.830007	-0.099030
626.520007	-0.105180
627.210007	-0.112280
627.900007	-0.120070
628.590007	-0.128360
629.280007	-0.137020
629.970007	-0.146010
630.660007	-0.155370
631.350007	-0.165150
632.040007	-0.175360
632.730007	-0.185870
633.420007	-0.196450
634.110007	-0.206720
634.800007	-0.216270
635.490007	-0.224760
636.180007	-0.231920
636.870007	-0.237660
637.560007	-0.242030
638.250007	-0.245220
638.940007	-0.247500
639.630007	-0.249220
640.320007	-0.250680
641.010007	-0.252120
641.700007	-0.253630
642.390007	-0.255190
643.080008	-0.256730
643.770008	-0.258130
644.460008	-0.259340
645.150008	-0.260330
645.840008	-0.261150
646.530008	-0.261900
647.220008	-0.262640
647.910008	-0.263420
648.600008	-0.264180
649.290008	-0.264790
649.980008	-0.265060
650.670008	-0.264790
651.360008	-0.263840
652.050008	-0.262080
652.740008	-0.259420
653.430008	-0.255740
654.120008	-0.250890
654.810008	-0.244760
655.500008	-0.237270
656.190008	-0.228500
656.880008	-0.218670
657.570008	-0.208080
658.260008	-0.197040
658.950008	-0.185770
659.640008	-0.174370
660.330008	-0.162970
661.020008	-0.151760
661.710008	-0.141020
662.400008	-0.131030
663.090008	-0.121910
663.780008	-0.113500
664.470008	-0.105350
665.160008	-0.096910
665.850008	-0.087640
666.540008	-0.077160
667.230008	-0.065280
667.920008	-0.052070
668.610008	-0.037770
669.300008	-0.022830
669.990008	-0.007800
670.680008	0.006700
671.370008	0.020050
672.060008	0.031620
672.750008	0.040830
673.440008	0.047090
674.130008	0.049930
674.820008	0.049050
675.510008	0.044500
676.200008	0.036710
676.890008	0.026560
677.580008	0.015250
678.270008	0.004000
678.960008	-0.006110
679.650008	-0.014400
680.340008	-0.020570
681.030008	-0.024680
681.720008	-0.026950
682.410008	-0.027560
683.100008	-0.026540
683.790008	-0.023660
684.480008	-0.018450
685.170008	-0.010320
685.860008	0.001260
686.550008	0.016610
687.240008	0.035690
687.930008	0.058030
688.620008	0.082770
689.310008	0.108740
690.000008	0.134620
690.690008	0.159040
691.380008	0.180770
692.070008	0.198790
692.760008	0.212380
693.450008	0.221210
694.140008	0.225250
694.830008	0.224830
695.520008	0.220540
696.210008	0.213150
696.900008	0.203520
697.590008	0.192520
698.280008	0.181000
698.970008	0.169650
699.660008	0.159010
700.350008	0.149420
701.040008	0.141070
701.730008	0.134100
702.420008	0.128660
703.110008	0.124980
703.800008	0.123220
704.490008	0.123440
705.180008	0.125470
705.870008	0.128900
706.560008	0.133140
707.250008	0.137600
707.940008	0.141730
708.630008	0.145110
709.320008	0.147380
710.010008	0.148250
710.700008	0.147500
711.390008	0.144930
712.080008	0.140480
712.770008	0.134190
713.460008	0.126190
714.150008	0.116720
714.840008	0.106050
715.530008	0.094480
716.220008	0.082350
716.910008	0.069960
717.600008	0.057640
718.290008	0.045760
718.980008	0.034720
719.670008	0.025030
720.360008	0.017260
721.050008	0.011980
721.740008	0.009700
722.430008	0.010750
723.120008	0.015210
723.810008	0.022850
724.500008	0.033190
725.190008	0.045570
725.880008	0.059310
726.570008	0.073890
727.260008	0.088980
727.950008	0.104470
728.640009	0.120350
729.330009	0.136610
730.020009	0.153100
730.710009	0.169530
731.400009	0.185520
732.090009	0.200680
732.780009	0.214680
733.470009	0.227290
734.160009	0.238410
734.850009	0.247970
735.540009	0.255930
736.230009	0.262240
736.920009	0.266890
737.610009	0.269900
738.300009	0.271380
738.990009	0.271440
739.680009	0.270230
740.370009	0.267900
741.060009	0.264590
741.750009	0.260510
742.440009	0.255870
743.130009	0.250840
743.820009	0.245580
744.510009	0.240150
745.200009	0.234590
745.890009	0.228930
746.580009	0.223220
747.270009	0.217570
747.960009	0.212100
748.650009	0.206930
749.340009	0.202100
750.030009	0.197610
750.720009	0.193420
751.410009	0.189440
752.100009	0.185580
752.790009	0.181750
753.480009	0.177880
754.170009	0.173990
754.860009	0.170210
755.550009	0.166860
756.240009	0.164380
756.930009	0.163160
757.620009	0.163410
758.310009	0.165060
759.000009	0.167730
759.690009	0.170850
760.380009	0.173850
761.070009	0.176250
761.760009	0.177770
762.450009	0.178250
763.140009	0.177610
763.830009	0.175790
764.520009	0.172740
765.210009	0.168390
765.900009	0.162670
766.590009	0.155490
767.280009	0.146820
767.970009	0.136670
768.660009	0.125130
769.350009	0.112380
770.040009	0.098600
770.730009	0.084000
771.420009	0.068720
772.110009	0.052950
772.800009	0.036870
773.490009	0.020790
774.180009	0.005070
774.870009	-0.009840
775.560009	-0.023480
776.250009	-0.035310
776.940009	-0.044740
777.630009	-0.051160
778.320009	-0.054120
779.010009	-0.053480
779.700009	-0.049590
780.390009	-0.043250
781.080009	-0.035490
781.770009	-0.027310
782.460009	-0.019580
783.150009	-0.012900
783.840009	-0.007760
784.530009	-0.004510
785.220009	-0.003390
785.910009	-0.004360
786.600009	-0.007190
787.290009	-0.011350
787.980009	-0.016280
788.670009	-0.021560
789.360009	-0.027010
790.050009	-0.032690
790.740009	-0.038780
791.430009	-0.045440
792.120009	-0.052700
792.810009	-0.060410
793.500009	-0.068300
794.190009	-0.076100
794.880009	-0.083580
795.570009	-0.090560
796.260009	-0.096870
796.950009	-0.102210
797.640009	-0.106090
798.330009	-0.107890
799.020009	-0.106920
799.710009	-0.102580
800.400009	-0.094450
801.090009	-0.082290
801.780009	-0.066120
802.470009	-0.046240
803.160009	-0.023280
803.850009	0.001800
804.540009	0.027800
805.230009	0.053380
805.920009	0.077280
806.610009	0.098400
807.300009	0.115820
807.990009	0.128790
808.680009	0.136730
809.370009	0.139280
810.060009	0.136380
810.750009	0.128350
811.440009	0.115920
812.130009	0.100220
812.820009	0.082590
813.510009	0.064540
814.200009	0.047550
814.890010	0.033000
815.580010	0.022040
816.270010	0.015510
816.960010	0.013890
817.650010	0.017330
818.340010	0.025680
819.030010	0.038610
819.720010	0.055610
820.410010	0.076010
821.100010	0.098990
821.790010	0.123580
822.480010	0.148730
823.170010	0.173400
823.860010	0.196630
824.550010	0.217540
825.240010	0.235430
825.930010	0.249780
826.620010	0.260400
827.310010	0.267380
828.000010	0.271050
828.690010	0.271870
829.380010	0.270350
830.070010	0.266980
830.760010	0.262340
831.450010	0.257080
832.140010	0.251940
832.830010	0.247690
833.520010	0.244930
834.210010	0.244090
834.900010	0.245340
835.590010	0.248660
836.280010	0.253820
836.970010	0.260430
837.660010	0.267900
838.350010	0.275460
839.040010	0.282250
839.730010	0.287540
840.420010	0.290810
841.110010	0.291880
841.800010	0.290790
842.490010	0.287750
843.180010	0.282950
843.870010	0.276600
844.560010	0.268890
845.250010	0.260130
845.940010	0.250750
846.630010	0.241190
847.320010	0.231840
848.010010	0.222920
848.700010	0.214480
849.390010	0.206440
850.080010	0.198730
850.770010	0.191280
851.460010	0.184080
852.150010	0.177080
852.840010	0.170160
853.530010	0.163150
854.220010	0.155820
854.910010	0.148040
855.600010	0.139810
856.290010	0.131300
856.980010	0.122830
857.670010	0.114870
858.360010	0.107970
859.050010	0.102670
859.740010	0.099410
860.430010	0.098420
861.120010	0.099670
861.810010	0.102910
862.500010	0.107760
863.190010	0.113780
863.880010	0.120500
864.570010	0.127430
865.260010	0.134000
865.950010	0.139640
866.640010	0.143740
867.330010	0.145740
868.020010	0.145150
868.710010	0.141540
869.400010	0.134570
870.090010	0.124020
870.780010	0.109830
871.470010	0.092100
872.160010	0.071080
872.850010	0.047090
873.540010	0.020510
874.230010	-0.008180
874.920010	-0.038340
875.610010	-0.069110
876.300010	-0.099370
876.990010	-0.127880
877.680010	-0.153380
878.370010	-0.174740
879.060010	-0.191090
879.750010	-0.201890
880.440010	-0.206930
881.130010	-0.206330
881.820010	-0.200440
882.510010	-0.189860
883.200010	-0.175320
883.890010	-0.157630
884.580010	-0.137630
885.270010	-0.116090
885.960010	-0.093630
886.650010	-0.070680
887.340010	-0.047610
888.030010	-0.024750
888.720010	-0.002560
889.410010	0.018470
890.100010	0.037850
890.790010	0.055250
891.480010	0.070510
892.170010	0.083650
892.860010	0.094750
893.550010	0.103910
894.240010	0.111220
894.930010	0.116820
895.620010	0.120860
896.310010	0.123540
897.000010	0.125060
897.690010	0.125620
898.380010	0.125430
899.070010	0.124760
899.760010	0.123930
900.450011	0.123280
901.140011	0.123150
901.830011	0.123840
902.520011	0.125550
903.210011	0.128390
903.900011	0.132380
904.590011	0.137460
905.280011	0.143440
905.970011	0.150050
906.660011	0.156880
907.350011	0.163400
908.040011	0.169020
908.730011	0.173190
909.420011	0.175560
910.110011	0.176100
910.800011	0.175080
911.490011	0.172950
912.180011	0.170180
912.870011	0.167130
913.560011	0.164030
914.250011	0.160990
914.940011	0.158130
915.630011	0.155590
916.320011	0.153560
917.010011	0.152150
917.700011	0.151360
918.390011	0.151070
919.080011	0.151010
919.770011	0.150910
920.460011	0.150540
921.150011	0.149780
921.840011	0.148580
922.530011	0.146900
923.220011	0.144610
923.910011	0.141450
924.600011	0.137120
925.290011	0.131450
925.980011	0.124540
926.670011	0.116830
927.360011	0.109050
928.050011	0.101990
928.740011	0.096340
929.430011	0.092490
930.120011	0.090520
930.810011	0.090200
931.500011	0.091200
932.190011	0.093180
932.880011	0.095890
933.570011	0.099180
934.260011	0.102860
934.950011	0.106680
935.640011	0.110300
936.330011	0.113350
937.020011	0.115580
937.710011	0.116890
938.400011	0.117390
939.090011	0.117250
939.780011	0.116670
940.470011	0.115870
941.160011	0.115120
941.850011	0.114700
942.540011	0.114950
943.230011	0.116140
943.920011	0.118370
944.610011	0.121560
945.300011	0.125520
945.990011	0.130020
946.680011	0.134800
947.370011	0.139620
948.060011	0.144120
948.750011	0.147850
949.440011	0.150320
950.130011	0.151020
950.820011	0.149600
951.510011	0.145850
952.200011	0.139740
952.890011	0.131420
953.580011	0.121200
954.270011	0.109550
954.960011	0.097010
955.650011	0.084150
956.340011	0.071460
957.030011	0.059280
957.720011	0.047840
958.410011	0.037230
959.100011	0.027480
959.790011	0.018570
960.480011	0.010420
961.170011	0.002930
961.860011	-0.003970
962.550011	-0.010340
963.240011	-0.016120
963.930011	-0.021200
964.620011	-0.025490
965.310011	-0.028970
966.000011	-0.031790
966.690011	-0.034260
967.380011	-0.036820
968.070011	-0.040000
968.760011	-0.044310
969.450011	-0.050190
970.140011	-0.057910
970.830011	-0.067520
971.520011	-0.078800
972.210011	-0.091340
972.900011	-0.104640
973.590011	-0.118230
974.280011	-0.131770
974.970011	-0.145110
975.660011	-0.158310
976.350011	-0.171600
977.040011	-0.185320
977.730011	-0.199890
978.420011	-0.215660
979.110011	-0.232830
979.800011	-0.251330
980.490011	-0.270860
981.180011	-0.290880
981.870011	-0.310760
982.560011	-0.329830
983.250011	-0.347490
983.940011	-0.363200
984.630011	-0.376500
985.320011	-0.386880
986.010012	-0.393860
986.700012	-0.396980
987.390012	-0.395920
988.080012	-0.390580
988.770012	-0.381220
989.460012	-0.368380
990.150012	-0.352910
990.840012	-0.335800
991.530012	-0.318060
992.220012	-0.300600
992.910012	-0.284170
993.600012	-0.269400
994.290012	-0.256850
994.980012	-0.247150
995.670012	-0.240930
996.360012	-0.238750
997.050012	-0.240900
997.740012	-0.247240
998.430012	-0.257190
999.120012	-0.269780
999.810012	-0.283870
1000.500012	-0.298260
1001.190012	-0.311870
1001.880012	-0.323730
1002.570012	-0.333020
1003.260012	-0.339100
1003.950012	-0.341520
1004.640012	-0.340100
1005.330012	-0.334930
1006.020012	-0.326380
1006.710012	-0.315010
1007.400012	-0.301480
1008.090012	-0.286450
1008.780012	-0.270450
1009.470012	-0.253910
1010.160012	-0.237090
1010.850012	-0.220150
1011.540012	-0.203130
1012.230012	-0.186000
1012.920012	-0.168620
1013.610012	-0.150790
1014.300012	-0.132220
1014.990012	-0.112640
1015.680012	-0.091890
1016.370012	-0.069970
1017.060012	-0.047110
1017.750012	-0.023740
1018.440012	-0.000470
1019.130012	0.022100
1019.820012	0.043400
1020.510012	0.063080
1021.200012	0.080950
1021.890012	0.097070
1022.580012	0.111610
1023.270012	0.124840
1023.960012	0.137060
1024.650012	0.148520
1025.340012	0.159380
1026.030012	0.169650
1026.720012	0.179210
1027.410012	0.187790
1028.100012	0.195160
1028.790012	0.201160
1029.480012	0.205740
1030.170012	0.208930
1030.860012	0.210730
1031.550012	0.211030
1032.240012	0.209530
1032.930012	0.205840
1033.620012	0.199530
1034.310012	0.190310
1035.000012	0.178050
1035.690012	0.162820
1036.380012	0.144840
1037.070012	0.124430
1037.760012	0.101950
1038.450012	0.077790
1039.140012	0.052400
1039.830012	0.026350
1040.520012	0.000350
1041.210012	-0.024730
1041.900012	-0.048010
1042.590012	-0.068600
1043.280012	-0.085760
1043.970012	-0.098900
1044.660012	-0.107590
1045.350012	-0.111540
1046.040012	-0.110560
1046.730012	-0.104630
1047.420012	-0.093850
1048.110012	-0.078500
1048.800012	-0.059040
1049.490012	-0.036150
1050.180012	-0.010710
1050.870012	0.016200
1051.560012	0.043440
1052.250012	0.069830
1052.940012	0.094310
1053.630012	0.116090
1054.320012	0.134670
1055.010012	0.149890
1055.700012	0.161840
1056.390012	0.170760
1057.080012	0.176950
1057.770012	0.180740
1058.460012	0.182480
1059.150012	0.182610
1059.840012	0.181630
1060.530012	0.180050
1061.220012	0.178360
1061.910012	0.176940
