0.000000	0.386230
0.690000	0.399340
1.380001	0.410220
2.070001	0.418440
2.760001	0.423580
3.450002	0.425340
4.140002	0.423490
4.830002	0.418010
5.520003	0.409100
6.210003	0.397140
6.900003	0.382620
7.590004	0.366020
8.280004	0.347780
8.970005	0.328350
9.660005	0.308230
10.350005	0.288090
11.040006	0.268720
11.730006	0.250970
12.420006	0.235660
13.110007	0.223470
13.800007	0.214960
14.490007	0.210450
15.180008	0.210120
15.870008	0.213880
16.560008	0.221440
17.250009	0.232230
17.940009	0.245440
18.630009	0.260060
19.320010	0.274940
20.010010	0.288940
20.700010	0.301070
21.390011	0.310660
22.080011	0.317440
22.770011	0.321520
23.460012	0.323330
24.150012	0.323460
24.840013	0.322490
25.530013	0.320860
26.220013	0.318850
26.910014	0.316520
27.600014	0.313740
28.290014	0.310260
28.980015	0.305740
29.670015	0.299790
30.360015	0.292100
31.050016	0.282490
31.740016	0.270970
32.430016	0.257720
33.120017	0.243070
33.810017	0.227340
34.500017	0.210790
35.190018	0.193520
35.880018	0.175490
36.570018	0.156570
37.260019	0.136640
37.950019	0.115610
38.640019	0.093480
39.330020	0.070340
40.020020	0.046300
40.710021	0.021470
41.400021	-0.004050
42.090021	-0.030220
42.780022	-0.057000
43.470022	-0.084350
44.160022	-0.112300
44.850023	-0.140860
45.540023	-0.170070
46.230023	-0.199970
46.920024	-0.230560
47.610024	-0.261790
48.300024	-0.293520
48.990025	-0.325530
49.680025	-0.357540
50.370025	-0.389200
51.060026	-0.420110
51.750026	-0.449920
52.440026	-0.478370
53.130027	-0.505350
53.820027	-0.530910
54.510027	-0.555180
55.200028	-0.578270
55.890028	-0.600150
56.580029	-0.620560
57.270029	-0.639050
57.960029	-0.655030
58.650030	-0.667890
59.340030	-0.677100
60.030030	-0.682300
60.720031	-0.683350
61.410031	-0.680370
62.100031	-0.673770
62.790032	-0.664260
63.480032	-0.652800
64.170032	-0.640480
64.860033	-0.628380
65.550033	-0.617420
66.240033	-0.608320
66.930034	-0.601580
67.620034	-0.597590
68.310034	-0.596640
69.000035	-0.598960
69.690035	-0.604670
70.380035	-0.613680
71.070036	-0.625660
71.760036	-0.639970
72.450037	-0.655830
73.140037	-0.672370
73.830037	-0.688840
74.520038	-0.704640
75.210038	-0.719320
75.900038	-0.732510
76.590039	-0.743840
77.280039	-0.752890
77.970039	-0.759240
78.660040	-0.762520
79.350040	-0.762530
80.040040	-0.759190
80.730041	-0.752600
81.420041	-0.743000
82.110041	-0.730760
82.800042	-0.716340
83.490042	-0.700250
84.180042	-0.682950
84.870043	-0.664750
85.560043	-0.645780
86.250043	-0.625950
86.940044	-0.605020
87.630044	-0.582660
88.320045	-0.558570
89.010045	-0.532550
89.700045	-0.504490
90.390046	-0.474390
91.080046	-0.442290
91.770046	-0.408270
92.460047	-0.372450
93.150047	-0.334990
93.840047	-0.296170
94.530048	-0.256390
95.220048	-0.216160
95.910048	-0.176140
96.600049	-0.137110
97.290049	-0.099870
97.980049	-0.065210
98.670050	-0.033790
99.360050	-0.006170
100.050050	0.017220
100.740051	0.036060
101.430051	0.050060
102.120051	0.059070
102.810052	0.063070
103.500052	0.062310
104.190053	0.057280
104.880053	0.048770
105.570053	0.037780
106.260054	0.025460
106.950054	0.012910
107.640054	0.001110
108.330055	-0.009210
109.020055	-0.017560
109.710055	-0.023600
110.400056	-0.027010
111.090056	-0.027490
111.780056	-0.024730
112.470057	-0.018420
113.160057	-0.008370
113.850057	0.005460
114.540058	0.022990
115.230058	0.043910
115.920058	0.067690
116.610059	0.093480
117.300059	0.120220
117.990059	0.146690
118.680060	0.171680
119.370060	0.194140
120.060060	0.213280
120.750061	0.228620
121.440061	0.239970
122.130062	0.247330
122.820062	0.250820
123.510062	0.250580
124.200063	0.246730
124.890063	0.239330
125.580063	0.228390
126.270064	0.213890
126.960064	0.195770
127.650064	0.174010
128.340065	0.148820
129.030065	0.120740
129.720065	0.090840
130.410066	0.060740
131.100066	0.032480
131.790066	0.008230
132.480067	-0.009960
133.170067	-0.020530
133.860067	-0.022580
134.550068	-0.016020
135.240068	-0.001610
135.930068	0.019190
136.620069	0.044440
137.310069	0.071960
138.000070	0.099660
138.690070	0.125740
139.380070	0.148880
140.070071	0.168260
140.760071	0.183630
141.450071	0.195250
142.140072	0.203780
142.830072	0.210180
143.520072	0.215480
144.210073	0.220610
144.900073	0.226300
145.590073	0.232950
146.280074	0.240640
146.970074	0.249220
147.660074	0.258340
148.350075	0.267660
149.040075	0.276860
149.730075	0.285770
150.420076	0.294300
151.110076	0.302510
151.800076	0.310500
152.490077	0.318420
153.180077	0.326410
153.870078	0.334600
154.560078	0.343060
155.250078	0.351750
155.940079	0.360510
156.630079	0.369070
157.320079	0.377030
158.010080	0.383970
158.700080	0.389520
159.390080	0.393400
160.080081	0.395540
160.770081	0.396000
161.460081	0.395020
162.150082	0.392960
162.840082	0.390220
163.530082	0.387140
164.220083	0.383940
164.910083	0.380580
165.600083	0.376800
166.290084	0.372120
166.980084	0.365990
167.670084	0.357980
168.360085	0.347880
169.050085	0.335780
169.740086	0.322070
170.430086	0.307340
171.120086	0.292320
171.810087	0.277770
172.500087	0.264380
173.190087	0.252660
173.880088	0.242890
174.570088	0.235140
175.260088	0.229370
175.950089	0.225560
176.640089	0.223730
177.330089	0.223920
178.020090	0.226080
178.710090	0.229980
179.400090	0.235270
180.090091	0.241430
180.780091	0.247920
181.470091	0.254180
182.160092	0.259690
182.850092	0.263970
183.540092	0.266640
184.230093	0.267510
184.920093	0.266560
185.610094	0.263930
186.300094	0.259790
186.990094	0.254360
187.680095	0.247820
188.370095	0.240380
189.060095	0.232320
189.750096	0.223990
190.440096	0.215790
191.130096	0.208130
191.820097	0.201320
192.510097	0.195580
193.200097	0.191080
193.890098	0.187940
194.580098	0.186320
195.270098	0.186360
195.960099	0.188150
196.650099	0.191730
197.340099	0.196960
198.030100	0.203490
198.720100	0.210770
199.410100	0.218110
200.100101	0.224820
200.790101	0.230290
201.480102	0.234100
202.170102	0.235950
202.860102	0.235670
203.550103	0.233210
204.240103	0.228690
204.930103	0.222530
205.620104	0.215430
206.310104	0.208340
207.000104	0.202320
207.690105	0.198250
208.380105	0.196720
209.070105	0.197900
209.760106	0.201560
210.450106	0.207120
211.140106	0.213840
211.830107	0.220900
212.520107	0.227590
213.210107	0.233320
213.900108	0.237760
214.590108	0.240800
215.280108	0.242490
215.970109	0.242980
216.660109	0.242400
217.350110	0.240750
218.040110	0.237960
218.730110	0.233880
219.420111	0.228430
220.110111	0.221650
220.800111	0.213740
221.490112	0.205030
222.180112	0.195950
222.870112	0.186920
223.560113	0.178310
224.250113	0.170380
224.940113	0.163230
225.630114	0.156840
226.320114	0.151100
227.010114	0.145900
227.700115	0.141230
228.390115	0.137150
229.080115	0.133830
229.770116	0.131400
230.460116	0.129920
231.150116	0.129380
231.840117	0.129750
232.530117	0.131040
233.220118	0.133340
233.910118	0.136700
234.600118	0.141030
235.290119	0.145930
235.980119	0.150730
236.670119	0.154600
237.360120	0.156690
238.050120	0.156380
238.740120	0.153340
239.430121	0.147570
240.120121	0.139350
240.810121	0.129170
241.500122	0.117610
242.190122	0.105280
242.880122	0.092730
243.570123	0.080410
244.260123	0.068670
244.950123	0.057860
245.640124	0.048310
246.330124	0.040350
247.020124	0.034200
247.710125	0.029820
248.400125	0.026900
249.090126	0.024880
249.780126	0.023070
250.470126	0.020940
251.160127	0.018150
251.850127	0.014610
252.540127	0.010400
253.230128	0.005620
253.920128	0.000390
254.610128	-0.005200
255.300129	-0.010930
255.990129	-0.016480
256.680129	-0.021430
257.370130	-0.025400
258.060130	-0.028070
258.750130	-0.029180
259.440131	-0.028510
260.130131	-0.025850
260.820131	-0.021080
261.510132	-0.014300
262.200132	-0.005930
262.890132	0.003250
263.580133	0.012270
264.270133	0.020070
264.960134	0.025710
265.650134	0.028550
266.340134	0.028330
267.030135	0.025170
267.720135	0.019580
268.410135	0.012310
269.100136	0.004240
269.790136	-0.003790
270.480136	-0.011130
271.170137	-0.017370
271.860137	-0.022360
272.550137	-0.026160
273.240138	-0.028850
273.930138	-0.030460
274.620138	-0.030820
275.310139	-0.029580
276.000139	-0.026240
276.690139	-0.020230
277.380140	-0.011070
278.070140	0.001490
278.760140	0.017430
279.450141	0.036280
280.140141	0.057190
280.830142	0.078930
281.520142	0.100050
282.210142	0.119080
282.900143	0.134680
283.590143	0.145880
284.280143	0.152150
284.970144	0.153490
285.660144	0.150400
286.350144	0.143740
287.040145	0.134600
287.730145	0.124100
288.420145	0.113250
289.110146	0.102760
289.800146	0.093040
290.490146	0.084210
291.180147	0.076120
291.870147	0.068520
292.560147	0.061110
293.250148	0.053570
293.940148	0.045610
294.630148	0.037020
295.320149	0.027690
296.010149	0.017770
296.700150	0.007650
297.390150	-0.001990
298.080150	-0.010370
298.770151	-0.016640
299.460151	-0.020010
300.150151	-0.019850
300.840152	-0.015630
301.530152	-0.007030
302.220152	0.006040
302.910153	0.023330
303.600153	0.044180
304.290153	0.067540
304.980154	0.092140
305.670154	0.116640
306.360154	0.139980
307.050155	0.161530
307.740155	0.181160
308.430155	0.199160
309.120156	0.216020
309.810156	0.232270
310.500156	0.248320
311.190157	0.264430
311.880157	0.280710
312.570158	0.297210
313.260158	0.313970
313.950158	0.331010
314.640159	0.348420
315.330159	0.366220
316.020159	0.384390
316.710160	0.402740
317.400160	0.421010
318.090160	0.438900
318.780161	0.456140
319.470161	0.472510
320.160161	0.487800
320.850162	0.501810
321.540162	0.514310
322.230162	0.525040
322.920163	0.533840
323.610163	0.540620
324.300163	0.545430
324.990164	0.548450
325.680164	0.549980
326.370164	0.550450
327.060165	0.550370
327.750165	0.550290
328.440166	0.550630
329.130166	0.551610
329.820166	0.553140
330.510167	0.554780
331.200167	0.555810
331.890167	0.555390
332.580168	0.552630
333.270168	0.546790
333.960168	0.537370
334.650169	0.524190
335.340169	0.507420
336.030169	0.487670
336.720170	0.465920
337.410170	0.443470
338.100170	0.421830
338.790171	0.402470
339.480171	0.386620
340.170171	0.375130
340.860172	0.368420
341.550172	0.366490
342.240172	0.369040
342.930173	0.375430
343.620173	0.384780
344.310174	0.395960
345.000174	0.407660
345.690174	0.418580
346.380175	0.427590
347.070175	0.433830
347.760175	0.436810
348.450176	0.436420
349.140176	0.432840
349.830176	0.426550
350.520177	0.418200
351.210177	0.408590
351.900177	0.398580
352.590178	0.389020
353.280178	0.380630
353.970178	0.374000
354.660179	0.369470
355.350179	0.367180
356.040179	0.367010
356.730180	0.368610
357.420180	0.371430
358.110180	0.374770
358.800181	0.377900
359.490181	0.380160
360.180181	0.381050
360.870182	0.380260
361.560182	0.377690
362.250183	0.373360
362.940183	0.367350
363.630183	0.359760
364.320184	0.350670
365.010184	0.340200
365.700184	0.328490
366.390185	0.315800
367.080185	0.302400
367.770185	0.288640
368.460186	0.274840
369.150186	0.261330
369.840186	0.248410
370.530187	0.236380
371.220187	0.225470
371.910187	0.215860
372.600188	0.207640
373.290188	0.200810
373.980188	0.195280
374.670189	0.190850
375.360189	0.187260
376.050189	0.184180
376.740190	0.181230
377.430190	0.178000
378.120191	0.174120
378.810191	0.169250
379.500191	0.163170
380.190192	0.155770
380.880192	0.147150
381.570192	0.137510
382.260193	0.127190
382.950193	0.116620
383.640193	0.106210
384.330194	0.096340
385.020194	0.087230
385.710194	0.079000
386.400195	0.071650
387.090195	0.065130
387.780195	0.059450
388.470196	0.054700
389.160196	0.051040
389.850196	0.048670
390.540197	0.047720
391.230197	0.048140
391.920197	0.049690
392.610198	0.051900
393.300198	0.054190
393.990199	0.056010
394.680199	0.056940
395.370199	0.056800
396.060200	0.055620
396.750200	0.053520
397.440200	0.050690
398.130201	0.047330
398.820201	0.043670
399.510201	0.039960
400.200202	0.036530
400.890202	0.033710
401.580202	0.031760
402.270203	0.030770
402.960203	0.030590
403.650203	0.030910
404.340204	0.031210
405.030204	0.030930
405.720204	0.029490
406.410205	0.026410
407.100205	0.021310
407.790205	0.013970
408.480206	0.004260
409.170206	-0.007840
409.860207	-0.022310
410.550207	-0.039090
411.240207	-0.058100
411.930208	-0.079260
412.620208	-0.102480
413.310208	-0.127680
414.000209	-0.154740
414.690209	-0.183410
415.380209	-0.213240
416.070210	-0.243520
416.760210	-0.273230
417.450210	-0.301170
418.140211	-0.326070
418.830211	-0.346780
419.520211	-0.362320
420.210212	-0.371980
420.900212	-0.375220
421.590212	-0.371650
422.280213	-0.361060
422.970213	-0.343410
423.660213	-0.318920
424.350214	-0.288120
425.040214	-0.251810
425.730215	-0.211060
426.420215	-0.167110
427.110215	-0.121330
427.800216	-0.075190
428.490216	-0.030260
429.180216	0.011880
429.870217	0.049730
430.560217	0.081990
431.250217	0.107780
431.940218	0.126720
432.630218	0.138990
433.320218	0.145220
434.010219	0.146320
434.700219	0.143370
435.390219	0.137470
436.080220	0.129660
436.770220	0.120850
437.460220	0.111840
438.150221	0.103300
438.840221	0.095840
439.530221	0.090010
440.220222	0.086330
440.910222	0.085250
441.600223	0.087060
442.290223	0.091850
442.980223	0.099580
443.670224	0.110070
444.360224	0.123100
445.050224	0.138320
445.740225	0.155230
446.430225	0.173080
447.120225	0.190840
447.810226	0.207340
448.500226	0.221410
449.190226	0.232040
449.880227	0.238610
450.570227	0.240860
451.260227	0.239000
451.950228	0.233550
452.640228	0.225330
453.330228	0.215260
454.020229	0.204270
454.710229	0.193150
455.400229	0.182540
456.090230	0.172890
456.780230	0.164530
457.470231	0.157720
458.160231	0.152700
458.850231	0.149590
459.540232	0.148320
460.230232	0.148540
460.920232	0.149650
461.610233	0.150930
462.300233	0.151680
462.990233	0.151390
463.680234	0.149740
464.370234	0.146640
465.060234	0.142080
465.750235	0.136120
466.440235	0.128830
467.130235	0.120370
467.820236	0.110960
468.510236	0.100980
469.200236	0.090920
469.890237	0.081410
470.580237	0.073180
471.270237	0.066970
471.960238	0.063430
472.650238	0.063090
473.340239	0.066230
474.030239	0.072860
474.720239	0.082780
475.410240	0.095560
476.100240	0.110660
476.790240	0.127360
477.480241	0.144860
478.170241	0.162240
478.860241	0.178530
479.550242	0.192810
480.240242	0.204350
480.930242	0.212670
481.620243	0.217640
482.310243	0.219460
483.000243	0.218590
483.690244	0.215620
484.380244	0.211120
485.070244	0.205550
485.760245	0.199220
486.450245	0.192300
487.140245	0.184790
487.830246	0.176600
488.520246	0.167530
489.210247	0.157360
489.900247	0.145910
490.590247	0.133140
491.280248	0.119110
491.970248	0.103970
492.660248	0.087840
493.350249	0.070790
494.040249	0.052840
494.730249	0.033980
495.420250	0.014300
496.110250	-0.006000
496.800250	-0.026690
497.490251	-0.047530
498.180251	-0.068340
498.870251	-0.089110
499.560252	-0.109860
500.250252	-0.130600
500.940252	-0.151270
501.630253	-0.171600
502.320253	-0.191270
503.010253	-0.209910
503.700254	-0.227270
504.390254	-0.243270
505.080255	-0.257980
505.770255	-0.271530
506.460255	-0.283990
507.150256	-0.295290
507.840256	-0.305180
508.530256	-0.313310
509.220257	-0.319380
509.910257	-0.323210
510.600257	-0.324750
511.290258	-0.324010
511.980258	-0.320970
512.670258	-0.315550
513.360259	-0.307610
514.050259	-0.297120
514.740259	-0.284250
515.430260	-0.269500
516.120260	-0.253640
516.810260	-0.237580
517.500261	-0.222210
518.190261	-0.208170
518.880261	-0.195820
519.570262	-0.185130
520.260262	-0.175800
520.950263	-0.167330
521.640263	-0.159120
522.330263	-0.150540
523.020264	-0.141030
523.710264	-0.130140
524.400264	-0.117580
525.090265	-0.103260
525.780265	-0.087260
526.470265	-0.069850
527.160266	-0.051480
527.850266	-0.032760
528.540266	-0.014490
529.230267	0.002320
529.920267	0.016610
530.610267	0.027240
531.300268	0.033170
531.990268	0.033600
532.680268	0.028000
533.370269	0.016280
534.060269	-0.001240
534.750269	-0.023860
535.440270	-0.050530
536.130270	-0.079980
536.820271	-0.110850
537.510271	-0.141830
538.200271	-0.171800
538.890272	-0.199850
539.580272	-0.225300
540.270272	-0.247690
540.960273	-0.266700
541.650273	-0.282170
542.340273	-0.294130
543.030274	-0.302820
543.720274	-0.308630
544.410274	-0.312000
545.100275	-0.313340
545.790275	-0.312920
546.480275	-0.310880
547.170276	-0.307220
547.860276	-0.301950
548.550276	-0.295100
549.240277	-0.286770
549.930277	-0.277130
550.620277	-0.266380
551.310278	-0.254740
552.000278	-0.242400
552.690279	-0.229580
553.380279	-0.216590
554.070279	-0.203810
554.760280	-0.191770
555.450280	-0.181030
556.140280	-0.172130
556.830281	-0.165490
557.520281	-0.161350
558.210281	-0.159710
558.900282	-0.160350
559.590282	-0.162850
560.280282	-0.166590
560.970283	-0.170900
561.660283	-0.175070
562.350283	-0.178510
563.040284	-0.180780
563.730284	-0.181690
564.420284	-0.181350
565.110285	-0.180100
565.800285	-0.178490
566.490285	-0.177060
567.180286	-0.176280
567.870286	-0.176420
568.560287	-0.177500
569.250287	-0.179410
569.940287	-0.181890
570.630288	-0.184730
571.320288	-0.187750
572.010288	-0.190830
572.700289	-0.193890
573.390289	-0.196850
574.080289	-0.199580
574.770290	-0.201900
575.460290	-0.203610
576.150290	-0.204530
576.840291	-0.204570
577.530291	-0.203830
578.220291	-0.202560
578.910292	-0.201190
579.600292	-0.200200
580.290292	-0.200020
580.980293	-0.200980
581.670293	-0.203250
582.360293	-0.206840
583.050294	-0.211630
583.740294	-0.217430
584.430295	-0.224000
585.120295	-0.231070
585.810295	-0.238380
586.500296	-0.245690
587.190296	-0.252760
587.880296	-0.259340
588.570297	-0.265170
589.260297	-0.269900
589.950297	-0.273170
590.640298	-0.274540
591.330298	-0.273550
592.020298	-0.269840
592.710299	-0.263130
593.400299	-0.253370
594.090299	-0.240640
594.780300	-0.225250
595.470300	-0.207560
596.160300	-0.187990
596.850301	-0.166940
597.540301	-0.144780
598.230301	-0.121850
598.920302	-0.098570
599.610302	-0.075500
600.300302	-0.053330
600.990303	-0.032840
601.680303	-0.014770
602.370304	0.000280
603.060304	0.011920
603.750304	0.019930
604.440305	0.024220
605.130305	0.024770
605.820305	0.021640
606.510306	0.014970
607.200306	0.005030
607.890306	-0.007810
608.580307	-0.023070
609.270307	-0.040130
609.960307	-0.058290
610.650308	-0.076820
611.340308	-0.095020
612.030308	-0.112300
612.720309	-0.128220
613.410309	-0.142520
614.100309	-0.155060
614.790310	-0.165830
615.480310	-0.174870
616.170310	-0.182240
616.860311	-0.188010
617.550311	-0.192220
618.240312	-0.194930
618.930312	-0.196170
619.620312	-0.196000
620.310313	-0.194450
621.000313	-0.191510
621.690313	-0.187160
622.380314	-0.181420
623.070314	-0.174320
623.760314	-0.165980
624.450315	-0.156600
625.140315	-0.146400
625.830315	-0.135690
626.520316	-0.124830
627.210316	-0.114260
627.900316	-0.104430
628.590317	-0.095770
629.280317	-0.088650
629.970317	-0.083410
630.660318	-0.080400
631.350318	-0.080000
632.040318	-0.082600
632.730319	-0.088480
633.420319	-0.097810
634.110320	-0.110480
634.800320	-0.126200
635.490320	-0.144470
636.180321	-0.164670
636.870321	-0.186180
637.560321	-0.208330
638.250322	-0.230560
638.940322	-0.252320
639.630322	-0.273170
640.320323	-0.292740
641.010323	-0.310850
641.700323	-0.327410
642.390324	-0.342510
643.080324	-0.356280
643.770324	-0.368860
644.460325	-0.380280
645.150325	-0.390440
645.840325	-0.399090
646.530326	-0.405860
647.220326	-0.410310
647.910326	-0.411930
648.600327	-0.410220
649.290327	-0.404710
649.980328	-0.395040
650.670328	-0.381060
651.360328	-0.362910
652.050329	-0.341040
652.740329	-0.316270
653.430329	-0.289670
654.120330	-0.262540
654.810330	-0.236210
655.500330	-0.211940
656.190331	-0.190720
656.880331	-0.173230
657.570331	-0.159670
658.260332	-0.149840
658.950332	-0.143150
659.640332	-0.138700
660.330333	-0.135490
661.020333	-0.132460
661.710333	-0.128660
662.400334	-0.123300
663.090334	-0.115760
663.780334	-0.105710
664.470335	-0.093100
665.160335	-0.078210
665.850336	-0.061610
666.540336	-0.044060
667.230336	-0.026380
667.920337	-0.009350
668.610337	0.006410
669.300337	0.020460
669.990338	0.032470
670.680338	0.042230
671.370338	0.049580
672.060339	0.054430
672.750339	0.056760
673.440339	0.056660
674.130340	0.054340
674.820340	0.050170
675.510340	0.044630
676.200341	0.038260
676.890341	0.031490
677.580341	0.024550
678.270342	0.017420
678.960342	0.009860
679.650342	0.001590
680.340343	-0.007590
681.030343	-0.017730
681.720344	-0.028550
682.410344	-0.039640
683.100344	-0.050420
683.790345	-0.060320
684.480345	-0.068900
685.170345	-0.075900
685.860346	-0.081380
686.550346	-0.085580
687.240346	-0.088880
687.930347	-0.091580
688.620347	-0.093820
689.310347	-0.095480
690.000348	-0.096300
690.690348	-0.096050
691.380348	-0.094610
692.070349	-0.092060
692.760349	-0.088690
693.450349	-0.084890
694.140350	-0.081030
694.830350	-0.077470
695.520350	-0.074500
696.210351	-0.072340
696.900351	-0.071200
697.590352	-0.071260
698.280352	-0.072640
698.970352	-0.075460
699.660353	-0.079790
700.350353	-0.085650
701.040353	-0.093000
701.730354	-0.101730
702.420354	-0.111590
703.110354	-0.122230
703.800355	-0.133220
704.490355	-0.144040
705.180355	-0.154150
705.870356	-0.163000
706.560356	-0.170050
707.250356	-0.174810
707.940357	-0.176830
708.630357	-0.175740
709.320357	-0.171340
710.010358	-0.163560
710.700358	-0.152560
711.390358	-0.138670
712.080359	-0.122380
712.770359	-0.104330
713.460360	-0.085290
714.150360	-0.066120
714.840360	-0.047680
715.530361	-0.030840
716.220361	-0.016380
716.910361	-0.004930
717.600362	0.003020
718.290362	0.007210
718.980362	0.007550
719.670363	0.004160
720.360363	-0.002710
721.050363	-0.012680
721.740364	-0.025260
722.430364	-0.039820
723.120364	-0.055560
723.810365	-0.071520
724.500365	-0.086650
725.190365	-0.100000
725.880366	-0.110950
726.570366	-0.119410
727.260366	-0.125920
727.950367	-0.131520
728.640367	-0.137480
729.330368	-0.144890
730.020368	-0.154380
730.710368	-0.166010
731.400369	-0.179350
732.090369	-0.193680
732.780369	-0.208250
733.470370	-0.222430
734.160370	-0.235800
734.850370	-0.248190
735.540371	-0.259610
736.230371	-0.270210
736.920371	-0.280110
737.610372	-0.289310
738.300372	-0.297590
738.990372	-0.304560
739.680373	-0.309690
740.370373	-0.312530
741.060373	-0.312750
741.750374	-0.310200
742.440374	-0.304860
743.130374	-0.296850
743.820375	-0.286400
744.510375	-0.273950
745.200376	-0.260180
745.890376	-0.245980
746.580376	-0.232370
747.270377	-0.220260
747.960377	-0.210260
748.650377	-0.202650
749.340378	-0.197300
750.030378	-0.193840
750.720378	-0.191680
751.410379	-0.190140
752.100379	-0.188450
752.790379	-0.185840
753.480380	-0.181650
754.170380	-0.175370
754.860380	-0.166730
755.550381	-0.155750
756.240381	-0.142620
756.930381	-0.127660
757.620382	-0.111230
758.310382	-0.093610
759.000382	-0.074990
759.690383	-0.055510
760.380383	-0.035360
761.070384	-0.014860
761.760384	0.005490
762.450384	0.025040
763.140385	0.043040
763.830385	0.058750
764.520385	0.071550
765.210386	0.080970
765.900386	0.086690
766.590386	0.088510
767.280387	0.086380
767.970387	0.080360
768.660387	0.070680
769.350388	0.057740
770.040388	0.042050
770.730388	0.024200
771.420389	0.004750
772.110389	-0.015750
772.800389	-0.036830
773.490390	-0.057970
774.180390	-0.078680
774.870390	-0.098490
775.560391	-0.117090
776.250391	-0.134400
776.940392	-0.150540
777.630392	-0.165820
778.320392	-0.180620
779.010393	-0.195270
779.700393	-0.209940
780.390393	-0.224610
781.080394	-0.239100
781.770394	-0.253130
782.460394	-0.266420
783.150395	-0.278790
783.840395	-0.290170
784.530395	-0.300630
785.220396	-0.310340
785.910396	-0.319560
786.600396	-0.328590
787.290397	-0.337760
787.980397	-0.347330
788.670397	-0.357460
789.360398	-0.368090
790.050398	-0.378990
790.740398	-0.389770
791.430399	-0.400030
792.120399	-0.409390
792.810400	-0.417620
