0.000000	-0.080390
0.690002	-0.095280
1.380004	-0.107880
2.070006	-0.117860
2.760008	-0.124850
3.450010	-0.128550
4.140012	-0.128760
4.830014	-0.125330
5.520016	-0.118140
6.210018	-0.107030
6.900020	-0.091820
7.590022	-0.072420
8.280024	-0.048980
8.970026	-0.021920
9.660028	0.008020
10.350030	0.040010
11.040032	0.073180
11.730034	0.106710
12.420036	0.139860
13.110038	0.171890
13.800040	0.202030
14.490042	0.229510
15.180044	0.253670
15.870046	0.274060
16.560048	0.290520
17.250050	0.303200
17.940052	0.312480
18.630054	0.318870
19.320056	0.322890
20.010058	0.325010
20.700060	0.325530
21.390062	0.324650
22.080064	0.322470
22.770066	0.319050
23.460068	0.314500
24.150070	0.308940
24.840072	0.302540
25.530074	0.295400
26.220076	0.287620
26.910078	0.279270
27.600080	0.270480
28.290082	0.261500
28.980084	0.252680
29.670086	0.244430
30.360088	0.237070
31.050090	0.230710
31.740092	0.225160
32.430094	0.220030
33.120096	0.214840
33.810098	0.209160
34.500100	0.202800
35.190102	0.195770
35.880104	0.188330
36.570106	0.180840
37.260108	0.173720
37.950110	0.167390
38.640112	0.162150
39.330114	0.158230
40.020116	0.155670
40.710118	0.154320
41.400120	0.153910
42.090122	0.154040
42.780124	0.154260
43.470126	0.154190
44.160128	0.153490
44.850130	0.151930
45.540132	0.149390
46.230134	0.145800
46.920136	0.141200
47.610138	0.135680
48.300140	0.129400
48.990142	0.122560
49.680144	0.115460
50.370146	0.108460
51.060148	0.102010
51.750150	0.096530
52.440152	0.092380
53.130154	0.089650
53.820156	0.088210
54.510158	0.087670
55.200160	0.087510
55.890162	0.087240
56.580164	0.086460
57.270166	0.084930
57.960168	0.082490
58.650170	0.079140
59.340172	0.074920
60.030174	0.070050
60.720176	0.064880
61.410178	0.059930
62.100180	0.055780
62.790182	0.052950
63.480184	0.051810
64.170186	0.052550
64.860188	0.055190
65.550190	0.059670
66.240192	0.065860
66.930194	0.073700
67.620196	0.083170
68.310198	0.094310
69.000200	0.107230
69.690202	0.122020
70.380204	0.138680
71.070206	0.157090
71.760208	0.176880
72.450210	0.197510
73.140212	0.218300
73.830214	0.238540
74.520216	0.257570
75.210218	0.274910
75.900220	0.290290
76.590222	0.303660
77.280224	0.315110
77.970226	0.324850
78.660228	0.333050
79.350230	0.339900
80.040232	0.345500
80.730234	0.349970
81.420236	0.353430
82.110238	0.355980
82.800240	0.357680
83.490242	0.358500
84.180244	0.358370
84.870246	0.357160
85.560248	0.354770
86.250250	0.351160
86.940252	0.346340
87.630254	0.340370
88.320256	0.333320
89.010258	0.325250
89.700260	0.316250
90.390262	0.306480
91.080264	0.296130
91.770266	0.285440
92.460268	0.274640
93.150270	0.263880
93.840272	0.253240
94.530274	0.242730
95.220276	0.232300
95.910278	0.221900
96.600280	0.211480
97.290282	0.201040
97.980284	0.190660
98.670286	0.180560
99.360288	0.171110
100.050290	0.162760
100.740292	0.155970
101.430294	0.151060
102.120296	0.148110
102.810298	0.146970
103.500300	0.147330
104.190302	0.148790
104.880304	0.151020
105.570306	0.153750
106.260308	0.156770
106.950310	0.159920
107.640312	0.163020
108.330314	0.165890
109.020316	0.168280
109.710318	0.169900
110.400320	0.170400
111.090322	0.169500
111.780324	0.167020
112.470326	0.162950
113.160328	0.157470
113.850330	0.150940
114.540332	0.143710
115.230334	0.136110
115.920336	0.128370
116.610338	0.120660
117.300340	0.113160
117.990342	0.106130
118.680344	0.099950
119.370346	0.095040
120.060348	0.091850
120.750350	0.090680
121.440352	0.091680
122.130354	0.094750
122.820356	0.099630
123.510358	0.105910
124.200360	0.113160
124.890362	0.120930
125.580364	0.128830
126.270366	0.136560
126.960368	0.143900
127.650370	0.150710
128.340372	0.156880
129.030374	0.162370
129.720376	0.167120
130.410378	0.171160
131.100380	0.174560
131.790382	0.177490
132.480384	0.180180
133.170386	0.182910
133.860388	0.185960
134.550390	0.189580
135.240392	0.193980
135.930394	0.199220
136.620396	0.205220
137.310398	0.211660
138.000400	0.218030
138.690402	0.223720
139.380404	0.228170
140.070406	0.231000
140.760408	0.232050
141.450410	0.231310
142.140412	0.228860
142.830414	0.224680
143.520416	0.218710
144.210418	0.210790
144.900420	0.200830
145.590422	0.188880
146.280424	0.175210
146.970426	0.160350
147.660428	0.144950
148.350430	0.129760
149.040432	0.115370
149.730434	0.102170
150.420436	0.090260
151.110438	0.079560
151.800440	0.069840
152.490442	0.060880
153.180444	0.052460
153.870446	0.044430
154.560448	0.036710
155.250450	0.029290
155.940452	0.022290
156.630454	0.015840
157.320456	0.010090
158.010458	0.005120
158.700460	0.000930
159.390462	-0.002580
160.080464	-0.005500
160.770466	-0.007940
161.460468	-0.009940
162.150470	-0.011450
162.840472	-0.012270
163.530474	-0.011990
164.220476	-0.010030
164.910478	-0.005690
165.600480	0.001640
166.290482	0.012380
166.980484	0.026570
167.670486	0.043900
168.360488	0.063750
169.050490	0.085310
169.740492	0.107700
170.430494	0.129970
171.120496	0.151190
171.810498	0.170490
172.500500	0.187140
173.190502	0.200610
173.880504	0.210640
174.570506	0.217210
175.260508	0.220540
175.950510	0.221030
176.640512	0.219290
177.330514	0.216030
178.020516	0.212030
178.710518	0.208000
179.400520	0.204390
180.090522	0.201310
180.780524	0.198430
181.470526	0.195100
182.160528	0.190570
182.850530	0.184180
183.540532	0.175620
184.230534	0.164950
184.920536	0.152530
185.610538	0.138910
186.300540	0.124700
186.990542	0.110460
187.680544	0.096670
188.370546	0.083690
189.060548	0.071740
189.750550	0.060880
190.440552	0.051080
191.130554	0.042220
191.820556	0.034210
192.510558	0.027060
193.200560	0.020920
193.890562	0.016110
194.580564	0.012970
195.270566	0.011820
195.960568	0.012920
196.650570	0.016390
197.340572	0.022240
198.030574	0.030380
198.720576	0.040620
199.410578	0.052690
200.100580	0.066250
200.790582	0.080890
201.480584	0.096170
202.170586	0.111600
202.860588	0.126580
203.550590	0.140520
204.240592	0.152820
204.930594	0.163070
205.620596	0.171110
206.310598	0.177060
207.000600	0.181380
207.690602	0.184750
208.380604	0.188020
209.070606	0.192090
209.760608	0.197740
210.450610	0.205490
211.140612	0.215430
211.830614	0.227100
212.520616	0.239580
213.210618	0.251600
213.900620	0.261900
214.590622	0.269420
215.280624	0.273520
215.970626	0.273970
216.660628	0.270950
217.350630	0.264900
218.040632	0.256440
218.730634	0.246280
219.420636	0.235090
220.110638	0.223450
220.800640	0.211800
221.490642	0.200470
222.180644	0.189700
222.870646	0.179740
223.560648	0.170770
224.250650	0.162970
224.940652	0.156460
225.630654	0.151240
226.320656	0.147310
227.010658	0.144540
227.700660	0.142770
228.390662	0.141750
229.080664	0.141140
229.770666	0.140580
230.460668	0.139690
231.150670	0.138100
231.840672	0.135470
232.530674	0.131490
233.220676	0.125930
233.910678	0.118700
234.600680	0.109870
235.290682	0.099730
235.980684	0.088720
236.670686	0.077410
237.360688	0.066420
238.050690	0.056370
238.740692	0.047880
239.430694	0.041490
240.120697	0.037650
240.810699	0.036650
241.500701	0.038550
242.190703	0.043150
242.880705	0.049980
243.570707	0.058360
244.260709	0.067520
244.950711	0.076650
245.640713	0.085050
246.330715	0.092150
247.020717	0.097600
247.710719	0.101280
248.400721	0.103370
249.090723	0.104330
249.780725	0.104790
250.470727	0.105420
251.160729	0.106820
251.850731	0.109400
252.540733	0.113400
253.230735	0.118890
253.920737	0.125830
254.610739	0.134030
255.300741	0.143220
255.990743	0.153020
256.680745	0.162980
257.370747	0.172620
258.060749	0.181510
258.750751	0.189320
259.440753	0.195850
260.130755	0.201020
260.820757	0.204850
261.510759	0.207470
262.200761	0.209010
262.890763	0.209660
263.580765	0.209610
264.270767	0.209060
264.960769	0.208240
265.650771	0.207330
266.340773	0.206470
267.030775	0.205700
267.720777	0.205020
268.410779	0.204350
269.100781	0.203560
269.790783	0.202540
270.480785	0.201170
271.170787	0.199290
271.860789	0.196720
272.550791	0.193310
273.240793	0.188930
273.930795	0.183630
274.620797	0.177580
275.310799	0.171120
276.000801	0.164670
276.690803	0.158670
277.380805	0.153510
278.070807	0.149520
278.760809	0.146860
279.450811	0.145620
280.140813	0.145670
280.830815	0.146810
281.520817	0.148700
282.210819	0.150970
282.900821	0.153260
283.590823	0.155220
284.280825	0.156500
284.970827	0.156790
285.660829	0.155820
286.350831	0.153370
287.040833	0.149310
287.730835	0.143650
288.420837	0.136550
289.110839	0.128260
289.800841	0.119090
290.490843	0.109380
291.180845	0.099390
291.870847	0.089270
292.560849	0.079020
293.250851	0.068500
293.940853	0.057500
294.630855	0.045760
295.320857	0.033100
296.010859	0.019390
296.700861	0.004660
297.390863	-0.010950
298.080865	-0.027170
298.770867	-0.043590
299.460869	-0.059680
300.150871	-0.074850
300.840873	-0.088510
301.530875	-0.100230
302.220877	-0.109930
302.910879	-0.118010
303.600881	-0.125330
304.290883	-0.133020
304.980885	-0.142240
305.670887	-0.153900
306.360889	-0.168530
307.050891	-0.186290
307.740893	-0.206970
308.430895	-0.230040
309.120897	-0.254700
309.810899	-0.279950
310.500901	-0.304680
311.190903	-0.327860
311.880905	-0.348570
312.570907	-0.366080
313.260909	-0.379810
313.950911	-0.389380
314.640913	-0.394660
315.330915	-0.395910
316.020917	-0.393820
316.710919	-0.389500
317.400921	-0.384300
318.090923	-0.379660
318.780925	-0.376860
319.470927	-0.376840
320.160929	-0.380140
320.850931	-0.386960
321.540933	-0.397240
322.230935	-0.410860
322.920937	-0.427710
323.610939	-0.447750
324.300941	-0.470980
324.990943	-0.497350
325.680945	-0.526650
326.370947	-0.558510
327.060949	-0.592340
327.750951	-0.627380
328.440953	-0.662720
329.130955	-0.697340
329.820957	-0.730200
330.510959	-0.760260
331.200961	-0.786660
331.890963	-0.808720
332.580965	-0.826120
333.270967	-0.838900
333.960969	-0.847460
334.650971	-0.852470
335.340973	-0.854790
336.030975	-0.855350
336.720977	-0.855110
337.410979	-0.855100
338.100981	-0.856400
338.790983	-0.860080
339.480985	-0.867100
340.170987	-0.878170
340.860989	-0.893570
341.550991	-0.913130
342.240993	-0.936160
342.930995	-0.961570
343.620997	-0.987830
344.310999	-1.013170
345.001001	-1.035690
345.691003	-1.053530
346.381005	-1.065020
347.071007	-1.068830
347.761009	-1.064010
348.451011	-1.050140
349.141013	-1.027350
349.831015	-0.996390
350.521017	-0.958480
351.211019	-0.915130
351.901021	-0.868000
352.591023	-0.818610
353.281025	-0.768360
353.971027	-0.718430
354.661029	-0.669880
355.351031	-0.623700
356.041033	-0.580760
356.731035	-0.541840
357.421037	-0.507560
358.111039	-0.478360
358.801041	-0.454480
359.491043	-0.435900
360.181045	-0.422330
360.871047	-0.413130
361.561049	-0.407350
362.251051	-0.403860
362.941053	-0.401520
363.631055	-0.399400
364.321057	-0.396900
365.011059	-0.393750
365.701061	-0.389990
366.391063	-0.385820
367.081065	-0.381510
367.771067	-0.377320
368.461069	-0.373390
369.151071	-0.369780
369.841073	-0.366440
370.531075	-0.363200
371.221077	-0.359860
371.911079	-0.356170
372.601081	-0.351910
373.291083	-0.346960
373.981085	-0.341290
374.671087	-0.335000
375.361089	-0.328330
376.051091	-0.321630
376.741093	-0.315300
377.431095	-0.309740
378.121097	-0.305240
378.811099	-0.301990
379.501101	-0.300040
380.191103	-0.299320
380.881105	-0.299760
381.571107	-0.301280
382.261109	-0.303820
382.951111	-0.307330
383.641113	-0.311690
384.331115	-0.316750
385.021117	-0.322290
385.711119	-0.328010
386.401121	-0.333560
387.091123	-0.338510
387.781125	-0.342430
388.471127	-0.344840
389.161129	-0.345390
389.851131	-0.343850
390.541133	-0.340170
391.231135	-0.334520
391.921137	-0.327220
392.611139	-0.318690
393.301141	-0.309430
393.991143	-0.300080
394.681145	-0.291400
395.371147	-0.284210
396.061149	-0.279340
396.751151	-0.277430
397.441153	-0.278750
398.131155	-0.283180
398.821157	-0.290180
399.511159	-0.298900
400.201161	-0.308300
400.891163	-0.317360
401.581165	-0.325160
402.271167	-0.331030
402.961169	-0.334500
403.651171	-0.335370
404.341173	-0.333600
405.031175	-0.329330
405.721177	-0.322830
406.411179	-0.314550
407.101181	-0.305000
407.791183	-0.294780
408.481185	-0.284440
409.171187	-0.274480
409.861189	-0.265170
410.551191	-0.256620
411.241193	-0.248690
411.931195	-0.241090
412.621197	-0.233510
413.311199	-0.225740
414.001201	-0.217660
414.691203	-0.209290
415.381205	-0.200610
416.071207	-0.191550
416.761209	-0.182040
417.451211	-0.172140
418.141213	-0.162150
418.831215	-0.152670
419.521217	-0.144420
420.211219	-0.138040
420.901221	-0.133950
421.591223	-0.132190
422.281225	-0.132490
422.971227	-0.134350
423.661229	-0.137200
424.351231	-0.140520
425.041233	-0.143870
425.731235	-0.146960
426.421237	-0.149640
427.111239	-0.151870
427.801241	-0.153610
428.491243	-0.154800
429.181245	-0.155370
429.871247	-0.155170
430.561249	-0.154110
431.251251	-0.152090
431.941253	-0.149120
432.631255	-0.145260
433.321257	-0.140610
434.011259	-0.135320
434.701261	-0.129570
435.391263	-0.123560
436.081265	-0.117470
436.771267	-0.111440
437.461269	-0.105530
438.151271	-0.099710
438.841273	-0.093910
439.531275	-0.088000
440.221277	-0.081910
440.911279	-0.075650
441.601281	-0.069370
442.291283	-0.063340
442.981285	-0.057950
443.671287	-0.053570
444.361289	-0.050440
445.051291	-0.048590
445.741293	-0.047830
446.431295	-0.047800
447.121297	-0.048100
447.811299	-0.048390
448.501301	-0.048400
449.191303	-0.048020
449.881305	-0.047160
450.571307	-0.045800
451.261309	-0.043950
451.951311	-0.041710
452.641313	-0.039270
453.331315	-0.036930
454.021317	-0.035080
454.711319	-0.034140
455.401321	-0.034460
456.091323	-0.036250
456.781325	-0.039530
457.471327	-0.044100
458.161329	-0.049580
458.851331	-0.055480
459.541333	-0.061240
460.231335	-0.066300
460.921337	-0.070030
461.611339	-0.071700
462.301341	-0.070510
462.991343	-0.065670
463.681345	-0.056510
464.371347	-0.042690
465.061349	-0.024320
465.751351	-0.002020
466.441353	0.023150
467.131355	0.049810
467.821357	0.076400
468.511359	0.101430
469.201361	0.123560
469.891363	0.141740
470.581365	0.155310
471.271367	0.163980
471.961369	0.167890
472.651371	0.167550
473.341373	0.163800
474.031375	0.157650
474.721377	0.150230
475.411379	0.142600
476.101381	0.135660
476.791383	0.130090
477.481385	0.126320
478.171387	0.124510
478.861389	0.124580
479.551391	0.126260
480.241393	0.129220
480.931395	0.133120
481.621397	0.137740
482.311399	0.143000
483.001401	0.148940
483.691403	0.155560
484.381405	0.162750
485.071407	0.170190
485.761409	0.177380
486.451411	0.183720
487.141413	0.188680
487.831415	0.191820
488.521417	0.192900
489.211419	0.191810
489.901421	0.188560
490.591423	0.183270
491.281425	0.176140
491.971427	0.167410
492.661429	0.157420
493.351431	0.146500
494.041433	0.135020
494.731435	0.123360
495.421437	0.111880
496.111439	0.100960
496.801441	0.090990
497.491443	0.082310
498.181445	0.075220
498.871447	0.069960
499.561449	0.066690
500.251451	0.065540
500.941453	0.066640
501.631455	0.070120
502.321457	0.076090
503.011459	0.084620
503.701461	0.095710
504.391463	0.109240
505.081465	0.125000
505.771467	0.142610
506.461469	0.161580
507.151471	0.181300
507.841473	0.201080
508.531475	0.220200
509.221477	0.237920
509.911479	0.253590
510.601481	0.266620
511.291483	0.276480
511.981485	0.282740
512.671487	0.285030
513.361489	0.283110
514.051491	0.276850
514.741493	0.266320
515.431495	0.251740
516.121497	0.233530
516.811499	0.212300
517.501501	0.188740
518.191503	0.163630
518.881505	0.137770
519.571507	0.111930
520.261509	0.086860
520.951511	0.063240
521.641513	0.041710
522.331515	0.022810
523.021517	0.006990
523.711519	-0.005390
524.401521	-0.014220
525.091523	-0.019520
525.781525	-0.021600
526.471527	-0.020940
527.161529	-0.018190
527.851531	-0.014070
528.541533	-0.009280
529.231535	-0.004460
529.921537	-0.000150
530.611539	0.003230
531.301541	0.005370
531.991543	0.006020
532.681545	0.004980
533.371547	0.002160
534.061549	-0.002450
534.751551	-0.008780
535.441553	-0.016640
536.131555	-0.025740
536.821557	-0.035730
537.511559	-0.046190
538.201561	-0.056660
538.891563	-0.066690
539.581565	-0.075790
540.271567	-0.083550
540.961569	-0.089640
541.651571	-0.093830
542.341573	-0.096050
543.031575	-0.096350
543.721577	-0.094930
544.411579	-0.092110
545.101581	-0.088320
545.791583	-0.084100
546.481585	-0.079990
547.171587	-0.076550
547.861589	-0.074240
548.551591	-0.073400
549.241593	-0.074190
549.931595	-0.076610
550.621597	-0.080450
551.311599	-0.085360
552.001601	-0.090900
552.691603	-0.096550
553.381605	-0.101800
554.071607	-0.106240
554.761609	-0.109550
555.451611	-0.111590
556.141613	-0.112340
556.831615	-0.111900
557.521617	-0.110440
558.211619	-0.108180
558.901621	-0.105330
559.591623	-0.102160
560.281625	-0.098900
560.971627	-0.095780
561.661629	-0.093020
562.351631	-0.090790
563.041633	-0.089220
563.731635	-0.088400
564.421637	-0.088340
565.111639	-0.088970
565.801641	-0.090160
566.491643	-0.091700
567.181645	-0.093350
567.871647	-0.094830
568.561649	-0.095840
569.251651	-0.096130
569.941653	-0.095460
570.631655	-0.093640
571.321657	-0.090580
572.011659	-0.086210
572.701661	-0.080540
573.391663	-0.073600
574.081665	-0.065450
574.771667	-0.056160
575.461669	-0.045840
576.151671	-0.034590
576.841673	-0.022530
577.531675	-0.009860
578.221677	0.003130
578.911679	0.016110
579.601681	0.028640
580.291683	0.040260
580.981685	0.050560
581.671687	0.059190
582.361689	0.065980
583.051691	0.070950
583.741693	0.074320
584.431695	0.076460
585.121697	0.077900
585.811699	0.079160
586.501701	0.080750
587.191703	0.083110
587.881705	0.086550
588.571707	0.091200
589.261709	0.097030
589.951711	0.103820
590.641713	0.111210
591.331715	0.118760
592.021717	0.126010
592.711719	0.132540
593.401721	0.138070
594.091723	0.142440
594.781725	0.145650
595.471727	0.147870
596.161729	0.149340
596.851731	0.150390
597.541733	0.151360
598.231735	0.152570
598.921737	0.154290
599.611739	0.156740
600.301741	0.160060
600.991743	0.164320
601.681745	0.169450
602.371747	0.175270
603.061749	0.181520
603.751751	0.187830
604.441753	0.193830
605.131755	0.199240
605.821757	0.203860
606.511759	0.207690
607.201761	0.210820
607.891763	0.213460
608.581765	0.215830
609.271767	0.218070
609.961769	0.220220
610.651771	0.222190
611.341773	0.223850
612.031775	0.225060
612.721777	0.225750
613.411779	0.225900
614.101781	0.225510
614.791783	0.224530
615.481785	0.222790
616.171787	0.220070
616.861789	0.216050
617.551791	0.210470
618.241793	0.203160
618.931795	0.194090
619.621797	0.183420
620.311799	0.171510
621.001801	0.158900
621.691803	0.146240
622.381805	0.134200
623.071807	0.123330
623.761809	0.114030
624.451811	0.106490
625.141813	0.100730
625.831815	0.096670
626.521817	0.094230
627.211819	0.093310
627.901821	0.093780
628.591823	0.095460
629.281825	0.098090
629.971827	0.101400
630.661829	0.105080
631.351831	0.108940
632.041833	0.112840
632.731835	0.116740
633.421837	0.120690
634.111839	0.124810
634.801841	0.129220
635.491843	0.134090
636.181845	0.139590
636.871847	0.145900
637.561849	0.153150
638.251851	0.161460
638.941853	0.170850
639.631855	0.181200
640.321857	0.192240
641.011859	0.203530
641.701861	0.214490
642.391863	0.224440
643.081865	0.232730
643.771867	0.238790
644.461869	0.242200
645.151871	0.242810
645.841873	0.240690
646.531875	0.236160
647.221877	0.229690
647.911879	0.221770
648.601881	0.212890
649.291883	0.203480
649.981885	0.193930
650.671887	0.184640
651.361889	0.176010
652.051891	0.168400
652.741893	0.162080
653.431895	0.157180
654.121897	0.153700
654.811899	0.151490
655.501901	0.150360
656.191903	0.150120
656.881905	0.150640
657.571907	0.151860
658.261909	0.153770
658.951911	0.156420
659.641913	0.159880
660.331915	0.164220
661.021917	0.169500
661.711919	0.175760
662.401921	0.183030
663.091923	0.191320
663.781925	0.200600
664.471927	0.210800
665.161929	0.221850
665.851931	0.233710
666.541933	0.246370
667.231935	0.259860
667.921937	0.274150
668.611939	0.289160
669.301941	0.304640
669.991943	0.320210
670.681945	0.335410
671.371947	0.349720
672.061949	0.362630
672.751951	0.373690
673.441953	0.382560
674.131955	0.389050
674.821957	0.393170
675.511959	0.395070
676.201961	0.395000
676.891963	0.393190
677.581965	0.389850
678.271967	0.385120
678.961969	0.379050
679.651971	0.371720
680.341973	0.363150
681.031975	0.353380
681.721977	0.342440
682.411979	0.330430
683.101981	0.317560
683.791983	0.304180
684.481985	0.290780
685.171987	0.277930
685.861989	0.266180
686.551991	0.255880
687.241993	0.247160
687.931995	0.239880
688.621997	0.233750
689.311999	0.228420
690.002001	0.223680
690.692003	0.219510
691.382005	0.216070
692.072007	0.213650
692.762009	0.212520
693.452011	0.212850
694.142013	0.214650
694.832015	0.217740
695.522017	0.221870
696.212019	0.226750
696.902021	0.232120
697.592023	0.237820
698.282025	0.243740
698.972027	0.249780
699.662029	0.255850
700.352031	0.261730
701.042033	0.267140
701.732035	0.271730
702.422037	0.275170
703.112039	0.277180
703.802041	0.277600
704.492043	0.276390
705.182045	0.273710
705.872047	0.269830
706.562049	0.265100
707.252051	0.259820
707.942053	0.254160
708.632055	0.248150
709.322057	0.241680
710.012059	0.234690
710.702061	0.227200
711.392063	0.219340
712.082065	0.211320
712.772067	0.203300
713.462069	0.195320
714.152071	0.187300
714.842073	0.179120
715.532075	0.170710
716.222077	0.162160
716.912079	0.153710
717.602081	0.145770
718.292083	0.138780
718.982085	0.133150
719.672088	0.129160
720.362090	0.126970
721.052092	0.126590
721.742094	0.127890
722.432096	0.130610
723.122098	0.134470
723.812100	0.139160
724.502102	0.144480
725.192104	0.150280
725.882106	0.156470
726.572108	0.162920
727.262110	0.169440
727.952112	0.175760
728.642114	0.181610
729.332116	0.186790
730.022118	0.191240
730.712120	0.194960
731.402122	0.198090
732.092124	0.200740
732.782126	0.203030
733.472128	0.205030
734.162130	0.206760
734.852132	0.208190
735.542134	0.209280
736.232136	0.210000
736.922138	0.210300
737.612140	0.210070
738.302142	0.209150
738.992144	0.207340
739.682146	0.204440
740.372148	0.200310
741.062150	0.194910
741.752152	0.188320
742.442154	0.180720
743.132156	0.172360
743.822158	0.163540
744.512160	0.154530
745.202162	0.145570
745.892164	0.136850
746.582166	0.128460
747.272168	0.120440
747.962170	0.112870
748.652172	0.105820
749.342174	0.099470
750.032176	0.094010
750.722178	0.089640
751.412180	0.086580
752.102182	0.085000
752.792184	0.084990
753.482186	0.086540
754.172188	0.089470
754.862190	0.093520
755.552192	0.098330
756.242194	0.103470
756.932196	0.108520
757.622198	0.113080
758.312200	0.116770
759.002202	0.119280
759.692204	0.120370
760.382206	0.119890
761.072208	0.117790
761.762210	0.114140
762.452212	0.109180
763.142214	0.103290
763.832216	0.097010
764.522218	0.090940
765.212220	0.085700
765.902222	0.081830
766.592224	0.079830
767.282226	0.080080
767.972228	0.082820
768.662230	0.088110
769.352232	0.095770
770.042234	0.105370
770.732236	0.116290
771.422238	0.127830
772.112240	0.139270
772.802242	0.149980
773.492244	0.159430
774.182246	0.167190
774.872248	0.172950
775.562250	0.176440
776.252252	0.177520
776.942254	0.176110
777.632256	0.172220
778.322258	0.165950
779.012260	0.157400
779.702262	0.146690
780.392264	0.133900
781.082266	0.119140
781.772268	0.102600
782.462270	0.084660
783.152272	0.065920
783.842274	0.047120
784.532276	0.029120
785.222278	0.012740
785.912280	-0.001280
786.602282	-0.012380
787.292284	-0.020130
787.982286	-0.024280
788.672288	-0.024820
789.362290	-0.021960
790.052292	-0.016110
790.742294	-0.007850
791.432296	0.002150
792.122298	0.013290
792.812300	0.025000
793.502302	0.036890
794.192304	0.048720
794.882306	0.060340
795.572308	0.071600
796.262310	0.082240
796.952312	0.091900
797.642314	0.100090
798.332316	0.106300
799.022318	0.110100
799.712320	0.111200
800.402322	0.109500
801.092324	0.105050
801.782326	0.098020
802.472328	0.088690
803.162330	0.077340
803.852332	0.064290
804.542334	0.049840
805.232336	0.034310
805.922338	0.018100
806.612340	0.001680
807.302342	-0.014400
807.992344	-0.029650
808.682346	-0.043600
809.372348	-0.055910
810.062350	-0.066280
810.752352	-0.074550
811.442354	-0.080610
812.132356	-0.084570
812.822358	-0.086700
813.512360	-0.087460
814.202362	-0.087420
814.892364	-0.087130
815.582366	-0.087070
816.272368	-0.087620
816.962370	-0.089030
817.652372	-0.091430
818.342374	-0.094830
819.032376	-0.099180
819.722378	-0.104300
820.412380	-0.109990
821.102382	-0.115920
821.792384	-0.121720
822.482386	-0.126990
823.172388	-0.131280
823.862390	-0.134190
824.552392	-0.135410
825.242394	-0.134780
825.932396	-0.132270
826.622398	-0.128040
827.312400	-0.122400
828.002402	-0.115770
828.692404	-0.108680
829.382406	-0.101640
830.072408	-0.095170
830.762410	-0.089670
831.452412	-0.085410
832.142414	-0.082510
832.832416	-0.080950
833.522418	-0.080540
834.212420	-0.080960
834.902422	-0.081750
835.592424	-0.082400
836.282426	-0.082430
836.972428	-0.081490
837.662430	-0.079290
838.352432	-0.075600
839.042434	-0.070210
839.732436	-0.062880
840.422438	-0.053450
841.112440	-0.041910
841.802442	-0.028530
842.492444	-0.013780
843.182446	0.001660
843.872448	0.017100
844.562450	0.031870
845.252452	0.045460
845.942454	0.057600
846.632456	0.068180
847.322458	0.077240
848.012460	0.084900
848.702462	0.091300
849.392464	0.096580
850.082466	0.100880
850.772468	0.104360
851.462470	0.107140
852.152472	0.109230
852.842474	0.110500
853.532476	0.110600
854.222478	0.109040
854.912480	0.105300
855.602482	0.098980
856.292484	0.089910
856.982486	0.078190
857.672488	0.064170
858.362490	0.048400
859.052492	0.031520
859.742494	0.014270
860.432496	-0.002560
861.122498	-0.018240
861.812500	-0.032070
862.502502	-0.043480
863.192504	-0.052100
863.882506	-0.057760
864.572508	-0.060470
865.262510	-0.060370
865.952512	-0.057670
866.642514	-0.052660
867.332516	-0.045680
868.022518	-0.037210
868.712520	-0.027870
869.402522	-0.018380
870.092524	-0.009510
870.782526	-0.001990
871.472528	0.003620
872.162530	0.006970
872.852532	0.007870
873.542534	0.006320
874.232536	0.002400
874.922538	-0.003680
875.612540	-0.011720
876.302542	-0.021390
876.992544	-0.032320
877.682546	-0.044080
878.372548	-0.056150
879.062550	-0.067970
879.752552	-0.078950
880.442554	-0.088540
881.132556	-0.096340
881.822558	-0.102090
882.512560	-0.105810
883.202562	-0.107680
883.892564	-0.108080
884.582566	-0.107520
885.272568	-0.106480
885.962570	-0.105440
886.652572	-0.104720
887.342574	-0.104470
888.032576	-0.104620
888.722578	-0.104970
889.412580	-0.105210
890.102582	-0.105020
890.792584	-0.104100
891.482586	-0.102240
892.172588	-0.099280
892.862590	-0.095110
893.552592	-0.089650
894.242594	-0.082850
894.932596	-0.074760
895.622598	-0.065490
896.312600	-0.055330
897.002602	-0.044720
897.692604	-0.034240
898.382606	-0.024560
899.072608	-0.016330
899.762610	-0.010110
900.452612	-0.006330
901.142614	-0.005240
901.832616	-0.006940
902.522618	-0.011390
903.212620	-0.018470
903.902622	-0.028010
904.592624	-0.039770
905.282626	-0.053470
905.972628	-0.068770
906.662630	-0.085180
907.352632	-0.102070
908.042634	-0.118690
908.732636	-0.134180
909.422638	-0.147760
910.112640	-0.158720
910.802642	-0.166580
911.492644	-0.171080
912.182646	-0.172220
912.872648	-0.170210
913.562650	-0.165460
914.252652	-0.158540
914.942654	-0.150070
915.632656	-0.140630
916.322658	-0.130710
917.012660	-0.120600
917.702662	-0.110420
918.392664	-0.100130
919.082666	-0.089590
919.772668	-0.078590
920.462670	-0.067020
921.152672	-0.054860
921.842674	-0.042360
922.532676	-0.029980
923.222678	-0.018350
923.912680	-0.008180
924.602682	-0.000110
925.292684	0.005350
925.982686	0.007900
926.672688	0.007410
927.362690	0.003990
928.052692	-0.002060
928.742694	-0.010230
929.432696	-0.019860
930.122698	-0.030200
930.812700	-0.040540
931.502702	-0.050350
932.192704	-0.059280
932.882706	-0.067220
933.572708	-0.074270
934.262710	-0.080600
934.952712	-0.086440
935.642714	-0.091970
936.332716	-0.097300
937.022718	-0.102470
937.712720	-0.107460
938.402722	-0.112190
939.092724	-0.116600
939.782726	-0.120620
940.472728	-0.124200
941.162730	-0.127380
941.852732	-0.130220
942.542734	-0.132800
943.232736	-0.135170
943.922738	-0.137330
944.612740	-0.139200
945.302742	-0.140660
945.992744	-0.141600
946.682746	-0.141930
947.372748	-0.141590
948.062750	-0.140550
948.752752	-0.138760
949.442754	-0.136180
950.132756	-0.132750
950.822758	-0.128440
951.512760	-0.123340
952.202762	-0.117700
952.892764	-0.111910
953.582766	-0.106540
954.272768	-0.102240
954.962770	-0.099650
955.652772	-0.099250
956.342774	-0.101310
957.032776	-0.105850
957.722778	-0.112650
958.412780	-0.121300
959.102782	-0.131300
959.792784	-0.142130
960.482786	-0.153270
961.172788	-0.164330
961.862790	-0.175060
962.552792	-0.185410
963.242794	-0.195490
963.932796	-0.205560
964.622798	-0.215990
965.312800	-0.227160
966.002802	-0.239460
966.692804	-0.253170
967.382806	-0.268410
968.072808	-0.285150
968.762810	-0.303120
969.452812	-0.321880
970.142814	-0.340830
970.832816	-0.359230
971.522818	-0.376310
972.212820	-0.391370
972.902822	-0.403870
973.592824	-0.413560
974.282826	-0.420550
974.972828	-0.425300
975.662830	-0.428520
976.352832	-0.430990
977.042834	-0.433450
977.732836	-0.436450
978.422838	-0.440250
979.112840	-0.444770
979.802842	-0.449600
980.492844	-0.454110
981.182846	-0.457480
981.872848	-0.458900
982.562850	-0.457650
983.252852	-0.453220
983.942854	-0.445380
984.632856	-0.434200
985.322858	-0.420070
986.012860	-0.403660
986.702862	-0.385840
987.392864	-0.367550
988.082866	-0.349740
988.772868	-0.333190
989.462870	-0.318470
990.152872	-0.305840
990.842874	-0.295300
991.532876	-0.286590
992.222878	-0.279270
992.912880	-0.272850
993.602882	-0.266880
994.292884	-0.260980
994.982886	-0.254930
995.672888	-0.248590
996.362890	-0.241930
997.052892	-0.234970
997.742894	-0.227780
998.432896	-0.220450
999.122898	-0.213040
999.812900	-0.205590
1000.502902	-0.198100
1001.192904	-0.190530
1001.882906	-0.182840
1002.572908	-0.174990
1003.262910	-0.166970
1003.952912	-0.158770
1004.642914	-0.150380
1005.332916	-0.141800
1006.022918	-0.133010
1006.712920	-0.123980
1007.402922	-0.114690
1008.092924	-0.105100
1008.782926	-0.095180
1009.472928	-0.084900
1010.162930	-0.074270
1010.852932	-0.063330
1011.542934	-0.052190
1012.232936	-0.041010
1012.922938	-0.030020
1013.612940	-0.019480
1014.302942	-0.009690
1014.992944	-0.000970
1015.682946	0.006370
1016.372948	0.012070
1017.062950	0.015900
1017.752952	0.017670
1018.442954	0.017290
1019.132956	0.014760
1019.822958	0.010200
1020.512960	0.003830
1021.202962	-0.003980
1021.892964	-0.012800
1022.582966	-0.022100
1023.272968	-0.031320
1023.962970	-0.039930
1024.652972	-0.047550
1025.342974	-0.053910
1026.032976	-0.058970
1026.722978	-0.062820
1027.412980	-0.065690
1028.102982	-0.067850
1028.792984	-0.069540
1029.482986	-0.070940
1030.172988	-0.072110
1030.862990	-0.073010
1031.552992	-0.073570
1032.242994	-0.073700
1032.932996	-0.073370
1033.622998	-0.072650
1034.313000	-0.071650
1035.003002	-0.070530
1035.693004	-0.069420
1036.383006	-0.068350
1037.073008	-0.067330
1037.763010	-0.066250
1038.453012	-0.064980
1039.143014	-0.063350
1039.833016	-0.061270
1040.523018	-0.058670
1041.213020	-0.055580
1041.903022	-0.052050
1042.593024	-0.048240
1043.283026	-0.044370
1043.973028	-0.040800
1044.663030	-0.038030
1045.353032	-0.036680
1046.043034	-0.037430
1046.733036	-0.040960
1047.423038	-0.047890
1048.113040	-0.058680
1048.803042	-0.073590
1049.493044	-0.092600
1050.183046	-0.115410
1050.873048	-0.141350
1051.563050	-0.169470
1052.253052	-0.198500
1052.943054	-0.227050
1053.633056	-0.253660
1054.323058	-0.277040
1055.013060	-0.296170
1055.703062	-0.310380
1056.393064	-0.319380
1057.083066	-0.323150
1057.773068	-0.321960
1058.463070	-0.316300
1059.153072	-0.306910
1059.843074	-0.294690
1060.533076	-0.280670
1061.223078	-0.265890
1061.913080	-0.251280
