0.000000	-0.110200
0.690001	-0.097630
1.380002	-0.087440
2.070003	-0.079520
2.760003	-0.073700
3.450004	-0.069770
4.140005	-0.067520
4.830006	-0.066640
5.520007	-0.066700
6.210008	-0.067170
6.900008	-0.067420
7.590009	-0.066890
8.280010	-0.065150
8.970011	-0.062070
9.660012	-0.057780
10.350013	-0.052660
11.040014	-0.047200
11.730014	-0.041910
12.420015	-0.037220
13.110016	-0.033400
13.800017	-0.030620
14.490018	-0.028890
15.180019	-0.028090
15.870020	-0.028030
16.560020	-0.028410
17.250021	-0.028950
17.940022	-0.029380
18.630023	-0.029550
19.320024	-0.029470
20.010025	-0.029420
20.700025	-0.030020
21.390026	-0.032250
22.080027	-0.037370
22.770028	-0.046820
23.460029	-0.061980
24.150030	-0.084060
24.840031	-0.113890
25.530031	-0.151870
26.220032	-0.197820
26.910033	-0.250970
27.600034	-0.309960
28.290035	-0.372920
28.980036	-0.437650
29.670037	-0.501750
30.360037	-0.562840
31.050038	-0.618710
31.740039	-0.667510
32.430040	-0.707880
33.120041	-0.739010
33.810042	-0.760600
34.500042	-0.772790
35.190043	-0.776070
35.880044	-0.771240
36.570045	-0.759430
37.260046	-0.742080
37.950047	-0.720900
38.640048	-0.697750
39.330048	-0.674500
40.020049	-0.652890
40.710050	-0.634450
41.400051	-0.620470
42.090052	-0.612040
42.780053	-0.609990
43.470054	-0.614940
44.160054	-0.627200
44.850055	-0.646630
45.540056	-0.672540
46.230057	-0.703600
46.920058	-0.737880
47.610059	-0.773110
48.300059	-0.806970
48.990060	-0.837390
49.680061	-0.862810
50.370062	-0.882140
51.060063	-0.894740
51.750064	-0.900250
52.440065	-0.898540
53.130065	-0.889730
53.820066	-0.874220
54.510067	-0.852740
55.200068	-0.826340
55.890069	-0.796210
56.580070	-0.763650
57.270071	-0.729850
57.960071	-0.695870
58.650072	-0.662620
59.340073	-0.630830
60.030074	-0.601140
60.720075	-0.574060
61.410076	-0.549990
62.100076	-0.529170
62.790077	-0.511660
63.480078	-0.497300
64.170079	-0.485740
64.860080	-0.476440
65.550081	-0.468760
66.240082	-0.462090
66.930082	-0.455920
67.620083	-0.449980
68.310084	-0.444260
69.000085	-0.438960
69.690086	-0.434400
70.380087	-0.430910
71.070088	-0.428700
71.760088	-0.427850
72.450089	-0.428330
73.140090	-0.429970
73.830091	-0.432510
74.520092	-0.435620
75.210093	-0.438900
75.900093	-0.441940
76.590094	-0.444360
77.280095	-0.445790
77.970096	-0.445980
78.660097	-0.444760
79.350098	-0.442060
80.040099	-0.437980
80.730099	-0.432690
81.420100	-0.426440
82.110101	-0.419480
82.800102	-0.412080
83.490103	-0.404480
84.180104	-0.396910
84.870105	-0.389520
85.560105	-0.382300
86.250106	-0.375010
86.940107	-0.367100
87.630108	-0.357730
88.320109	-0.345870
89.010110	-0.330380
89.700110	-0.310080
90.390111	-0.283940
91.080112	-0.251220
91.770113	-0.211700
92.460114	-0.165930
93.150115	-0.115370
93.840116	-0.062330
94.530116	-0.009610
95.220117	0.039960
95.910118	0.083950
96.600119	0.120640
97.290120	0.149150
97.980121	0.169280
98.670122	0.181420
99.360122	0.186350
100.050123	0.185190
100.740124	0.179260
101.430125	0.170000
102.120126	0.158850
102.810127	0.147110
103.500127	0.135870
104.190128	0.125950
104.880129	0.117920
105.570130	0.112110
106.260131	0.108700
106.950132	0.107750
107.640133	0.109250
108.330133	0.113130
109.020134	0.119250
109.710135	0.127390
110.400136	0.137210
111.090137	0.148300
111.780138	0.160130
112.470139	0.172170
113.160139	0.183900
113.850140	0.194830
114.540141	0.204540
115.230142	0.212700
115.920143	0.219040
116.610144	0.223370
117.300144	0.225620
117.990145	0.225830
118.680146	0.224160
119.370147	0.220880
120.060148	0.216330
120.750149	0.210870
121.440150	0.204780
122.130150	0.198250
122.820151	0.191290
123.510152	0.183810
124.200153	0.175620
124.890154	0.166530
125.580155	0.156360
126.270155	0.145080
126.960156	0.132840
127.650157	0.120000
128.340158	0.107150
129.030159	0.095000
129.720160	0.084330
130.410161	0.075790
131.100161	0.069820
131.790162	0.066590
132.480163	0.065930
133.170164	0.067470
133.860165	0.070740
134.550166	0.075320
135.240167	0.080950
135.930167	0.087620
136.620168	0.095520
137.310169	0.105010
138.000170	0.116510
138.690171	0.130300
139.380172	0.146400
140.070172	0.164410
140.760173	0.183530
141.450174	0.202640
142.140175	0.220500
142.830176	0.236000
143.520177	0.248390
144.210178	0.257380
144.900178	0.263240
145.590179	0.266590
146.280180	0.268230
146.970181	0.268900
147.660182	0.269130
148.350183	0.269120
149.040184	0.268760
149.730184	0.267710
150.420185	0.265470
151.110186	0.261490
151.800187	0.255350
152.490188	0.246850
153.180189	0.236100
153.870189	0.223470
154.560190	0.209440
155.250191	0.194500
155.940192	0.179070
156.630193	0.163570
157.320194	0.148460
158.010195	0.134310
158.700195	0.121790
159.390196	0.111580
160.080197	0.104340
160.770198	0.100550
161.460199	0.100510
162.150200	0.104220
162.840201	0.111420
163.530201	0.121620
164.220202	0.134210
164.910203	0.148480
165.600204	0.163730
166.290205	0.179210
166.980206	0.194190
167.670206	0.207950
168.360207	0.219850
169.050208	0.229390
169.740209	0.236190
170.430210	0.240080
171.120211	0.241090
171.810212	0.239420
172.500212	0.235520
173.190213	0.230010
173.880214	0.223690
174.570215	0.217410
175.260216	0.211900
175.950217	0.207620
176.640218	0.204630
177.330218	0.202580
178.020219	0.200880
178.710220	0.198860
179.400221	0.196010
180.090222	0.192010
180.780223	0.186820
181.470223	0.180550
182.160224	0.173450
182.850225	0.165890
183.540226	0.158330
184.230227	0.151190
184.920228	0.144820
185.610229	0.139380
186.300229	0.134870
186.990230	0.131160
187.680231	0.128140
188.370232	0.125760
189.060233	0.124130
189.750234	0.123420
190.440235	0.123780
191.130235	0.125280
191.820236	0.127900
192.510237	0.131550
193.200238	0.136110
193.890239	0.141490
194.580240	0.147680
195.270240	0.154740
195.960241	0.162840
196.650242	0.172170
197.340243	0.182970
198.030244	0.195410
198.720245	0.209510
199.410246	0.225100
200.100246	0.241760
200.790247	0.259010
201.480248	0.276370
202.170249	0.293530
202.860250	0.310380
203.550251	0.326920
204.240252	0.343210
204.930252	0.359220
205.620253	0.374920
206.310254	0.390200
207.000255	0.404920
207.690256	0.418850
208.380257	0.431670
209.070257	0.442930
209.760258	0.452060
210.450259	0.458460
211.140260	0.461500
211.830261	0.460610
212.520262	0.455270
213.210263	0.445130
213.900263	0.430040
214.590264	0.410100
215.280265	0.385650
215.970266	0.357220
216.660267	0.325480
217.350268	0.291090
218.040269	0.254700
218.730269	0.216940
219.420270	0.178540
220.110271	0.140490
220.800272	0.104060
221.490273	0.070790
222.180274	0.042200
222.870274	0.019560
223.560275	0.003620
224.250276	-0.005550
224.940277	-0.008500
225.630278	-0.006330
226.320279	-0.000390
227.010280	0.007820
227.700280	0.016870
228.390281	0.025510
229.080282	0.032680
229.770283	0.037560
230.460284	0.039560
231.150285	0.038350
231.840286	0.033870
232.530286	0.026310
233.220287	0.016050
233.910288	0.003600
234.600289	-0.010410
235.290290	-0.025340
235.980291	-0.040520
236.670291	-0.055300
237.360292	-0.069060
238.050293	-0.081280
238.740294	-0.091660
239.430295	-0.100060
240.120296	-0.106600
240.810297	-0.111500
241.500297	-0.115030
242.190298	-0.117390
242.880299	-0.118730
243.570300	-0.119100
244.260301	-0.118560
244.950302	-0.117220
245.640302	-0.115230
246.330303	-0.112840
247.020304	-0.110300
247.710305	-0.107890
248.400306	-0.105870
249.090307	-0.104480
249.780308	-0.103930
250.470308	-0.104410
251.160309	-0.106060
251.850310	-0.108980
252.540311	-0.113150
253.230312	-0.118430
253.920313	-0.124540
254.610314	-0.131010
255.300314	-0.137230
255.990315	-0.142500
256.680316	-0.146140
257.370317	-0.147700
258.060318	-0.146980
258.750319	-0.144140
259.440319	-0.139660
260.130320	-0.134240
260.820321	-0.128680
261.510322	-0.123800
262.200323	-0.120260
262.890324	-0.118510
263.580325	-0.118710
264.270325	-0.120740
264.960326	-0.124300
265.650327	-0.128940
266.340328	-0.134160
267.030329	-0.139360
267.720330	-0.143870
268.410331	-0.147000
269.100331	-0.148060
269.790332	-0.146460
270.480333	-0.141730
271.170334	-0.133620
271.860335	-0.122140
272.550336	-0.107640
273.240336	-0.090730
273.930337	-0.072300
274.620338	-0.053320
275.310339	-0.034790
276.000340	-0.017630
276.690341	-0.002630
277.380342	0.009470
278.070342	0.018050
278.760343	0.022660
279.450344	0.023040
280.140345	0.019230
280.830346	0.011600
281.520347	0.000870
282.210348	-0.011890
282.900348	-0.025320
283.590349	-0.037920
284.280350	-0.048180
284.970351	-0.054780
285.660352	-0.056770
286.350353	-0.053770
287.040353	-0.046010
287.730354	-0.034320
288.420355	-0.019980
289.110356	-0.004480
289.800357	0.010690
290.490358	0.024290
291.180359	0.035460
291.870359	0.043710
292.560360	0.048940
293.250361	0.051390
293.940362	0.051630
294.630363	0.050520
295.320364	0.049060
296.010365	0.048320
296.700365	0.049220
297.390366	0.052440
298.080367	0.058410
298.770368	0.067330
299.460369	0.079190
300.150370	0.093830
300.840370	0.110950
301.530371	0.130010
302.220372	0.150380
302.910373	0.171260
303.600374	0.191860
304.290375	0.211380
304.980376	0.229090
305.670376	0.244410
306.360377	0.256920
307.050378	0.266390
307.740379	0.272810
308.430380	0.276370
309.120381	0.277410
309.810382	0.276430
310.500382	0.273980
311.190383	0.270670
311.880384	0.267030
312.570385	0.263520
313.260386	0.260440
313.950387	0.257970
314.640387	0.256200
315.330388	0.255120
316.020389	0.254690
316.710390	0.254850
317.400391	0.255470
318.090392	0.256380
318.780393	0.257340
319.470393	0.258070
320.160394	0.258240
320.850395	0.257490
321.540396	0.255500
322.230397	0.252010
322.920398	0.246850
323.610399	0.239990
324.300399	0.231580
324.990400	0.221990
325.680401	0.211780
326.370402	0.201680
327.060403	0.192500
327.750404	0.185050
328.440404	0.180080
329.130405	0.178260
329.820406	0.180080
330.510407	0.185770
331.200408	0.195060
331.890409	0.207160
332.580410	0.220720
333.270410	0.234050
333.960411	0.245450
334.650412	0.253520
335.340413	0.257360
336.030414	0.256660
336.720415	0.251650
337.410416	0.242880
338.100416	0.231080
338.790417	0.217030
339.480418	0.201380
340.170419	0.184690
340.860420	0.167370
341.550421	0.149760
342.240421	0.132110
342.930422	0.114630
343.620423	0.097410
344.310424	0.080510
345.000425	0.063910
345.690426	0.047610
346.380427	0.031640
347.070427	0.016060
347.760428	0.001050
348.450429	-0.013200
349.140430	-0.026440
349.830431	-0.038490
350.520432	-0.049230
351.210433	-0.058730
351.900433	-0.067250
352.590434	-0.075250
353.280435	-0.083230
353.970436	-0.091700
354.660437	-0.101040
355.350438	-0.111510
356.040438	-0.123230
356.730439	-0.136130
357.420440	-0.149970
358.110441	-0.164320
358.800442	-0.178580
359.490443	-0.192040
360.180444	-0.203980
360.870444	-0.213710
361.560445	-0.220740
362.250446	-0.224750
362.940447	-0.225680
363.630448	-0.223710
364.320449	-0.219190
365.010449	-0.212560
365.700450	-0.204300
366.390451	-0.194860
367.080452	-0.184640
367.770453	-0.174020
368.460454	-0.163370
369.150455	-0.153040
369.840455	-0.143390
370.530456	-0.134700
371.220457	-0.127210
371.910458	-0.121050
372.600459	-0.116220
373.290460	-0.112640
373.980461	-0.110150
374.670461	-0.108550
375.360462	-0.107610
376.050463	-0.107080
376.740464	-0.106620
377.430465	-0.105790
378.120466	-0.104080
378.810466	-0.101040
379.500467	-0.096460
380.190468	-0.090380
380.880469	-0.083050
381.570470	-0.074830
382.260471	-0.066030
382.950472	-0.056880
383.640472	-0.047600
384.330473	-0.038370
385.020474	-0.029440
385.710475	-0.020980
386.400476	-0.013060
387.090477	-0.005660
387.780478	0.001340
388.470478	0.008100
389.160479	0.014760
389.850480	0.021370
390.540481	0.027940
391.230482	0.034340
391.920483	0.040360
392.610483	0.045650
393.300484	0.049770
393.990485	0.052230
394.680486	0.052550
395.370487	0.050400
396.060488	0.045620
396.750489	0.038370
397.440489	0.029150
398.130490	0.018750
398.820491	0.008230
399.510492	-0.001240
400.200493	-0.008580
400.890494	-0.012890
401.580495	-0.013600
402.270495	-0.010520
402.960496	-0.003760
403.650497	0.006240
404.340498	0.018840
405.030499	0.033240
405.720500	0.048570
406.410500	0.063940
407.100501	0.078620
407.790502	0.092050
408.480503	0.103890
409.170504	0.114040
409.860505	0.122560
410.550506	0.129570
411.240506	0.135250
411.930507	0.139830
412.620508	0.143590
413.310509	0.146860
414.000510	0.150020
414.690511	0.153450
415.380512	0.157450
416.070512	0.162200
416.760513	0.167790
417.450514	0.174160
418.140515	0.181120
418.830516	0.188330
419.520517	0.195360
420.210517	0.201800
420.900518	0.207270
421.590519	0.211530
422.280520	0.214430
422.970521	0.215900
423.660522	0.215860
424.350523	0.214270
425.040523	0.211100
425.730524	0.206350
426.420525	0.200080
427.110526	0.192400
427.800527	0.183460
428.490528	0.173460
429.180529	0.162660
429.870529	0.151400
430.560530	0.140100
431.250531	0.129270
431.940532	0.119420
432.630533	0.111070
433.320534	0.104680
434.010534	0.100620
434.700535	0.099130
435.390536	0.100270
436.080537	0.103890
436.770538	0.109590
437.460539	0.116820
438.150540	0.124930
438.840540	0.133300
439.530541	0.141480
440.220542	0.149220
440.910543	0.156410
441.600544	0.163030
442.290545	0.169100
442.980546	0.174650
443.670546	0.179690
444.360547	0.184320
445.050548	0.188630
445.740549	0.192730
446.430550	0.196690
447.120551	0.200490
447.810551	0.204000
448.500552	0.206980
449.190553	0.209080
449.880554	0.209870
450.570555	0.208940
451.260556	0.205910
451.950557	0.200620
452.640557	0.193150
453.330558	0.183850
454.020559	0.173190
454.710560	0.161690
455.400561	0.149760
456.090562	0.137660
456.780563	0.125530
457.470563	0.113490
458.160564	0.101660
458.850565	0.090230
459.540566	0.079430
460.230567	0.069490
460.920568	0.060610
461.610568	0.052890
462.300569	0.046320
462.990570	0.040880
463.680571	0.036520
464.370572	0.033250
465.060573	0.031080
465.750574	0.029900
466.440574	0.029410
467.130575	0.029120
467.820576	0.028480
468.510577	0.026970
469.200578	0.024240
469.890579	0.020160
470.580579	0.014710
471.270580	0.007890
471.960581	-0.000410
472.650582	-0.010360
473.340583	-0.022230
474.030584	-0.036190
474.720585	-0.052200
475.410585	-0.069970
476.100586	-0.088890
476.790587	-0.108130
477.480588	-0.126750
478.170589	-0.143780
478.860590	-0.158400
479.550591	-0.170050
480.240591	-0.178470
480.930592	-0.183700
481.620593	-0.186040
482.310594	-0.185990
483.000595	-0.184140
483.690596	-0.181220
484.380596	-0.178110
485.070597	-0.175770
485.760598	-0.175210
486.450599	-0.177330
487.140600	-0.182750
487.830601	-0.191670
488.520602	-0.203860
489.210602	-0.218710
489.900603	-0.235280
490.590604	-0.252490
491.280605	-0.269200
491.970606	-0.284370
492.660607	-0.297130
493.350608	-0.306960
494.040608	-0.313710
494.730609	-0.317600
495.420610	-0.319230
496.110611	-0.319440
496.800612	-0.319220
497.490613	-0.319610
498.180613	-0.321620
498.870614	-0.326100
499.560615	-0.333720
500.250616	-0.344870
500.940617	-0.359690
501.630618	-0.378040
502.320619	-0.399580
503.010619	-0.423730
503.700620	-0.449780
504.390621	-0.476860
505.080622	-0.504000
505.770623	-0.530120
506.460624	-0.554110
507.150625	-0.574840
507.840625	-0.591270
508.530626	-0.602540
509.220627	-0.608090
509.910628	-0.607780
510.600629	-0.601960
511.290630	-0.591490
511.980630	-0.577610
512.670631	-0.561790
513.360632	-0.545420
514.050633	-0.529650
514.740634	-0.515230
515.430635	-0.502460
516.120636	-0.491370
516.810636	-0.481870
517.500637	-0.473910
518.190638	-0.467590
518.880639	-0.463030
519.570640	-0.460300
520.260641	-0.459320
520.950642	-0.459900
521.640642	-0.461850
522.330643	-0.465120
523.020644	-0.469750
523.710645	-0.475820
524.400646	-0.483260
525.090647	-0.491770
525.780647	-0.500760
526.470648	-0.509480
527.160649	-0.517160
527.850650	-0.523070
528.540651	-0.526720
529.230652	-0.527830
529.920653	-0.526440
530.610653	-0.522750
531.300654	-0.517120
531.990655	-0.509930
532.680656	-0.501530
533.370657	-0.492170
534.060658	-0.482070
534.750659	-0.471360
535.440659	-0.460180
536.130660	-0.448680
536.820661	-0.437130
537.510662	-0.425920
538.200663	-0.415610
538.890664	-0.406860
539.580664	-0.400340
540.270665	-0.396640
540.960666	-0.396180
541.650667	-0.399140
542.340668	-0.405400
543.030669	-0.414530
543.720670	-0.425870
544.410670	-0.438590
545.100671	-0.451790
545.790672	-0.464650
546.480673	-0.476470
547.170674	-0.486720
547.860675	-0.495050
548.550676	-0.501220
549.240676	-0.505170
549.930677	-0.506970
550.620678	-0.506810
551.310679	-0.505010
552.000680	-0.501940
552.690681	-0.497900
553.380681	-0.493110
554.070682	-0.487630
554.760683	-0.481330
555.450684	-0.473970
556.140685	-0.465270
556.830686	-0.455010
557.520687	-0.443130
558.210687	-0.429720
558.900688	-0.415040
559.590689	-0.399380
560.280690	-0.383070
560.970691	-0.366470
561.660692	-0.349950
562.350693	-0.333970
563.040693	-0.319090
563.730694	-0.305980
564.420695	-0.295340
565.110696	-0.287860
565.800697	-0.284150
566.490698	-0.284640
567.180698	-0.289560
567.870699	-0.298860
568.560700	-0.312240
569.250701	-0.329130
569.940702	-0.348700
570.630703	-0.369950
571.320704	-0.391710
572.010704	-0.412770
572.700705	-0.431930
573.390706	-0.448050
574.080707	-0.460170
574.770708	-0.467580
575.460709	-0.469830
576.150710	-0.466840
576.840710	-0.458850
577.530711	-0.446380
578.220712	-0.430170
578.910713	-0.411050
579.600714	-0.389820
580.290715	-0.367220
580.980715	-0.343820
581.670716	-0.320090
582.360717	-0.296430
583.050718	-0.273250
583.740719	-0.250960
584.430720	-0.230000
585.120721	-0.210800
585.810721	-0.193700
586.500722	-0.178970
587.190723	-0.166770
587.880724	-0.157150
588.570725	-0.150100
589.260726	-0.145470
589.950726	-0.142940
590.640727	-0.142010
591.330728	-0.142010
592.020729	-0.142110
592.710730	-0.141360
593.400731	-0.138800
594.090732	-0.133490
594.780732	-0.124550
595.470733	-0.111230
596.160734	-0.092910
596.850735	-0.069160
597.540736	-0.039790
598.230737	-0.004960
598.920738	0.034820
599.610738	0.078600
600.300739	0.125060
600.990740	0.172620
601.680741	0.219540
602.370742	0.264050
603.060743	0.304520
603.750743	0.339560
604.440744	0.368170
605.130745	0.389830
605.820746	0.404480
606.510747	0.412490
607.200748	0.414560
607.890749	0.411590
608.580749	0.404540
609.270750	0.394340
609.960751	0.381800
610.650752	0.367560
611.340753	0.352110
612.030754	0.335730
612.720755	0.318590
613.410755	0.300730
614.100756	0.282120
614.790757	0.262690
615.480758	0.242390
616.170759	0.221170
616.860760	0.199030
617.550760	0.176080
618.240761	0.152630
618.930762	0.129190
619.620763	0.106520
620.310764	0.085490
621.000765	0.066920
621.690766	0.051500
622.380766	0.039750
623.070767	0.032000
623.760768	0.028460
624.450769	0.029270
625.140770	0.034400
625.830771	0.043690
626.520772	0.056770
627.210772	0.073080
627.900773	0.091870
628.590774	0.112220
629.280775	0.133080
629.970776	0.153340
630.660777	0.171880
631.350777	0.187670
632.040778	0.199880
632.730779	0.207960
633.420780	0.211660
634.110781	0.211090
634.800782	0.206700
635.490783	0.199200
636.180783	0.189510
636.870784	0.178620
637.560785	0.167530
638.250786	0.157080
638.940787	0.147900
639.630788	0.140380
640.320789	0.134580
641.010789	0.130340
641.700790	0.127300
642.390791	0.125010
643.080792	0.123100
643.770793	0.121260
644.460794	0.119390
645.150794	0.117500
645.840795	0.115730
646.530796	0.114280
647.220797	0.113320
647.910798	0.113070
648.600799	0.113700
649.290800	0.115450
649.980800	0.118580
650.670801	0.123330
651.360802	0.129920
652.050803	0.138510
652.740804	0.149210
653.430805	0.162130
654.120806	0.177390
654.810806	0.194990
655.500807	0.214760
656.190808	0.236220
656.880809	0.258560
657.570810	0.280730
658.260811	0.301570
658.950811	0.320060
659.640812	0.335530
660.330813	0.347780
661.020814	0.357110
661.710815	0.364170
662.400816	0.369760
663.090817	0.374540
663.780817	0.378940
664.470818	0.383180
665.160819	0.387400
665.850820	0.391800
666.540821	0.396740
667.230822	0.402640
667.920823	0.409990
668.610823	0.419170
669.300824	0.430410
669.990825	0.443700
670.680826	0.458730
671.370827	0.474840
672.060828	0.491090
672.750828	0.506300
673.440829	0.519270
674.130830	0.528890
674.820831	0.534350
675.510832	0.535200
676.200833	0.531370
676.890834	0.523170
677.580834	0.511130
678.270835	0.495960
678.960836	0.478520
679.650837	0.459750
680.340838	0.440720
681.030839	0.422530
681.720840	0.406230
682.410840	0.392650
683.100841	0.382320
683.790842	0.375370
684.480843	0.371550
685.170844	0.370240
685.860845	0.370430
686.550845	0.370830
687.240846	0.370020
687.930847	0.366610
688.620848	0.359480
689.310849	0.347960
690.000850	0.331850
690.690851	0.311370
691.380851	0.287090
692.070852	0.259770
692.760853	0.230340
693.450854	0.199850
694.140855	0.169430
694.830856	0.140350
695.520857	0.113960
696.210857	0.091600
696.900858	0.074520
697.590859	0.063730
698.280860	0.059890
698.970861	0.063270
699.660862	0.073720
700.350862	0.090660
701.040863	0.113120
701.730864	0.139740
702.420865	0.168940
703.110866	0.199030
703.800867	0.228450
704.490868	0.255910
705.180868	0.280510
705.870869	0.301790
706.560870	0.319630
707.250871	0.334190
707.940872	0.345800
708.630873	0.354810
709.320873	0.361540
710.010874	0.366220
710.700875	0.368980
711.390876	0.369860
712.080877	0.368900
712.770878	0.366180
713.460879	0.361800
714.150879	0.355970
714.840880	0.348940
715.530881	0.341040
716.220882	0.332550
716.910883	0.323710
717.600884	0.314650
718.290885	0.305430
718.980885	0.296060
719.670886	0.286590
720.360887	0.277100
721.050888	0.267730
721.740889	0.258590
722.430890	0.249740
723.120890	0.241250
723.810891	0.233280
724.500892	0.226130
725.190893	0.220300
725.880894	0.216360
726.570895	0.214770
727.260896	0.215750
727.950896	0.219220
728.640897	0.224870
729.330898	0.232230
730.020899	0.240790
730.710900	0.250000
731.400901	0.259320
732.090902	0.268190
732.780902	0.276040
733.470903	0.282320
734.160904	0.286590
734.850905	0.288550
735.540906	0.288090
736.230907	0.285320
736.920907	0.280550
737.610908	0.274260
738.300909	0.267080
738.990910	0.259670
739.680911	0.252670
740.370912	0.246650
741.060913	0.242000
741.750913	0.238990
742.440914	0.237750
743.130915	0.238270
743.820916	0.240510
744.510917	0.244330
745.200918	0.249590
745.890919	0.256140
746.580919	0.263790
747.270920	0.272380
747.960921	0.281730
748.650922	0.291600
749.340923	0.301740
750.030924	0.311790
750.720924	0.321330
751.410925	0.329870
752.100926	0.336860
752.790927	0.341720
753.480928	0.343890
754.170929	0.342890
754.860930	0.338410
755.550930	0.330380
756.240931	0.319030
756.930932	0.304910
757.620933	0.288860
758.310934	0.271940
759.000935	0.255390
759.690936	0.240410
760.380936	0.228050
761.070937	0.219030
761.760938	0.213690
762.450939	0.211920
763.140940	0.213310
763.830941	0.217200
764.520941	0.222850
765.210942	0.229440
765.900943	0.236120
766.590944	0.242070
767.280945	0.246510
767.970946	0.248820
768.660947	0.248600
769.350947	0.245700
770.040948	0.240230
770.730949	0.232470
771.420950	0.222770
772.110951	0.211550
772.800952	0.199200
773.490953	0.186080
774.180953	0.172580
774.870954	0.159120
775.560955	0.146170
776.250956	0.134210
776.940957	0.123740
777.630958	0.115220
778.320958	0.108970
779.010959	0.105210
779.700960	0.103970
780.390961	0.105140
781.080962	0.108470
781.770963	0.113640
782.460964	0.120240
783.150964	0.127790
783.840965	0.135790
784.530966	0.143640
785.220967	0.150740
785.910968	0.156480
786.600969	0.160330
787.290970	0.161920
787.980970	0.161060
788.670971	0.157810
789.360972	0.152440
790.050973	0.145420
790.740974	0.137300
791.430975	0.128640
792.120975	0.119970
792.810976	0.111650
