0.000000	0.007330
0.690001	0.034850
1.380002	0.068340
2.070003	0.108570
2.760004	0.155930
3.450005	0.210660
4.140006	0.272760
4.830006	0.341690
5.520007	0.416050
6.210008	0.493460
6.900009	0.570720
7.590010	0.644330
8.280011	0.711140
8.970012	0.768850
9.660013	0.816400
10.350014	0.853960
11.040015	0.882770
11.730016	0.904660
12.420017	0.921510
13.110017	0.934650
13.800018	0.944620
14.490019	0.951060
15.180020	0.953020
15.870021	0.949280
16.560022	0.938760
17.250023	0.920750
17.940024	0.895090
18.630025	0.862050
19.320026	0.822300
20.010027	0.776750
20.700028	0.726420
21.390028	0.672350
22.080029	0.615630
22.770030	0.557310
23.460031	0.498440
24.150032	0.439970
24.840033	0.382680
25.530034	0.327050
26.220035	0.273290
26.910036	0.221260
27.600037	0.170650
28.290038	0.121010
28.980039	0.071920
29.670040	0.023080
30.360040	-0.025580
31.050041	-0.073950
31.740042	-0.121620
32.430043	-0.168110
33.120044	-0.212880
33.810045	-0.255480
34.500046	-0.295530
35.190047	-0.332700
35.880048	-0.366600
36.570049	-0.396740
37.260050	-0.422560
37.950051	-0.443540
38.640051	-0.459240
39.330052	-0.469390
40.020053	-0.473790
40.710054	-0.472190
41.400055	-0.464160
42.090056	-0.449200
42.780057	-0.426910
43.470058	-0.397420
44.160059	-0.361740
44.850060	-0.321950
45.540061	-0.281190
46.230062	-0.243260
46.920062	-0.212250
47.610063	-0.192160
48.300064	-0.186550
48.990065	-0.198300
49.680066	-0.229350
50.370067	-0.280490
51.060068	-0.351170
51.750069	-0.439420
52.440070	-0.541770
53.130071	-0.653490
53.820072	-0.768880
54.510073	-0.881930
55.200074	-0.987200
55.890074	-1.080520
56.580075	-1.159560
57.270076	-1.223890
57.960077	-1.274700
58.650078	-1.314250
59.340079	-1.345390
60.030080	-1.371100
60.720081	-1.394130
61.410082	-1.416580
62.100083	-1.439580
62.790084	-1.463070
63.480085	-1.485670
64.170085	-1.504750
64.860086	-1.516740
65.550087	-1.517610
66.240088	-1.503580
66.930089	-1.472040
67.620090	-1.422350
68.310091	-1.356300
69.000092	-1.277810
69.690093	-1.192140
70.380094	-1.104860
71.070095	-1.020760
71.760096	-0.943320
72.450096	-0.874650
73.140097	-0.815730
73.830098	-0.766790
74.520099	-0.727620
75.210100	-0.697700
75.900101	-0.676260
76.590102	-0.662260
77.280103	-0.654310
77.970104	-0.650920
78.660105	-0.650680
79.350106	-0.652480
80.040107	-0.655600
80.730108	-0.659620
81.420108	-0.664190
82.110109	-0.668900
82.800110	-0.673190
83.490111	-0.676420
84.180112	-0.677980
84.870113	-0.677400
85.560114	-0.674360
86.250115	-0.668780
86.940116	-0.660800
87.630117	-0.650740
88.320118	-0.639040
89.010119	-0.626210
89.700119	-0.612720
90.390120	-0.598990
91.080121	-0.585330
91.770122	-0.571920
92.460123	-0.558790
93.150124	-0.545810
93.840125	-0.532730
94.530126	-0.519270
95.220127	-0.505130
95.910128	-0.490080
96.600129	-0.474000
97.290130	-0.456890
97.980130	-0.438970
98.670131	-0.420680
99.360132	-0.402770
100.050133	-0.386280
100.740134	-0.372430
101.430135	-0.362420
102.120136	-0.357230
102.810137	-0.357300
103.500138	-0.362520
104.190139	-0.372240
104.880140	-0.385520
105.570141	-0.401360
106.260141	-0.418940
106.950142	-0.437650
107.640143	-0.457150
108.330144	-0.477350
109.020145	-0.498380
109.710146	-0.520490
110.400147	-0.543810
111.090148	-0.568080
111.780149	-0.592460
112.470150	-0.615540
113.160151	-0.635600
113.850152	-0.651060
114.540153	-0.660850
115.230153	-0.664550
115.920154	-0.662360
116.610155	-0.654850
117.300156	-0.642750
117.990157	-0.626760
118.680158	-0.607420
119.370159	-0.584980
120.060160	-0.559430
120.750161	-0.530490
121.440162	-0.497730
122.130163	-0.460720
122.820164	-0.419180
123.510164	-0.373210
124.200165	-0.323480
124.890166	-0.271420
125.580167	-0.219390
126.270168	-0.170450
126.960169	-0.127990
127.650170	-0.095050
128.340171	-0.073730
129.030172	-0.064720
129.720173	-0.067190
130.410174	-0.078910
131.100175	-0.096510
131.790175	-0.115790
132.480176	-0.132000
133.170177	-0.140220
133.860178	-0.135790
134.550179	-0.114690
135.240180	-0.074030
135.930181	-0.012440
136.620182	0.069700
137.310183	0.170080
138.000184	0.284710
138.690185	0.408420
139.380186	0.535470
140.070187	0.660310
140.760187	0.778060
141.450188	0.884820
142.140189	0.977860
142.830190	1.055590
143.520191	1.117420
144.210192	1.163700
144.900193	1.195500
145.590194	1.214510
146.280195	1.222850
146.970196	1.222980
147.660197	1.217510
148.350198	1.209040
149.040198	1.200020
149.730199	1.192590
150.420200	1.188500
151.110201	1.189020
151.800202	1.194740
152.490203	1.205410
153.180204	1.219830
153.870205	1.235970
154.560206	1.251420
155.250207	1.263880
155.940208	1.271600
156.630209	1.273570
157.320209	1.269530
158.010210	1.259760
158.700211	1.244920
159.390212	1.225950
160.080213	1.203870
160.770214	1.179610
161.460215	1.153900
162.150216	1.127320
162.840217	1.100370
163.530218	1.073770
164.220219	1.048530
164.910220	1.025950
165.600221	1.007550
166.290221	0.994780
166.980222	0.988930
167.670223	0.990940
168.360224	1.001420
169.050225	1.020620
169.740226	1.048410
170.430227	1.084290
171.120228	1.127300
171.810229	1.176090
172.500230	1.228950
173.190231	1.284000
173.880232	1.339310
174.570232	1.392990
175.260233	1.443260
175.950234	1.488610
176.640235	1.527810
177.330236	1.560010
178.020237	1.584570
178.710238	1.600850
179.400239	1.608020
180.090240	1.604900
180.780241	1.590110
181.470242	1.562330
182.160243	1.520630
182.850243	1.464780
183.540244	1.395420
184.230245	1.314110
184.920246	1.223300
185.610247	1.126200
186.300248	1.026650
186.990249	0.928880
187.680250	0.837310
188.370251	0.756150
189.060252	0.688960
189.750253	0.638140
190.440254	0.604570
191.130255	0.587270
191.820255	0.583390
192.510256	0.588330
193.200257	0.596200
193.890258	0.600360
194.580259	0.594200
195.270260	0.572060
195.960261	0.530110
196.650262	0.467150
197.340263	0.384800
198.030264	0.287310
198.720265	0.180730
199.410266	0.072010
200.100266	-0.031930
200.790267	-0.124900
201.480268	-0.201800
202.170269	-0.258920
202.860270	-0.294140
203.550271	-0.306910
204.240272	-0.298090
204.930273	-0.269600
205.620274	-0.224000
206.310275	-0.164220
207.000276	-0.093360
207.690277	-0.014610
208.380277	0.068840
209.070278	0.153960
209.760279	0.238120
210.450280	0.319160
211.140281	0.395400
211.830282	0.465380
212.520283	0.527380
213.210284	0.578960
213.900285	0.616670
214.590286	0.636120
215.280287	0.632630
215.970288	0.602170
216.660289	0.542300
217.350289	0.453030
218.040290	0.337170
218.730291	0.200110
219.420292	0.049180
220.110293	-0.107210
220.800294	-0.260560
221.490295	-0.402990
222.180296	-0.528000
222.870297	-0.630820
223.560298	-0.708630
224.250299	-0.760590
224.940300	-0.787580
225.630300	-0.791850
226.320301	-0.776510
227.010302	-0.745050
227.700303	-0.701130
228.390304	-0.648390
229.080305	-0.590490
229.770306	-0.531060
230.460307	-0.473540
231.150308	-0.420960
231.840309	-0.375750
232.530310	-0.339600
233.220311	-0.313310
233.910311	-0.296730
234.600312	-0.288740
235.290313	-0.287460
235.980314	-0.290500
236.670315	-0.295440
237.360316	-0.300160
238.050317	-0.303100
238.740318	-0.303280
239.430319	-0.300170
240.120320	-0.293550
240.810321	-0.283350
241.500322	-0.269550
242.190323	-0.252130
242.880323	-0.231160
243.570324	-0.206920
244.260325	-0.180040
244.950326	-0.151610
245.640327	-0.123090
246.330328	-0.096190
247.020329	-0.072700
247.710330	-0.054310
248.400331	-0.042580
249.090332	-0.038880
249.780333	-0.044300
250.470334	-0.059510
251.160334	-0.084700
251.850335	-0.119620
252.540336	-0.163650
253.230337	-0.215870
253.920338	-0.275030
254.610339	-0.339570
255.300340	-0.407600
255.990341	-0.477160
256.680342	-0.546560
257.370343	-0.614580
258.060344	-0.680350
258.750345	-0.743030
259.440345	-0.801400
260.130346	-0.853680
260.820347	-0.897450
261.510348	-0.929870
262.200349	-0.948010
262.890350	-0.949220
263.580351	-0.931510
264.270352	-0.893990
264.960353	-0.837200
265.650354	-0.763400
266.340355	-0.676460
267.030356	-0.581510
267.720357	-0.484230
268.410357	-0.390060
269.100358	-0.303480
269.790359	-0.227530
270.480360	-0.163760
271.170361	-0.112550
271.860362	-0.073480
272.550363	-0.045740
273.240364	-0.028400
273.930365	-0.020530
274.620366	-0.021240
275.310367	-0.029740
276.000368	-0.045410
276.690368	-0.067870
277.380369	-0.097150
278.070370	-0.133700
278.760371	-0.178360
279.450372	-0.232140
280.140373	-0.296030
280.830374	-0.370600
281.520375	-0.455790
282.210376	-0.550760
282.900377	-0.654040
283.590378	-0.763780
284.280379	-0.878070
284.970379	-0.995210
285.660380	-1.113660
286.350381	-1.231860
287.040382	-1.347930
287.730383	-1.459280
288.420384	-1.562380
289.110385	-1.652650
289.800386	-1.724640
290.490387	-1.772370
291.180388	-1.790030
291.870389	-1.772820
292.560390	-1.718030
293.250390	-1.626000
293.940391	-1.500590
294.630392	-1.348790
295.320393	-1.179510
296.010394	-1.002040
296.700395	-0.824750
297.390396	-0.654220
298.080397	-0.495190
298.770398	-0.350940
299.460399	-0.223490
300.150400	-0.113800
300.840401	-0.021700
301.530402	0.053900
302.220402	0.114850
302.910403	0.163300
303.600404	0.201340
304.290405	0.230730
304.980406	0.252740
305.670407	0.268260
306.360408	0.277890
307.050409	0.282160
307.740410	0.281610
308.430411	0.276810
309.120412	0.268280
309.810413	0.256400
310.500413	0.241480
311.190414	0.223980
311.880415	0.204750
312.570416	0.185150
313.260417	0.166830
313.950418	0.151530
314.640419	0.140630
315.330420	0.134990
316.020421	0.134900
316.710422	0.140180
317.400423	0.150310
318.090424	0.164600
318.780424	0.182260
319.470425	0.202520
320.160426	0.224700
320.850427	0.248280
321.540428	0.272960
322.230429	0.298700
322.920430	0.325620
323.610431	0.353890
324.300432	0.383570
324.990433	0.414450
325.680434	0.445980
326.370435	0.477200
327.060436	0.506670
327.750436	0.532450
328.440437	0.552310
329.130438	0.564080
329.820439	0.566270
330.510440	0.558540
331.200441	0.541790
331.890442	0.517790
332.580443	0.488510
333.270444	0.455470
333.960445	0.419370
334.650446	0.380210
335.340447	0.337610
336.030447	0.291330
336.720448	0.241590
337.410449	0.189150
338.100450	0.135250
338.790451	0.081360
339.480452	0.028880
340.170453	-0.021000
340.860454	-0.067410
341.550455	-0.109860
342.240456	-0.148100
342.930457	-0.182100
343.620458	-0.211970
344.310458	-0.237720
345.000459	-0.259100
345.690460	-0.275560
346.380461	-0.286290
347.070462	-0.290550
347.760463	-0.288020
348.450464	-0.279000
349.140465	-0.264450
349.830466	-0.245790
350.520467	-0.224610
351.210468	-0.202380
351.900469	-0.180220
352.590470	-0.158840
353.280470	-0.138580
353.970471	-0.119550
354.660472	-0.101710
355.350473	-0.084910
356.040474	-0.068740
356.730475	-0.052250
357.420476	-0.033910
358.110477	-0.011740
358.800478	0.016300
359.490479	0.051780
360.180480	0.095470
360.870481	0.147230
361.560481	0.206180
362.250482	0.270920
362.940483	0.339640
363.630484	0.410280
364.320485	0.480490
365.010486	0.547890
365.700487	0.610260
366.390488	0.665800
367.080489	0.713270
367.770490	0.751950
368.460491	0.781420
369.150492	0.801400
369.840492	0.811570
370.530493	0.811550
371.220494	0.800920
371.910495	0.779310
372.600496	0.746400
373.290497	0.701930
373.980498	0.645600
374.670499	0.577010
375.360500	0.495650
376.050501	0.401180
376.740502	0.293770
377.430503	0.174720
378.120504	0.046810
378.810504	-0.085440
379.500505	-0.216060
380.190506	-0.338070
380.880507	-0.444230
381.570508	-0.527960
382.260509	-0.584280
382.950510	-0.610730
383.640511	-0.608030
384.330512	-0.580220
385.020513	-0.533930
385.710514	-0.477050
386.400515	-0.417280
387.090515	-0.360720
387.780516	-0.311240
388.470517	-0.270460
389.160518	-0.238350
389.850519	-0.213970
390.540520	-0.196150
391.230521	-0.183930
391.920522	-0.176640
392.610523	-0.173800
393.300524	-0.174830
393.990525	-0.178890
394.680526	-0.184790
395.370526	-0.191140
396.060527	-0.196480
396.750528	-0.199640
397.440529	-0.199910
398.130530	-0.197280
398.820531	-0.192410
399.510532	-0.186430
400.200533	-0.180660
400.890534	-0.176160
401.580535	-0.173560
402.270536	-0.172890
402.960537	-0.173720
403.650538	-0.175340
404.340538	-0.176990
405.030539	-0.178100
405.720540	-0.178390
406.410541	-0.178000
407.100542	-0.177410
407.790543	-0.177350
408.480544	-0.178510
409.170545	-0.181320
409.860546	-0.185660
410.550547	-0.190810
411.240548	-0.195540
411.930549	-0.198270
412.620549	-0.197350
413.310550	-0.191160
414.000551	-0.178230
414.690552	-0.157210
415.380553	-0.126980
416.070554	-0.086950
416.760555	-0.037270
417.450556	0.020890
418.140557	0.085380
418.830558	0.153300
419.520559	0.221440
420.210560	0.286770
420.900560	0.346800
421.590561	0.399710
422.280562	0.444350
422.970563	0.479950
423.660564	0.505840
424.350565	0.521250
425.040566	0.525340
425.730567	0.517410
426.420568	0.497260
427.110569	0.465230
427.800570	0.422060
428.490571	0.368590
429.180572	0.305560
429.870572	0.233560
430.560573	0.153190
431.250574	0.065220
431.940575	-0.029280
432.630576	-0.128980
433.320577	-0.232140
434.010578	-0.336600
434.700579	-0.439500
435.390580	-0.537150
436.080581	-0.625170
436.770582	-0.698810
437.460583	-0.753440
438.150583	-0.785150
438.840584	-0.791190
439.530585	-0.770440
440.220586	-0.723660
440.910587	-0.653710
441.600588	-0.565720
442.290589	-0.466840
442.980590	-0.365720
443.670591	-0.271470
444.360592	-0.192560
445.050593	-0.135560
445.740594	-0.104330
446.430594	-0.099600
447.120595	-0.119170
447.810596	-0.158620
448.500597	-0.212330
449.190598	-0.274600
449.880599	-0.340450
450.570600	-0.406100
451.260601	-0.469050
451.950602	-0.528010
452.640603	-0.582600
453.330604	-0.633010
454.020605	-0.679460
454.710606	-0.721700
455.400606	-0.758600
456.090607	-0.788220
456.780608	-0.808090
457.470609	-0.815880
458.160610	-0.809970
458.850611	-0.789800
459.540612	-0.756100
460.230613	-0.710780
460.920614	-0.656780
461.610615	-0.597830
462.300616	-0.537990
462.990617	-0.480940
463.680617	-0.429290
464.370618	-0.384010
465.060619	-0.344410
465.750620	-0.308490
466.440621	-0.273770
467.130622	-0.237940
467.820623	-0.199380
468.510624	-0.157210
469.200625	-0.111190
469.890626	-0.061500
470.580627	-0.008650
471.270628	0.046660
471.960628	0.103500
472.650629	0.160610
473.340630	0.216190
474.030631	0.267630
474.720632	0.311350
475.410633	0.343050
476.100634	0.358130
476.790635	0.352530
477.480636	0.323590
478.170637	0.270830
478.860638	0.196240
479.550639	0.104090
480.240639	0.000150
480.930640	-0.109270
481.620641	-0.218460
482.310642	-0.322980
483.000643	-0.420030
483.690644	-0.508320
484.380645	-0.587580
485.070646	-0.657960
485.760647	-0.719520
486.450648	-0.771760
487.140649	-0.813510
487.830650	-0.842950
488.520651	-0.857910
489.210651	-0.856120
489.900652	-0.835460
490.590653	-0.794150
491.280654	-0.730940
491.970655	-0.645320
492.660656	-0.537750
493.350657	-0.410040
494.040658	-0.265690
494.730659	-0.109820
495.420660	0.051240
496.110661	0.210880
496.800662	0.362890
497.490662	0.502300
498.180663	0.625590
498.870664	0.730450
499.560665	0.815520
500.250666	0.880080
500.940667	0.923980
501.630668	0.947540
502.320669	0.951520
503.010670	0.936970
503.700671	0.905040
504.390672	0.856760
505.080673	0.793060
505.770673	0.715000
506.460674	0.624340
507.150675	0.524180
507.840676	0.419210
508.530677	0.315480
509.220678	0.219510
509.910679	0.137290
510.600680	0.073180
511.290681	0.029230
511.980682	0.005180
512.670683	-0.001270
513.360684	0.006060
514.050685	0.022520
514.740685	0.043220
515.430686	0.063650
516.120687	0.079980
516.810688	0.089210
517.500689	0.089230
518.190690	0.078700
518.880691	0.056930
519.570692	0.023700
520.260693	-0.020850
520.950694	-0.076410
521.640695	-0.142560
522.330696	-0.218650
523.020696	-0.303580
523.710697	-0.395580
524.400698	-0.492100
525.090699	-0.589910
525.780700	-0.685440
526.470701	-0.775080
527.160702	-0.855420
527.850703	-0.923210
528.540704	-0.975480
529.230705	-1.009530
529.920706	-1.023270
530.610707	-1.015470
531.300707	-0.986130
531.990708	-0.936670
532.680709	-0.869970
533.370710	-0.790150
534.060711	-0.702160
534.750712	-0.611200
535.440713	-0.522080
536.130714	-0.438670
536.820715	-0.363690
537.510716	-0.298660
538.200717	-0.244110
538.890718	-0.199890
539.580719	-0.165400
540.270719	-0.139690
540.960720	-0.121500
541.650721	-0.109120
542.340722	-0.100270
543.030723	-0.092200
543.720724	-0.081840
544.410725	-0.066110
545.100726	-0.042250
545.790727	-0.008020
546.480728	0.038260
547.170729	0.097730
547.860730	0.170950
548.550730	0.257650
549.240731	0.356430
549.930732	0.464590
550.620733	0.578310
551.310734	0.693080
552.000735	0.804400
552.690736	0.908320
553.380737	1.001870
554.070738	1.083070
554.760739	1.150930
555.450740	1.205260
556.140741	1.246550
556.830741	1.275790
557.520742	1.294300
558.210743	1.303590
558.900744	1.305190
559.590745	1.300560
560.280746	1.291100
560.970747	1.278260
561.660748	1.263770
562.350749	1.249830
563.040750	1.239030
563.730751	1.234040
564.420752	1.237100
565.110753	1.249600
565.800753	1.271800
566.490754	1.302870
567.180755	1.341260
567.870756	1.385090
568.560757	1.432500
569.250758	1.481960
569.940759	1.532320
570.630760	1.582740
571.320761	1.632490
572.010762	1.680690
572.700763	1.726130
573.390764	1.767370
574.080764	1.802790
574.770765	1.830800
575.460766	1.849980
576.150767	1.859110
576.840768	1.857170
577.530769	1.843410
578.220770	1.817490
578.910771	1.779560
579.600772	1.730320
580.290773	1.671020
580.980774	1.603320
581.670775	1.529280
582.360775	1.451150
583.050776	1.371180
583.740777	1.291260
584.430778	1.212570
585.120779	1.135290
585.810780	1.058500
586.500781	0.980440
587.190782	0.898850
587.880783	0.811480
588.570784	0.716570
589.260785	0.613240
589.950786	0.501730
590.640787	0.383330
591.330787	0.260170
592.020788	0.134890
592.710789	0.010260
593.400790	-0.110970
594.090791	-0.226250
594.780792	-0.333220
595.470793	-0.429930
596.160794	-0.514880
596.850795	-0.587240
597.540796	-0.646880
598.230797	-0.694320
598.920798	-0.730660
599.610798	-0.757480
600.300799	-0.776720
600.990800	-0.790710
601.680801	-0.801990
602.370802	-0.813150
603.060803	-0.826530
603.750804	-0.843880
604.440805	-0.866150
605.130806	-0.893510
605.820807	-0.925560
606.510808	-0.961710
607.200809	-1.001490
607.890809	-1.044730
608.580810	-1.091500
609.270811	-1.142010
609.960812	-1.196400
610.650813	-1.254610
611.340814	-1.316220
612.030815	-1.380460
612.720816	-1.446230
613.410817	-1.512200
614.100818	-1.576960
614.790819	-1.639130
615.480820	-1.697500
616.170821	-1.751110
616.860821	-1.799360
617.550822	-1.841940
618.240823	-1.878810
618.930824	-1.910000
619.620825	-1.935530
620.310826	-1.955420
621.000827	-1.969760
621.690828	-1.978880
622.380829	-1.983470
623.070830	-1.984430
623.760831	-1.982660
624.450832	-1.978720
625.140832	-1.972550
625.830833	-1.963280
626.520834	-1.949180
627.210835	-1.927780
627.900836	-1.896210
628.590837	-1.851530
629.280838	-1.791140
629.970839	-1.712980
630.660840	-1.615640
631.350841	-1.498250
632.040842	-1.360370
632.730843	-1.201940
633.420843	-1.023580
634.110844	-0.827030
634.800845	-0.615610
635.490846	-0.394600
636.180847	-0.171140
636.870848	0.046250
637.560849	0.248740
638.250850	0.428250
638.940851	0.578300
639.630852	0.694660
640.320853	0.775530
641.010854	0.821460
641.700855	0.835120
642.390855	0.820990
643.080856	0.785130
643.770857	0.734590
644.460858	0.676950
645.150859	0.619630
645.840860	0.569370
646.530861	0.531690
647.220862	0.510590
647.910863	0.508200
648.600864	0.524730
649.290865	0.558600
649.980866	0.606720
650.670866	0.665070
651.360867	0.729200
652.050868	0.794750
652.740869	0.857690
653.430870	0.914390
654.120871	0.961580
654.810872	0.996250
655.500873	1.015610
656.190874	1.017160
656.880875	0.998820
657.570876	0.959050
658.260877	0.896910
658.950877	0.812120
659.640878	0.705270
660.330879	0.578140
661.020880	0.434030
661.710881	0.277680
662.400882	0.114900
663.090883	-0.048010
663.780884	-0.205010
664.470885	-0.350710
665.160886	-0.480640
665.850887	-0.591350
666.540888	-0.680530
667.230888	-0.747160
667.920889	-0.791550
668.610890	-0.815300
669.300891	-0.821140
669.990892	-0.812620
670.680893	-0.793820
671.370894	-0.768700
672.060895	-0.740410
672.750896	-0.710620
673.440897	-0.679160
674.130898	-0.644060
674.820899	-0.602110
675.510900	-0.549690
676.200900	-0.483650
676.890901	-0.402020
677.580902	-0.304530
678.270903	-0.192710
678.960904	-0.069840
679.650905	0.059540
680.340906	0.190200
681.030907	0.316870
681.720908	0.434850
682.410909	0.540400
683.100910	0.630900
683.790911	0.704860
684.480911	0.761770
685.170912	0.801980
685.860913	0.826330
686.550914	0.835780
687.240915	0.831200
687.930916	0.813250
688.620917	0.782540
689.310918	0.740010
690.000919	0.687180
690.690920	0.626260
691.380921	0.559780
692.070922	0.490200
692.760922	0.419410
693.450923	0.348480
694.140924	0.277730
694.830925	0.206990
695.520926	0.136050
696.210927	0.064990
696.900928	-0.005730
697.590929	-0.075290
698.280930	-0.142760
698.970931	-0.207090
699.660932	-0.267190
700.350933	-0.321880
701.040934	-0.369840
701.730934	-0.409660
702.420935	-0.439970
703.110936	-0.459700
703.800937	-0.468380
704.490938	-0.466450
705.180939	-0.455290
705.870940	-0.437130
706.560941	-0.414520
707.250942	-0.389900
707.940943	-0.365180
708.630944	-0.341460
709.320945	-0.319110
710.010945	-0.297820
710.700946	-0.276650
711.390947	-0.254130
712.080948	-0.228330
712.770949	-0.197210
713.460950	-0.158860
714.150951	-0.111900
714.840952	-0.055700
715.530953	0.009520
716.220954	0.082690
716.910955	0.161950
717.600956	0.244800
718.290956	0.328260
718.980957	0.409060
719.670958	0.483970
720.360959	0.550090
721.050960	0.605110
721.740961	0.647470
722.430962	0.676400
723.120963	0.691770
723.810964	0.693860
724.500965	0.683110
725.190966	0.659870
725.880967	0.624450
726.570968	0.577270
727.260968	0.519220
727.950969	0.452040
728.640970	0.378390
729.330971	0.301670
730.020972	0.225630
730.710973	0.153740
731.400974	0.088670
732.090975	0.032050
732.780976	-0.015610
733.470977	-0.054760
734.160978	-0.086520
734.850979	-0.112210
735.540979	-0.132950
736.230980	-0.149260
736.920981	-0.160790
737.610982	-0.166190
738.300983	-0.163180
738.990984	-0.148870
739.680985	-0.120050
740.370986	-0.073660
741.060987	-0.007120
741.750988	0.081300
742.440989	0.192160
743.130990	0.324580
743.820990	0.475920
744.510991	0.641720
745.200992	0.815800
745.890993	0.990890
746.580994	1.159620
747.270995	1.315550
747.960996	1.453880
748.650997	1.571680
749.340998	1.667300
750.030999	1.739530
750.721000	1.786800
751.411001	1.807000
752.101002	1.797850
752.791002	1.757790
753.481003	1.686860
754.171004	1.587460
754.861005	1.464470
755.551006	1.325020
756.241007	1.177550
756.931008	1.030680
757.621009	0.892080
758.311010	0.767450
759.001011	0.659990
759.691012	0.570440
760.381013	0.497610
761.071013	0.438980
761.761014	0.391330
762.451015	0.351100
763.141016	0.314610
763.831017	0.278180
764.521018	0.238210
765.211019	0.191420
765.901020	0.135180
766.591021	0.067810
767.281022	-0.011120
767.971023	-0.100680
768.661024	-0.198550
769.351024	-0.300980
770.041025	-0.403010
770.731026	-0.498890
771.421027	-0.582900
772.111028	-0.650080
772.801029	-0.697080
773.491030	-0.722530
774.181031	-0.727020
774.871032	-0.712590
775.561033	-0.682100
776.251034	-0.638600
776.941035	-0.584990
777.631036	-0.523830
778.321036	-0.457330
779.011037	-0.387440
779.701038	-0.315940
780.391039	-0.244350
781.081040	-0.173940
781.771041	-0.105750
782.461042	-0.040590
783.151043	0.020770
783.841044	0.077440
784.531045	0.128200
785.221046	0.171480
785.911047	0.205400
786.601047	0.227960
787.291048	0.237120
787.981049	0.230960
788.671050	0.207720
789.361051	0.165920
790.051052	0.104720
790.741053	0.024560
791.431054	-0.072060
792.121055	-0.180150
792.811056	-0.292550
