0.000000	-0.038850
0.690008	-0.040980
1.380017	-0.043100
2.070025	-0.045090
2.760034	-0.046830
3.450042	-0.048250
4.140051	-0.049360
4.830059	-0.050210
5.520068	-0.050940
6.210076	-0.051680
6.900085	-0.052590
7.590093	-0.053810
8.280102	-0.055520
8.970110	-0.057900
9.660119	-0.061170
10.350127	-0.065630
11.040136	-0.071580
11.730144	-0.079410
12.420152	-0.089480
13.110161	-0.102190
13.800169	-0.117870
14.490178	-0.136850
15.180186	-0.159330
15.870195	-0.185440
16.560203	-0.215140
17.250212	-0.248210
17.940220	-0.284270
18.630229	-0.322750
19.320237	-0.362930
20.010246	-0.403950
20.700254	-0.444820
21.390263	-0.484380
22.080271	-0.521370
22.770279	-0.554480
23.460288	-0.582440
24.150296	-0.604260
24.840305	-0.619360
25.530313	-0.627680
26.220322	-0.629750
26.910330	-0.626580
27.600339	-0.619430
28.290347	-0.609620
28.980356	-0.598310
29.670364	-0.586380
30.360373	-0.574420
31.050381	-0.562840
31.740390	-0.551930
32.430398	-0.541920
33.120407	-0.532980
33.810415	-0.525150
34.500423	-0.518300
35.190432	-0.512190
35.880440	-0.506460
36.570449	-0.500720
37.260457	-0.494580
37.950466	-0.487700
38.640474	-0.479760
39.330483	-0.470550
40.020491	-0.459900
40.710500	-0.447810
41.400508	-0.434360
42.090517	-0.419790
42.780525	-0.404410
43.470534	-0.388560
44.160542	-0.372600
44.850551	-0.356880
45.540559	-0.341660
46.230567	-0.327200
46.920576	-0.313670
47.610584	-0.301180
48.300593	-0.289770
48.990601	-0.279410
49.680610	-0.270020
50.370618	-0.261420
51.060627	-0.253400
51.750635	-0.245640
52.440644	-0.237820
53.130652	-0.229590
53.820661	-0.220670
54.510669	-0.210890
55.200678	-0.200230
55.890686	-0.188830
56.580695	-0.176930
57.270703	-0.164880
57.960711	-0.153020
58.650720	-0.141720
59.340728	-0.131270
60.030737	-0.121900
60.720745	-0.113790
61.410754	-0.106980
62.100762	-0.101480
62.790771	-0.097220
63.480779	-0.094120
64.170788	-0.092080
64.860796	-0.091030
65.550805	-0.090950
66.240813	-0.091810
66.930822	-0.093620
67.620830	-0.096410
68.310838	-0.100140
69.000847	-0.104740
69.690855	-0.110080
70.380864	-0.115970
71.070872	-0.122150
71.760881	-0.128320
72.450889	-0.134180
73.140898	-0.139430
73.830906	-0.143820
74.520915	-0.147190
75.210923	-0.149480
75.900932	-0.150700
76.590940	-0.150920
77.280949	-0.150250
77.970957	-0.148840
78.660966	-0.146850
79.350974	-0.144530
80.040982	-0.142140
80.730991	-0.139960
81.420999	-0.138250
82.111008	-0.137300
82.801016	-0.137320
83.491025	-0.138540
84.181033	-0.141100
84.871042	-0.145090
85.561050	-0.150490
86.251059	-0.157220
86.941067	-0.165130
87.631076	-0.174010
88.321084	-0.183700
89.011093	-0.194100
89.701101	-0.205150
90.391110	-0.216860
91.081118	-0.229200
91.771126	-0.242070
92.461135	-0.255240
93.151143	-0.268320
93.841152	-0.280850
94.531160	-0.292380
95.221169	-0.302570
95.911177	-0.311220
96.601186	-0.318400
97.291194	-0.324340
97.981203	-0.329500
98.671211	-0.334380
99.361220	-0.339410
100.051228	-0.344850
100.741237	-0.350720
101.431245	-0.356840
102.121253	-0.362920
102.811262	-0.368650
103.501270	-0.373770
104.191279	-0.378060
104.881287	-0.381390
105.571296	-0.383700
106.261304	-0.385000
106.951313	-0.385440
107.641321	-0.385260
108.331330	-0.384720
109.021338	-0.384060
109.711347	-0.383420
110.401355	-0.382850
111.091364	-0.382260
111.781372	-0.381500
112.471381	-0.380350
113.161389	-0.378590
113.851397	-0.376040
114.541406	-0.372550
115.231414	-0.368070
115.921423	-0.362560
116.611431	-0.356010
117.301440	-0.348400
117.991448	-0.339720
118.681457	-0.329940
119.371465	-0.319120
120.061474	-0.307420
120.751482	-0.295080
121.441491	-0.282440
122.131499	-0.269870
122.821508	-0.257710
123.511516	-0.246260
124.201525	-0.235740
124.891533	-0.226320
125.581541	-0.218090
126.271550	-0.211100
126.961558	-0.205370
127.651567	-0.200880
128.341575	-0.197550
129.031584	-0.195320
129.721592	-0.194110
130.411601	-0.193890
131.101609	-0.194630
131.791618	-0.196330
132.481626	-0.198940
133.171635	-0.202390
133.861643	-0.206530
134.551652	-0.211120
135.241660	-0.215820
135.931668	-0.220250
136.621677	-0.223990
137.311685	-0.226650
138.001694	-0.227930
138.691702	-0.227610
139.381711	-0.225610
140.071719	-0.221940
140.761728	-0.216750
141.451736	-0.210270
142.141745	-0.202780
142.831753	-0.194600
143.521762	-0.186100
144.211770	-0.177630
144.901779	-0.169570
145.591787	-0.162280
146.281796	-0.156050
146.971804	-0.151120
147.661812	-0.147590
148.351821	-0.145430
149.041829	-0.144510
149.731838	-0.144600
150.421846	-0.145410
151.111855	-0.146690
151.801863	-0.148280
152.491872	-0.150120
153.181880	-0.152240
153.871889	-0.154760
154.561897	-0.157750
155.251906	-0.161270
155.941914	-0.165310
156.631923	-0.169780
157.321931	-0.174550
158.011940	-0.179480
158.701948	-0.184370
159.391956	-0.189100
160.081965	-0.193580
160.771973	-0.197830
161.461982	-0.201990
162.151990	-0.206290
162.841999	-0.210980
163.532007	-0.216350
164.222016	-0.222570
164.912024	-0.229740
165.602033	-0.237820
166.292041	-0.246660
166.982050	-0.256070
167.672058	-0.265820
168.362067	-0.275700
169.052075	-0.285460
169.742084	-0.294840
170.432092	-0.303500
171.122100	-0.311070
171.812109	-0.317180
172.502117	-0.321490
173.192126	-0.323710
173.882134	-0.323670
174.572143	-0.321290
175.262151	-0.316630
175.952160	-0.309900
176.642168	-0.301410
177.332177	-0.291590
178.022185	-0.280910
178.712194	-0.269850
179.402202	-0.258820
180.092211	-0.248170
180.782219	-0.238180
181.472227	-0.229060
182.162236	-0.221000
182.852244	-0.214120
183.542253	-0.208540
184.232261	-0.204290
184.922270	-0.201290
185.612278	-0.199350
186.302287	-0.198120
186.992295	-0.197140
187.682304	-0.195940
188.372312	-0.194100
189.062321	-0.191350
189.752329	-0.187630
190.442338	-0.183040
191.132346	-0.177800
191.822355	-0.172170
192.512363	-0.166420
193.202371	-0.160740
193.892380	-0.155280
194.582388	-0.150180
195.272397	-0.145540
195.962405	-0.141460
196.652414	-0.138040
197.342422	-0.135370
198.032431	-0.133520
198.722439	-0.132500
199.412448	-0.132260
200.102456	-0.132720
200.792465	-0.133750
201.482473	-0.135190
202.172482	-0.136890
202.862490	-0.138700
203.552499	-0.140490
204.242507	-0.142210
204.932515	-0.143860
205.622524	-0.145500
206.312532	-0.147230
207.002541	-0.149150
207.692549	-0.151310
208.382558	-0.153720
209.072566	-0.156320
209.762575	-0.158940
210.452583	-0.161400
211.142592	-0.163440
211.832600	-0.164800
212.522609	-0.165260
213.212617	-0.164630
213.902626	-0.162820
214.592634	-0.159820
215.282642	-0.155710
215.972651	-0.150610
216.662659	-0.144670
217.352668	-0.138040
218.042676	-0.130820
218.732685	-0.123060
219.422693	-0.114780
220.112702	-0.105930
220.802710	-0.096410
221.492719	-0.086060
222.182727	-0.074680
222.872736	-0.062050
223.562744	-0.048000
224.252753	-0.032490
224.942761	-0.015630
225.632770	0.002340
226.322778	0.021090
227.012786	0.040320
227.702795	0.059830
228.392803	0.079580
229.082812	0.099620
229.772820	0.120010
230.462829	0.140750
231.152837	0.161780
231.842846	0.182880
232.532854	0.203830
233.222863	0.224350
233.912871	0.244160
234.602880	0.262980
235.292888	0.280520
235.982897	0.296530
236.672905	0.310790
237.362914	0.323140
238.052922	0.333530
238.742930	0.341960
239.432939	0.348480
240.122947	0.353240
240.812956	0.356430
241.502964	0.358340
242.192973	0.359270
242.882981	0.359470
243.572990	0.359170
244.262998	0.358460
244.953007	0.357420
245.643015	0.356040
246.333024	0.354350
247.023032	0.352420
247.713041	0.350340
248.403049	0.348290
249.093058	0.346530
249.783066	0.345400
250.473074	0.345270
251.163083	0.346540
251.853091	0.349560
252.543100	0.354540
253.233108	0.361600
253.923117	0.370660
254.613125	0.381530
255.303134	0.393870
255.993142	0.407290
256.683151	0.421370
257.373159	0.435700
258.063168	0.449910
258.753176	0.463660
259.443185	0.476630
260.133193	0.488460
260.823201	0.498780
261.513210	0.507200
262.203218	0.513430
262.893227	0.517250
263.583235	0.518680
264.273244	0.517910
264.963252	0.515340
265.653261	0.511480
266.343269	0.506920
267.033278	0.502260
267.723286	0.498010
268.413295	0.494610
269.103303	0.492390
269.793312	0.491560
270.483320	0.492220
271.173329	0.494380
271.863337	0.497970
272.553345	0.502780
273.243354	0.508540
273.933362	0.514960
274.623371	0.521720
275.313379	0.528590
276.003388	0.535360
276.693396	0.541880
277.383405	0.548030
278.073413	0.553680
278.763422	0.558670
279.453430	0.562890
280.143439	0.566160
280.833447	0.568270
281.523456	0.568940
282.213464	0.567830
282.903473	0.564520
283.593481	0.558610
284.283489	0.549720
284.973498	0.537540
285.663506	0.521910
286.353515	0.502780
287.043523	0.480300
287.733532	0.454750
288.423540	0.426550
289.113549	0.396170
289.803557	0.364160
290.493566	0.331100
291.183574	0.297590
291.873583	0.264260
292.563591	0.231690
293.253600	0.200400
293.943608	0.170770
294.633616	0.143140
295.323625	0.117710
296.013633	0.094690
296.703642	0.074190
297.393650	0.056240
298.083659	0.040750
298.773667	0.027440
299.463676	0.015940
300.153684	0.005740
300.843693	-0.003610
301.533701	-0.012600
302.223710	-0.021620
302.913718	-0.031000
303.603727	-0.041010
304.293735	-0.051850
304.983744	-0.063650
305.673752	-0.076480
306.363760	-0.090380
307.053769	-0.105350
307.743777	-0.121410
308.433786	-0.138590
309.123794	-0.156990
309.813803	-0.176700
310.503811	-0.197840
311.193820	-0.220570
311.883828	-0.244990
312.573837	-0.271210
313.263845	-0.299320
313.953854	-0.329320
314.643862	-0.361210
315.333871	-0.394860
316.023879	-0.430060
316.713888	-0.466460
317.403896	-0.503580
318.093904	-0.540830
318.783913	-0.577500
319.473921	-0.612900
320.163930	-0.646360
320.853938	-0.677340
321.543947	-0.705450
322.233955	-0.730460
322.923964	-0.752250
323.613972	-0.770820
324.303981	-0.786200
324.993989	-0.798530
325.683998	-0.808030
326.374006	-0.815100
327.064015	-0.820250
327.754023	-0.824140
328.444032	-0.827500
329.134040	-0.831050
329.824048	-0.835500
330.514057	-0.841440
331.204065	-0.849320
331.894074	-0.859450
332.584082	-0.871960
333.274091	-0.886750
333.964099	-0.903380
334.654108	-0.921000
335.344116	-0.938240
336.034125	-0.953380
336.724133	-0.964610
337.414142	-0.970400
338.104150	-0.969780
338.794159	-0.962510
339.484167	-0.949050
340.174175	-0.930420
340.864184	-0.907960
341.554192	-0.883170
342.244201	-0.857510
342.934209	-0.832260
343.624218	-0.808390
344.314226	-0.786580
345.004235	-0.767230
345.694243	-0.750540
346.384252	-0.736620
347.074260	-0.725550
347.764269	-0.717380
348.454277	-0.712140
349.144286	-0.709770
349.834294	-0.710110
350.524303	-0.712920
351.214311	-0.717980
351.904319	-0.725060
352.594328	-0.734020
353.284336	-0.744720
353.974345	-0.757010
354.664353	-0.770690
355.354362	-0.785490
356.044370	-0.801160
356.734379	-0.817430
357.424387	-0.834030
358.114396	-0.850710
358.804404	-0.867130
359.494413	-0.882900
360.184421	-0.897530
360.874430	-0.910480
361.564438	-0.921080
362.254447	-0.928510
362.944455	-0.931820
363.634463	-0.929970
364.324472	-0.921950
365.014480	-0.906940
365.704489	-0.884490
366.394497	-0.854590
367.084506	-0.817690
367.774514	-0.774620
368.464523	-0.726520
369.154531	-0.674740
369.844540	-0.620760
370.534548	-0.566080
371.224557	-0.512210
371.914565	-0.460580
372.604574	-0.412510
373.294582	-0.369090
373.984590	-0.331170
374.674599	-0.299290
375.364607	-0.273690
376.054616	-0.254330
376.744624	-0.240910
377.434633	-0.232960
378.124641	-0.229770
378.814650	-0.230440
379.504658	-0.233870
380.194667	-0.238770
380.884675	-0.243690
381.574684	-0.247060
382.264692	-0.247200
382.954701	-0.242330
383.644709	-0.230600
384.334718	-0.210220
385.024726	-0.179540
385.714734	-0.137270
386.404743	-0.082630
387.094751	-0.015470
387.784760	0.063620
388.474768	0.153290
389.164777	0.251400
389.854785	0.355140
390.544794	0.461180
391.234802	0.566120
391.924811	0.666790
392.614819	0.760720
393.304828	0.846310
393.994836	0.922960
394.684845	0.990870
395.374853	1.050830
396.064862	1.103940
396.754870	1.151460
397.444878	1.194610
398.134887	1.234560
398.824895	1.272370
399.514904	1.309010
400.204912	1.345290
400.894921	1.381910
401.584929	1.419410
402.274938	1.458180
402.964946	1.498470
403.654955	1.540380
404.344963	1.583780
405.034972	1.628250
405.724980	1.673050
406.414989	1.717050
407.104997	1.758880
407.795005	1.797080
408.485014	1.830240
409.175022	1.857220
409.865031	1.877200
410.555039	1.889720
411.245048	1.894670
411.935056	1.892290
412.625065	1.883090
413.315073	1.867850
414.005082	1.847580
414.695090	1.823480
415.385099	1.796930
416.075107	1.769390
416.765116	1.742290
417.455124	1.716870
418.145133	1.694060
418.835141	1.674440
419.525149	1.658140
420.215158	1.644990
420.905166	1.634540
421.595175	1.626150
422.285183	1.619070
422.975192	1.612540
423.665200	1.605860
424.355209	1.598450
425.045217	1.589900
425.735226	1.579950
426.425234	1.568550
427.115243	1.555780
427.805251	1.541850
428.495260	1.527040
429.185268	1.511680
429.875277	1.496010
430.565285	1.480200
431.255293	1.464210
431.945302	1.447740
432.635310	1.430200
433.325319	1.410710
434.015327	1.388050
434.705336	1.360710
435.395344	1.326930
436.085353	1.284700
436.775361	1.231870
437.465370	1.166320
438.155378	1.086030
438.845387	0.989380
439.535395	0.875290
440.225404	0.743350
440.915412	0.593950
441.605421	0.428170
442.295429	0.247820
442.985437	0.055400
443.675446	-0.145910
444.365454	-0.352320
445.055463	-0.559590
445.745471	-0.763350
446.435480	-0.959500
447.125488	-1.144570
447.815497	-1.315920
448.505505	-1.471770
449.195514	-1.611070
449.885522	-1.733330
450.575531	-1.838380
451.265539	-1.926240
451.955548	-1.997030
452.645556	-2.050970
453.335564	-2.088390
454.025573	-2.109710
454.715581	-2.115400
455.405590	-2.105890
456.095598	-2.081600
456.785607	-2.042960
457.475615	-1.990570
458.165624	-1.925360
458.855632	-1.848690
459.545641	-1.762360
460.235649	-1.668660
460.925658	-1.570330
461.615666	-1.470550
462.305675	-1.372910
462.995683	-1.281330
463.685692	-1.199780
464.375700	-1.132060
465.065708	-1.081430
465.755717	-1.050410
466.445725	-1.040590
467.135734	-1.052560
467.825742	-1.085800
468.515751	-1.138710
469.205759	-1.208650
469.895768	-1.292020
470.585776	-1.384510
471.275785	-1.481410
471.965793	-1.577960
472.655802	-1.669740
473.345810	-1.752910
474.035819	-1.824380
474.725827	-1.881880
475.415836	-1.924060
476.105844	-1.950540
476.795852	-1.962130
477.485861	-1.960790
478.175869	-1.949480
478.865878	-1.931770
479.555886	-1.911350
480.245895	-1.891490
480.935903	-1.874730
481.625912	-1.862730
482.315920	-1.856240
483.005929	-1.855230
483.695937	-1.858920
484.385946	-1.865940
485.075954	-1.874460
485.765963	-1.882290
486.455971	-1.887150
487.145979	-1.886730
487.835988	-1.878860
488.525996	-1.861520
489.216005	-1.832870
489.906013	-1.791290
490.596022	-1.735400
491.286030	-1.664170
491.976039	-1.576870
492.666047	-1.473150
493.356056	-1.352900
494.046064	-1.216310
494.736073	-1.063830
495.426081	-0.896350
496.116090	-0.715450
496.806098	-0.523580
497.496107	-0.324090
498.186115	-0.121160
498.876123	0.080510
499.566132	0.276090
500.256140	0.460930
500.946149	0.630840
501.636157	0.782300
502.326166	0.912530
503.016174	1.019580
503.706183	1.102250
504.396191	1.160120
505.086200	1.193430
505.776208	1.203020
506.466217	1.190280
507.156225	1.157070
507.846234	1.105700
508.536242	1.038920
509.226251	0.959870
509.916259	0.872120
510.606267	0.779490
511.296276	0.685910
511.986284	0.595050
512.676293	0.510110
513.366301	0.433540
514.056310	0.367010
514.746318	0.311440
515.436327	0.267120
516.126335	0.233800
516.816344	0.210810
517.506352	0.197150
518.196361	0.191620
518.886369	0.192930
519.576378	0.199850
520.266386	0.211280
520.956395	0.226430
521.646403	0.244780
522.336411	0.266220
523.026420	0.291020
523.716428	0.319840
524.406437	0.353610
525.096445	0.393390
525.786454	0.440240
526.476462	0.494970
527.166471	0.558070
527.856479	0.629480
528.546488	0.708480
529.236496	0.793570
529.926505	0.882470
530.616513	0.972390
531.306522	1.060260
531.996530	1.143190
532.686538	1.218750
533.376547	1.285160
534.066555	1.341420
534.756564	1.387160
535.446572	1.422630
536.136581	1.448530
536.826589	1.465970
537.516598	1.476290
538.206606	1.481090
538.896615	1.482010
539.586623	1.480710
540.276632	1.478650
540.966640	1.476980
541.656649	1.476460
542.346657	1.477390
543.036666	1.479650
543.726674	1.482760
544.416682	1.486020
545.106691	1.488580
545.796699	1.489520
546.486708	1.487950
547.176716	1.483040
547.866725	1.474110
548.556733	1.460680
549.246742	1.442510
549.936750	1.419640
550.626759	1.392330
551.316767	1.361060
552.006776	1.326440
552.696784	1.289140
553.386793	1.249870
554.076801	1.209300
554.766810	1.168040
555.456818	1.126630
556.146826	1.085470
556.836835	1.044860
557.526843	1.004960
558.216852	0.965850
558.906860	0.927590
559.596869	0.890310
560.286877	0.854300
560.976886	0.820070
561.666894	0.788300
562.356903	0.759850
563.046911	0.735600
563.736920	0.716370
564.426928	0.702810
565.116937	0.695310
565.806945	0.694020
566.496953	0.698800
567.186962	0.709170
567.876970	0.724360
568.566979	0.743290
569.256987	0.764650
569.946996	0.786950
570.637004	0.808670
571.327013	0.828280
572.017021	0.844310
572.707030	0.855370
573.397038	0.860170
574.087047	0.857550
574.777055	0.846460
575.467064	0.825980
576.157072	0.795270
576.847081	0.753450
577.537089	0.699650
578.227097	0.632900
578.917106	0.552330
579.607114	0.457280
580.297123	0.347640
580.987131	0.224120
581.677140	0.088510
582.367148	-0.056170
583.057157	-0.205740
583.747165	-0.355230
584.437174	-0.499490
585.127182	-0.633800
585.817191	-0.754500
586.507199	-0.859280
587.197208	-0.947140
587.887216	-1.018130
588.577225	-1.073030
589.267233	-1.112990
589.957241	-1.139250
590.647250	-1.152980
591.337258	-1.155170
592.027267	-1.146620
592.717275	-1.127970
593.407284	-1.099780
594.097292	-1.062570
594.787301	-1.016830
595.477309	-0.963020
596.167318	-0.901550
596.857326	-0.832840
597.547335	-0.757310
598.237343	-0.675420
598.927352	-0.587700
599.617360	-0.494710
600.307369	-0.397080
600.997377	-0.295710
601.687385	-0.191910
602.377394	-0.087480
603.067402	0.015490
603.757411	0.114870
604.447419	0.208780
605.137428	0.295870
605.827436	0.375300
606.517445	0.446640
607.207453	0.509710
607.897462	0.564450
608.587470	0.610930
609.277479	0.649250
609.967487	0.679660
610.657496	0.702550
611.347504	0.718490
612.037512	0.728210
612.727521	0.732600
613.417529	0.732670
614.107538	0.729460
614.797546	0.723990
615.487555	0.717170
616.177563	0.709760
616.867572	0.702340
617.557580	0.695310
618.247589	0.688930
618.937597	0.683360
619.627606	0.678680
620.317614	0.674910
621.007623	0.671980
621.697631	0.669740
622.387640	0.667940
623.077648	0.666240
623.767656	0.664220
624.457665	0.661430
625.147673	0.657350
625.837682	0.651460
626.527690	0.643220
627.217699	0.632140
627.907707	0.617810
628.597716	0.599960
629.287724	0.578430
629.977733	0.553210
630.667741	0.524350
631.357750	0.491910
632.047758	0.455950
632.737767	0.416450
633.427775	0.373330
634.117784	0.326440
634.807792	0.275590
635.497800	0.220570
636.187809	0.161210
636.877817	0.097380
637.567826	0.029090
638.257834	-0.043510
638.947843	-0.120140
639.637851	-0.200260
640.327860	-0.283180
641.017868	-0.368010
641.707877	-0.453620
642.397885	-0.538610
643.087894	-0.621340
643.777902	-0.699950
644.467911	-0.772500
645.157919	-0.837110
645.847927	-0.892090
646.537936	-0.936070
647.227944	-0.968030
647.917953	-0.987380
648.607961	-0.994020
649.297970	-0.988330
649.987978	-0.971210
650.677987	-0.943950
651.367995	-0.908070
652.058004	-0.865190
652.748012	-0.816810
653.438021	-0.764290
654.128029	-0.708710
654.818038	-0.650900
655.508046	-0.591460
656.198055	-0.530870
656.888063	-0.469650
657.578071	-0.408400
658.268080	-0.347860
658.958088	-0.288750
659.648097	-0.231710
660.338105	-0.177240
661.028114	-0.125660
661.718122	-0.077180
662.408131	-0.032000
663.098139	0.009670
663.788148	0.047530
664.478156	0.081140
665.168165	0.109970
665.858173	0.133410
666.548182	0.150870
667.238190	0.161830
667.928199	0.165860
668.618207	0.162650
669.308215	0.151990
669.998224	0.133750
670.688232	0.107830
671.378241	0.074230
672.068249	0.033030
672.758258	-0.015480
673.448266	-0.070700
674.138275	-0.131650
674.828283	-0.196900
675.518292	-0.264640
676.208300	-0.332840
676.898309	-0.399380
677.588317	-0.462260
678.278326	-0.519750
678.968334	-0.570480
679.658342	-0.613430
680.348351	-0.647940
681.038359	-0.673610
681.728368	-0.690270
682.418376	-0.697920
683.108385	-0.696700
683.798393	-0.686900
684.488402	-0.668990
685.178410	-0.643600
685.868419	-0.611540
686.558427	-0.573730
687.248436	-0.531190
687.938444	-0.484990
688.628453	-0.436220
689.318461	-0.386010
690.008470	-0.335430
690.698478	-0.285480
691.388486	-0.236990
692.078495	-0.190550
692.768503	-0.146520
693.458512	-0.104950
694.148520	-0.065690
694.838529	-0.028440
695.528537	0.007110
696.218546	0.041250
696.908554	0.074180
697.598563	0.106010
698.288571	0.136780
698.978580	0.166440
699.668588	0.194910
700.358597	0.222040
701.048605	0.247680
701.738614	0.271660
702.428622	0.293820
703.118630	0.313970
703.808639	0.331900
704.498647	0.347410
705.188656	0.360280
705.878664	0.370320
706.568673	0.377390
707.258681	0.381410
707.948690	0.382390
708.638698	0.380450
709.328707	0.375860
710.018715	0.369060
710.708724	0.360590
711.398732	0.351150
712.088741	0.341490
712.778749	0.332340
713.468758	0.324380
714.158766	0.318080
714.848774	0.313730
715.538783	0.311400
716.228791	0.311000
716.918800	0.312350
717.608808	0.315250
718.298817	0.319480
718.988825	0.324840
719.678834	0.331110
720.368842	0.338030
721.058851	0.345340
721.748859	0.352740
722.438868	0.360000
723.128876	0.366920
723.818885	0.373390
724.508893	0.379360
725.198901	0.384770
725.888910	0.389510
726.578918	0.393340
727.268927	0.395890
727.958935	0.396710
728.648944	0.395340
729.338952	0.391320
730.028961	0.384270
730.718969	0.373890
731.408978	0.359960
732.098986	0.342390
732.788995	0.321240
733.479003	0.296740
734.169012	0.269330
734.859020	0.239660
735.549029	0.208530
736.239037	0.176850
736.929045	0.145600
737.619054	0.115690
738.309062	0.087940
738.999071	0.063000
739.689079	0.041320
740.379088	0.023170
741.069096	0.008650
741.759105	-0.002310
742.449113	-0.009900
743.139122	-0.014460
743.829130	-0.016470
744.519139	-0.016520
745.209147	-0.015300
745.899156	-0.013480
746.589164	-0.011640
747.279173	-0.010160
747.969181	-0.009200
748.659189	-0.008740
749.349198	-0.008640
750.039206	-0.008700
750.729215	-0.008790
751.419223	-0.008880
752.109232	-0.009110
752.799240	-0.009760
753.489249	-0.011310
754.179257	-0.014330
754.869266	-0.019470
755.559274	-0.027290
756.249283	-0.038180
756.939291	-0.052230
757.629300	-0.069180
758.319308	-0.088400
759.009316	-0.108990
759.699325	-0.129870
760.389333	-0.149930
761.079342	-0.168140
761.769350	-0.183610
762.459359	-0.195590
763.149367	-0.203470
763.839376	-0.206760
764.529384	-0.205120
765.219393	-0.198410
765.909401	-0.186700
766.599410	-0.170250
767.289418	-0.149540
767.979427	-0.125180
768.669435	-0.097910
769.359444	-0.068580
770.049452	-0.038110
770.739460	-0.007430
771.429469	0.022560
772.119477	0.051100
772.809486	0.077560
773.499494	0.101450
774.189503	0.122420
774.879511	0.140180
775.569520	0.154490
776.259528	0.165160
776.949537	0.172000
777.639545	0.174870
778.329554	0.173670
779.019562	0.168330
779.709571	0.158890
780.399579	0.145520
781.089588	0.128570
781.779596	0.108590
782.469604	0.086320
783.159613	0.062720
783.849621	0.038890
784.539630	0.016030
785.229638	-0.004670
785.919647	-0.022090
786.609655	-0.035210
787.299664	-0.043250
787.989672	-0.045650
788.679681	-0.042210
789.369689	-0.033010
790.059698	-0.018410
790.749706	0.000970
791.439715	0.024440
792.129723	0.051190
792.819732	0.080390
793.509740	0.111230
794.199748	0.142900
794.889757	0.174610
795.579765	0.205610
796.269774	0.235220
796.959782	0.262830
797.649791	0.287930
798.339799	0.310130
799.029808	0.329140
799.719816	0.344770
800.409825	0.356970
801.099833	0.365740
801.789842	0.371230
802.479850	0.373660
803.169859	0.373320
803.859867	0.370540
804.549875	0.365610
805.239884	0.358830
805.929892	0.350450
806.619901	0.340700
807.309909	0.329850
807.999918	0.318150
808.689926	0.305840
809.379935	0.293100
810.069943	0.280060
810.759952	0.266770
811.449960	0.253210
812.139969	0.239360
812.829977	0.225120
813.519986	0.210380
814.209994	0.194920
814.900003	0.178470
815.590011	0.160660
816.280019	0.141070
816.970028	0.119240
817.660036	0.094690
818.350045	0.066930
819.040053	0.035530
819.730062	0.000120
820.420070	-0.039510
821.110079	-0.083480
821.800087	-0.131710
822.490096	-0.183950
823.180104	-0.239780
823.870113	-0.298580
824.560121	-0.359620
825.250130	-0.421980
825.940138	-0.484610
826.630147	-0.546310
827.320155	-0.605720
828.010163	-0.661380
828.700172	-0.711750
829.390180	-0.755290
830.080189	-0.790580
830.770197	-0.816470
831.460206	-0.832200
832.150214	-0.837460
832.840223	-0.832440
833.530231	-0.817730
834.220240	-0.794250
834.910248	-0.763120
835.600257	-0.725640
836.290265	-0.683170
836.980274	-0.637160
837.670282	-0.589060
838.360290	-0.540330
839.050299	-0.492390
839.740307	-0.446520
840.430316	-0.403830
841.120324	-0.365190
841.810333	-0.331170
842.500341	-0.302010
843.190350	-0.277660
843.880358	-0.257760
844.570367	-0.241710
845.260375	-0.228760
845.950384	-0.218090
846.640392	-0.208840
847.330401	-0.200210
848.020409	-0.191460
848.710418	-0.181920
849.400426	-0.171050
850.090434	-0.158420
850.780443	-0.143800
851.470451	-0.127180
852.160460	-0.108840
852.850468	-0.089330
853.540477	-0.069530
854.230485	-0.050480
854.920494	-0.033350
855.610502	-0.019270
856.300511	-0.009160
856.990519	-0.003690
857.680528	-0.003150
858.370536	-0.007490
859.060545	-0.016360
859.750553	-0.029160
860.440562	-0.045230
861.130570	-0.063860
861.820578	-0.084390
862.510587	-0.106200
863.200595	-0.128760
863.890604	-0.151550
864.580612	-0.174100
865.270621	-0.195990
865.960629	-0.216780
866.650638	-0.236070
867.340646	-0.253450
868.030655	-0.268550
868.720663	-0.281060
869.410672	-0.290790
870.100680	-0.297700
870.790689	-0.301870
871.480697	-0.303490
872.170706	-0.302810
872.860714	-0.300130
873.550722	-0.295790
874.240731	-0.290120
874.930739	-0.283500
875.620748	-0.276240
876.310756	-0.268690
877.000765	-0.261120
877.690773	-0.253780
878.380782	-0.246860
879.070790	-0.240440
879.760799	-0.234500
880.450807	-0.228920
881.140816	-0.223410
881.830824	-0.217610
882.520833	-0.211070
883.210841	-0.203250
883.900849	-0.193590
884.590858	-0.181480
885.280866	-0.166400
885.970875	-0.147870
886.660883	-0.125570
887.350892	-0.099390
888.040900	-0.069410
888.730909	-0.035940
889.420917	0.000490
890.110926	0.039190
890.800934	0.079340
891.490943	0.120050
892.180951	0.160390
892.870960	0.199460
893.560968	0.236380
894.250977	0.270370
894.940985	0.300760
895.630993	0.326990
896.321002	0.348690
897.011010	0.365670
897.701019	0.377910
898.391027	0.385640
899.081036	0.389280
899.771044	0.389440
900.461053	0.386860
901.151061	0.382390
901.841070	0.376870
902.531078	0.371130
903.221087	0.365900
903.911095	0.361810
904.601104	0.359450
905.291112	0.359340
905.981121	0.362030
906.671129	0.368110
907.361137	0.378190
908.051146	0.392790
908.741154	0.412290
909.431163	0.436720
910.121171	0.465740
910.811180	0.498550
911.501188	0.533980
912.191197	0.570640
912.881205	0.607120
913.571214	0.642180
914.261222	0.674880
914.951231	0.704560
915.641239	0.730850
916.331248	0.753570
917.021256	0.772720
917.711264	0.788460
918.401273	0.801060
919.091281	0.810880
919.781290	0.818270
920.471298	0.823550
921.161307	0.826980
921.851315	0.828720
922.541324	0.828910
923.231332	0.827650
923.921341	0.825080
924.611349	0.821350
925.301358	0.816670
925.991366	0.811280
926.681375	0.805480
927.371383	0.799610
928.061392	0.794040
928.751400	0.789160
929.441408	0.785380
930.131417	0.783040
930.821425	0.782330
931.511434	0.783250
932.201442	0.785560
932.891451	0.788840
933.581459	0.792530
934.271468	0.796010
934.961476	0.798610
935.651485	0.799730
936.341493	0.798780
937.031502	0.795340
937.721510	0.789140
938.411519	0.780110
939.101527	0.768460
939.791536	0.754590
940.481544	0.739150
941.171552	0.722920
941.861561	0.706730
942.551569	0.691410
943.241578	0.677670
943.931586	0.666080
944.621595	0.657040
945.311603	0.650800
946.001612	0.647520
946.691620	0.647260
947.381629	0.649980
948.071637	0.655480
948.761646	0.663460
949.451654	0.673500
950.141663	0.685120
950.831671	0.697800
951.521679	0.711020
952.211688	0.724240
952.901696	0.736940
953.591705	0.748650
954.281713	0.758930
954.971722	0.767460
955.661730	0.774000
956.351739	0.778470
957.041747	0.780900
957.731756	0.781410
958.421764	0.780220
959.111773	0.777560
959.801781	0.773740
960.491790	0.769030
961.181798	0.763750
961.871807	0.758220
962.561815	0.752780
963.251823	0.747740
963.941832	0.743380
964.631840	0.739870
965.321849	0.737320
966.011857	0.735710
966.701866	0.734900
967.391874	0.734610
968.081883	0.734420
968.771891	0.733720
969.461900	0.731740
970.151908	0.727590
970.841917	0.720290
971.531925	0.708850
972.221934	0.692310
972.911942	0.669820
973.601951	0.640650
974.291959	0.604200
974.981967	0.560070
975.671976	0.508020
976.361984	0.448050
977.051993	0.380320
977.742001	0.305210
978.432010	0.223260
979.122018	0.135200
979.812027	0.042070
980.502035	-0.054650
981.192044	-0.152990
981.882052	-0.250480
982.572061	-0.344360
983.262069	-0.431970
983.952078	-0.511110
984.642086	-0.580330
985.332095	-0.639130
986.022103	-0.687930
986.712111	-0.727980
987.402120	-0.761240
988.092128	-0.790160
988.782137	-0.817550
989.472145	-0.846340
990.162154	-0.879280
990.852162	-0.918720
991.542171	-0.966360
992.232179	-1.023120
992.922188	-1.089110
993.612196	-1.163650
994.302205	-1.245410
994.992213	-1.332500
995.682222	-1.422670
996.372230	-1.513390
997.062238	-1.602040
997.752247	-1.686000
998.442255	-1.762870
999.132264	-1.830550
999.822272	-1.887470
1000.512281	-1.932550
1001.202289	-1.965260
1001.892298	-1.985500
1002.582306	-1.993480
1003.272315	-1.989650
1003.962323	-1.974660
1004.652332	-1.949400
1005.342340	-1.914990
1006.032349	-1.872720
1006.722357	-1.823960
1007.412366	-1.770000
1008.102374	-1.711880
1008.792382	-1.650290
1009.482391	-1.585520
1010.172399	-1.517540
1010.862408	-1.446100
1011.552416	-1.370870
1012.242425	-1.291530
1012.932433	-1.207850
1013.622442	-1.119810
1014.312450	-1.027580
1015.002459	-0.931630
1015.692467	-0.832710
1016.382476	-0.731830
1017.072484	-0.630260
1017.762493	-0.529490
1018.452501	-0.431130
1019.142510	-0.336810
1019.832518	-0.248020
1020.522526	-0.165950
1021.212535	-0.091440
1021.902543	-0.024930
1022.592552	0.033490
1023.282560	0.083990
1023.972569	0.126910
1024.662577	0.162740
1025.352586	0.192070
1026.042594	0.215610
1026.732603	0.234120
1027.422611	0.248420
1028.112620	0.259290
1028.802628	0.267440
1029.492637	0.273380
1030.182645	0.277360
1030.872653	0.279360
1031.562662	0.279120
1032.252670	0.276320
1032.942679	0.270750
1033.632687	0.262560
1034.322696	0.252340
1035.012704	0.241120
1035.702713	0.230350
1036.392721	0.221660
1037.082730	0.216730
1037.772738	0.217100
1038.462747	0.224050
1039.152755	0.238480
1039.842764	0.260890
1040.532772	0.291340
1041.222781	0.329410
1041.912789	0.374150
1042.602797	0.424040
1043.292806	0.477060
1043.982814	0.530840
1044.672823	0.582960
1045.362831	0.631110
1046.052840	0.673290
1046.742848	0.707830
1047.432857	0.733440
1048.122865	0.749110
1048.812874	0.754200
1049.502882	0.748390
1050.192891	0.731770
1050.882899	0.704840
1051.572908	0.668510
1052.262916	0.624140
1052.952925	0.573420
1053.642933	0.518290
1054.332941	0.460730
1055.022950	0.402460
1055.712958	0.344800
1056.402967	0.288520
1057.092975	0.233890
1057.782984	0.180740
1058.472992	0.128730
1059.163001	0.077550
1059.853009	0.027140
1060.543018	-0.022140
1061.233026	-0.069520
1061.923035	-0.113760
1062.613043	-0.153330
1063.303052	-0.186530
1063.993060	-0.211680
1064.683069	-0.227220
1065.373077	-0.231770
1066.063085	-0.224140
1066.753094	-0.203250
1067.443102	-0.168160
1068.133111	-0.118040
1068.823119	-0.052370
1069.513128	0.028810
1070.203136	0.124720
1070.893145	0.233540
1071.583153	0.352400
1072.273162	0.477370
1072.963170	0.603570
1073.653179	0.725470
1074.343187	0.837390
1075.033196	0.934210
1075.723204	1.012100
1076.413212	1.069000
1077.103221	1.104810
1077.793229	1.121110
1078.483238	1.120610
1079.173246	1.106570
1079.863255	1.082350
1080.553263	1.051070
1081.243272	1.015470
1081.933280	0.977850
1082.623289	0.940010
1083.313297	0.903340
1084.003306	0.868830
1084.693314	0.837120
1085.383323	0.808530
1086.073331	0.783100
1086.763340	0.760700
1087.453348	0.741020
1088.143356	0.723690
1088.833365	0.708320
1089.523373	0.694520
1090.213382	0.681990
1090.903390	0.670520
1091.593399	0.659990
1092.283407	0.650340
1092.973416	0.641640
1093.663424	0.634040
1094.353433	0.627780
1095.043441	0.623190
1095.733450	0.620680
1096.423458	0.620640
1097.113467	0.623450
1097.803475	0.629400
1098.493484	0.638670
1099.183492	0.651360
1099.873500	0.667480
1100.563509	0.686920
1101.253517	0.709480
1101.943526	0.734860
1102.633534	0.762630
1103.323543	0.792300
1104.013551	0.823360
1104.703560	0.855290
1105.393568	0.887610
1106.083577	0.919840
1106.773585	0.951540
1107.463594	0.982240
1108.153602	1.011470
1108.843611	1.038760
1109.533619	1.063700
1110.223627	1.085910
1110.913636	1.105110
1111.603644	1.121110
1112.293653	1.133800
1112.983661	1.143180
1113.673670	1.149280
1114.363678	1.152190
1115.053687	1.151980
1115.743695	1.148750
1116.433704	1.142590
1117.123712	1.133610
1117.813721	1.121950
1118.503729	1.107830
1119.193738	1.091540
1119.883746	1.073420
1120.573755	1.053830
1121.263763	1.033110
1121.953771	1.011550
1122.643780	0.989360
1123.333788	0.966710
1124.023797	0.943790
1124.713805	0.920810
1125.403814	0.898080
1126.093822	0.875920
1126.783831	0.854730
1127.473839	0.834920
1128.163848	0.816900
1128.853856	0.801110
1129.543865	0.788040
1130.233873	0.778170
1130.923882	0.772030
1131.613890	0.770090
1132.303899	0.772740
1132.993907	0.780230
1133.683915	0.792540
1134.373924	0.809370
1135.063932	0.830060
1135.753941	0.853490
1136.443949	0.878100
1137.133958	0.901750
1137.823966	0.921690
1138.513975	0.934630
1139.203983	0.936840
1139.893992	0.924550
1140.584000	0.894390
1141.274009	0.843990
1141.964017	0.772460
1142.654026	0.680670
1143.344034	0.571090
1144.034043	0.447350
1144.724051	0.313520
1145.414059	0.173540
1146.104068	0.030810
1146.794076	-0.111880
1147.484085	-0.252210
1148.174093	-0.388040
1148.864102	-0.517310
1149.554110	-0.637900
1150.244119	-0.747770
1150.934127	-0.845100
1151.624136	-0.928470
1152.314144	-0.997040
1153.004153	-1.050590
1153.694161	-1.089580
1154.384170	-1.115040
1155.074178	-1.128480
1155.764186	-1.131820
1156.454195	-1.127150
1157.144203	-1.116670
1157.834212	-1.102420
1158.524220	-1.086240
1159.214229	-1.069580
1159.904237	-1.053510
1160.594246	-1.038690
1161.284254	-1.025420
1161.974263	-1.013740
1162.664271	-1.003480
1163.354280	-0.994380
1164.044288	-0.986150
1164.734297	-0.978540
1165.424305	-0.971370
1166.114314	-0.964640
1166.804322	-0.958530
1167.494330	-0.953490
1168.184339	-0.950270
1168.874347	-0.949910
1169.564356	-0.953700
1170.254364	-0.963150
1170.944373	-0.979850
1171.634381	-1.005360
1172.324390	-1.041030
1173.014398	-1.087790
1173.704407	-1.145970
1174.394415	-1.215110
1175.084424	-1.293930
1175.774432	-1.380440
1176.464441	-1.472190
1177.154449	-1.566530
1177.844458	-1.660990
1178.534466	-1.753440
1179.224474	-1.842130
1179.914483	-1.925590
1180.604491	-2.002480
1181.294500	-2.071490
1181.984508	-2.131300
1182.674517	-2.180530
1183.364525	-2.217860
1184.054534	-2.242030
1184.744542	-2.251870
1185.434551	-2.246250
1186.124559	-2.224140
1186.814568	-2.184560
1187.504576	-2.126770
1188.194585	-2.050380
1188.884593	-1.955620
1189.574601	-1.843470
1190.264610	-1.715730
1190.954618	-1.574900
1191.644627	-1.424020
1192.334635	-1.266390
1193.024644	-1.105360
1193.714652	-0.944150
1194.404661	-0.785730
1195.094669	-0.632710
1195.784678	-0.487290
1196.474686	-0.351190
1197.164695	-0.225650
1197.854703	-0.111470
1198.544712	-0.009030
1199.234720	0.081670
1199.924729	0.160950
1200.614737	0.229350
1201.304745	0.287600
1201.994754	0.336510
1202.684762	0.376990
1203.374771	0.409940
1204.064779	0.436290
1204.754788	0.456900
1205.444796	0.472630
1206.134805	0.484270
1206.824813	0.492570
1207.514822	0.498270
1208.204830	0.502110
1208.894839	0.504810
1209.584847	0.507100
1210.274856	0.509590
1210.964864	0.512700
1211.654873	0.516640
1212.344881	0.521310
1213.034889	0.526360
1213.724898	0.531260
1214.414906	0.535320
1215.104915	0.537750
1215.794923	0.537750
1216.484932	0.534480
1217.174940	0.527170
1217.864949	0.515110
1218.554957	0.497800
1219.244966	0.474930
1219.934974	0.446500
1220.624983	0.412860
1221.314991	0.374790
1222.005000	0.333500
1222.695008	0.290620
1223.385016	0.248030
1224.075025	0.207750
1224.765033	0.171700
1225.455042	0.141570
1226.145050	0.118720
1226.835059	0.104130
1227.525067	0.098280
