0.000000	-0.720660
0.690002	-0.719290
1.380004	-0.716050
2.070006	-0.711500
2.760008	-0.706240
3.450010	-0.700820
4.140012	-0.695580
4.830014	-0.690650
5.520015	-0.685980
6.210017	-0.681390
6.900019	-0.676720
7.590021	-0.671850
8.280023	-0.666720
8.970025	-0.661350
9.660027	-0.655720
10.350029	-0.649790
11.040031	-0.643460
11.730033	-0.636630
12.420035	-0.629200
13.110037	-0.621190
13.800039	-0.612770
14.490041	-0.604250
15.180042	-0.596070
15.870044	-0.588740
16.560046	-0.582630
17.250048	-0.577990
17.940050	-0.574770
18.630052	-0.572670
19.320054	-0.571180
20.010056	-0.569590
20.700058	-0.567110
21.390060	-0.562950
22.080062	-0.556430
22.770064	-0.546990
23.460066	-0.534280
24.150068	-0.518070
24.840069	-0.498300
25.530071	-0.475030
26.220073	-0.448500
26.910075	-0.419110
27.600077	-0.387420
28.290079	-0.354050
28.980081	-0.319600
29.670083	-0.284630
30.360085	-0.249650
31.050087	-0.215200
31.740089	-0.181890
32.430091	-0.150420
33.120093	-0.121460
33.810095	-0.095620
34.500096	-0.073260
35.190098	-0.054440
35.880100	-0.038880
36.570102	-0.026060
37.260104	-0.015320
37.950106	-0.005990
38.640108	0.002480
39.330110	0.010570
40.020112	0.018610
40.710114	0.026980
41.400116	0.036030
42.090118	0.046110
42.780120	0.057510
43.470122	0.070340
44.160124	0.084550
44.850125	0.100000
45.540127	0.116500
46.230129	0.133910
46.920131	0.152160
47.610133	0.171140
48.300135	0.190690
48.990137	0.210590
49.680139	0.230570
50.370141	0.250440
51.060143	0.270150
51.750145	0.289840
52.440147	0.309830
53.130149	0.330550
53.820151	0.352440
54.510152	0.375870
55.200154	0.401050
55.890156	0.427960
56.580158	0.456370
57.270160	0.485810
57.960162	0.515660
58.650164	0.545230
59.340166	0.573820
60.030168	0.600760
60.720170	0.625470
61.410172	0.647450
62.100174	0.666280
62.790176	0.681580
63.480178	0.693030
64.170179	0.700400
64.860181	0.703610
65.550183	0.702810
66.240185	0.698380
66.930187	0.690880
67.620189	0.680900
68.310191	0.668990
69.000193	0.655560
69.690195	0.640950
70.380197	0.625490
71.070199	0.609570
71.760201	0.593700
72.450203	0.578490
73.140205	0.564540
73.830206	0.552410
74.520208	0.542520
75.210210	0.535120
75.900212	0.530280
76.590214	0.527910
77.280216	0.527810
77.970218	0.529660
78.660220	0.533020
79.350222	0.537360
80.040224	0.542140
80.730226	0.546830
81.420228	0.550990
82.110230	0.554320
82.800232	0.556640
83.490233	0.557900
84.180235	0.558120
84.870237	0.557370
85.560239	0.555730
86.250241	0.553320
86.940243	0.550260
87.630245	0.546680
88.320247	0.542720
89.010249	0.538500
89.700251	0.534080
90.390253	0.529500
91.080255	0.524780
91.770257	0.519860
92.460259	0.514690
93.150261	0.509120
93.840262	0.502980
94.530264	0.496040
95.220266	0.488010
95.910268	0.478620
96.600270	0.467640
97.290272	0.454900
97.980274	0.440390
98.670276	0.424310
99.360278	0.407100
100.050280	0.389350
100.740282	0.371750
101.430284	0.354940
102.120286	0.339430
102.810288	0.325550
103.500289	0.313470
104.190291	0.303200
104.880293	0.294650
105.570295	0.287640
106.260297	0.281880
106.950299	0.276940
107.640301	0.272200
108.330303	0.266790
109.020305	0.259620
109.710307	0.249350
110.400309	0.234520
111.090311	0.213660
111.780313	0.185480
112.470315	0.149120
113.160316	0.104370
113.850318	0.051950
114.540320	-0.006440
115.230322	-0.068250
115.920324	-0.130310
116.610326	-0.189290
117.300328	-0.242050
117.990330	-0.285950
118.680332	-0.318970
119.370334	-0.339740
120.060336	-0.347520
120.750338	-0.342220
121.440340	-0.324400
122.130342	-0.295370
122.820343	-0.257080
123.510345	-0.212060
124.200347	-0.163130
124.890349	-0.113130
125.580351	-0.064660
126.270353	-0.019810
126.960355	0.019870
127.650357	0.053420
128.340359	0.080350
129.030361	0.100580
129.720363	0.114400
130.410365	0.122320
131.100367	0.125050
131.790369	0.123360
132.480371	0.118000
133.170372	0.109690
133.860374	0.099080
134.550376	0.086790
135.240378	0.073410
135.930380	0.059490
136.620382	0.045550
137.310384	0.031980
138.000386	0.019090
138.690388	0.007050
139.380390	-0.004000
140.070392	-0.014020
140.760394	-0.022970
141.450396	-0.030840
142.140398	-0.037680
142.830399	-0.043690
143.520401	-0.049160
144.210403	-0.054470
144.900405	-0.060020
145.590407	-0.066150
146.280409	-0.073090
146.970411	-0.081010
147.660413	-0.090020
148.350415	-0.100260
149.040417	-0.111890
149.730419	-0.125070
150.420421	-0.139940
151.110423	-0.156610
151.800425	-0.175180
152.490426	-0.195730
153.180428	-0.218330
153.870430	-0.243080
154.560432	-0.270060
155.250434	-0.299360
155.940436	-0.331060
156.630438	-0.365210
157.320440	-0.401780
158.010442	-0.440610
158.700444	-0.481260
159.390446	-0.522960
160.080448	-0.564460
160.770450	-0.604010
161.460452	-0.639470
162.150453	-0.668570
162.840455	-0.689370
163.530457	-0.700690
164.220459	-0.702480
164.910461	-0.695880
165.600463	-0.683010
166.290465	-0.666520
166.980467	-0.649010
167.670469	-0.632710
168.360471	-0.619280
169.050473	-0.609730
169.740475	-0.604580
170.430477	-0.603880
171.120479	-0.607390
171.810480	-0.614540
172.500482	-0.624550
173.190484	-0.636500
173.880486	-0.649500
174.570488	-0.662850
175.260490	-0.676080
175.950492	-0.689030
176.640494	-0.701600
177.330496	-0.713660
178.020498	-0.724870
178.710500	-0.734670
179.400502	-0.742350
180.090504	-0.747230
180.780506	-0.748750
181.470508	-0.746540
182.160509	-0.740460
182.850511	-0.730620
183.540513	-0.717250
184.230515	-0.700730
184.920517	-0.681460
185.610519	-0.659820
186.300521	-0.636150
186.990523	-0.610750
187.680525	-0.583890
188.370527	-0.555780
189.060529	-0.526510
189.750531	-0.496090
190.440533	-0.464450
191.130535	-0.431580
191.820536	-0.397620
192.510538	-0.362870
193.200540	-0.327790
193.890542	-0.292830
194.580544	-0.258410
195.270546	-0.224840
195.960548	-0.192350
196.650550	-0.161170
197.340552	-0.131520
198.030554	-0.103710
198.720556	-0.078090
199.410558	-0.055040
200.100560	-0.034890
200.790562	-0.017890
201.480563	-0.004130
202.170565	0.006420
202.860567	0.013890
203.550569	0.018460
204.240571	0.020290
204.930573	0.019490
205.620575	0.016230
206.310577	0.010710
207.000579	0.003280
207.690581	-0.005560
208.380583	-0.015340
209.070585	-0.025610
209.760587	-0.036160
210.450589	-0.046990
211.140590	-0.058230
211.830592	-0.070040
212.520594	-0.082460
213.210596	-0.095410
213.900598	-0.108660
214.590600	-0.121890
215.280602	-0.134660
215.970604	-0.146530
216.660606	-0.157080
217.350608	-0.165990
218.040610	-0.173070
218.730612	-0.178320
219.420614	-0.181890
220.110616	-0.184060
220.800618	-0.185230
221.490619	-0.185860
222.180621	-0.186430
222.870623	-0.187410
223.560625	-0.189180
224.250627	-0.191930
224.940629	-0.195670
225.630631	-0.200110
226.320633	-0.204790
227.010635	-0.209130
227.700637	-0.212610
228.390639	-0.214910
229.080641	-0.215960
229.770643	-0.215940
230.460645	-0.215280
231.150646	-0.214480
231.840648	-0.214100
232.530650	-0.214650
233.220652	-0.216580
233.910654	-0.220180
234.600656	-0.225630
235.290658	-0.232880
235.980660	-0.241690
236.670662	-0.251580
237.360664	-0.261890
238.050666	-0.271950
238.740668	-0.281150
239.430670	-0.289080
240.120672	-0.295580
240.810673	-0.300660
241.500675	-0.304450
242.190677	-0.307130
242.880679	-0.308850
243.570681	-0.309700
244.260683	-0.309710
244.950685	-0.308870
245.640687	-0.307160
246.330689	-0.304590
247.020691	-0.301250
247.710693	-0.297350
248.400695	-0.293120
249.090697	-0.288850
249.780699	-0.284790
250.470700	-0.281200
251.160702	-0.278350
251.850704	-0.276520
252.540706	-0.275940
253.230708	-0.276780
253.920710	-0.279000
254.610712	-0.282390
255.300714	-0.286510
255.990716	-0.290750
256.680718	-0.294460
257.370720	-0.297030
258.060722	-0.298000
258.750724	-0.297110
259.440726	-0.294310
260.130727	-0.289780
260.820729	-0.283840
261.510731	-0.276980
262.200733	-0.269750
262.890735	-0.262800
263.580737	-0.256670
264.270739	-0.251780
264.960741	-0.248350
265.650743	-0.246390
266.340745	-0.245810
267.030747	-0.246480
267.720749	-0.248320
268.410751	-0.251300
269.100753	-0.255460
269.790755	-0.260790
270.480756	-0.267280
271.170758	-0.274800
271.860760	-0.283120
272.550762	-0.291910
273.240764	-0.300750
273.930766	-0.309140
274.620768	-0.316570
275.310770	-0.322440
276.000772	-0.326170
276.690774	-0.327170
277.380776	-0.324950
278.070778	-0.319110
278.760780	-0.309490
279.450782	-0.296120
280.140783	-0.279250
280.830785	-0.259260
281.520787	-0.236560
282.210789	-0.211530
282.900791	-0.184490
283.590793	-0.155680
284.280795	-0.125310
284.970797	-0.093610
285.660799	-0.060780
286.350801	-0.027070
287.040803	0.007310
287.730805	0.042150
288.420807	0.077170
289.110809	0.111990
289.800810	0.146110
290.490812	0.178830
291.180814	0.209360
291.870816	0.236840
292.560818	0.260490
293.250820	0.279690
293.940822	0.294110
294.630824	0.303690
295.320826	0.308720
296.010828	0.309760
296.700830	0.307770
297.390832	0.304020
298.080834	0.300090
298.770836	0.297600
299.460837	0.297930
300.150839	0.301940
300.840841	0.309700
301.530843	0.320540
302.220845	0.333230
302.910847	0.346260
303.600849	0.358120
304.290851	0.367530
304.980853	0.373510
305.670855	0.375470
306.360857	0.373150
307.050859	0.366690
307.740861	0.356520
308.430863	0.343360
309.120865	0.328150
309.810866	0.311940
310.500868	0.295880
311.190870	0.281050
311.880872	0.268450
312.570874	0.258780
313.260876	0.252500
313.950878	0.249750
314.640880	0.250370
315.330882	0.254010
316.020884	0.260110
316.710886	0.268020
317.400888	0.277010
318.090890	0.286370
318.780892	0.295470
319.470893	0.303820
320.160895	0.311080
320.850897	0.317120
321.540899	0.322030
322.230901	0.326050
322.920903	0.329490
323.610905	0.332710
324.300907	0.335960
324.990909	0.339370
325.680911	0.342940
326.370913	0.346570
327.060915	0.350100
327.750917	0.353310
328.440919	0.356000
329.130920	0.358020
329.820922	0.359260
330.510924	0.359670
331.200926	0.359290
331.890928	0.358200
332.580930	0.356610
333.270932	0.354830
333.960934	0.353350
334.650936	0.352820
335.340938	0.353970
336.030940	0.357510
336.720942	0.363950
337.410944	0.373540
338.100946	0.386140
338.790947	0.401290
339.480949	0.418270
340.170951	0.436250
340.860953	0.454400
341.550955	0.472010
342.240957	0.488490
342.930959	0.503360
343.620961	0.516250
344.310963	0.526810
345.000965	0.534790
345.690967	0.540040
346.380969	0.542540
347.070971	0.542400
347.760973	0.539800
348.450974	0.534980
349.140976	0.528170
349.830978	0.519570
350.520980	0.509360
351.210982	0.497680
351.900984	0.484640
352.590986	0.470300
353.280988	0.454700
353.970990	0.437910
354.660992	0.419950
355.350994	0.400820
356.040996	0.380350
356.730998	0.358250
357.421000	0.334070
358.111002	0.307330
358.801003	0.277630
359.491005	0.244740
360.181007	0.208660
360.871009	0.169570
361.561011	0.127840
362.251013	0.084020
362.941015	0.038840
363.631017	-0.006700
364.321019	-0.051430
365.011021	-0.093990
365.701023	-0.133000
366.391025	-0.167240
367.081027	-0.195750
367.771029	-0.217870
368.461030	-0.233360
369.151032	-0.242320
369.841034	-0.245220
370.531036	-0.242820
371.221038	-0.235940
371.911040	-0.225380
372.601042	-0.211790
373.291044	-0.195650
373.981046	-0.177390
374.671048	-0.157360
375.361050	-0.135960
376.051052	-0.113550
376.741054	-0.090380
377.431056	-0.066550
378.121057	-0.041980
378.811059	-0.016410
379.501061	0.010510
380.191063	0.039230
380.881065	0.070170
381.571067	0.103730
382.261069	0.140210
382.951071	0.179830
383.641073	0.222550
384.331075	0.268030
385.021077	0.315490
385.711079	0.363610
386.401081	0.410620
387.091083	0.454470
387.781084	0.493050
388.471086	0.524530
389.161088	0.547490
389.851090	0.561120
390.541092	0.565210
391.231094	0.560080
391.921096	0.546550
392.611098	0.525740
393.301100	0.498940
393.991102	0.467440
394.681104	0.432470
395.371106	0.395170
396.061108	0.356600
396.751110	0.317770
397.441112	0.279670
398.131113	0.243230
398.821115	0.209330
399.511117	0.178710
400.201119	0.151950
400.891121	0.129440
401.581123	0.111330
402.271125	0.097530
402.961127	0.087690
403.651129	0.081270
404.341131	0.077540
405.031133	0.075650
405.721135	0.074770
406.411137	0.074170
407.101139	0.073320
407.791140	0.072020
408.481142	0.070310
409.171144	0.068470
409.861146	0.066920
410.551148	0.066080
411.241150	0.066280
411.931152	0.067710
412.621154	0.070400
413.311156	0.074290
414.001158	0.079210
414.691160	0.084970
415.381162	0.091340
416.071164	0.098070
416.761166	0.104800
417.451167	0.111080
418.141169	0.116390
418.831171	0.120200
419.521173	0.122110
420.211175	0.121900
420.901177	0.119570
421.591179	0.115340
422.281181	0.109550
422.971183	0.102570
423.661185	0.094740
424.351187	0.086300
425.041189	0.077420
425.731191	0.068230
426.421193	0.058840
427.111194	0.049440
427.801196	0.040270
428.491198	0.031600
429.181200	0.023730
429.871202	0.016890
430.561204	0.011250
431.251206	0.006870
431.941208	0.003750
432.631210	0.001800
433.321212	0.000870
434.011214	0.000700
434.701216	0.000900
435.391218	0.000950
436.081220	0.000220
436.771221	-0.001880
437.461223	-0.005890
438.151225	-0.012110
438.841227	-0.020660
439.531229	-0.031400
440.221231	-0.044080
440.911233	-0.058300
441.601235	-0.073660
442.291237	-0.089710
442.981239	-0.105990
443.671241	-0.122040
444.361243	-0.137420
445.051245	-0.151740
445.741247	-0.164640
446.431249	-0.175790
447.121250	-0.184860
447.811252	-0.191500
448.501254	-0.195410
449.191256	-0.196290
449.881258	-0.193990
450.571260	-0.188460
451.261262	-0.179790
451.951264	-0.168180
452.641266	-0.153880
453.331268	-0.137140
454.021270	-0.118200
454.711272	-0.097350
455.401274	-0.075010
456.091276	-0.051840
456.781277	-0.028660
457.471279	-0.006500
458.161281	0.013620
458.851283	0.030870
459.541285	0.044650
460.231287	0.054680
460.921289	0.060960
461.611291	0.063650
462.301293	0.063010
462.991295	0.059360
463.681297	0.053100
464.371299	0.044730
465.061301	0.034840
465.751303	0.024070
466.441304	0.013020
467.131306	0.002180
467.821308	-0.008070
468.511310	-0.017430
469.201312	-0.025570
469.891314	-0.032120
470.581316	-0.036610
471.271318	-0.038590
471.961320	-0.037630
472.651322	-0.033450
473.341324	-0.025960
474.031326	-0.015340
474.721328	-0.002050
475.411330	0.013220
476.101331	0.029740
476.791333	0.046790
477.481335	0.063840
478.171337	0.080620
478.861339	0.097030
479.551341	0.113040
480.241343	0.128580
480.931345	0.143510
481.621347	0.157640
482.311349	0.170780
483.001351	0.182830
483.691353	0.193790
484.381355	0.203690
485.071357	0.212620
485.761359	0.220620
486.451360	0.227640
487.141362	0.233580
487.831364	0.238250
488.521366	0.241430
489.211368	0.242910
489.901370	0.242520
490.591372	0.240190
491.281374	0.236020
491.971376	0.230270
492.661378	0.223300
493.351380	0.215540
494.041382	0.207490
494.731384	0.199740
495.421386	0.192970
496.111387	0.188020
496.801389	0.185840
497.491391	0.187330
498.181393	0.193210
498.871395	0.203870
499.561397	0.219200
500.251399	0.238610
500.941401	0.261020
501.631403	0.285040
502.321405	0.309080
503.011407	0.331550
503.701409	0.351030
504.391411	0.366310
505.081413	0.376490
505.771414	0.380910
506.461416	0.379160
507.151418	0.371060
507.841420	0.356660
508.531422	0.336320
509.221424	0.310670
509.911426	0.280650
510.601428	0.247360
511.291430	0.212000
511.981432	0.175700
512.671434	0.139490
513.361436	0.104200
514.051438	0.070450
514.741440	0.038680
515.431441	0.009150
516.121443	-0.018060
516.811445	-0.042970
517.501447	-0.065730
518.191449	-0.086540
518.881451	-0.105670
519.571453	-0.123450
520.261455	-0.140200
520.951457	-0.156260
521.641459	-0.171880
522.331461	-0.187240
523.021463	-0.202370
523.711465	-0.217250
524.401467	-0.231790
525.091468	-0.245920
525.781470	-0.259600
526.471472	-0.272840
527.161474	-0.285600
527.851476	-0.297810
528.541478	-0.309260
529.231480	-0.319660
529.921482	-0.328690
530.611484	-0.336010
531.301486	-0.341360
531.991488	-0.344580
532.681490	-0.345650
533.371492	-0.344710
534.061494	-0.342070
534.751496	-0.338170
535.441497	-0.333560
536.131499	-0.328810
536.821501	-0.324480
537.511503	-0.321070
538.201505	-0.318980
538.891507	-0.318490
539.581509	-0.319710
540.271511	-0.322630
540.961513	-0.327100
541.651515	-0.332830
542.341517	-0.339460
543.031519	-0.346600
543.721521	-0.353950
544.411523	-0.361290
545.101524	-0.368550
545.791526	-0.375760
546.481528	-0.383030
547.171530	-0.390430
547.861532	-0.398010
548.551534	-0.405680
549.241536	-0.413290
549.931538	-0.420580
550.621540	-0.427230
551.311542	-0.432890
552.001544	-0.437150
552.691546	-0.439640
553.381548	-0.440010
554.071550	-0.437990
554.761551	-0.433520
555.451553	-0.426710
556.141555	-0.417970
556.831557	-0.407920
557.521559	-0.397310
558.211561	-0.386950
558.901563	-0.377600
559.591565	-0.369880
560.281567	-0.364240
560.971569	-0.360920
561.661571	-0.359990
562.351573	-0.361370
563.041575	-0.364850
563.731577	-0.370160
564.421578	-0.377040
565.111580	-0.385260
565.801582	-0.394610
566.491584	-0.404890
567.181586	-0.415910
567.871588	-0.427410
568.561590	-0.439150
569.251592	-0.450870
569.941594	-0.462340
570.631596	-0.473380
571.321598	-0.483780
572.011600	-0.493390
572.701602	-0.502000
573.391604	-0.509460
574.081606	-0.515630
574.771607	-0.520480
575.461609	-0.524030
576.151611	-0.526400
576.841613	-0.527700
577.531615	-0.528080
578.221617	-0.527600
578.911619	-0.526250
579.601621	-0.523880
580.291623	-0.520230
580.981625	-0.514920
581.671627	-0.507540
582.361629	-0.497690
583.051631	-0.485080
583.741633	-0.469630
584.431634	-0.451490
585.121636	-0.431060
585.811638	-0.408860
586.501640	-0.385470
587.191642	-0.361370
587.881644	-0.336890
588.571646	-0.312240
589.261648	-0.287490
589.951650	-0.262660
590.641652	-0.237620
591.331654	-0.212190
592.021656	-0.186020
592.711658	-0.158710
593.401660	-0.129810
594.091661	-0.098880
594.781663	-0.065590
595.471665	-0.029790
596.161667	0.008500
596.851669	0.049080
597.541671	0.091560
598.231673	0.135430
598.921675	0.180110
599.611677	0.224990
600.301679	0.269370
600.991681	0.312540
601.681683	0.353750
602.371685	0.392260
603.061687	0.427430
603.751688	0.458800
604.441690	0.486130
605.131692	0.509490
605.821694	0.529210
606.511696	0.545780
607.201698	0.559800
607.891700	0.571850
608.581702	0.582360
609.271704	0.591640
609.961706	0.599840
610.651708	0.607050
611.341710	0.613320
612.031712	0.618770
612.721714	0.623510
613.411715	0.627690
614.101717	0.631430
614.791719	0.634800
615.481721	0.637790
616.171723	0.640380
616.861725	0.642570
617.551727	0.644330
618.241729	0.645700
618.931731	0.646730
619.621733	0.647470
620.311735	0.648020
621.001737	0.648490
621.691739	0.649010
622.381741	0.649760
623.071743	0.650840
623.761744	0.652340
624.451746	0.654280
625.141748	0.656620
625.831750	0.659300
626.521752	0.662200
627.211754	0.665210
627.901756	0.668250
628.591758	0.671200
629.281760	0.674000
629.971762	0.676540
630.661764	0.678700
631.351766	0.680350
632.041768	0.681350
632.731770	0.681620
633.421771	0.681110
634.111773	0.679840
634.801775	0.677880
635.491777	0.675270
636.181779	0.672050
636.871781	0.668240
637.561783	0.663910
638.251785	0.659150
638.941787	0.654120
639.631789	0.649010
640.321791	0.643980
641.011793	0.639110
641.701795	0.634420
642.391797	0.629830
643.081798	0.625270
643.771800	0.620640
644.461802	0.615930
645.151804	0.611150
645.841806	0.606430
646.531808	0.601920
647.221810	0.597840
647.911812	0.594370
648.601814	0.591690
649.291816	0.589860
649.981818	0.588890
650.671820	0.588620
651.361822	0.588800
652.051824	0.589110
652.741825	0.589170
653.431827	0.588620
654.121829	0.587160
654.811831	0.584570
655.501833	0.580660
656.191835	0.575360
656.881837	0.568610
657.571839	0.560460
658.261841	0.550990
658.951843	0.540390
659.641845	0.528900
660.331847	0.516850
661.021849	0.504680
661.711851	0.492860
662.401853	0.481880
663.091854	0.472230
663.781856	0.464250
664.471858	0.458170
665.161860	0.454040
665.851862	0.451750
666.541864	0.451040
667.231866	0.451600
667.921868	0.453110
668.611870	0.455240
669.301872	0.457750
669.991874	0.460470
670.681876	0.463340
671.371878	0.466360
672.061880	0.469670
672.751881	0.473420
673.441883	0.477800
674.131885	0.482970
674.821887	0.489030
675.511889	0.495990
676.201891	0.503770
676.891893	0.512180
677.581895	0.520980
678.271897	0.529840
678.961899	0.538360
679.651901	0.546100
680.341903	0.552610
681.031905	0.557430
681.721907	0.560140
682.411908	0.560410
683.101910	0.557990
683.791912	0.552710
684.481914	0.544560
685.171916	0.533640
685.861918	0.520220
686.551920	0.504740
687.241922	0.487830
687.931924	0.470170
688.621926	0.452510
689.311928	0.435520
690.001930	0.419680
690.691932	0.405300
691.381934	0.392430
692.071935	0.380900
692.761937	0.370390
693.451939	0.360460
694.141941	0.350640
694.831943	0.340530
695.521945	0.329820
696.211947	0.318360
696.901949	0.306110
697.591951	0.293160
698.281953	0.279590
698.971955	0.265410
699.661957	0.250570
700.351959	0.234940
701.041961	0.218430
701.731962	0.201040
702.421964	0.182910
703.111966	0.164280
703.801968	0.145470
704.491970	0.126860
705.181972	0.108870
705.871974	0.092010
706.561976	0.076790
707.251978	0.063670
707.941980	0.053000
708.631982	0.044960
709.321984	0.039630
710.011986	0.037060
710.701988	0.037330
711.391990	0.040510
712.081991	0.046530
712.771993	0.055030
713.461995	0.065260
714.151997	0.076140
714.841999	0.086430
715.532001	0.094960
716.222003	0.100840
716.912005	0.103610
717.602007	0.103260
718.292009	0.100180
718.982011	0.094980
719.672013	0.088400
720.362015	0.081200
721.052017	0.074040
721.742018	0.067400
722.432020	0.061630
723.122022	0.056890
723.812024	0.053260
724.502026	0.050790
725.192028	0.049520
725.882030	0.049500
726.572032	0.050710
727.262034	0.052990
727.952036	0.056020
728.642038	0.059300
729.332040	0.062220
730.022042	0.064190
730.712044	0.064680
731.402045	0.063350
732.092047	0.060040
732.782049	0.054850
733.472051	0.048120
734.162053	0.040430
734.852055	0.032490
735.542057	0.025090
736.232059	0.018990
736.922061	0.014750
737.612063	0.012730
738.302065	0.012970
738.992067	0.015330
739.682069	0.019530
740.372071	0.025320
741.062072	0.032480
741.752074	0.040740
742.442076	0.049770
743.132078	0.059030
743.822080	0.067920
744.512082	0.075890
745.202084	0.082590
745.892086	0.087970
746.582088	0.092240
747.272090	0.095820
747.962092	0.099240
748.652094	0.103070
749.342096	0.107900
750.032098	0.114270
750.722100	0.122660
751.412101	0.133460
752.102103	0.146960
752.792105	0.163300
753.482107	0.182500
754.172109	0.204380
754.862111	0.228580
755.552113	0.254540
756.242115	0.281540
756.932117	0.308810
757.622119	0.335470
758.312121	0.360680
759.002123	0.383530
759.692125	0.403110
760.382127	0.418540
761.072128	0.429060
761.762130	0.434090
762.452132	0.433420
763.142134	0.427210
763.832136	0.416070
764.522138	0.401040
765.212140	0.383380
765.902142	0.364470
766.592144	0.345650
767.282146	0.328120
767.972148	0.312910
768.662150	0.300950
769.352152	0.293000
770.042154	0.289630
770.732155	0.291120
771.422157	0.297360
772.112159	0.307770
772.802161	0.321250
773.492163	0.336240
774.182165	0.350720
774.872167	0.362430
775.562169	0.369040
776.252171	0.368500
776.942173	0.359230
777.632175	0.340370
778.322177	0.311710
779.012179	0.273690
779.702181	0.227180
780.392182	0.173370
781.082184	0.113660
781.772186	0.049650
782.462188	-0.016960
783.152190	-0.084450
783.842192	-0.151170
784.532194	-0.215700
785.222196	-0.276920
785.912198	-0.334060
786.602200	-0.386660
787.292202	-0.434550
787.982204	-0.477750
788.672206	-0.516380
789.362208	-0.550680
790.052209	-0.580920
790.742211	-0.607390
791.432213	-0.630430
792.122215	-0.650300
792.812217	-0.667280
793.502219	-0.681610
794.192221	-0.693530
794.882223	-0.703270
795.572225	-0.711090
796.262227	-0.717220
796.952229	-0.721910
797.642231	-0.725380
798.332233	-0.727860
799.022235	-0.729560
799.712237	-0.730650
800.402238	-0.731190
801.092240	-0.731160
801.782242	-0.730460
802.472244	-0.728950
803.162246	-0.726520
803.852248	-0.723140
804.542250	-0.718890
805.232252	-0.713940
805.922254	-0.708540
806.612256	-0.702990
807.302258	-0.697620
807.992260	-0.692740
808.682262	-0.688680
809.372264	-0.685720
810.062265	-0.684060
810.752267	-0.683840
811.442269	-0.685080
812.132271	-0.687690
812.822273	-0.691500
813.512275	-0.696240
814.202277	-0.701580
814.892279	-0.707140
815.582281	-0.712520
816.272283	-0.717310
816.962285	-0.721150
817.652287	-0.723750
818.342289	-0.725020
819.032291	-0.725100
819.722292	-0.724370
820.412294	-0.723400
821.102296	-0.722770
821.792298	-0.722990
822.482300	-0.724300
823.172302	-0.726680
823.862304	-0.729800
824.552306	-0.733120
825.242308	-0.736010
825.932310	-0.737850
826.622312	-0.738170
827.312314	-0.736730
828.002316	-0.733560
828.692318	-0.728900
829.382319	-0.723140
830.072321	-0.716730
830.762323	-0.710170
831.452325	-0.703910
832.142327	-0.698370
832.832329	-0.693820
833.522331	-0.690440
834.212333	-0.688200
834.902335	-0.686950
835.592337	-0.686420
836.282339	-0.686340
836.972341	-0.686430
837.662343	-0.686470
838.352345	-0.686260
839.042347	-0.685580
839.732348	-0.684200
840.422350	-0.681890
841.112352	-0.678450
841.802354	-0.673800
842.492356	-0.667980
843.182358	-0.661180
843.872360	-0.653760
844.562362	-0.646150
845.252364	-0.638830
845.942366	-0.632250
846.632368	-0.626820
847.322370	-0.622880
848.012372	-0.620700
848.702374	-0.620450
849.392375	-0.622190
850.082377	-0.625870
850.772379	-0.631340
851.462381	-0.638350
852.152383	-0.646570
852.842385	-0.655590
853.532387	-0.664970
854.222389	-0.674280
854.912391	-0.683120
855.602393	-0.691180
856.292395	-0.698220
856.982397	-0.704050
857.672399	-0.708550
858.362401	-0.711630
859.052402	-0.713310
859.742404	-0.713700
860.432406	-0.713070
861.122408	-0.711800
861.812410	-0.710370
862.502412	-0.709250
863.192414	-0.708780
863.882416	-0.709080
864.572418	-0.709970
865.262420	-0.710890
865.952422	-0.710980
866.642424	-0.709200
867.332426	-0.704620
868.022428	-0.696630
868.712429	-0.685130
869.402431	-0.670610
870.092433	-0.654100
870.782435	-0.637000
871.472437	-0.620830
872.162439	-0.607010
872.852441	-0.596570
873.542443	-0.589990
874.232445	-0.587060
874.922447	-0.586930
875.612449	-0.588340
876.302451	-0.589850
876.992453	-0.590080
877.682455	-0.587850
878.372456	-0.582190
879.062458	-0.572330
879.752460	-0.557790
880.442462	-0.538460
881.132464	-0.514730
881.822466	-0.487570
882.512468	-0.458360
883.202470	-0.428610
883.892472	-0.399700
884.582474	-0.372620
885.272476	-0.347930
885.962478	-0.325810
886.652480	-0.306220
887.342482	-0.289020
888.032484	-0.274090
888.722485	-0.261460
889.412487	-0.251280
890.102489	-0.243930
890.792491	-0.239920
891.482493	-0.239880
892.172495	-0.244390
892.862497	-0.253900
893.552499	-0.268480
894.242501	-0.287720
894.932503	-0.310530
895.622505	-0.335150
896.312507	-0.359240
897.002509	-0.380150
897.692511	-0.395290
898.382512	-0.402490
899.072514	-0.400300
899.762516	-0.388160
900.452518	-0.366260
901.142520	-0.335450
901.832522	-0.296970
902.522524	-0.252270
903.212526	-0.202880
903.902528	-0.150310
904.592530	-0.096010
905.282532	-0.041330
905.972534	0.012500
906.662536	0.064440
907.352538	0.113570
908.042539	0.159190
908.732541	0.200780
909.422543	0.237960
910.112545	0.270450
910.802547	0.298050
911.492549	0.320540
912.182551	0.337750
912.872553	0.349560
913.562555	0.356020
914.252557	0.357490
914.942559	0.354700
915.632561	0.348800
916.322563	0.341290
917.012565	0.333780
917.702566	0.327810
918.392568	0.324580
919.082570	0.324770
919.772572	0.328490
920.462574	0.335300
921.152576	0.344340
921.842578	0.354510
922.532580	0.364660
923.222582	0.373740
923.912584	0.380890
924.602586	0.385480
925.292588	0.387130
925.982590	0.385690
926.672592	0.381270
927.362594	0.374190
928.052595	0.365010
928.742597	0.354470
929.432599	0.343360
930.122601	0.332410
930.812603	0.322180
931.502605	0.312960
932.192607	0.304770
932.882609	0.297360
933.572611	0.290380
934.262613	0.283410
934.952615	0.276100
935.642617	0.268200
936.332619	0.259570
937.022621	0.250250
937.712622	0.240480
938.402624	0.230670
939.092626	0.221340
939.782628	0.212990
940.472630	0.205910
941.162632	0.200030
941.852634	0.194820
942.542636	0.189350
943.232638	0.182370
943.922640	0.172500
944.612642	0.158380
945.302644	0.138730
945.992646	0.112460
946.682648	0.078710
947.372649	0.036850
948.062651	-0.013440
948.752653	-0.072100
949.442655	-0.138640
950.132657	-0.212030
950.822659	-0.290670
951.512661	-0.372420
952.202663	-0.454710
952.892665	-0.534720
953.582667	-0.609630
954.272669	-0.676730
954.962671	-0.733630
955.652673	-0.778320
956.342675	-0.809190
957.032676	-0.825130
957.722678	-0.825460
958.412680	-0.809860
959.102682	-0.778350
959.792684	-0.731240
960.482686	-0.669300
961.172688	-0.593980
961.862690	-0.507600
962.552692	-0.413430
963.242694	-0.315530
963.932696	-0.218280
964.622698	-0.125830
965.312700	-0.041550
966.002702	0.032230
966.692704	0.094390
967.382705	0.144750
968.072707	0.183840
968.762709	0.212630
969.452711	0.232340
970.142713	0.244250
970.832715	0.249620
971.522717	0.249580
972.212719	0.245120
972.902721	0.237060
973.592723	0.226120
974.282725	0.212940
974.972727	0.198040
975.662729	0.181920
976.352731	0.165020
977.042732	0.147780
977.732734	0.130630
978.422736	0.114050
979.112738	0.098460
979.802740	0.084280
980.492742	0.071910
981.182744	0.061660
981.872746	0.053760
982.562748	0.048230
983.252750	0.044870
983.942752	0.043230
984.632754	0.042680
985.322756	0.042600
986.012758	0.042470
986.702759	0.041990
987.392761	0.041070
988.082763	0.039750
988.772765	0.038140
989.462767	0.036280
990.152769	0.034130
990.842771	0.031490
991.532773	0.028080
992.222775	0.023560
992.912777	0.017580
993.602779	0.009880
994.292781	0.000360
994.982783	-0.010910
995.672785	-0.023730
996.362786	-0.037730
997.052788	-0.052470
997.742790	-0.067460
998.432792	-0.082210
999.122794	-0.096190
999.812796	-0.108830
1000.502798	-0.119520
1001.192800	-0.127650
1001.882802	-0.132630
1002.572804	-0.133960
1003.262806	-0.131340
1003.952808	-0.124660
1004.642810	-0.114100
1005.332812	-0.100090
1006.022813	-0.083340
1006.712815	-0.064720
1007.402817	-0.045210
1008.092819	-0.025820
1008.782821	-0.007520
1009.472823	0.008800
1010.162825	0.022400
1010.852827	0.032700
1011.542829	0.039380
1012.232831	0.042380
1012.922833	0.041970
1013.612835	0.038710
1014.302837	0.033390
1014.992839	0.026940
1015.682841	0.020290
1016.372842	0.014270
1017.062844	0.009540
1017.752846	0.006570
1018.442848	0.005640
1019.132850	0.006890
1019.822852	0.010390
1020.512854	0.016210
1021.202856	0.024390
1021.892858	0.034980
1022.582860	0.048040
1023.272862	0.063690
1023.962864	0.082050
1024.652866	0.103270
1025.342868	0.127480
1026.032869	0.154770
1026.722871	0.185080
1027.412873	0.218220
1028.102875	0.253810
1028.792877	0.291270
1029.482879	0.329860
1030.172881	0.368730
1030.862883	0.406920
1031.552885	0.443470
1032.242887	0.477460
1032.932889	0.508070
1033.622891	0.534620
1034.312893	0.556710
1035.002895	0.574190
1035.692896	0.587190
1036.382898	0.596050
1037.072900	0.601270
1037.762902	0.603490
1038.452904	0.603370
1039.142906	0.601650
1039.832908	0.599060
1040.522910	0.596250
1041.212912	0.593770
1041.902914	0.591970
1042.592916	0.591050
1043.282918	0.591120
1043.972920	0.592210
1044.662922	0.594330
1045.352923	0.597460
1046.042925	0.601530
1046.732927	0.606350
1047.422929	0.611620
1048.112931	0.616990
1048.802933	0.622080
1049.492935	0.626570
1050.182937	0.630240
1050.872939	0.632970
1051.562941	0.634800
1052.252943	0.635830
1052.942945	0.636250
1053.632947	0.636230
1054.322949	0.635930
1055.012951	0.635470
1055.702952	0.634890
1056.392954	0.634180
1057.082956	0.633300
1057.772958	0.632210
1058.462960	0.630890
1059.152962	0.629380
1059.842964	0.627790
1060.532966	0.626210
1061.222968	0.624770
1061.912970	0.623510
