0.000000	0.283660
0.689999	0.272540
1.379998	0.260600
2.069997	0.248250
2.759997	0.235990
3.449996	0.224290
4.139995	0.213590
4.829994	0.204240
5.519993	0.196530
6.209992	0.190660
6.899991	0.186820
7.589991	0.185140
8.279990	0.185740
8.969989	0.188640
9.659988	0.193770
10.349987	0.200930
11.039986	0.209820
11.729985	0.220030
12.419985	0.231100
13.109984	0.242510
13.799983	0.253770
14.489982	0.264400
15.179981	0.274030
15.869980	0.282360
16.559979	0.289160
17.249979	0.294300
17.939978	0.297710
18.629977	0.299350
19.319976	0.299230
20.009975	0.297380
20.699974	0.293850
21.389973	0.288740
22.079972	0.282180
22.769972	0.274360
23.459971	0.265540
24.149970	0.256000
24.839969	0.246060
25.529968	0.236050
26.219967	0.226280
26.909966	0.217040
27.599966	0.208590
28.289965	0.201130
28.979964	0.194800
29.669963	0.189680
30.359962	0.185800
31.049961	0.183140
31.739960	0.181620
32.429960	0.181130
33.119959	0.181520
33.809958	0.182630
34.499957	0.184270
35.189956	0.186290
35.879955	0.188530
36.569954	0.190860
37.259954	0.193140
37.949953	0.195300
38.639952	0.197240
39.329951	0.198910
40.019950	0.200290
40.709949	0.201390
41.399948	0.202230
42.089948	0.202820
42.779947	0.203150
43.469946	0.203190
44.159945	0.202900
44.849944	0.202260
45.539943	0.201260
46.229942	0.199960
46.919942	0.198430
47.609941	0.196820
48.299940	0.195280
48.989939	0.193950
49.679938	0.192940
50.369937	0.192280
51.059936	0.191930
51.749936	0.191810
52.439935	0.191860
53.129934	0.192060
53.819933	0.192420
54.509932	0.192980
55.199931	0.193770
55.889930	0.194730
56.579930	0.195780
57.269929	0.196790
57.959928	0.197620
58.649927	0.198130
59.339926	0.198240
60.029925	0.197900
60.719924	0.197120
61.409923	0.195930
62.099923	0.194390
62.789922	0.192550
63.479921	0.190530
64.169920	0.188420
64.859919	0.186360
65.549918	0.184450
66.239917	0.182750
66.929917	0.181310
67.619916	0.180160
68.309915	0.179290
68.999914	0.178720
69.689913	0.178450
70.379912	0.178490
71.069911	0.178840
71.759911	0.179510
72.449910	0.180480
73.139909	0.181740
73.829908	0.183270
74.519907	0.185090
75.209906	0.187220
75.899905	0.189700
76.589905	0.192600
77.279904	0.195960
77.969903	0.199790
78.659902	0.204020
79.349901	0.208540
80.039900	0.213170
80.729899	0.217680
81.419899	0.221790
82.109898	0.225190
82.799897	0.227560
83.489896	0.228610
84.179895	0.228130
84.869894	0.226000
85.559893	0.222190
86.249893	0.216790
86.939892	0.209930
87.629891	0.201810
88.319890	0.192670
89.009889	0.182810
89.699888	0.172540
90.389887	0.162190
91.079887	0.152120
91.769886	0.142640
92.459885	0.134060
93.149884	0.126680
93.839883	0.120740
94.529882	0.116460
95.219881	0.113970
95.909881	0.113310
96.599880	0.114420
97.289879	0.117130
97.979878	0.121250
98.669877	0.126520
99.359876	0.132730
100.049875	0.139670
100.739874	0.147190
101.429874	0.155170
102.119873	0.163500
102.809872	0.172090
103.499871	0.180810
104.189870	0.189500
104.879869	0.197900
105.569868	0.205730
106.259868	0.212720
106.949867	0.218640
107.639866	0.223370
108.329865	0.226870
109.019864	0.229200
109.709863	0.230490
110.399862	0.230900
111.089862	0.230600
111.779861	0.229770
112.469860	0.228640
113.159859	0.227470
113.849858	0.226510
114.539857	0.226030
115.229856	0.226260
115.919856	0.227410
116.609855	0.229670
117.299854	0.233210
117.989853	0.238180
118.679852	0.244680
119.369851	0.252720
120.059850	0.262230
120.749850	0.273070
121.439849	0.285020
122.129848	0.297870
122.819847	0.311380
123.509846	0.325310
124.199845	0.339430
124.889844	0.353530
125.579844	0.367410
126.269843	0.380890
126.959842	0.393850
127.649841	0.406160
128.339840	0.417710
129.029839	0.428380
129.719838	0.438080
130.409838	0.446730
131.099837	0.454310
131.789836	0.460860
132.479835	0.466480
133.169834	0.471340
133.859833	0.475650
134.549832	0.479670
135.239832	0.483650
135.929831	0.487830
136.619830	0.492370
137.309829	0.497350
137.999828	0.502760
138.689827	0.508520
139.379826	0.514500
140.069825	0.520520
140.759825	0.526410
141.449824	0.531970
142.139823	0.536970
142.829822	0.541190
143.519821	0.544450
144.209820	0.546600
144.899819	0.547610
145.589819	0.547540
146.279818	0.546500
146.969817	0.544650
147.659816	0.542130
148.349815	0.539080
149.039814	0.535610
149.729813	0.531820
150.419813	0.527800
151.109812	0.523620
151.799811	0.519390
152.489810	0.515200
153.179809	0.511210
153.869808	0.507600
154.559807	0.504530
155.249807	0.502180
155.939806	0.500720
156.629805	0.500250
157.319804	0.500880
158.009803	0.502640
158.699802	0.505540
159.389801	0.509540
160.079801	0.514580
160.769800	0.520600
161.459799	0.527530
162.149798	0.535320
162.839797	0.543890
163.529796	0.553150
164.219795	0.563010
164.909795	0.573370
165.599794	0.584130
166.289793	0.595180
166.979792	0.606370
167.669791	0.617530
168.359790	0.628480
169.049789	0.639020
169.739789	0.649000
170.429788	0.658270
171.119787	0.666730
171.809786	0.674320
172.499785	0.681060
173.189784	0.687040
173.879783	0.692400
174.569783	0.697340
175.259782	0.702060
175.949781	0.706750
176.639780	0.711590
177.329779	0.716720
178.019778	0.722210
178.709777	0.728160
179.399776	0.734570
180.089776	0.741440
180.779775	0.748710
181.469774	0.756280
182.159773	0.764030
182.849772	0.771820
183.539771	0.779460
184.229770	0.786760
184.919770	0.793490
185.609769	0.799430
186.299768	0.804370
186.989767	0.808120
187.679766	0.810560
188.369765	0.811580
189.059764	0.811110
189.749764	0.809100
190.439763	0.805550
191.129762	0.800420
191.819761	0.793710
192.509760	0.785380
193.199759	0.775350
193.889758	0.763510
194.579758	0.749700
195.269757	0.733740
195.959756	0.715440
196.649755	0.694640
197.339754	0.671220
198.029753	0.645100
198.719752	0.616330
199.409752	0.585000
200.099751	0.551330
200.789750	0.515670
201.479749	0.478440
202.169748	0.440180
202.859747	0.401500
203.549746	0.363040
204.239746	0.325480
204.929745	0.289440
205.619744	0.255500
206.309743	0.224150
206.999742	0.195730
207.689741	0.170510
208.379740	0.148570
209.069740	0.129930
209.759739	0.114540
210.449738	0.102280
211.139737	0.092990
211.829736	0.086470
212.519735	0.082460
213.209734	0.080640
213.899734	0.080690
214.589733	0.082240
215.279732	0.084970
215.969731	0.088570
216.659730	0.092790
217.349729	0.097430
218.039728	0.102320
218.729727	0.107320
219.419727	0.112240
220.109726	0.116900
220.799725	0.121040
221.489724	0.124400
222.179723	0.126720
222.869722	0.127760
223.559721	0.127310
224.249721	0.125250
224.939720	0.121480
225.629719	0.115960
226.319718	0.108690
227.009717	0.099740
227.699716	0.089200
228.389715	0.077250
229.079715	0.064090
229.769714	0.049990
230.459713	0.035210
231.149712	0.020010
231.839711	0.004570
232.529710	-0.011070
233.219709	-0.026930
233.909709	-0.043160
234.599708	-0.059980
235.289707	-0.077580
235.979706	-0.096110
236.669705	-0.115650
237.359704	-0.136220
238.049703	-0.157800
238.739703	-0.180430
239.429702	-0.204110
240.119701	-0.228900
240.809700	-0.254830
241.499699	-0.281860
242.189698	-0.309940
242.879697	-0.338880
243.569697	-0.368430
244.259696	-0.398250
244.949695	-0.427920
245.639694	-0.457020
246.329693	-0.485150
247.019692	-0.511990
247.709691	-0.537290
248.399691	-0.560920
249.089690	-0.582770
249.779689	-0.602750
250.469688	-0.620790
251.159687	-0.636860
251.849686	-0.650950
252.539685	-0.663170
253.229685	-0.673730
253.919684	-0.682890
254.609683	-0.690940
255.299682	-0.698150
255.989681	-0.704740
256.679680	-0.710860
257.369679	-0.716630
258.059678	-0.722120
258.749678	-0.727390
259.439677	-0.732490
260.129676	-0.737460
260.819675	-0.742290
261.509674	-0.746950
262.199673	-0.751360
262.889672	-0.755410
263.579672	-0.758970
264.269671	-0.761880
264.959670	-0.763970
265.649669	-0.765070
266.339668	-0.765010
267.029667	-0.763630
267.719666	-0.760820
268.409666	-0.756520
269.099665	-0.750690
269.789664	-0.743410
270.479663	-0.734760
271.169662	-0.724930
271.859661	-0.714120
272.549660	-0.702610
273.239660	-0.690680
273.929659	-0.678640
274.619658	-0.666800
275.309657	-0.655410
275.999656	-0.644670
276.689655	-0.634680
277.379654	-0.625470
278.069654	-0.617000
278.759653	-0.609180
279.449652	-0.601920
280.139651	-0.595090
280.829650	-0.588600
281.519649	-0.582370
282.209648	-0.576330
282.899648	-0.570470
283.589647	-0.564770
284.279646	-0.559250
284.969645	-0.553920
285.659644	-0.548800
286.349643	-0.543900
287.039642	-0.539240
287.729642	-0.534830
288.419641	-0.530690
289.109640	-0.526870
289.799639	-0.523380
290.489638	-0.520260
291.179637	-0.517500
291.869636	-0.515080
292.559636	-0.512970
293.249635	-0.511120
293.939634	-0.509470
294.629633	-0.507930
295.319632	-0.506390
296.009631	-0.504660
296.699630	-0.502570
297.389629	-0.499920
298.079629	-0.496570
298.769628	-0.492480
299.459627	-0.487650
300.149626	-0.482110
300.839625	-0.475930
301.529624	-0.469160
302.219623	-0.461890
302.909623	-0.454240
303.599622	-0.446370
304.289621	-0.438470
304.979620	-0.430760
305.669619	-0.423430
306.359618	-0.416680
307.049617	-0.410650
307.739617	-0.405420
308.429616	-0.401000
309.119615	-0.397290
309.809614	-0.394100
310.499613	-0.391160
311.189612	-0.388150
311.879611	-0.384760
312.569611	-0.380730
313.259610	-0.375890
313.949609	-0.370170
314.639608	-0.363630
315.329607	-0.356420
316.019606	-0.348790
316.709605	-0.341050
317.399605	-0.333550
318.089604	-0.326650
318.779603	-0.320740
319.469602	-0.316140
320.159601	-0.313150
320.849600	-0.311930
321.539599	-0.312530
322.229599	-0.314850
322.919598	-0.318660
323.609597	-0.323630
324.299596	-0.329380
324.989595	-0.335480
325.679594	-0.341530
326.369593	-0.347150
327.059593	-0.352060
327.749592	-0.356050
328.439591	-0.359040
329.129590	-0.361040
329.819589	-0.362130
330.509588	-0.362440
331.199587	-0.362090
331.889587	-0.361200
332.579586	-0.359860
333.269585	-0.358120
333.959584	-0.356040
334.649583	-0.353680
335.339582	-0.351130
336.029581	-0.348550
336.719580	-0.346150
337.409580	-0.344180
338.099579	-0.342910
338.789578	-0.342530
339.479577	-0.343170
340.169576	-0.344900
340.859575	-0.347670
341.549574	-0.351400
342.239574	-0.355920
342.929573	-0.361070
343.619572	-0.366640
344.309571	-0.372440
344.999570	-0.378220
345.689569	-0.383750
346.379568	-0.388810
347.069568	-0.393190
347.759567	-0.396740
348.449566	-0.399400
349.139565	-0.401210
349.829564	-0.402290
350.519563	-0.402800
351.209562	-0.402900
351.899562	-0.402720
352.589561	-0.402330
353.279560	-0.401690
353.969559	-0.400720
354.659558	-0.399210
355.349557	-0.396900
356.039556	-0.393460
356.729556	-0.388510
357.419555	-0.381680
358.109554	-0.372600
358.799553	-0.360940
359.489552	-0.346410
360.179551	-0.328740
360.869550	-0.307670
361.559550	-0.283030
362.249549	-0.254660
362.939548	-0.222520
363.629547	-0.186720
364.319546	-0.147480
365.009545	-0.105220
365.699544	-0.060500
366.389544	-0.013980
367.079543	0.033580
367.769542	0.081470
368.459541	0.128930
369.149540	0.175280
369.839539	0.219870
370.529538	0.262140
371.219538	0.301590
371.909537	0.337890
372.599536	0.370810
373.289535	0.400230
373.979534	0.426110
374.669533	0.448460
375.359532	0.467370
376.049531	0.482990
376.739531	0.495540
377.429530	0.505340
378.119529	0.512740
378.809528	0.518170
379.499527	0.522030
380.189526	0.524780
380.879525	0.526820
381.569525	0.528490
382.259524	0.530050
382.949523	0.531610
383.639522	0.533210
384.329521	0.534760
385.019520	0.536130
385.709519	0.537200
386.399519	0.537850
387.089518	0.538000
387.779517	0.537630
388.469516	0.536730
389.159515	0.535310
389.849514	0.533360
390.539513	0.530810
391.229513	0.527570
391.919512	0.523520
392.609511	0.518580
393.299510	0.512670
393.989509	0.505750
394.679508	0.497830
395.369507	0.488930
396.059507	0.479120
396.749506	0.468500
397.439505	0.457170
398.129504	0.445270
398.819503	0.432910
399.509502	0.420220
400.199501	0.407280
400.889501	0.394160
401.579500	0.380920
402.269499	0.367620
402.959498	0.354360
403.649497	0.341290
404.339496	0.328610
405.029495	0.316580
405.719495	0.305460
406.409494	0.295530
407.099493	0.287040
407.789492	0.280160
408.479491	0.275000
409.169490	0.271550
409.859489	0.269670
410.549489	0.269180
411.239488	0.269780
411.929487	0.271160
412.619486	0.273000
413.309485	0.274960
413.999484	0.276740
414.689483	0.278070
415.379482	0.278710
416.069482	0.278510
416.759481	0.277410
417.449480	0.275440
418.139479	0.272740
418.829478	0.269500
419.519477	0.266010
420.209476	0.262540
420.899476	0.259380
421.589475	0.256800
422.279474	0.255000
422.969473	0.254110
423.659472	0.254130
424.349471	0.254910
425.039470	0.256180
425.729470	0.257600
426.419469	0.258770
427.109468	0.259320
427.799467	0.258890
428.489466	0.257200
429.179465	0.254040
429.869464	0.249300
430.559464	0.242960
431.249463	0.235160
431.939462	0.226150
432.629461	0.216310
433.319460	0.206110
434.009459	0.196020
434.699458	0.186440
435.389458	0.177670
436.079457	0.169850
436.769456	0.163050
437.459455	0.157290
438.149454	0.152550
438.839453	0.148810
439.529452	0.145990
440.219452	0.143990
440.909451	0.142690
441.599450	0.141930
442.289449	0.141620
442.979448	0.141680
443.669447	0.142080
444.359446	0.142840
445.049446	0.143990
445.739445	0.145580
446.429444	0.147660
447.119443	0.150240
447.809442	0.153300
448.499441	0.156770
449.189440	0.160540
449.879440	0.164420
450.569439	0.168190
451.259438	0.171610
451.949437	0.174430
452.639436	0.176480
453.329435	0.177630
454.019434	0.177820
454.709434	0.177060
455.399433	0.175420
456.089432	0.173010
456.779431	0.169980
457.469430	0.166460
458.159429	0.162540
458.849428	0.158250
459.539427	0.153550
460.229427	0.148370
460.919426	0.142630
461.609425	0.136250
462.299424	0.129190
462.989423	0.121470
463.679422	0.113130
464.369421	0.104280
465.059421	0.095050
465.749420	0.085600
466.439419	0.076130
467.129418	0.066770
467.819417	0.057680
468.509416	0.048920
469.199415	0.040530
469.889415	0.032440
470.579414	0.024540
471.269413	0.016690
471.959412	0.008730
472.649411	0.000480
473.339410	-0.008220
474.029409	-0.017500
474.719409	-0.027430
475.409408	-0.038000
476.099407	-0.049090
476.789406	-0.060460
477.479405	-0.071790
478.169404	-0.082800
478.859403	-0.093200
479.549403	-0.102840
480.239402	-0.111610
480.929401	-0.119520
481.619400	-0.126620
482.309399	-0.133000
482.999398	-0.138790
483.689397	-0.144070
484.379397	-0.148870
485.069396	-0.153190
485.759395	-0.157000
486.449394	-0.160290
487.139393	-0.163100
487.829392	-0.165490
488.519391	-0.167560
489.209391	-0.169390
489.899390	-0.171120
490.589389	-0.172870
491.279388	-0.174780
491.969387	-0.177040
492.659386	-0.179810
493.349385	-0.183280
494.039385	-0.187590
494.729384	-0.192860
495.419383	-0.199120
496.109382	-0.206330
496.799381	-0.214280
497.489380	-0.222690
498.179379	-0.231170
498.869378	-0.239290
499.559378	-0.246660
500.249377	-0.252940
500.939376	-0.257890
501.629375	-0.261330
502.319374	-0.263160
503.009373	-0.263360
503.699372	-0.261960
504.389372	-0.259090
505.079371	-0.254970
505.769370	-0.249950
506.459369	-0.244400
507.149368	-0.238740
507.839367	-0.233320
508.529366	-0.228460
509.219366	-0.224420
509.909365	-0.221380
510.599364	-0.219510
511.289363	-0.218890
511.979362	-0.219600
512.669361	-0.221620
513.359360	-0.224900
514.049360	-0.229340
514.739359	-0.234780
515.429358	-0.241020
516.119357	-0.247820
516.809356	-0.254930
517.499355	-0.262110
518.189354	-0.269150
518.879354	-0.275860
519.569353	-0.282170
520.259352	-0.288030
520.949351	-0.293460
521.639350	-0.298530
522.329349	-0.303270
523.019348	-0.307700
523.709348	-0.311800
524.399347	-0.315520
525.089346	-0.318740
525.779345	-0.321360
526.469344	-0.323260
527.159343	-0.324400
527.849342	-0.324810
528.539342	-0.324610
529.229341	-0.324050
529.919340	-0.323400
530.609339	-0.322930
531.299338	-0.322880
531.989337	-0.323360
532.679336	-0.324420
533.369336	-0.325950
534.059335	-0.327780
534.749334	-0.329690
535.439333	-0.331420
536.129332	-0.332760
536.819331	-0.333580
537.509330	-0.333800
538.199329	-0.333440
538.889329	-0.332550
539.579328	-0.331170
540.269327	-0.329330
540.959326	-0.327010
541.649325	-0.324150
542.339324	-0.320660
543.029323	-0.316450
543.719323	-0.311430
544.409322	-0.305510
545.099321	-0.298620
545.789320	-0.290700
546.479319	-0.281780
547.169318	-0.271890
547.859317	-0.261190
548.549317	-0.249880
549.239316	-0.238220
549.929315	-0.226530
550.619314	-0.215160
551.309313	-0.204460
551.999312	-0.194790
552.689311	-0.186470
553.379311	-0.179760
554.069310	-0.174810
554.759309	-0.171680
555.449308	-0.170270
556.139307	-0.170380
556.829306	-0.171660
557.519305	-0.173660
558.209305	-0.175860
558.899304	-0.177730
559.589303	-0.178790
560.279302	-0.178730
560.969301	-0.177360
561.659300	-0.174720
562.349299	-0.171000
563.039299	-0.166470
563.729298	-0.161470
564.419297	-0.156330
565.109296	-0.151320
565.799295	-0.146640
566.489294	-0.142380
567.179293	-0.138530
567.869293	-0.134930
568.559292	-0.131350
569.249291	-0.127480
569.939290	-0.123010
570.629289	-0.117690
571.319288	-0.111370
572.009287	-0.104020
572.699287	-0.095770
573.389286	-0.086810
574.079285	-0.077440
574.769284	-0.068010
575.459283	-0.058900
576.149282	-0.050490
576.839281	-0.043070
577.529280	-0.036840
578.219280	-0.031840
578.909279	-0.028040
579.599278	-0.025310
580.289277	-0.023490
580.979276	-0.022450
581.669275	-0.022050
582.359274	-0.022200
583.049274	-0.022810
583.739273	-0.023810
584.429272	-0.025130
585.119271	-0.026730
585.809270	-0.028550
586.499269	-0.030600
587.189268	-0.032860
587.879268	-0.035340
588.569267	-0.038010
589.259266	-0.040890
589.949265	-0.043950
590.639264	-0.047220
591.329263	-0.050720
592.019262	-0.054500
592.709262	-0.058580
593.399261	-0.062950
594.089260	-0.067590
594.779259	-0.072450
595.469258	-0.077480
596.159257	-0.082640
596.849256	-0.087910
597.539256	-0.093270
598.229255	-0.098730
598.919254	-0.104260
599.609253	-0.109820
600.299252	-0.115360
600.989251	-0.120800
601.679250	-0.126090
602.369250	-0.131200
603.059249	-0.136160
603.749248	-0.141040
604.439247	-0.145900
605.129246	-0.150780
605.819245	-0.155660
606.509244	-0.160490
607.199244	-0.165180
607.889243	-0.169670
608.579242	-0.173910
609.269241	-0.177840
609.959240	-0.181450
610.649239	-0.184710
611.339238	-0.187640
612.029238	-0.190310
612.719237	-0.192870
613.409236	-0.195520
614.099235	-0.198490
614.789234	-0.202030
615.479233	-0.206340
616.169232	-0.211560
616.859231	-0.217790
617.549231	-0.225040
618.239230	-0.233290
618.929229	-0.242500
619.619228	-0.252630
620.309227	-0.263600
620.999226	-0.275330
621.689225	-0.287720
622.379225	-0.300650
623.069224	-0.313990
623.759223	-0.327550
624.449222	-0.341120
625.139221	-0.354420
625.829220	-0.367190
626.519219	-0.379150
627.209219	-0.390090
627.899218	-0.399860
628.589217	-0.408370
629.279216	-0.415630
629.969215	-0.421650
630.659214	-0.426470
631.349213	-0.430090
632.039213	-0.432480
632.729212	-0.433590
633.419211	-0.433380
634.109210	-0.431790
634.799209	-0.428800
635.489208	-0.424440
636.179207	-0.418750
636.869207	-0.411790
637.559206	-0.403670
638.249205	-0.394560
638.939204	-0.384710
639.629203	-0.374410
640.319202	-0.364020
641.009201	-0.353850
641.699201	-0.344150
642.389200	-0.335090
643.079199	-0.326780
643.769198	-0.319280
644.459197	-0.312640
645.149196	-0.306900
645.839195	-0.302100
646.529195	-0.298260
647.219194	-0.295390
647.909193	-0.293480
648.599192	-0.292470
649.289191	-0.292300
649.979190	-0.292880
650.669189	-0.294090
651.359189	-0.295800
652.049188	-0.297870
652.739187	-0.300150
653.429186	-0.302530
654.119185	-0.304890
654.809184	-0.307160
655.499183	-0.309290
656.189182	-0.311250
656.879182	-0.313030
657.569181	-0.314550
658.259180	-0.315770
658.949179	-0.316600
659.639178	-0.316970
660.329177	-0.316810
661.019176	-0.316110
661.709176	-0.314890
662.399175	-0.313230
663.089174	-0.311270
663.779173	-0.309180
664.469172	-0.307130
665.159171	-0.305290
665.849170	-0.303780
666.539170	-0.302670
667.229169	-0.301970
667.919168	-0.301660
668.609167	-0.301660
669.299166	-0.301880
669.989165	-0.302190
670.679164	-0.302470
671.369164	-0.302610
672.059163	-0.302520
672.749162	-0.302160
673.439161	-0.301520
674.129160	-0.300690
674.819159	-0.299780
675.509158	-0.298990
676.199158	-0.298530
676.889157	-0.298600
677.579156	-0.299380
678.269155	-0.300960
678.959154	-0.303330
679.649153	-0.306390
680.339152	-0.309930
681.029152	-0.313630
681.719151	-0.317150
682.409150	-0.320090
683.099149	-0.322130
683.789148	-0.323000
684.479147	-0.322540
685.169146	-0.320730
685.859146	-0.317620
686.549145	-0.313350
687.239144	-0.308110
687.929143	-0.302110
688.619142	-0.295550
689.309141	-0.288660
689.999140	-0.281610
690.689140	-0.274540
691.379139	-0.267560
692.069138	-0.260720
692.759137	-0.254060
693.449136	-0.247650
694.139135	-0.241530
694.829134	-0.235810
695.519133	-0.230550
696.209133	-0.225780
696.899132	-0.221500
697.589131	-0.217680
698.279130	-0.214280
698.969129	-0.211260
699.659128	-0.208570
700.349127	-0.206130
701.039127	-0.203850
701.729126	-0.201610
702.419125	-0.199270
703.109124	-0.196720
703.799123	-0.193890
704.489122	-0.190740
705.179121	-0.187310
705.869121	-0.183650
706.559120	-0.179860
707.249119	-0.176040
707.939118	-0.172280
708.629117	-0.168670
709.319116	-0.165280
710.009115	-0.162140
710.699115	-0.159260
711.389114	-0.156630
712.079113	-0.154240
712.769112	-0.152140
713.459111	-0.150480
714.149110	-0.149450
714.839109	-0.149260
715.529109	-0.150050
716.219108	-0.151820
716.909107	-0.154430
717.599106	-0.157610
718.289105	-0.161070
718.979104	-0.164460
719.669103	-0.167470
720.359103	-0.169750
721.049102	-0.170960
721.739101	-0.170740
722.429100	-0.168750
723.119099	-0.164760
723.809098	-0.158680
724.499097	-0.150590
725.189097	-0.140690
725.879096	-0.129300
726.569095	-0.116780
727.259094	-0.103510
727.949093	-0.089800
728.639092	-0.075960
729.329091	-0.062240
730.019091	-0.048850
730.709090	-0.035960
731.399089	-0.023720
732.089088	-0.012260
732.779087	-0.001650
733.469086	0.008050
734.159085	0.016850
734.849084	0.024850
735.539084	0.032150
736.229083	0.038870
736.919082	0.045080
737.609081	0.050820
738.299080	0.056030
738.989079	0.060600
739.679078	0.064370
740.369078	0.067150
741.059077	0.068800
741.749076	0.069240
742.439075	0.068480
743.129074	0.066590
743.819073	0.063710
744.509072	0.059990
745.199072	0.055640
745.889071	0.050870
746.579070	0.045910
747.269069	0.041050
747.959068	0.036570
748.649067	0.032820
749.339066	0.030130
750.029066	0.028860
750.719065	0.029360
751.409064	0.031930
752.099063	0.036710
752.789062	0.043670
753.479061	0.052480
754.169060	0.062620
754.859060	0.073420
755.549059	0.084200
756.239058	0.094370
756.929057	0.103460
757.619056	0.111170
758.309055	0.117330
758.999054	0.121900
759.689054	0.124950
760.379053	0.126630
761.069052	0.127190
761.759051	0.126960
762.449050	0.126380
763.139049	0.125910
763.829048	0.126080
764.519048	0.127330
765.209047	0.130030
765.899046	0.134460
766.589045	0.140830
767.279044	0.149250
767.969043	0.159810
768.659042	0.172510
769.349042	0.187270
770.039041	0.203950
770.729040	0.222340
771.419039	0.242180
772.109038	0.263190
772.799037	0.285050
773.489036	0.307440
774.179035	0.330030
774.869035	0.352490
775.559034	0.374490
776.249033	0.395740
776.939032	0.415980
777.629031	0.435040
778.319030	0.452760
779.009029	0.469040
779.699029	0.483740
780.389028	0.496720
781.079027	0.507780
781.769026	0.516700
782.459025	0.523240
783.149024	0.527170
783.839023	0.528320
784.529023	0.526550
785.219022	0.521800
785.909021	0.514050
786.599020	0.503320
787.289019	0.489670
787.979018	0.473190
788.669017	0.454060
789.359017	0.432510
790.049016	0.408880
790.739015	0.383560
791.429014	0.356920
792.119013	0.329320
792.809012	0.301050
793.499011	0.272350
794.189011	0.243430
794.879010	0.214470
795.569009	0.185610
796.259008	0.156960
796.949007	0.128530
797.639006	0.100310
798.329005	0.072240
799.019005	0.044260
799.709004	0.016370
800.399003	-0.011310
801.089002	-0.038580
801.779001	-0.065050
802.469000	-0.090220
803.158999	-0.113490
803.848999	-0.134210
804.538998	-0.151760
805.228997	-0.165590
805.918996	-0.175290
806.608995	-0.180550
807.298994	-0.181170
807.988993	-0.177040
808.678993	-0.168100
809.368992	-0.154350
810.058991	-0.135850
810.748990	-0.112800
811.438989	-0.085520
812.128988	-0.054460
812.818987	-0.020200
813.508986	0.016610
814.198986	0.055280
814.888985	0.095000
815.578984	0.134940
816.268983	0.174140
816.958982	0.211590
817.648981	0.246220
818.338980	0.276960
819.028980	0.302820
819.718979	0.322970
820.408978	0.336790
821.098977	0.343940
821.788976	0.344370
822.478975	0.338270
823.168974	0.326120
823.858974	0.308570
824.548973	0.286380
825.238972	0.260370
825.928971	0.231340
826.618970	0.199990
827.308969	0.166940
827.998968	0.132660
828.688968	0.097540
829.378967	0.061820
830.068966	0.025640
830.758965	-0.010930
831.448964	-0.047890
832.138963	-0.085190
832.828962	-0.122640
833.518962	-0.159980
834.208961	-0.196820
834.898960	-0.232820
835.588959	-0.267710
836.278958	-0.301400
836.968957	-0.333910
837.658956	-0.365400
838.348956	-0.396020
839.038955	-0.425940
839.728954	-0.455270
840.418953	-0.484000
841.108952	-0.512080
841.798951	-0.539330
842.488950	-0.565510
843.178950	-0.590370
843.868949	-0.613660
844.558948	-0.635200
845.248947	-0.654880
845.938946	-0.672680
846.628945	-0.688640
847.318944	-0.702880
848.008944	-0.715580
848.698943	-0.726990
849.388942	-0.737330
850.078941	-0.746870
850.768940	-0.755790
851.458939	-0.764270
852.148938	-0.772430
852.838937	-0.780320
853.528937	-0.787940
854.218936	-0.795230
854.908935	-0.802050
855.598934	-0.808230
856.288933	-0.813550
856.978932	-0.817800
857.668931	-0.820760
858.358931	-0.822230
859.048930	-0.822050
859.738929	-0.820130
860.428928	-0.816450
861.118927	-0.811050
861.808926	-0.804050
862.498925	-0.795620
863.188925	-0.785970
863.878924	-0.775360
864.568923	-0.764030
865.258922	-0.752250
865.948921	-0.740330
866.638920	-0.728560
867.328919	-0.717320
868.018919	-0.706940
868.708918	-0.697780
869.398917	-0.690090
870.088916	-0.684030
870.778915	-0.679680
871.468914	-0.676980
872.158913	-0.675830
872.848913	-0.676030
873.538912	-0.677400
874.228911	-0.679740
874.918910	-0.682870
875.608909	-0.686660
876.298908	-0.690980
876.988907	-0.695710
877.678907	-0.700700
878.368906	-0.705750
879.058905	-0.710650
879.748904	-0.715240
880.438903	-0.719400
881.128902	-0.723100
881.818901	-0.726340
882.508901	-0.729160
883.198900	-0.731560
883.888899	-0.733530
884.578898	-0.735040
885.268897	-0.735990
885.958896	-0.736250
886.648895	-0.735680
887.338895	-0.734130
888.028894	-0.731540
888.718893	-0.727940
889.408892	-0.723470
890.098891	-0.718340
890.788890	-0.712730
891.478889	-0.706760
892.168888	-0.700400
892.858888	-0.693520
893.548887	-0.685850
894.238886	-0.677050
894.928885	-0.666780
895.618884	-0.654790
896.308883	-0.640940
896.998882	-0.625200
897.688882	-0.607730
898.378881	-0.588750
899.068880	-0.568590
899.758879	-0.547620
900.448878	-0.526240
901.138877	-0.504830
901.828876	-0.483730
902.518876	-0.463260
903.208875	-0.443680
903.898874	-0.425250
904.588873	-0.408170
905.278872	-0.392620
905.968871	-0.378710
906.658870	-0.366500
907.348870	-0.356010
908.038869	-0.347200
908.728868	-0.340020
909.418867	-0.334430
910.108866	-0.330350
910.798865	-0.327740
911.488864	-0.326550
912.178864	-0.326710
912.868863	-0.328150
913.558862	-0.330730
914.248861	-0.334270
914.938860	-0.338510
915.628859	-0.343150
916.318858	-0.347830
917.008858	-0.352170
917.698857	-0.355780
918.388856	-0.358330
919.078855	-0.359560
919.768854	-0.359290
920.458853	-0.357420
921.148852	-0.353930
921.838852	-0.348830
922.528851	-0.342240
923.218850	-0.334320
923.908849	-0.325350
924.598848	-0.315690
925.288847	-0.305720
925.978846	-0.295860
926.668846	-0.286460
927.358845	-0.277830
928.048844	-0.270200
928.738843	-0.263780
929.428842	-0.258760
930.118841	-0.255300
930.808840	-0.253520
931.498839	-0.253480
932.188839	-0.255140
932.878838	-0.258400
933.568837	-0.263090
934.258836	-0.268970
934.948835	-0.275750
935.638834	-0.283060
936.328833	-0.290480
937.018833	-0.297570
937.708832	-0.303890
938.398831	-0.309050
939.088830	-0.312740
939.778829	-0.314770
940.468828	-0.315060
941.158827	-0.313620
941.848827	-0.310590
942.538826	-0.306160
943.228825	-0.300530
943.918824	-0.293920
944.608823	-0.286500
945.298822	-0.278340
945.988821	-0.269450
946.678821	-0.259760
947.368820	-0.249150
948.058819	-0.237450
948.748818	-0.224490
949.438817	-0.210130
950.128816	-0.194230
950.818815	-0.176700
951.508815	-0.157470
952.198814	-0.136470
952.888813	-0.113700
953.578812	-0.089200
954.268811	-0.063100
954.958810	-0.035610
955.648809	-0.007000
956.338809	0.022430
957.028808	0.052430
957.718807	0.082800
958.408806	0.113410
959.098805	0.144240
959.788804	0.175330
960.478803	0.206740
961.168803	0.238570
961.858802	0.270840
962.548801	0.303490
963.238800	0.336380
963.928799	0.369250
964.618798	0.401790
965.308797	0.433610
965.998797	0.464350
966.688796	0.493660
967.378795	0.521240
968.068794	0.546850
968.758793	0.570330
969.448792	0.591600
970.138791	0.610660
970.828790	0.627580
971.518790	0.642490
972.208789	0.655550
972.898788	0.666920
973.588787	0.676750
974.278786	0.685180
974.968785	0.692280
975.658784	0.698130
976.348784	0.702790
977.038783	0.706340
977.728782	0.708880
978.418781	0.710550
979.108780	0.711540
979.798779	0.712010
980.488778	0.712140
981.178778	0.712100
981.868777	0.712030
982.558776	0.711990
983.248775	0.712020
983.938774	0.712070
984.628773	0.712010
985.318772	0.711680
986.008772	0.710870
986.698771	0.709410
987.388770	0.707120
988.078769	0.703850
988.768768	0.699490
989.458767	0.693940
990.148766	0.687180
990.838766	0.679190
991.528765	0.670010
992.218764	0.659740
992.908763	0.648470
993.598762	0.636340
994.288761	0.623520
994.978760	0.610200
995.668760	0.596610
996.358759	0.583050
997.048758	0.569770
997.738757	0.557000
998.428756	0.544840
999.118755	0.533260
999.808754	0.522080
1000.498754	0.511000
1001.188753	0.499700
1001.878752	0.487880
1002.568751	0.475350
1003.258750	0.462080
1003.948749	0.448170
1004.638748	0.433860
1005.328748	0.419420
1006.018747	0.405120
1006.708746	0.391120
1007.398745	0.377460
1008.088744	0.364050
1008.778743	0.350700
1009.468742	0.337150
1010.158741	0.323170
1010.848741	0.308610
1011.538740	0.293440
1012.228739	0.277800
1012.918738	0.261990
1013.608737	0.246490
1014.298736	0.231880
1014.988735	0.218800
1015.678735	0.207820
1016.368734	0.199410
1017.058733	0.193900
1017.748732	0.191460
1018.438731	0.192210
1019.128730	0.196220
1019.818729	0.203540
1020.508729	0.214180
1021.198728	0.228050
1021.888727	0.244920
1022.578726	0.264390
1023.268725	0.285820
1023.958724	0.308380
1024.648723	0.331060
1025.338723	0.352840
1026.028722	0.372720
1026.718721	0.389840
1027.408720	0.403570
1028.098719	0.413530
1028.788718	0.419610
1029.478717	0.421940
1030.168717	0.420870
1030.858716	0.416920
1031.548715	0.410710
1032.238714	0.402910
1032.928713	0.394190
1033.618712	0.385170
1034.308711	0.376450
1034.998711	0.368570
1035.688710	0.362010
1036.378709	0.357100
1037.068708	0.354010
1037.758707	0.352720
1038.448706	0.353010
1039.138705	0.354560
1039.828705	0.356990
1040.518704	0.360020
1041.208703	0.363420
1041.898702	0.367120
1042.588701	0.371150
1043.278700	0.375570
1043.968699	0.380480
1044.658699	0.385890
1045.348698	0.391740
1046.038697	0.397910
1046.728696	0.404220
1047.418695	0.410490
1048.108694	0.416550
1048.798693	0.422240
1049.488692	0.427380
1050.178692	0.431720
1050.868691	0.434960
1051.558690	0.436750
1052.248689	0.436670
1052.938688	0.434340
1053.628687	0.429420
1054.318686	0.421680
1055.008686	0.411000
1055.698685	0.397410
1056.388684	0.381060
1057.078683	0.362220
1057.768682	0.341260
1058.458681	0.318590
1059.148680	0.294630
1059.838680	0.269840
1060.528679	0.244680
1061.218678	0.219600
1061.908677	0.195040
1062.598676	0.171390
1063.288675	0.149030
1063.978674	0.128290
1064.668674	0.109510
1065.358673	0.092990
1066.048672	0.079020
1066.738671	0.067790
1067.428670	0.059380
1068.118669	0.053800
1068.808668	0.050930
1069.498668	0.050630
1070.188667	0.052680
1070.878666	0.056890
1071.568665	0.063030
1072.258664	0.070860
1072.948663	0.080150
1073.638662	0.090640
1074.328662	0.102060
1075.018661	0.114170
1075.708660	0.126670
1076.398659	0.139270
1077.088658	0.151650
1077.778657	0.163470
1078.468656	0.174340
1079.158656	0.183870
1079.848655	0.191680
1080.538654	0.197430
1081.228653	0.200830
1081.918652	0.201690
1082.608651	0.199940
1083.298650	0.195620
1083.988650	0.188920
1084.678649	0.180130
1085.368648	0.169610
1086.058647	0.157800
1086.748646	0.145110
1087.438645	0.131950
1088.128644	0.118680
1088.818643	0.105620
1089.508643	0.093050
1090.198642	0.081170
1090.888641	0.070170
1091.578640	0.060170
1092.268639	0.051230
1092.958638	0.043390
1093.648637	0.036620
1094.338637	0.030850
1095.028636	0.025950
1095.718635	0.021760
1096.408634	0.018080
1097.098633	0.014740
1097.788632	0.011560
1098.478631	0.008420
1099.168631	0.005230
1099.858630	0.001950
1100.548629	-0.001430
1101.238628	-0.004920
1101.928627	-0.008510
1102.618626	-0.012250
1103.308625	-0.016160
1103.998625	-0.020320
1104.688624	-0.024800
1105.378623	-0.029670
1106.068622	-0.034970
1106.758621	-0.040720
1107.448620	-0.046890
1108.138619	-0.053450
1108.828619	-0.060350
1109.518618	-0.067550
1110.208617	-0.075040
1110.898616	-0.082830
1111.588615	-0.090940
1112.278614	-0.099390
1112.968613	-0.108200
1113.658613	-0.117360
1114.348612	-0.126820
1115.038611	-0.136520
1115.728610	-0.146330
1116.418609	-0.156130
1117.108608	-0.165710
1117.798607	-0.174850
1118.488607	-0.183290
1119.178606	-0.190810
1119.868605	-0.197200
1120.558604	-0.202350
1121.248603	-0.206240
1121.938602	-0.208940
1122.628601	-0.210580
1123.318601	-0.211310
1124.008600	-0.211280
1124.698599	-0.210610
1125.388598	-0.209430
1126.078597	-0.207870
1126.768596	-0.206040
1127.458595	-0.204030
1128.148594	-0.201890
1128.838594	-0.199610
1129.528593	-0.197100
1130.218592	-0.194220
1130.908591	-0.190770
1131.598590	-0.186570
1132.288589	-0.181480
1132.978588	-0.175430
1133.668588	-0.168450
1134.358587	-0.160680
1135.048586	-0.152340
1135.738585	-0.143730
1136.428584	-0.135240
1137.118583	-0.127260
1137.808582	-0.120220
1138.498582	-0.114530
1139.188581	-0.110520
1139.878580	-0.108440
1140.568579	-0.108430
1141.258578	-0.110480
1141.948577	-0.114500
1142.638576	-0.120270
1143.328576	-0.127550
1144.018575	-0.136010
1144.708574	-0.145360
1145.398573	-0.155290
1146.088572	-0.165560
1146.778571	-0.175920
1147.468570	-0.186160
1148.158570	-0.196060
1148.848569	-0.205420
1149.538568	-0.214070
1150.228567	-0.221820
1150.918566	-0.228550
1151.608565	-0.234120
1152.298564	-0.238430
1152.988564	-0.241360
1153.678563	-0.242810
1154.368562	-0.242670
1155.058561	-0.240900
1155.748560	-0.237470
1156.438559	-0.232390
1157.128558	-0.225690
1157.818558	-0.217420
1158.508557	-0.207640
1159.198556	-0.196410
1159.888555	-0.183790
1160.578554	-0.169870
1161.268553	-0.154760
1161.958552	-0.138590
1162.648552	-0.121530
1163.338551	-0.103810
1164.028550	-0.085690
1164.718549	-0.067490
1165.408548	-0.049540
1166.098547	-0.032170
1166.788546	-0.015660
1167.478545	-0.000270
1168.168545	0.013820
1168.858544	0.026520
1169.548543	0.037860
1170.238542	0.047970
1170.928541	0.057120
1171.618540	0.065660
1172.308539	0.073980
1172.998539	0.082470
1173.688538	0.091430
1174.378537	0.101070
1175.068536	0.111470
1175.758535	0.122590
1176.448534	0.134330
1177.138533	0.146570
1177.828533	0.159180
1178.518532	0.172040
1179.208531	0.185060
1179.898530	0.198160
1180.588529	0.211260
1181.278528	0.224280
1181.968527	0.237170
1182.658527	0.249880
1183.348526	0.262380
1184.038525	0.274590
1184.728524	0.286450
1185.418523	0.297870
1186.108522	0.308730
1186.798521	0.318930
1187.488521	0.328340
1188.178520	0.336860
1188.868519	0.344420
1189.558518	0.350950
1190.248517	0.356450
1190.938516	0.360980
1191.628515	0.364610
1192.318515	0.367490
1193.008514	0.369770
1193.698513	0.371640
1194.388512	0.373290
1195.078511	0.374860
1195.768510	0.376450
1196.458509	0.378050
1197.148509	0.379580
1197.838508	0.380860
1198.528507	0.381700
1199.218506	0.381860
1199.908505	0.381100
1200.598504	0.379220
1201.288503	0.376050
1201.978503	0.371530
1202.668502	0.365680
1203.358501	0.358620
1204.048500	0.350560
1204.738499	0.341760
1205.428498	0.332540
1206.118497	0.323180
1206.808496	0.314000
1207.498496	0.305250
1208.188495	0.297190
1208.878494	0.290090
1209.568493	0.284170
1210.258492	0.279610
1210.948491	0.276450
1211.638490	0.274580
1212.328490	0.273800
1213.018489	0.273890
1213.708488	0.274730
1214.398487	0.276380
1215.088486	0.279030
1215.778485	0.282940
1216.468484	0.288260
1217.158484	0.295020
1217.848483	0.303100
1218.538482	0.312310
1219.228481	0.322390
1219.918480	0.333080
1220.608479	0.344080
1221.298478	0.355070
1221.988478	0.365700
1222.678477	0.375610
1223.368476	0.384460
1224.058475	0.392010
1224.748474	0.398110
1225.438473	0.402740
1226.128472	0.405990
1226.818472	0.408070
1227.508471	0.409220
