0.000000	-0.004180
0.690047	0.017060
1.380093	0.039720
2.070140	0.061980
2.760187	0.082220
3.450234	0.099150
4.140280	0.111960
4.830327	0.120340
5.520374	0.124440
6.210421	0.124780
6.900467	0.122150
7.590514	0.117400
8.280561	0.111350
8.970608	0.104610
9.660654	0.097590
10.350701	0.090460
11.040748	0.083240
11.730795	0.075940
12.420841	0.068630
13.110888	0.061550
13.800935	0.055050
14.490981	0.049560
15.181028	0.045480
15.871075	0.043110
16.561122	0.042550
17.251168	0.043770
17.941215	0.046580
18.631262	0.050800
19.321309	0.056260
20.011355	0.062850
20.701402	0.070500
21.391449	0.079110
22.081496	0.088410
22.771542	0.097870
23.461589	0.106690
24.151636	0.113810
24.841682	0.118090
25.531729	0.118540
26.221776	0.114520
26.911823	0.105970
27.601869	0.093460
28.291916	0.078140
28.981963	0.061580
29.672010	0.045470
30.362056	0.031360
31.052103	0.020380
31.742150	0.013100
32.432197	0.009440
33.122243	0.008750
33.812290	0.009910
34.502337	0.011590
35.192384	0.012460
35.882430	0.011440
36.572477	0.007850
37.262524	0.001570
37.952570	-0.006950
38.642617	-0.016830
39.332664	-0.026810
40.022711	-0.035520
40.712757	-0.041700
41.402804	-0.044390
42.092851	-0.043090
42.782898	-0.037770
43.472944	-0.028890
44.162991	-0.017250
44.853038	-0.003880
45.543085	0.010120
46.233131	0.023620
46.923178	0.035600
47.613225	0.045110
48.303271	0.051380
48.993318	0.053780
49.683365	0.051970
50.373412	0.045930
51.063458	0.036090
51.753505	0.023410
52.443552	0.009350
53.133599	-0.004290
53.823645	-0.015520
54.513692	-0.022590
55.203739	-0.024190
55.893786	-0.019740
56.583832	-0.009500
57.273879	0.005490
57.963926	0.023670
58.653973	0.043170
59.344019	0.062090
60.034066	0.078770
60.724113	0.091880
61.414159	0.100520
62.104206	0.104210
62.794253	0.102910
63.484300	0.097000
64.174346	0.087220
64.864393	0.074600
65.554440	0.060300
66.244487	0.045480
66.934533	0.031070
67.624580	0.017630
68.314627	0.005340
69.004674	-0.005990
69.694720	-0.016790
70.384767	-0.027520
71.074814	-0.038470
71.764860	-0.049630
72.454907	-0.060550
73.144954	-0.070400
73.835001	-0.077980
74.525047	-0.081900
75.215094	-0.080760
75.905141	-0.073330
76.595188	-0.058760
77.285234	-0.036770
77.975281	-0.007750
78.665328	0.027160
79.355375	0.066200
80.045421	0.107080
80.735468	0.147320
81.425515	0.184580
82.115562	0.216950
82.805608	0.243150
83.495655	0.262670
84.185702	0.275660
84.875748	0.282760
85.565795	0.284880
86.255842	0.282990
86.945889	0.277920
87.635935	0.270310
88.325982	0.260600
89.016029	0.249030
89.706076	0.235720
90.396122	0.220690
91.086169	0.203920
91.776216	0.185360
92.466263	0.165040
93.156309	0.143090
93.846356	0.119920
94.536403	0.096240
95.226449	0.073120
95.916496	0.051990
96.606543	0.034470
97.296590	0.022230
97.986636	0.016770
98.676683	0.019140
99.366730	0.029820
100.056777	0.048570
100.746823	0.074430
101.436870	0.105730
102.126917	0.140170
102.816964	0.174990
103.507010	0.207050
104.197057	0.233010
104.887104	0.249470
105.577151	0.253230
106.267197	0.241660
106.957244	0.213080
107.647291	0.167250
108.337337	0.105620
109.027384	0.031490
109.717431	-0.050230
110.407478	-0.133640
111.097524	-0.212600
111.787571	-0.281600
112.477618	-0.336530
113.167665	-0.375050
113.857711	-0.396660
114.547758	-0.402360
115.237805	-0.394160
115.927852	-0.374460
116.617898	-0.345660
117.307945	-0.309880
117.997992	-0.268880
118.688038	-0.224180
119.378085	-0.177210
120.068132	-0.129360
120.758179	-0.082040
121.448225	-0.036600
122.138272	0.005820
122.828319	0.044480
123.518366	0.079020
124.208412	0.109580
124.898459	0.136650
125.588506	0.160890
126.278553	0.182880
126.968599	0.203000
127.658646	0.221230
128.348693	0.237140
129.038740	0.249970
129.728786	0.258780
130.418833	0.262620
131.108880	0.260700
131.798926	0.252540
132.488973	0.237980
133.179020	0.217230
133.869067	0.190770
134.559113	0.159380
135.249160	0.124120
135.939207	0.086390
136.629254	0.047970
137.319300	0.011010
138.009347	-0.022100
138.699394	-0.049130
139.389441	-0.068390
140.079487	-0.079340
140.769534	-0.082890
141.459581	-0.081480
142.149627	-0.078720
142.839674	-0.078570
143.529721	-0.084340
144.219768	-0.097890
144.909814	-0.119040
145.599861	-0.145760
146.289908	-0.174720
146.979955	-0.202210
147.670001	-0.225020
148.360048	-0.241110
149.050095	-0.249770
149.740142	-0.251490
150.430188	-0.247600
151.120235	-0.239780
151.810282	-0.229730
152.500329	-0.218890
153.190375	-0.208350
153.880422	-0.198840
154.570469	-0.190770
155.260515	-0.184310
155.950562	-0.179430
156.640609	-0.175940
157.330656	-0.173490
158.020702	-0.171630
158.710749	-0.169780
159.400796	-0.167380
160.090843	-0.163880
160.780889	-0.158900
161.470936	-0.152300
162.160983	-0.144180
162.851030	-0.134930
163.541076	-0.125090
164.231123	-0.115330
164.921170	-0.106260
165.611216	-0.098360
166.301263	-0.091920
166.991310	-0.087000
167.681357	-0.083480
168.371403	-0.081150
169.061450	-0.079710
169.751497	-0.078880
170.441544	-0.078390
171.131590	-0.077990
171.821637	-0.077430
172.511684	-0.076500
173.201731	-0.075040
173.891777	-0.072950
174.581824	-0.070270
175.271871	-0.067110
175.961918	-0.063740
176.651964	-0.060450
177.342011	-0.057540
178.032058	-0.055250
178.722104	-0.053770
179.412151	-0.053220
180.102198	-0.053690
180.792245	-0.055280
181.482291	-0.058090
182.172338	-0.062180
182.862385	-0.067580
183.552432	-0.074200
184.242478	-0.081760
184.932525	-0.089850
185.622572	-0.097900
186.312619	-0.105280
187.002665	-0.111400
187.692712	-0.115770
188.382759	-0.118120
189.072805	-0.118350
189.762852	-0.116600
190.452899	-0.113220
191.142946	-0.108680
191.832992	-0.103610
192.523039	-0.098720
193.213086	-0.094820
193.903133	-0.092740
194.593179	-0.093320
195.283226	-0.097230
195.973273	-0.104900
196.663320	-0.116370
197.353366	-0.131190
198.043413	-0.148410
198.733460	-0.166640
199.423507	-0.184220
200.113553	-0.199460
200.803600	-0.210860
201.493647	-0.217300
202.183693	-0.218220
202.873740	-0.213650
203.563787	-0.204080
204.253834	-0.190420
204.943880	-0.173740
205.633927	-0.155160
206.323974	-0.135630
207.014021	-0.115930
207.704067	-0.096540
208.394114	-0.077750
209.084161	-0.059640
209.774208	-0.042220
210.464254	-0.025500
211.154301	-0.009550
211.844348	0.005460
212.534394	0.019280
213.224441	0.031590
213.914488	0.042100
214.604535	0.050570
215.294581	0.056860
215.984628	0.060940
216.674675	0.062870
217.364722	0.062770
218.054768	0.060800
218.744815	0.057100
219.434862	0.051840
220.124909	0.045200
220.814955	0.037360
221.505002	0.028550
222.195049	0.019020
222.885096	0.009010
223.575142	-0.001260
224.265189	-0.011540
224.955236	-0.021660
225.645282	-0.031440
226.335329	-0.040720
227.025376	-0.049390
227.715423	-0.057390
228.405469	-0.064710
229.095516	-0.071410
229.785563	-0.077620
230.475610	-0.083480
231.165656	-0.089120
231.855703	-0.094650
232.545750	-0.100070
233.235797	-0.105340
233.925843	-0.110330
234.615890	-0.114860
235.305937	-0.118710
235.995983	-0.121710
236.686030	-0.123710
237.376077	-0.124640
238.066124	-0.124530
238.756170	-0.123440
239.446217	-0.121520
240.136264	-0.118910
240.826311	-0.115770
241.516357	-0.112250
242.206404	-0.108570
242.896451	-0.105030
243.586498	-0.102040
244.276544	-0.100120
244.966591	-0.099820
245.656638	-0.101480
246.346685	-0.105100
247.036731	-0.110050
247.726778	-0.115080
248.416825	-0.118280
249.106871	-0.117410
249.796918	-0.110330
250.486965	-0.095460
251.177012	-0.072320
251.867058	-0.041700
252.557105	-0.005670
253.247152	0.032760
253.937199	0.070260
254.627245	0.103750
255.317292	0.130950
256.007339	0.150730
256.697386	0.163070
257.387432	0.168940
258.077479	0.169850
258.767526	0.167480
259.457572	0.163360
260.147619	0.158620
260.837666	0.153980
261.527713	0.149730
262.217759	0.145910
262.907806	0.142420
263.597853	0.139090
264.287900	0.135800
264.977946	0.132420
265.667993	0.128840
266.358040	0.124920
267.048087	0.120470
267.738133	0.115260
268.428180	0.109020
269.118227	0.101480
269.808274	0.092380
270.498320	0.081560
271.188367	0.069020
271.878414	0.055000
272.568460	0.040020
273.258507	0.024970
273.948554	0.010990
274.638601	-0.000530
275.328647	-0.008190
276.018694	-0.010790
276.708741	-0.007480
277.398788	0.001990
278.088834	0.017230
278.778881	0.037130
279.468928	0.060030
280.158975	0.083920
280.849021	0.106770
281.539068	0.126770
282.229115	0.142650
282.919161	0.153770
283.609208	0.160130
284.299255	0.162290
284.989302	0.161140
285.679348	0.157670
286.369395	0.152780
287.059442	0.147110
287.749489	0.140980
288.439535	0.134400
289.129582	0.127160
289.819629	0.118910
290.509676	0.109390
291.199722	0.098480
291.889769	0.086320
292.579816	0.073350
293.269863	0.060270
293.959909	0.047910
294.649956	0.037090
295.340003	0.028490
296.030049	0.022530
296.720096	0.019290
297.410143	0.018550
298.100190	0.019870
298.790236	0.022680
299.480283	0.026430
300.170330	0.030620
300.860377	0.034830
301.550423	0.038710
302.240470	0.041960
302.930517	0.044290
303.620564	0.045420
304.310610	0.045170
305.000657	0.043490
305.690704	0.040540
306.380750	0.036760
307.070797	0.032780
307.760844	0.029420
308.450891	0.027490
309.140937	0.027730
309.830984	0.030590
310.521031	0.036240
311.211078	0.044490
311.901124	0.054870
312.591171	0.066660
313.281218	0.079030
313.971265	0.091030
314.661311	0.101690
315.351358	0.110050
316.041405	0.115210
316.731452	0.116480
317.421498	0.113530
318.111545	0.106550
318.801592	0.096350
319.491638	0.084290
320.181685	0.072140
320.871732	0.061710
321.561779	0.054510
322.251825	0.051420
322.941872	0.052540
323.631919	0.057240
324.321966	0.064290
325.012012	0.072210
325.702059	0.079520
326.392106	0.085010
327.082153	0.087930
327.772199	0.088000
328.462246	0.085510
329.152293	0.081110
329.842339	0.075790
330.532386	0.070660
331.222433	0.066810
331.912480	0.065070
332.602526	0.065950
333.292573	0.069460
333.982620	0.075130
334.672667	0.081990
335.362713	0.088740
336.052760	0.093910
336.742807	0.096130
337.432854	0.094340
338.122900	0.088050
338.812947	0.077440
339.502994	0.063370
340.193041	0.047280
340.883087	0.030870
341.573134	0.015870
342.263181	0.003720
342.953227	-0.004680
343.643274	-0.009080
344.333321	-0.009890
345.023368	-0.008020
345.713414	-0.004680
346.403461	-0.001080
347.093508	0.001800
347.783555	0.003420
348.473601	0.003810
349.163648	0.003560
349.853695	0.003700
350.543742	0.005470
351.233788	0.010170
351.923835	0.018860
352.613882	0.032200
353.303928	0.050380
353.993975	0.073110
354.684022	0.099620
355.374069	0.128830
356.064115	0.159410
356.754162	0.189890
357.444209	0.218740
358.134256	0.244400
358.824302	0.265360
359.514349	0.280290
360.204396	0.288110
360.894443	0.288170
361.584489	0.280360
362.274536	0.265180
362.964583	0.243760
363.654630	0.217760
364.344676	0.189210
365.034723	0.160350
365.724770	0.133340
366.414816	0.110050
367.104863	0.091820
367.794910	0.079340
368.484957	0.072530
369.175003	0.070620
369.865050	0.072250
370.555097	0.075780
371.245144	0.079530
371.935190	0.082030
372.625237	0.082220
373.315284	0.079500
374.005331	0.073630
374.695377	0.064670
375.385424	0.052740
376.075471	0.038020
376.765517	0.020690
377.455564	0.001020
378.145611	-0.020490
378.835658	-0.043120
379.525704	-0.065770
380.215751	-0.087170
380.905798	-0.105980
381.595845	-0.121050
382.285891	-0.131570
382.975938	-0.137180
383.665985	-0.138010
384.356032	-0.134580
385.046078	-0.127740
385.736125	-0.118500
386.426172	-0.107890
387.116219	-0.096880
387.806265	-0.086270
388.496312	-0.076590
389.186359	-0.068080
389.876405	-0.060660
390.566452	-0.054010
391.256499	-0.047570
391.946546	-0.040740
392.636592	-0.032960
393.326639	-0.023820
394.016686	-0.013140
394.706733	-0.001010
395.396779	0.012270
396.086826	0.026180
396.776873	0.040030
397.466920	0.052970
398.156966	0.063960
398.847013	0.071860
399.537060	0.075380
400.227106	0.073330
400.917153	0.064770
401.607200	0.049250
402.297247	0.027070
402.987293	-0.000670
403.677340	-0.032070
404.367387	-0.064750
405.057434	-0.096080
405.747480	-0.123740
406.437527	-0.146050
407.127574	-0.162200
407.817621	-0.172380
408.507667	-0.177620
409.197714	-0.179550
409.887761	-0.180080
410.577808	-0.181070
411.267854	-0.184080
411.957901	-0.190250
412.647948	-0.200210
413.337994	-0.214130
414.028041	-0.231800
414.718088	-0.252730
415.408135	-0.276280
416.098181	-0.301700
416.788228	-0.328250
417.478275	-0.355190
418.168322	-0.381770
418.858368	-0.407260
419.548415	-0.430860
420.238462	-0.451730
420.928509	-0.468940
421.618555	-0.481550
422.308602	-0.488650
422.998649	-0.489530
423.688695	-0.483770
424.378742	-0.471440
425.068789	-0.453190
425.758836	-0.430300
426.448882	-0.404570
427.138929	-0.378130
427.828976	-0.353100
428.519023	-0.331260
429.209069	-0.313730
429.899116	-0.300710
430.589163	-0.291470
431.279210	-0.284480
431.969256	-0.277610
432.659303	-0.268560
433.349350	-0.255260
434.039397	-0.236180
434.729443	-0.210730
435.419490	-0.179320
436.109537	-0.143400
436.799583	-0.105180
437.489630	-0.067260
438.179677	-0.032190
438.869724	-0.001980
439.559770	0.022190
440.249817	0.040000
440.939864	0.051990
441.629911	0.059220
442.319957	0.063000
443.010004	0.064530
443.700051	0.064780
444.390098	0.064280
445.080144	0.063110
445.770191	0.060980
446.460238	0.057270
447.150284	0.051190
447.840331	0.041850
448.530378	0.028500
449.220425	0.010570
449.910471	-0.012190
450.600518	-0.039710
451.290565	-0.071600
451.980612	-0.107190
452.670658	-0.145620
453.360705	-0.185860
454.050752	-0.226650
454.740799	-0.266540
455.430845	-0.303740
456.120892	-0.336170
456.810939	-0.361600
457.500986	-0.377870
458.191032	-0.383310
458.881079	-0.377230
459.571126	-0.360230
460.261172	-0.334450
460.951219	-0.303340
461.641266	-0.271160
462.331313	-0.242150
463.021359	-0.219680
463.711406	-0.205450
464.401453	-0.199090
465.091500	-0.198150
465.781546	-0.198580
466.471593	-0.195460
467.161640	-0.184050
467.851687	-0.160620
468.541733	-0.123250
469.231780	-0.072140
469.921827	-0.009630
470.611873	0.060190
471.301920	0.132270
471.991967	0.201310
472.682014	0.262630
473.372060	0.312720
474.062107	0.349630
474.752154	0.372910
475.442201	0.383460
476.132247	0.383060
476.822294	0.374040
477.512341	0.358860
478.202388	0.339830
478.892434	0.318970
479.582481	0.297930
480.272528	0.277960
480.962575	0.259860
481.652621	0.244050
482.342668	0.230560
483.032715	0.219090
483.722761	0.209160
484.412808	0.200200
485.102855	0.191720
485.792902	0.183420
486.482948	0.175250
487.172995	0.167340
487.863042	0.159980
488.553089	0.153440
489.243135	0.147930
489.933182	0.143450
490.623229	0.139840
491.313276	0.136790
492.003322	0.133930
492.693369	0.130950
493.383416	0.127660
494.073462	0.124090
494.763509	0.120420
495.453556	0.116910
496.143603	0.113770
496.833649	0.111050
497.523696	0.108560
498.213743	0.105890
498.903790	0.102510
499.593836	0.097980
500.283883	0.092050
500.973930	0.084870
501.663977	0.076950
502.354023	0.069140
503.044070	0.062390
503.734117	0.057600
504.424164	0.055350
505.114210	0.055860
505.804257	0.058870
506.494304	0.063750
507.184350	0.069610
507.874397	0.075510
508.564444	0.080600
509.254491	0.084320
509.944537	0.086480
510.634584	0.087280
511.324631	0.087310
512.014678	0.087440
512.704724	0.088660
513.394771	0.091980
514.084818	0.098180
514.774865	0.107750
515.464911	0.120770
516.154958	0.136890
516.845005	0.155420
517.535051	0.175380
518.225098	0.195630
518.915145	0.215050
519.605192	0.232570
520.295238	0.247290
520.985285	0.258520
521.675332	0.265710
522.365379	0.268500
523.055425	0.266690
523.745472	0.260230
524.435519	0.249290
525.125566	0.234270
525.815612	0.215850
526.505659	0.194900
527.195706	0.172470
527.885753	0.149540
528.575799	0.126970
529.265846	0.105300
529.955893	0.084770
530.645939	0.065370
531.335986	0.046980
532.026033	0.029510
532.716080	0.013010
533.406126	-0.002320
534.096173	-0.016180
534.786220	-0.028330
535.476267	-0.038690
536.166313	-0.047400
536.856360	-0.054830
537.546407	-0.061390
538.236454	-0.067460
538.926500	-0.073210
539.616547	-0.078540
540.306594	-0.083130
540.996640	-0.086490
541.686687	-0.088160
542.376734	-0.087740
543.066781	-0.085050
543.756827	-0.080090
544.446874	-0.073000
545.136921	-0.064070
545.826968	-0.053610
546.517014	-0.041960
547.207061	-0.029430
547.897108	-0.016310
548.587155	-0.002870
549.277201	0.010670
549.967248	0.024070
550.657295	0.037060
551.347342	0.049340
552.037388	0.060540
552.727435	0.070240
553.417482	0.078040
554.107528	0.083650
554.797575	0.086940
555.487622	0.088050
556.177669	0.087420
556.867715	0.085670
557.557762	0.083560
558.247809	0.081790
558.937856	0.080870
559.627902	0.081030
560.317949	0.082210
561.007996	0.084120
561.698043	0.086350
562.388089	0.088500
563.078136	0.090280
563.768183	0.091590
564.458229	0.092440
565.148276	0.092930
565.838323	0.093120
566.528370	0.093050
567.218416	0.092620
567.908463	0.091700
568.598510	0.090150
569.288557	0.087900
569.978603	0.085010
570.668650	0.081610
571.358697	0.077920
572.048744	0.074140
572.738790	0.070400
573.428837	0.066720
574.118884	0.063050
574.808931	0.059320
575.498977	0.055480
576.189024	0.051610
576.879071	0.047920
577.569117	0.044670
578.259164	0.042160
578.949211	0.040570
579.639258	0.039870
580.329304	0.039810
581.019351	0.039830
581.709398	0.039190
582.399445	0.037010
583.089491	0.032420
583.779538	0.024640
584.469585	0.013140
585.159632	-0.002310
585.849678	-0.021570
586.539725	-0.044100
587.229772	-0.068920
587.919818	-0.094670
588.609865	-0.119620
589.299912	-0.141840
589.989959	-0.159360
590.680005	-0.170370
591.370052	-0.173480
592.060099	-0.167860
592.750146	-0.153440
593.440192	-0.130880
594.130239	-0.101570
594.820286	-0.067430
595.510333	-0.030770
596.200379	0.006010
596.890426	0.040640
597.580473	0.071160
598.270520	0.096090
598.960566	0.114550
599.650613	0.126270
600.340660	0.131570
601.030706	0.131340
601.720753	0.126850
602.410800	0.119640
603.100847	0.111300
603.790893	0.103310
604.480940	0.096840
605.170987	0.092650
605.861034	0.090990
606.551080	0.091710
607.241127	0.094320
607.931174	0.098140
608.621221	0.102530
609.311267	0.106940
610.001314	0.111040
610.691361	0.114710
611.381407	0.117980
612.071454	0.120980
612.761501	0.123850
613.451548	0.126740
614.141594	0.129740
614.831641	0.132960
615.521688	0.136480
616.211735	0.140460
616.901781	0.145060
617.591828	0.150460
618.281875	0.156760
618.971922	0.163910
619.661968	0.171610
620.352015	0.179260
621.042062	0.185930
621.732109	0.190500
622.422155	0.191800
623.112202	0.188800
623.802249	0.180810
624.492295	0.167610
625.182342	0.149490
625.872389	0.127140
626.562436	0.101570
627.252482	0.073930
627.942529	0.045420
628.632576	0.017200
629.322623	-0.009630
630.012669	-0.034060
630.702716	-0.055200
631.392763	-0.072340
632.082810	-0.085110
632.772856	-0.093500
633.462903	-0.097960
634.152950	-0.099290
634.842996	-0.098530
635.533043	-0.096760
636.223090	-0.094870
636.913137	-0.093430
637.603183	-0.092610
638.293230	-0.092240
638.983277	-0.091920
639.673324	-0.091200
640.363370	-0.089650
641.053417	-0.087010
641.743464	-0.083130
642.433511	-0.077970
643.123557	-0.071510
643.813604	-0.063710
644.503651	-0.054540
645.193698	-0.044010
645.883744	-0.032320
646.573791	-0.019910
647.263838	-0.007510
647.953884	0.003940
648.643931	0.013390
649.333978	0.019840
650.024025	0.022530
650.714071	0.020980
651.404118	0.015060
652.094165	0.004850
652.784212	-0.009440
653.474258	-0.027640
654.164305	-0.049630
654.854352	-0.075420
655.544399	-0.105070
656.234445	-0.138670
656.924492	-0.176210
657.614539	-0.217560
658.304585	-0.262390
658.994632	-0.310180
659.684679	-0.360190
660.374726	-0.411540
661.064772	-0.463230
661.754819	-0.514240
662.444866	-0.563610
663.134913	-0.610500
663.824959	-0.654230
664.515006	-0.694300
665.205053	-0.730340
665.895100	-0.762030
666.585146	-0.788980
667.275193	-0.810590
667.965240	-0.825980
668.655287	-0.833850
669.345333	-0.832570
670.035380	-0.820240
670.725427	-0.794990
671.415473	-0.755280
672.105520	-0.700270
672.795567	-0.630160
673.485614	-0.546370
674.175660	-0.451570
674.865707	-0.349510
675.555754	-0.244680
676.245801	-0.141870
676.935847	-0.045730
677.625894	0.039700
678.315941	0.111350
679.005988	0.167330
679.696034	0.207060
680.386081	0.231270
681.076128	0.241800
681.766174	0.241300
682.456221	0.232840
683.146268	0.219510
683.836315	0.204110
684.526361	0.188870
685.216408	0.175330
685.906455	0.164370
686.596502	0.156260
687.286548	0.150770
687.976595	0.147280
688.666642	0.144930
689.356689	0.142700
690.046735	0.139530
690.736782	0.134400
691.426829	0.126450
692.116876	0.115060
692.806922	0.099900
693.496969	0.080960
694.187016	0.058480
694.877062	0.032870
695.567109	0.004590
696.257156	-0.025930
696.947203	-0.058440
697.637249	-0.092710
698.327296	-0.128560
699.017343	-0.165640
699.707390	-0.203240
700.397436	-0.240100
701.087483	-0.274300
701.777530	-0.303280
702.467577	-0.324060
703.157623	-0.333550
703.847670	-0.329060
704.537717	-0.308740
705.227763	-0.272070
705.917810	-0.220020
706.607857	-0.155120
707.297904	-0.081180
707.987950	-0.002900
708.677997	0.074800
709.368044	0.147190
710.058091	0.210290
710.748137	0.261200
711.438184	0.298180
712.128231	0.320730
712.818278	0.329400
713.508324	0.325610
714.198371	0.311420
714.888418	0.289200
715.578465	0.261510
716.268511	0.230830
716.958558	0.199470
717.648605	0.169550
718.338651	0.142910
719.028698	0.121100
719.718745	0.105330
720.408792	0.096360
721.098838	0.094430
721.788885	0.099110
722.478932	0.109330
723.168979	0.123490
723.859025	0.139650
724.549072	0.155880
725.239119	0.170590
725.929166	0.182830
726.619212	0.192450
727.309259	0.200010
727.999306	0.206660
728.689352	0.213760
729.379399	0.222530
730.069446	0.233770
730.759493	0.247650
731.449539	0.263760
732.139586	0.281150
732.829633	0.298580
733.519680	0.314760
734.209726	0.328470
734.899773	0.338690
735.589820	0.344610
736.279867	0.345630
736.969913	0.341310
737.659960	0.331340
738.350007	0.315560
739.040054	0.294040
739.730100	0.267140
740.420147	0.235570
741.110194	0.200430
741.800240	0.163210
742.490287	0.125670
743.180334	0.089670
743.870381	0.057050
744.560427	0.029350
745.250474	0.007680
745.940521	-0.007460
746.630568	-0.016190
747.320614	-0.019240
748.010661	-0.017770
748.700708	-0.013250
749.390755	-0.007170
750.080801	-0.000900
750.770848	0.004570
751.460895	0.008600
752.150941	0.010970
752.840988	0.011780
753.531035	0.011320
754.221082	0.009970
754.911128	0.008090
755.601175	0.006000
756.291222	0.003940
756.981269	0.002160
757.671315	0.000940
758.361362	0.000610
759.051409	0.001580
759.741456	0.004200
760.431502	0.008740
761.121549	0.015190
761.811596	0.023200
762.501643	0.032010
763.191689	0.040510
763.881736	0.047360
764.571783	0.051180
765.261829	0.050810
765.951876	0.045510
766.641923	0.035100
767.331970	0.020070
768.022016	0.001440
768.712063	-0.019330
769.402110	-0.040630
770.092157	-0.060880
770.782203	-0.078770
771.472250	-0.093360
772.162297	-0.104170
772.852344	-0.111130
773.542390	-0.114500
774.232437	-0.114750
774.922484	-0.112460
775.612530	-0.108190
776.302577	-0.102430
776.992624	-0.095570
777.682671	-0.087850
778.372717	-0.079440
779.062764	-0.070420
779.752811	-0.060860
780.442858	-0.050850
781.132904	-0.040520
781.822951	-0.030110
782.512998	-0.019880
783.203045	-0.010150
783.893091	-0.001220
784.583138	0.006720
785.273185	0.013560
785.963232	0.019350
786.653278	0.024320
787.343325	0.028850
788.033372	0.033470
788.723418	0.038760
789.413465	0.045310
790.103512	0.053640
790.793559	0.064120
791.483605	0.076910
792.173652	0.091940
792.863699	0.108850
793.553746	0.127080
794.243792	0.145880
794.933839	0.164350
795.623886	0.181570
796.313933	0.196580
797.003979	0.208500
797.694026	0.216500
798.384073	0.219960
799.074119	0.218480
799.764166	0.212010
800.454213	0.200920
801.144260	0.185990
801.834306	0.168370
802.524353	0.149450
803.214400	0.130650
803.904447	0.113250
804.594493	0.098240
805.284540	0.086200
805.974587	0.077340
806.664634	0.071520
807.354680	0.068360
808.044727	0.067370
808.734774	0.068080
809.424821	0.070060
810.114867	0.072980
810.804914	0.076580
811.494961	0.080650
812.185007	0.084980
812.875054	0.089320
813.565101	0.093410
814.255148	0.096930
814.945194	0.099600
815.635241	0.101140
816.325288	0.101350
817.015335	0.100080
817.705381	0.097280
818.395428	0.092980
819.085475	0.087240
819.775522	0.080200
820.465568	0.072010
821.155615	0.062850
821.845662	0.052880
822.535708	0.042260
823.225755	0.031190
823.915802	0.019860
824.605849	0.008560
825.295895	-0.002400
825.985942	-0.012620
826.675989	-0.021690
827.366036	-0.029220
828.056082	-0.034890
828.746129	-0.038550
829.436176	-0.040190
830.126223	-0.040000
830.816269	-0.038230
831.506316	-0.035190
832.196363	-0.031150
832.886410	-0.026270
833.576456	-0.020560
834.266503	-0.013980
834.956550	-0.006380
835.646596	0.002320
836.336643	0.012180
837.026690	0.023110
837.716737	0.034890
838.406783	0.047160
839.096830	0.059430
839.786877	0.071140
840.476924	0.081690
841.166970	0.090520
841.857017	0.097170
842.547064	0.101340
843.237111	0.102960
843.927157	0.102190
844.617204	0.099410
845.307251	0.095210
845.997297	0.090330
846.687344	0.085550
847.377391	0.081650
848.067438	0.079300
848.757484	0.079020
849.447531	0.081100
850.137578	0.085620
850.827625	0.092420
851.517671	0.101140
852.207718	0.111230
852.897765	0.122020
853.587812	0.132680
854.277858	0.142360
854.967905	0.150190
855.657952	0.155390
856.347999	0.157390
857.038045	0.155870
857.728092	0.150810
858.418139	0.142510
859.108185	0.131550
859.798232	0.118700
860.488279	0.104880
861.178326	0.091090
861.868372	0.078400
862.558419	0.067910
863.248466	0.060680
863.938513	0.057630
864.628559	0.059440
865.318606	0.066390
866.008653	0.078290
866.698700	0.094420
867.388746	0.113540
868.078793	0.133960
868.768840	0.153610
869.458886	0.170240
870.148933	0.181620
870.838980	0.185760
871.529027	0.181230
872.219073	0.167410
872.909120	0.144710
873.599167	0.114600
874.289214	0.079500
874.979260	0.042410
875.669307	0.006520
876.359354	-0.025230
877.049401	-0.050620
877.739447	-0.068250
878.429494	-0.077720
879.119541	-0.079530
879.809588	-0.074890
880.499634	-0.065530
881.189681	-0.053450
881.879728	-0.040660
882.569774	-0.028930
883.259821	-0.019590
883.949868	-0.013380
884.639915	-0.010380
885.329961	-0.010080
886.020008	-0.011550
886.710055	-0.013710
887.400102	-0.015580
888.090148	-0.016510
888.780195	-0.016320
889.470242	-0.015250
890.160289	-0.013910
890.850335	-0.013070
891.540382	-0.013500
892.230429	-0.015860
892.920476	-0.020660
893.610522	-0.028210
894.300569	-0.038770
894.990616	-0.052560
895.680662	-0.069860
896.370709	-0.090960
897.060756	-0.116160
897.750803	-0.145620
898.440849	-0.179300
899.130896	-0.216790
899.820943	-0.257370
900.510990	-0.300030
901.201036	-0.343640
901.891083	-0.387160
902.581130	-0.429800
903.271177	-0.471180
903.961223	-0.511250
904.651270	-0.550260
905.341317	-0.588500
906.031363	-0.626100
906.721410	-0.662870
907.411457	-0.698170
908.101504	-0.730890
908.791550	-0.759590
909.481597	-0.782570
910.171644	-0.798160
910.861691	-0.804850
911.551737	-0.801530
912.241784	-0.787610
912.931831	-0.763120
913.621878	-0.728700
914.311924	-0.685450
915.001971	-0.634790
915.692018	-0.578280
916.382065	-0.517410
917.072111	-0.453610
917.762158	-0.388340
918.452205	-0.323220
919.142251	-0.260280
919.832298	-0.201940
920.522345	-0.150930
921.212392	-0.109900
921.902438	-0.080910
922.592485	-0.064930
923.282532	-0.061450
923.972579	-0.068400
924.662625	-0.082400
925.352672	-0.099250
926.042719	-0.114580
926.732766	-0.124610
927.422812	-0.126700
928.112859	-0.119660
928.802906	-0.103790
929.492952	-0.080620
930.182999	-0.052410
930.873046	-0.021570
931.563093	0.009790
932.253139	0.040310
932.943186	0.069320
933.633233	0.096780
934.323280	0.122990
935.013326	0.148240
935.703373	0.172610
936.393420	0.195870
937.083467	0.217590
937.773513	0.237240
938.463560	0.254430
939.153607	0.269000
939.843654	0.281070
940.533700	0.290910
941.223747	0.298800
941.913794	0.304850
942.603840	0.308860
943.293887	0.310320
943.983934	0.308460
944.673981	0.302470
945.364027	0.291720
946.054074	0.275970
946.744121	0.255500
947.434168	0.231130
948.124214	0.204150
948.814261	0.176110
949.504308	0.148670
950.194355	0.123320
950.884401	0.101230
951.574448	0.083140
952.264495	0.069290
952.954541	0.059460
953.644588	0.053150
954.334635	0.049620
955.024682	0.048170
955.714728	0.048130
956.404775	0.048990
957.094822	0.050350
957.784869	0.051870
958.474915	0.053210
959.164962	0.053970
959.855009	0.053740
960.545056	0.052120
961.235102	0.048830
961.925149	0.043720
962.615196	0.036870
963.305243	0.028540
963.995289	0.019130
964.685336	0.009190
965.375383	-0.000720
966.065429	-0.010020
966.755476	-0.018160
967.445523	-0.024640
968.135570	-0.029000
968.825616	-0.030840
969.515663	-0.029850
970.205710	-0.025790
970.895757	-0.018570
971.585803	-0.008270
972.275850	0.004840
972.965897	0.020310
973.655944	0.037560
974.345990	0.055950
975.036037	0.074940
975.726084	0.094100
976.416130	0.113210
977.106177	0.132190
977.796224	0.150960
978.486271	0.169330
979.176317	0.186820
979.866364	0.202670
980.556411	0.215810
981.246458	0.225060
981.936504	0.229330
982.626551	0.227810
983.316598	0.220180
984.006645	0.206670
984.696691	0.187990
985.386738	0.165230
986.076785	0.139690
986.766832	0.112700
987.456878	0.085480
988.146925	0.059170
988.836972	0.034740
989.527018	0.013100
990.217065	-0.004870
990.907112	-0.018330
991.597159	-0.026540
992.287205	-0.028940
992.977252	-0.025330
993.667299	-0.015960
994.357346	-0.001640
995.047392	0.016320
995.737439	0.036140
996.427486	0.055830
997.117533	0.073340
997.807579	0.086920
998.497626	0.095190
999.187673	0.097380
999.877719	0.093340
1000.567766	0.083530
1001.257813	0.068940
1001.947860	0.050930
1002.637906	0.031140
1003.327953	0.011260
1004.018000	-0.007080
1004.708047	-0.022570
1005.398093	-0.034270
1006.088140	-0.041750
1006.778187	-0.045130
1007.468234	-0.045020
1008.158280	-0.042370
1008.848327	-0.038300
1009.538374	-0.033840
1010.228421	-0.029750
1010.918467	-0.026370
1011.608514	-0.023590
1012.298561	-0.020850
1012.988607	-0.017330
1013.678654	-0.012070
1014.368701	-0.004270
1015.058748	0.006630
1015.748794	0.020710
1016.438841	0.037580
1017.128888	0.056380
1017.818935	0.075890
1018.508981	0.094700
1019.199028	0.111430
1019.889075	0.124910
1020.579122	0.134390
1021.269168	0.139570
1021.959215	0.140610
1022.649262	0.138040
1023.339308	0.132620
1024.029355	0.125160
1024.719402	0.116440
1025.409449	0.107110
1026.099495	0.097730
1026.789542	0.088710
1027.479589	0.080450
1028.169636	0.073300
1028.859682	0.067580
1029.549729	0.063570
1030.239776	0.061460
1030.929823	0.061320
1031.619869	0.063050
1032.309916	0.066390
1032.999963	0.070930
1033.690010	0.076160
1034.380056	0.081500
1035.070103	0.086450
1035.760150	0.090570
1036.450196	0.093550
1037.140243	0.095260
1037.830290	0.095660
1038.520337	0.094840
1039.210383	0.092960
1039.900430	0.090240
1040.590477	0.086920
1041.280524	0.083330
1041.970570	0.079830
1042.660617	0.076770
1043.350664	0.074530
1044.040711	0.073380
1044.730757	0.073490
1045.420804	0.074910
1046.110851	0.077530
1046.800897	0.081140
1047.490944	0.085480
1048.180991	0.090250
1048.871038	0.095210
1049.561084	0.100150
1050.251131	0.104920
1050.941178	0.109400
1051.631225	0.113500
1052.321271	0.117090
1053.011318	0.120020
1053.701365	0.122070
1054.391412	0.122990
1055.081458	0.122540
1055.771505	0.120460
1056.461552	0.116560
1057.151599	0.110720
1057.841645	0.102880
1058.531692	0.093090
1059.221739	0.081470
1059.911785	0.068190
1060.601832	0.053480
1061.291879	0.037580
1061.981926	0.020750
1062.671972	0.003270
1063.362019	-0.014570
1064.052066	-0.032480
1064.742113	-0.050100
1065.432159	-0.067100
1066.122206	-0.083080
1066.812253	-0.097700
1067.502300	-0.110610
1068.192346	-0.121520
1068.882393	-0.130220
1069.572440	-0.136560
1070.262486	-0.140460
1070.952533	-0.141890
1071.642580	-0.140860
1072.332627	-0.137370
1073.022673	-0.131450
1073.712720	-0.123130
1074.402767	-0.112480
1075.092814	-0.099650
1075.782860	-0.084890
1076.472907	-0.068560
1077.162954	-0.051150
1077.853001	-0.033240
1078.543047	-0.015470
1079.233094	0.001540
1079.923141	0.017250
1080.613188	0.031280
1081.303234	0.043430
1081.993281	0.053710
1082.683328	0.062380
1083.373374	0.069800
1084.063421	0.076430
1084.753468	0.082640
1085.443515	0.088650
1086.133561	0.094450
1086.823608	0.099810
1087.513655	0.104310
1088.203702	0.107430
1088.893748	0.108750
1089.583795	0.107970
1090.273842	0.105040
1090.963889	0.100190
1091.653935	0.093860
1092.343982	0.086620
1093.034029	0.079170
1093.724075	0.072150
1094.414122	0.066160
1095.104169	0.061690
1095.794216	0.059060
1096.484262	0.058440
1097.174309	0.059800
1097.864356	0.062940
1098.554403	0.067490
1099.244449	0.073010
1099.934496	0.078990
1100.624543	0.085020
1101.314590	0.090770
1102.004636	0.096100
1102.694683	0.101020
1103.384730	0.105700
1104.074777	0.110410
1104.764823	0.115430
1105.454870	0.121000
1106.144917	0.127250
1106.834963	0.134160
1107.525010	0.141500
1108.215057	0.148810
1108.905104	0.155420
1109.595150	0.160500
1110.285197	0.163110
1110.975244	0.162350
1111.665291	0.157560
1112.355337	0.148430
1113.045384	0.135170
1113.735431	0.118460
1114.425478	0.099420
1115.115524	0.079420
1115.805571	0.059880
1116.495618	0.042060
1117.185664	0.026890
1117.875711	0.014940
1118.565758	0.006420
1119.255805	0.001240
1119.945851	-0.000860
1120.635898	-0.000250
1121.325945	0.002660
1122.015992	0.007420
1122.706038	0.013520
1123.396085	0.020350
1124.086132	0.027170
1124.776179	0.033070
1125.466225	0.037020
1126.156272	0.037960
1126.846319	0.034910
1127.536366	0.027130
1128.226412	0.014360
1128.916459	-0.003140
1129.606506	-0.024500
1130.296552	-0.048320
1130.986599	-0.072860
1131.676646	-0.096250
1132.366693	-0.116850
1133.056739	-0.133470
1133.746786	-0.145520
1134.436833	-0.153140
1135.126880	-0.157110
1135.816926	-0.158750
1136.506973	-0.159690
1137.197020	-0.161710
1137.887067	-0.166510
1138.577113	-0.175590
1139.267160	-0.190090
1139.957207	-0.210720
1140.647253	-0.237680
1141.337300	-0.270630
1142.027347	-0.308750
1142.717394	-0.350750
1143.407440	-0.395110
1144.097487	-0.440170
1144.787534	-0.484330
1145.477581	-0.526210
1146.167627	-0.564680
1146.857674	-0.598870
1147.547721	-0.628130
1148.237768	-0.651890
1148.927814	-0.669610
1149.617861	-0.680750
1150.307908	-0.684710
1150.997955	-0.680980
1151.688001	-0.669140
1152.378048	-0.649030
1153.068095	-0.620750
1153.758141	-0.584750
1154.448188	-0.541850
1155.138235	-0.493170
1155.828282	-0.440130
1156.518328	-0.384410
1157.208375	-0.327890
1157.898422	-0.272600
1158.588469	-0.220600
1159.278515	-0.173890
1159.968562	-0.134240
1160.658609	-0.103110
1161.348656	-0.081460
1162.038702	-0.069700
1162.728749	-0.067620
1163.418796	-0.074370
1164.108842	-0.088460
1164.798889	-0.107900
1165.488936	-0.130260
1166.178983	-0.152890
1166.869029	-0.173140
1167.559076	-0.188580
1168.249123	-0.197250
1168.939170	-0.197880
1169.629216	-0.190030
1170.319263	-0.174150
1171.009310	-0.151570
1171.699357	-0.124250
1172.389403	-0.094620
1173.079450	-0.065120
1173.769497	-0.037940
1174.459544	-0.014710
1175.149590	0.003670
1175.839637	0.017000
1176.529684	0.025610
1177.219730	0.030070
1177.909777	0.030960
1178.599824	0.028610
1179.289871	0.023080
1179.979917	0.014160
1180.669964	0.001660
1181.360011	-0.014470
1182.050058	-0.033880
1182.740104	-0.055670
1183.430151	-0.078410
1184.120198	-0.100160
1184.810245	-0.118710
1185.500291	-0.131790
1186.190338	-0.137380
1186.880385	-0.133990
1187.570431	-0.120970
1188.260478	-0.098640
1188.950525	-0.068410
1189.640572	-0.032590
1190.330618	0.005800
1191.020665	0.043530
1191.710712	0.077520
1192.400759	0.105330
1193.090805	0.125430
1193.780852	0.137310
1194.470899	0.141430
1195.160946	0.138960
1195.850992	0.131530
1196.541039	0.120910
1197.231086	0.108800
1197.921133	0.096700
1198.611179	0.085890
1199.301226	0.077470
1199.991273	0.072360
1200.681319	0.071340
1201.371366	0.074920
1202.061413	0.083240
1202.751460	0.095870
1203.441506	0.111760
1204.131553	0.129200
1204.821600	0.146010
1205.511647	0.159790
1206.201693	0.168350
1206.891740	0.169990
1207.581787	0.163890
1208.271834	0.150160
1208.961880	0.129880
1209.651927	0.104890
1210.341974	0.077540
1211.032020	0.050420
1211.722067	0.026020
1212.412114	0.006570
1213.102161	-0.006190
1213.792207	-0.011100
1214.482254	-0.007630
1215.172301	0.004020
1215.862348	0.022990
1216.552394	0.047720
1217.242441	0.076130
1217.932488	0.105810
1218.622535	0.134260
1219.312581	0.159200
1220.002628	0.178890
1220.692675	0.192290
1221.382722	0.199230
1222.072768	0.200380
1222.762815	0.197030
1223.452862	0.190860
1224.142908	0.183620
1224.832955	0.176790
1225.523002	0.171350
1226.213049	0.167610
1226.903095	0.165190
1227.593142	0.163030
