0.000000	-0.000850
0.690015	-0.011440
1.380030	-0.016500
2.070045	-0.015690
2.760060	-0.009140
3.450075	0.002550
4.140090	0.018430
4.830105	0.037240
5.520120	0.057510
6.210135	0.077720
6.900150	0.096450
7.590165	0.112420
8.280180	0.124700
8.970195	0.132700
9.660210	0.136210
10.350225	0.135440
11.040240	0.130940
11.730255	0.123570
12.420271	0.114420
13.110286	0.104710
13.800301	0.095680
14.490316	0.088510
15.180331	0.084100
15.870346	0.083040
16.560361	0.085510
17.250376	0.091220
17.940391	0.099520
18.630406	0.109480
19.320421	0.120060
20.010436	0.130300
20.700451	0.139510
21.390466	0.147360
22.080481	0.153920
22.770496	0.159640
23.460511	0.165280
24.150526	0.171690
24.840541	0.179720
25.530556	0.189990
26.220571	0.202770
26.910586	0.217940
27.600601	0.234910
28.290616	0.252760
28.980631	0.270330
29.670646	0.286410
30.360661	0.299890
31.050676	0.309870
31.740691	0.315710
32.430706	0.317000
33.120721	0.313420
33.810736	0.304730
34.500751	0.290650
35.190766	0.270880
35.880781	0.245170
36.570796	0.213410
37.260812	0.175740
37.950827	0.132660
38.640842	0.085150
39.330857	0.034680
40.020872	-0.016760
40.710887	-0.066740
41.400902	-0.112530
42.090917	-0.151360
42.780932	-0.180710
43.470947	-0.198630
44.160962	-0.204040
44.850977	-0.196850
45.540992	-0.178050
46.231007	-0.149530
46.921022	-0.113880
47.611037	-0.074020
48.301052	-0.032870
48.991067	0.006960
49.681082	0.043460
50.371097	0.075280
51.061112	0.101800
51.751127	0.123020
52.441142	0.139350
53.131157	0.151400
53.821172	0.159710
54.511187	0.164560
55.201202	0.165840
55.891217	0.163020
56.581232	0.155280
57.271247	0.141670
57.961262	0.121400
58.651277	0.094060
59.341292	0.059890
60.031307	0.019840
60.721322	-0.024390
61.411338	-0.070520
62.101353	-0.115850
62.791368	-0.157540
63.481383	-0.192920
64.171398	-0.219690
64.861413	-0.236110
65.551428	-0.241150
66.241443	-0.234510
66.931458	-0.216610
67.621473	-0.188600
68.311488	-0.152200
69.001503	-0.109640
69.691518	-0.063460
70.381533	-0.016410
71.071548	0.028730
71.761563	0.069290
72.451578	0.102900
73.141593	0.127630
73.831608	0.142230
74.521623	0.146240
75.211638	0.140160
75.901653	0.125390
76.591668	0.104090
77.281683	0.078920
77.971698	0.052700
78.661713	0.028030
79.351728	0.007010
80.041743	-0.008930
80.731758	-0.019090
81.421773	-0.023420
82.111788	-0.022420
82.801803	-0.016970
83.491818	-0.008190
84.181833	0.002630
84.871848	0.014200
85.561863	0.025220
86.251879	0.034540
86.941894	0.041260
87.631909	0.044840
88.321924	0.045140
89.011939	0.042470
89.701954	0.037460
90.391969	0.030930
91.081984	0.023650
91.771999	0.016100
92.462014	0.008350
93.152029	0.000020
93.842044	-0.009650
94.532059	-0.021510
95.222074	-0.036240
95.912089	-0.054150
96.602104	-0.075020
97.292119	-0.098180
97.982134	-0.122640
98.672149	-0.147360
99.362164	-0.171500
100.052179	-0.194520
100.742194	-0.216190
101.432209	-0.236510
102.122224	-0.255520
102.812239	-0.273160
103.502254	-0.289190
104.192269	-0.303230
104.882284	-0.314830
105.572299	-0.323620
106.262314	-0.329400
106.952329	-0.332180
107.642344	-0.332130
108.332359	-0.329460
109.022374	-0.324320
109.712389	-0.316680
110.402405	-0.306320
111.092420	-0.292880
111.782435	-0.275970
112.472450	-0.255290
113.162465	-0.230810
113.852480	-0.202730
114.542495	-0.171530
115.232510	-0.137900
115.922525	-0.102560
116.612540	-0.066220
117.302555	-0.029500
117.992570	0.007090
118.682585	0.043140
119.372600	0.078180
120.062615	0.111650
120.752630	0.142830
121.442645	0.170790
122.132660	0.194440
122.822675	0.212580
123.512690	0.223960
124.202705	0.227410
124.892720	0.222000
125.582735	0.207190
126.272750	0.183090
126.962765	0.150610
127.652780	0.111570
128.342795	0.068670
129.032810	0.025280
129.722825	-0.014950
130.412840	-0.048570
131.102855	-0.072720
131.792870	-0.085550
132.482885	-0.086300
133.172900	-0.075270
133.862915	-0.053580
134.552930	-0.022860
135.242946	0.014990
135.932961	0.058090
136.622976	0.104580
137.312991	0.152730
138.003006	0.200840
138.693021	0.247170
139.383036	0.289860
140.073051	0.326780
140.763066	0.355490
141.453081	0.373290
142.143096	0.377280
142.833111	0.364640
143.523126	0.333030
144.213141	0.281080
144.903156	0.208750
145.593171	0.117720
146.283186	0.011460
146.973201	-0.104980
147.663216	-0.225410
148.353231	-0.343110
149.043246	-0.451490
149.733261	-0.544780
150.423276	-0.618530
151.113291	-0.669900
151.803306	-0.697820
152.493321	-0.702880
153.183336	-0.687150
153.873351	-0.653790
154.563366	-0.606680
155.253381	-0.549960
155.943396	-0.487700
156.633411	-0.423560
157.323426	-0.360640
158.013441	-0.301330
158.703456	-0.247350
159.393472	-0.199760
160.083487	-0.159070
160.773502	-0.125270
161.463517	-0.097930
162.153532	-0.076220
162.843547	-0.059060
163.533562	-0.045140
164.223577	-0.033130
164.913592	-0.021790
165.603607	-0.010160
166.293622	0.002280
166.983637	0.015580
167.673652	0.029240
168.363667	0.042400
169.053682	0.053990
169.743697	0.062920
170.433712	0.068320
171.123727	0.069640
171.813742	0.066730
172.503757	0.059800
173.193772	0.049290
173.883787	0.035810
174.573802	0.020010
175.263817	0.002530
175.953832	-0.015940
176.643847	-0.034720
177.333862	-0.053040
178.023877	-0.070080
178.713892	-0.085010
179.403907	-0.097140
180.093922	-0.105990
180.783937	-0.111380
181.473952	-0.113520
182.163967	-0.112900
182.853982	-0.110250
183.543997	-0.106320
184.234013	-0.101780
184.924028	-0.096990
185.614043	-0.092020
186.304058	-0.086590
186.994073	-0.080240
187.684088	-0.072480
188.374103	-0.062970
189.064118	-0.051680
189.754133	-0.038980
190.444148	-0.025650
191.134163	-0.012700
191.824178	-0.001300
192.514193	0.007480
193.204208	0.012840
193.894223	0.014280
194.584238	0.011760
195.274253	0.005590
195.964268	-0.003520
196.654283	-0.014620
197.344298	-0.026500
198.034313	-0.037830
198.724328	-0.047200
199.414343	-0.053250
200.104358	-0.054770
200.794373	-0.050880
201.484388	-0.041080
202.174403	-0.025320
202.864418	-0.003990
203.554433	0.022180
204.244448	0.052280
204.934463	0.085270
205.624478	0.120060
206.314493	0.155540
207.004508	0.190510
207.694523	0.223650
208.384539	0.253620
209.074554	0.279090
209.764569	0.298920
210.454584	0.312360
211.144599	0.319170
211.834614	0.319670
212.524629	0.314710
213.214644	0.305520
213.904659	0.293560
214.594674	0.280270
215.284689	0.266970
215.974704	0.254680
216.664719	0.244050
217.354734	0.235420
218.044749	0.228740
218.734764	0.223750
219.424779	0.219980
220.114794	0.216840
220.804809	0.213760
221.494824	0.210170
222.184839	0.205620
222.874854	0.199760
223.564869	0.192380
224.254884	0.183430
224.944899	0.172950
225.634914	0.161130
226.324929	0.148240
227.014944	0.134630
227.704959	0.120730
228.394974	0.107020
229.084989	0.094010
229.775004	0.082180
230.465019	0.071900
231.155034	0.063380
231.845049	0.056590
232.535064	0.051300
233.225080	0.047080
233.915095	0.043440
234.605110	0.039960
235.295125	0.036340
235.985140	0.032540
236.675155	0.028710
237.365170	0.025150
238.055185	0.022220
238.745200	0.020230
239.435215	0.019370
240.125230	0.019690
240.815245	0.021140
241.505260	0.023680
242.195275	0.027400
242.885290	0.032520
243.575305	0.039420
244.265320	0.048610
244.955335	0.060550
245.645350	0.075580
246.335365	0.093820
247.025380	0.115070
247.715395	0.138830
248.405410	0.164280
249.095425	0.190280
249.785440	0.215480
250.475455	0.238330
251.165470	0.257180
251.855485	0.270450
252.545500	0.276720
253.235515	0.274920
253.925530	0.264460
254.615545	0.245280
255.305560	0.217960
255.995575	0.183670
256.685590	0.144140
257.375606	0.101580
258.065621	0.058460
258.755636	0.017290
259.445651	-0.019670
260.135666	-0.050700
260.825681	-0.074790
261.515696	-0.091790
262.205711	-0.102310
262.895726	-0.107550
263.585741	-0.108990
264.275756	-0.108040
264.965771	-0.105760
265.655786	-0.102710
266.345801	-0.098910
267.035816	-0.093980
267.725831	-0.087320
268.415846	-0.078340
269.105861	-0.066680
269.795876	-0.052280
270.485891	-0.035430
271.175906	-0.016730
271.865921	0.003010
272.555936	0.022880
273.245951	0.041870
273.935966	0.058960
274.625981	0.073230
275.315996	0.083860
276.006011	0.090300
276.696026	0.092330
277.386041	0.090150
278.076056	0.084350
278.766071	0.075880
279.456086	0.065830
280.146101	0.055250
280.836116	0.044920
281.526131	0.035260
282.216147	0.026240
282.906162	0.017460
283.596177	0.008380
284.286192	-0.001470
284.976207	-0.012270
285.666222	-0.023760
286.356237	-0.035200
287.046252	-0.045510
287.736267	-0.053490
288.426282	-0.058090
289.116297	-0.058690
289.806312	-0.055270
290.496327	-0.048450
291.186342	-0.039430
291.876357	-0.029840
292.566372	-0.021480
293.256387	-0.016090
293.946402	-0.015170
294.636417	-0.019810
295.326432	-0.030610
296.016447	-0.047600
296.706462	-0.070250
297.396477	-0.097470
298.086492	-0.127640
298.776507	-0.158710
299.466522	-0.188270
300.156537	-0.213700
300.846552	-0.232400
301.536567	-0.242020
302.226582	-0.240720
302.916597	-0.227430
303.606612	-0.202020
304.296627	-0.165470
304.986642	-0.119760
305.676657	-0.067750
306.366673	-0.012840
307.056688	0.041390
307.746703	0.091600
308.436718	0.134950
309.126733	0.169340
309.816748	0.193450
310.506763	0.206670
311.196778	0.209020
311.886793	0.200970
312.576808	0.183330
313.266823	0.157190
313.956838	0.123830
314.646853	0.084620
315.336868	0.040970
316.026883	-0.005740
316.716898	-0.054210
317.406913	-0.103110
318.096928	-0.151030
318.786943	-0.196420
319.476958	-0.237530
320.166973	-0.272530
320.856988	-0.299730
321.547003	-0.317860
322.237018	-0.326430
322.927033	-0.325820
323.617048	-0.317370
324.307063	-0.303120
324.997078	-0.285540
325.687093	-0.267030
326.377108	-0.249580
327.067123	-0.234530
327.757138	-0.222380
328.447153	-0.212920
329.137168	-0.205310
329.827183	-0.198430
330.517198	-0.191000
331.207214	-0.181920
331.897229	-0.170310
332.587244	-0.155680
333.277259	-0.137890
333.967274	-0.117180
334.657289	-0.094080
335.347304	-0.069400
336.037319	-0.044160
336.727334	-0.019520
337.417349	0.003330
338.107364	0.023310
338.797379	0.039540
339.487394	0.051540
340.177409	0.059240
340.867424	0.063100
341.557439	0.063950
342.247454	0.062960
342.937469	0.061400
343.627484	0.060480
344.317499	0.061190
345.007514	0.064180
345.697529	0.069630
346.387544	0.077340
347.077559	0.086740
347.767574	0.097000
348.457589	0.107230
349.147604	0.116620
349.837619	0.124540
350.527634	0.130660
351.217649	0.134940
351.907664	0.137540
352.597679	0.138740
353.287694	0.138770
353.977709	0.137700
354.667724	0.135380
355.357740	0.131410
356.047755	0.125300
356.737770	0.116500
357.427785	0.104650
358.117800	0.089640
358.807815	0.071770
359.497830	0.051770
360.187845	0.030760
360.877860	0.010170
361.567875	-0.008440
362.257890	-0.023540
362.947905	-0.033800
363.637920	-0.038260
364.327935	-0.036390
365.017950	-0.028070
365.707965	-0.013560
366.397980	0.006610
367.087995	0.031800
367.778010	0.061190
368.468025	0.093810
369.158040	0.128420
369.848055	0.163380
370.538070	0.196510
371.228085	0.225080
371.918100	0.245910
372.608115	0.255640
373.298130	0.251100
373.988145	0.229790
374.678160	0.190310
375.368175	0.132790
376.058190	0.059070
376.748205	-0.027180
377.438220	-0.120660
378.128235	-0.214790
378.818250	-0.302300
379.508265	-0.376050
380.198281	-0.429880
380.888296	-0.459460
381.578311	-0.463000
382.268326	-0.441520
382.958341	-0.398750
383.648356	-0.340620
384.338371	-0.274320
385.028386	-0.207270
385.718401	-0.146130
386.408416	-0.095960
387.098431	-0.059870
387.788446	-0.038880
388.478461	-0.032220
389.168476	-0.037790
389.858491	-0.052720
390.548506	-0.073850
391.238521	-0.098100
391.928536	-0.122760
392.618551	-0.145490
393.308566	-0.164420
393.998581	-0.178010
394.688596	-0.185100
395.378611	-0.184870
396.068626	-0.176910
396.758641	-0.161340
397.448656	-0.138920
398.138671	-0.111110
398.828686	-0.080140
399.518701	-0.048910
400.208716	-0.020770
400.898731	0.000810
401.588746	0.012610
402.278761	0.012180
402.968776	-0.001830
403.658791	-0.029430
404.348807	-0.069180
405.038822	-0.118420
405.728837	-0.173620
406.418852	-0.230930
407.108867	-0.286680
407.798882	-0.337810
408.488897	-0.382050
409.178912	-0.417970
409.868927	-0.444760
410.558942	-0.461990
411.248957	-0.469370
411.938972	-0.466650
412.628987	-0.453680
413.319002	-0.430550
414.009017	-0.397870
414.699032	-0.356780
415.389047	-0.308970
416.079062	-0.256470
416.769077	-0.201330
417.459092	-0.145330
418.149107	-0.089830
418.839122	-0.035780
419.529137	0.016130
420.219152	0.065180
420.909167	0.110350
421.599182	0.150280
422.289197	0.183300
422.979212	0.207600
423.669227	0.221580
424.359242	0.224030
425.049257	0.214380
425.739272	0.192760
426.429287	0.160100
427.119302	0.118130
427.809317	0.069450
428.499332	0.017530
429.189348	-0.033400
429.879363	-0.078650
430.569378	-0.113550
431.259393	-0.134190
431.949408	-0.138130
432.639423	-0.124950
433.329438	-0.096480
434.019453	-0.056470
434.709468	-0.009970
435.399483	0.037610
436.089498	0.081460
436.779513	0.118000
437.469528	0.145230
438.159543	0.162660
438.849558	0.170970
439.539573	0.171580
440.229588	0.166240
440.919603	0.156760
441.609618	0.144860
442.299633	0.132120
442.989648	0.119950
443.679663	0.109580
444.369678	0.101990
445.059693	0.097800
445.749708	0.097280
446.439723	0.100290
447.129738	0.106430
447.819753	0.115060
448.509768	0.125520
449.199783	0.137190
449.889798	0.149550
450.579813	0.162280
451.269828	0.175210
451.959843	0.188270
452.649858	0.201510
453.339874	0.215000
454.029889	0.228770
454.719904	0.242730
455.409919	0.256660
456.099934	0.270080
456.789949	0.282350
457.479964	0.292690
458.169979	0.300260
458.859994	0.304350
459.550009	0.304470
460.240024	0.300470
460.930039	0.292570
461.620054	0.281330
462.310069	0.267590
463.000084	0.252310
463.690099	0.236490
464.380114	0.220990
465.070129	0.206500
465.760144	0.193450
466.450159	0.182050
467.140174	0.172300
467.830189	0.163990
468.520204	0.156780
469.210219	0.150210
469.900234	0.143720
470.590249	0.136760
471.280264	0.128770
471.970279	0.119300
472.660294	0.108080
473.350309	0.095050
474.040324	0.080390
474.730339	0.064530
475.420354	0.048140
476.110369	0.032010
476.800384	0.017010
477.490399	0.004050
478.180415	-0.006080
478.870430	-0.012710
479.560445	-0.015350
480.250460	-0.013750
480.940475	-0.007970
481.630490	0.001600
482.320505	0.014220
483.010520	0.028860
483.700535	0.044210
484.390550	0.058860
485.080565	0.071430
485.770580	0.080750
486.460595	0.085980
487.150610	0.086750
487.840625	0.083190
488.530640	0.075950
489.220655	0.066180
489.910670	0.055390
490.600685	0.045320
491.290700	0.037680
491.980715	0.033920
492.670730	0.034980
493.360745	0.041160
494.050760	0.052020
494.740775	0.066510
495.430790	0.083070
496.120805	0.099900
496.810820	0.115140
497.500835	0.127070
498.190850	0.134290
498.880865	0.135820
499.570880	0.131280
500.260895	0.120930
500.950910	0.105750
501.640925	0.087420
502.330940	0.068090
503.020956	0.050210
503.710971	0.036080
504.400986	0.027560
505.091001	0.025750
505.781016	0.030880
506.471031	0.042360
507.161046	0.058920
507.851061	0.078900
508.541076	0.100480
509.231091	0.121940
509.921106	0.141760
510.611121	0.158720
511.301136	0.171980
511.991151	0.181100
512.681166	0.186060
513.371181	0.187260
514.061196	0.185420
514.751211	0.181430
515.441226	0.176100
516.131241	0.169970
516.821256	0.163200
517.511271	0.155490
518.201286	0.146240
518.891301	0.134680
519.581316	0.120100
520.271331	0.102010
520.961346	0.080120
521.651361	0.054370
522.341376	0.024820
523.031391	-0.008400
523.721406	-0.045070
524.411421	-0.084740
525.101436	-0.126590
525.791451	-0.169330
526.481466	-0.211070
527.171482	-0.249530
527.861497	-0.282210
528.551512	-0.306820
529.241527	-0.321600
529.931542	-0.325660
530.621557	-0.319090
531.311572	-0.302950
532.001587	-0.279120
532.691602	-0.249950
533.381617	-0.218020
534.071632	-0.185740
534.761647	-0.155080
535.451662	-0.127400
536.141677	-0.103380
536.831692	-0.083070
537.521707	-0.066100
538.211722	-0.051920
538.901737	-0.040050
539.591752	-0.030270
540.281767	-0.022690
540.971782	-0.017660
541.661797	-0.015640
542.351812	-0.016950
543.041827	-0.021680
543.731842	-0.029560
544.421857	-0.040100
545.111872	-0.052670
545.801887	-0.066690
546.491902	-0.081750
547.181917	-0.097620
547.871932	-0.114250
548.561947	-0.131540
549.251962	-0.149270
549.941977	-0.166940
550.631992	-0.183770
551.322007	-0.198840
552.012023	-0.211180
552.702038	-0.220010
553.392053	-0.224880
554.082068	-0.225670
554.772083	-0.222590
555.462098	-0.216070
556.152113	-0.206630
556.842128	-0.194770
557.532143	-0.180940
558.222158	-0.165580
558.912173	-0.149130
559.602188	-0.132120
560.292203	-0.115150
560.982218	-0.098900
561.672233	-0.084060
562.362248	-0.071310
563.052263	-0.061210
563.742278	-0.054180
564.432293	-0.050460
565.122308	-0.050050
565.812323	-0.052710
566.502338	-0.057920
567.192353	-0.064950
567.882368	-0.072890
568.572383	-0.080800
569.262398	-0.087800
569.952413	-0.093180
570.642428	-0.096490
571.332443	-0.097580
572.022458	-0.096620
572.712473	-0.094010
573.402488	-0.090330
574.092503	-0.086190
574.782518	-0.082130
575.472533	-0.078530
576.162549	-0.075530
576.852564	-0.073050
577.542579	-0.070850
578.232594	-0.068570
578.922609	-0.065830
579.612624	-0.062260
580.302639	-0.057560
580.992654	-0.051400
581.682669	-0.043500
582.372684	-0.033530
583.062699	-0.021210
583.752714	-0.006270
584.442729	0.011420
585.132744	0.031860
585.822759	0.054880
586.512774	0.080120
587.202789	0.107110
587.892804	0.135260
588.582819	0.164000
589.272834	0.192780
589.962849	0.221130
590.652864	0.248710
591.342879	0.275280
592.032894	0.300710
592.722909	0.324890
593.412924	0.347670
594.102939	0.368770
594.792954	0.387660
595.482969	0.403580
596.172984	0.415450
596.862999	0.422040
597.553014	0.422050
598.243029	0.414320
598.933044	0.398100
599.623059	0.373260
600.313074	0.340540
601.003090	0.301620
601.693105	0.259020
602.383120	0.215790
603.073135	0.174960
603.763150	0.138920
604.453165	0.108760
605.143180	0.083910
605.833195	0.062130
606.523210	0.039990
607.213225	0.013710
607.903240	-0.019660
608.593255	-0.061380
609.283270	-0.110290
609.973285	-0.162850
610.663300	-0.213780
611.353315	-0.257180
612.043330	-0.287850
612.733345	-0.302440
613.423360	-0.300010
614.113375	-0.282090
614.803390	-0.252030
615.493405	-0.214140
616.183420	-0.172730
616.873435	-0.131360
617.563450	-0.092560
618.253465	-0.057750
618.943480	-0.027500
619.633495	-0.001780
620.323510	0.019760
621.013525	0.037730
621.703540	0.052800
622.393555	0.065600
623.083570	0.076640
623.773585	0.086070
624.463600	0.093640
625.153616	0.098740
625.843631	0.100490
626.533646	0.098140
627.223661	0.091290
627.913676	0.080140
628.603691	0.065490
629.293706	0.048540
629.983721	0.030450
630.673736	0.011890
631.363751	-0.007390
632.053766	-0.028800
632.743781	-0.054670
633.433796	-0.087810
634.123811	-0.130560
634.813826	-0.183950
635.503841	-0.246760
636.193856	-0.315190
636.883871	-0.383010
637.573886	-0.442350
638.263901	-0.485020
638.953916	-0.504070
639.643931	-0.495130
640.333946	-0.457310
641.023961	-0.393390
641.713976	-0.309270
642.403991	-0.212960
643.094006	-0.113190
643.784021	-0.018190
644.474036	0.065290
645.164051	0.132530
645.854066	0.180970
646.544081	0.209980
647.234096	0.220500
647.924111	0.214570
648.614126	0.194850
649.304141	0.164300
649.994157	0.125840
650.684172	0.082190
651.374187	0.035670
652.064202	-0.011790
652.754217	-0.058780
653.444232	-0.104260
654.134247	-0.147620
654.824262	-0.188480
655.514277	-0.226650
656.204292	-0.262030
656.894307	-0.294500
657.584322	-0.323940
658.274337	-0.350190
658.964352	-0.373080
659.654367	-0.392390
660.344382	-0.407780
661.034397	-0.418770
661.724412	-0.424630
662.414427	-0.424440
663.104442	-0.417190
663.794457	-0.402060
664.484472	-0.378630
665.174487	-0.347160
665.864502	-0.308610
666.554517	-0.264600
667.244532	-0.217170
667.934547	-0.168500
668.624562	-0.120630
669.314577	-0.075240
670.004592	-0.033630
670.694607	0.003360
671.384622	0.035300
672.074637	0.062090
672.764652	0.084020
673.454667	0.101700
674.144683	0.115960
674.834698	0.127740
675.524713	0.137870
676.214728	0.146860
676.904743	0.154740
677.594758	0.161050
678.284773	0.164960
678.974788	0.165520
679.664803	0.162010
680.354818	0.154210
681.044833	0.142590
681.734848	0.128270
682.424863	0.112840
683.114878	0.097990
683.804893	0.085150
684.494908	0.075190
685.184923	0.068270
685.874938	0.063890
686.564953	0.061100
687.254968	0.058850
687.944983	0.056280
688.634998	0.052960
689.325013	0.048970
690.015028	0.044780
690.705043	0.041100
691.395058	0.038630
692.085073	0.037790
692.775088	0.038680
693.465103	0.041050
694.155118	0.044380
694.845133	0.048010
695.535148	0.051310
696.225163	0.053770
696.915178	0.055050
697.605193	0.055000
698.295208	0.053740
698.985224	0.051580
699.675239	0.049100
700.365254	0.047070
701.055269	0.046390
701.745284	0.047900
702.435299	0.052270
703.125314	0.059800
703.815329	0.070350
704.505344	0.083350
705.195359	0.097890
705.885374	0.112880
706.575389	0.127210
707.265404	0.139860
707.955419	0.150020
708.645434	0.157100
709.335449	0.160780
710.025464	0.160980
710.715479	0.157900
711.405494	0.152050
712.095509	0.144180
712.785524	0.135280
713.475539	0.126360
714.165554	0.118360
714.855569	0.111990
715.545584	0.107580
716.235599	0.105080
716.925614	0.104140
717.615629	0.104200
718.305644	0.104690
718.995659	0.105180
719.685674	0.105460
720.375689	0.105580
721.065704	0.105720
721.755719	0.106080
722.445734	0.106690
723.135750	0.107300
723.825765	0.107450
724.515780	0.106520
725.205795	0.103970
725.895810	0.099540
726.585825	0.093430
727.275840	0.086260
727.965855	0.078990
728.655870	0.072650
729.345885	0.068110
730.035900	0.065780
730.725915	0.065580
731.415930	0.066930
732.105945	0.068950
732.795960	0.070740
733.485975	0.071550
734.175990	0.071060
734.866005	0.069380
735.556020	0.067060
736.246035	0.064920
736.936050	0.063920
737.626065	0.064910
738.316080	0.068500
739.006095	0.074980
739.696110	0.084210
740.386125	0.095700
741.076140	0.108770
741.766155	0.122600
742.456170	0.136460
743.146185	0.149790
743.836200	0.162140
744.526215	0.173130
745.216230	0.182250
745.906245	0.188670
746.596260	0.191310
747.286275	0.188850
747.976291	0.180150
748.666306	0.164570
749.356321	0.142360
750.046336	0.114840
750.736351	0.084370
751.426366	0.054000
752.116381	0.027050
752.806396	0.006550
753.496411	-0.005200
754.186426	-0.006990
754.876441	0.001160
755.566456	0.018010
756.256471	0.041320
756.946486	0.068030
757.636501	0.094780
758.326516	0.118250
759.016531	0.135620
759.706546	0.144810
760.396561	0.144660
761.086576	0.134910
761.776591	0.116010
762.466606	0.088930
763.156621	0.054950
763.846636	0.015480
764.536651	-0.027980
765.226666	-0.073900
765.916681	-0.120580
766.606696	-0.166210
767.296711	-0.208840
767.986726	-0.246490
768.676741	-0.277320
769.366756	-0.299820
770.056771	-0.313060
770.746786	-0.316810
771.436801	-0.311640
772.126817	-0.298750
772.816832	-0.279700
773.506847	-0.256030
774.196862	-0.228850
774.886877	-0.198570
775.576892	-0.164830
776.266907	-0.126700
776.956922	-0.083170
777.646937	-0.033720
778.336952	0.021030
779.026967	0.078990
779.716982	0.136380
780.406997	0.188050
781.097012	0.228150
781.787027	0.251020
782.477042	0.252210
783.167057	0.229350
783.857072	0.182610
784.547087	0.114800
785.237102	0.030920
785.927117	-0.062460
786.617132	-0.158120
787.307147	-0.248850
787.997162	-0.328110
788.687177	-0.390470
789.377192	-0.431940
790.067207	-0.450210
790.757222	-0.444900
791.447237	-0.417620
792.137252	-0.371920
792.827267	-0.312910
793.517282	-0.246710
794.207297	-0.179690
794.897312	-0.117710
795.587327	-0.065470
796.277342	-0.026070
796.967358	-0.000930
797.657373	0.010120
798.347388	0.008580
799.037403	-0.003220
799.727418	-0.022490
800.417433	-0.046300
801.107448	-0.071890
801.797463	-0.096790
802.487478	-0.118970
803.177493	-0.136750
803.867508	-0.148860
804.557523	-0.154390
805.247538	-0.152890
805.937553	-0.144400
806.627568	-0.129560
807.317583	-0.109570
808.007598	-0.086200
808.697613	-0.061510
809.387628	-0.037620
810.077643	-0.016430
810.767658	0.000650
811.457673	0.012780
812.147688	0.019820
812.837703	0.022140
813.527718	0.020530
814.217733	0.016010
814.907748	0.009680
815.597763	0.002520
816.287778	-0.004660
816.977793	-0.011360
817.667808	-0.017340
818.357823	-0.022640
819.047838	-0.027460
819.737853	-0.032050
820.427868	-0.036600
821.117884	-0.041150
821.807899	-0.045540
822.497914	-0.049470
823.187929	-0.052600
823.877944	-0.054640
824.567959	-0.055480
825.257974	-0.055220
825.947989	-0.054120
826.638004	-0.052530
827.328019	-0.050770
828.018034	-0.048990
828.708049	-0.047060
829.398064	-0.044620
830.088079	-0.041020
830.778094	-0.035520
831.468109	-0.027330
832.158124	-0.015850
832.848139	-0.000710
833.538154	0.018090
834.228169	0.040260
834.918184	0.065200
835.608199	0.092170
836.298214	0.120460
836.988229	0.149490
837.678244	0.178830
838.368259	0.208120
839.058274	0.236890
839.748289	0.264330
840.438304	0.289060
841.128319	0.309100
841.818334	0.321980
842.508349	0.325120
843.198364	0.316290
843.888379	0.294200
844.578394	0.258890
845.268409	0.211970
845.958425	0.156490
846.648440	0.096600
847.338455	0.037010
848.028470	-0.017630
848.718485	-0.063270
849.408500	-0.096870
850.098515	-0.116560
850.788530	-0.121700
851.478545	-0.112680
852.168560	-0.090720
852.858575	-0.057480
853.548590	-0.014770
854.238605	0.035790
854.928620	0.093040
855.618635	0.156300
856.308650	0.225400
856.998665	0.300350
857.688680	0.380910
858.378695	0.466040
859.068710	0.553280
859.758725	0.638330
860.448740	0.714800
861.138755	0.774460
861.828770	0.807890
862.518785	0.805650
863.208800	0.759860
863.898815	0.665850
864.588830	0.523680
865.278845	0.338950
865.968860	0.122680
866.658875	-0.109950
867.348890	-0.341790
868.038905	-0.556280
868.728920	-0.740040
869.418935	-0.884540
870.108951	-0.986660
870.798966	-1.048140
871.488981	-1.074030
872.178996	-1.070840
872.869011	-1.044800
873.559026	-1.000710
874.249041	-0.941580
874.939056	-0.869000
875.629071	-0.783850
876.319086	-0.687210
877.009101	-0.580900
877.699116	-0.467670
878.389131	-0.350930
879.079146	-0.234220
879.769161	-0.120710
880.459176	-0.012940
881.149191	0.087180
881.839206	0.178050
882.529221	0.257850
883.219236	0.324280
883.909251	0.374550
884.599266	0.405660
885.289281	0.415150
885.979296	0.401780
886.669311	0.366210
887.359326	0.311320
888.049341	0.242070
888.739356	0.164980
889.429371	0.087210
890.119386	0.015570
890.809401	-0.044490
891.499416	-0.089630
892.189431	-0.118980
892.879446	-0.134140
893.569461	-0.138780
894.259476	-0.137880
894.949492	-0.136770
895.639507	-0.140190
896.329522	-0.151440
897.019537	-0.171920
897.709552	-0.201010
898.399567	-0.236390
899.089582	-0.274660
899.779597	-0.312070
900.469612	-0.345260
901.159627	-0.371680
901.849642	-0.389890
902.539657	-0.399430
903.229672	-0.400610
903.919687	-0.394180
904.609702	-0.381060
905.299717	-0.362160
905.989732	-0.338320
906.679747	-0.310370
907.369762	-0.279130
908.059777	-0.245460
908.749792	-0.210200
909.439807	-0.174100
910.129822	-0.137760
910.819837	-0.101640
911.509852	-0.066150
912.199867	-0.031800
912.889882	0.000670
913.579897	0.030250
914.269912	0.055720
914.959927	0.075810
915.649942	0.089440
916.339957	0.096000
917.029972	0.095500
917.719987	0.088590
918.410002	0.076550
919.100018	0.061050
919.790033	0.044010
920.480048	0.027360
921.170063	0.012870
921.860078	0.002010
922.550093	-0.004130
923.240108	-0.004920
923.930123	-0.000240
924.620138	0.009490
925.310153	0.023400
926.000168	0.040150
926.690183	0.058150
927.380198	0.075800
928.070213	0.091670
928.760228	0.104800
929.450243	0.114720
930.140258	0.121540
930.830273	0.125820
931.520288	0.128360
932.210303	0.130030
932.900318	0.131550
933.590333	0.133400
934.280348	0.135730
934.970363	0.138450
935.660378	0.141280
936.350393	0.143870
937.040408	0.145870
937.730423	0.147040
938.420438	0.147300
939.110453	0.146710
939.800468	0.145470
940.490483	0.143840
941.180498	0.142130
941.870513	0.140520
942.560528	0.139090
943.250543	0.137700
943.940559	0.136090
944.630574	0.133910
945.320589	0.130880
946.010604	0.126870
946.700619	0.121920
947.390634	0.116270
948.080649	0.110220
948.770664	0.103980
949.460679	0.097560
950.150694	0.090660
950.840709	0.082760
951.530724	0.073240
952.220739	0.061570
952.910754	0.047560
953.600769	0.031510
954.290784	0.014270
954.980799	-0.002880
955.670814	-0.018450
956.360829	-0.030980
957.050844	-0.039370
957.740859	-0.043060
958.430874	-0.042050
959.120889	-0.036900
959.810904	-0.028500
960.500919	-0.017850
961.190934	-0.005910
961.880949	0.006610
962.570964	0.019250
963.260979	0.031830
963.950994	0.044390
964.641009	0.057130
965.331024	0.070320
966.021039	0.084180
966.711054	0.098800
967.401069	0.113970
968.091085	0.129190
968.781100	0.143650
969.471115	0.156390
970.161130	0.166440
970.851145	0.173080
971.541160	0.175950
972.231175	0.175140
972.921190	0.171140
973.611205	0.164660
974.301220	0.156480
974.991235	0.147190
975.681250	0.137100
976.371265	0.126190
977.061280	0.114160
977.751295	0.100580
978.441310	0.085080
979.131325	0.067540
979.821340	0.048310
980.511355	0.028200
981.201370	0.008510
981.891385	-0.009160
982.581400	-0.023220
983.271415	-0.032250
983.961430	-0.035370
984.651445	-0.032300
985.341460	-0.023440
986.031475	-0.009740
986.721490	0.007480
987.411505	0.026760
988.101520	0.046610
988.791535	0.065720
989.481550	0.082990
990.171565	0.097580
990.861580	0.108960
991.551595	0.116920
992.241610	0.121600
992.931626	0.123460
993.621641	0.123300
994.311656	0.122140
995.001671	0.121080
995.691686	0.121210
996.381701	0.123390
997.071716	0.128190
997.761731	0.135790
998.451746	0.145960
999.141761	0.158140
999.831776	0.171480
1000.521791	0.185000
1001.211806	0.197660
1001.901821	0.208520
1002.591836	0.216800
1003.281851	0.221950
1003.971866	0.223640
1004.661881	0.221760
1005.351896	0.216300
1006.041911	0.207370
1006.731926	0.195150
1007.421941	0.179910
1008.111956	0.162130
1008.801971	0.142540
1009.491986	0.122100
1010.182001	0.101950
1010.872016	0.083230
1011.562031	0.066890
1012.252046	0.053550
1012.942061	0.043330
1013.632076	0.035940
1014.322091	0.030740
1015.012106	0.026900
1015.702121	0.023550
1016.392136	0.019930
1017.082152	0.015430
1017.772167	0.009600
1018.462182	0.002200
1019.152197	-0.006880
1019.842212	-0.017630
1020.532227	-0.029850
1021.222242	-0.043270
1021.912257	-0.057540
1022.602272	-0.072320
1023.292287	-0.087350
1023.982302	-0.102430
1024.672317	-0.117440
1025.362332	-0.132170
1026.052347	-0.146270
1026.742362	-0.159140
1027.432377	-0.169990
1028.122392	-0.177990
1028.812407	-0.182570
1029.502422	-0.183660
1030.192437	-0.182000
1030.882452	-0.179070
1031.572467	-0.176950
1032.262482	-0.177920
1032.952497	-0.183870
1033.642512	-0.195760
1034.332527	-0.213280
1035.022542	-0.234720
1035.712557	-0.257140
1036.402572	-0.276900
1037.092587	-0.290340
1037.782602	-0.294470
1038.472617	-0.287500
1039.162632	-0.269140
1039.852647	-0.240560
1040.542662	-0.204070
1041.232677	-0.162690
1041.922693	-0.119580
1042.612708	-0.077630
1043.302723	-0.039130
1043.992738	-0.005610
1044.682753	0.022220
1045.372768	0.044430
1046.062783	0.061770
1046.752798	0.075430
1047.442813	0.086870
1048.132828	0.097470
1048.822843	0.108200
1049.512858	0.119320
1050.202873	0.130230
1050.892888	0.139530
1051.582903	0.145200
1052.272918	0.145040
1052.962933	0.137110
1053.652948	0.120180
1054.342963	0.094000
1055.032978	0.059380
1055.722993	0.018110
1056.413008	-0.027280
1057.103023	-0.073890
1057.793038	-0.118740
1058.483053	-0.159090
1059.173068	-0.192720
1059.863083	-0.218020
1060.553098	-0.234080
1061.243113	-0.240730
1061.933128	-0.238420
