0.000000	0.044200
0.690047	0.064400
1.380093	0.087100
2.070140	0.111000
2.760187	0.134550
3.450234	0.156250
4.140280	0.174730
4.830327	0.188950
5.520374	0.198270
6.210421	0.202300
6.900467	0.200870
7.590514	0.193890
8.280561	0.181310
8.970608	0.163210
9.660654	0.139970
10.350701	0.112450
11.040748	0.082150
11.730795	0.051150
12.420841	0.021960
13.110888	-0.002820
13.800935	-0.020950
14.490981	-0.030840
15.181028	-0.031850
15.871075	-0.024340
16.561122	-0.009530
17.251168	0.010680
17.941215	0.034110
18.631262	0.058530
19.321309	0.082010
20.011355	0.103100
20.701402	0.120960
21.391449	0.135380
22.081496	0.146680
22.771542	0.155560
23.461589	0.162900
24.151636	0.169500
24.841682	0.175940
25.531729	0.182460
26.221776	0.188910
26.911823	0.194810
27.601869	0.199470
28.291916	0.202140
28.981963	0.202100
29.672010	0.198820
30.362056	0.192010
31.052103	0.181630
31.742150	0.167890
32.432197	0.151190
33.122243	0.132110
33.812290	0.111340
34.502337	0.089650
35.192384	0.067880
35.882430	0.046840
36.572477	0.027320
37.262524	0.009950
37.952570	-0.004780
38.642617	-0.016640
39.332664	-0.025630
40.022711	-0.031980
40.712757	-0.036140
41.402804	-0.038680
42.092851	-0.040220
42.782898	-0.041310
43.472944	-0.042360
44.162991	-0.043590
44.853038	-0.045010
45.543085	-0.046510
46.233131	-0.047880
46.923178	-0.048980
47.613225	-0.049780
48.303271	-0.050460
48.993318	-0.051280
49.683365	-0.052530
50.373412	-0.054330
51.063458	-0.056410
51.753505	-0.058090
52.443552	-0.058250
53.133599	-0.055520
53.823645	-0.048600
54.513692	-0.036580
55.203739	-0.019240
55.893786	0.002730
56.583832	0.027820
57.273879	0.053750
57.963926	0.077870
58.653973	0.097480
59.344019	0.110170
60.034066	0.114120
60.724113	0.108300
61.414159	0.092520
62.104206	0.067470
62.794253	0.034560
63.484300	-0.004160
64.174346	-0.046210
64.864393	-0.088850
65.554440	-0.129280
66.244487	-0.164850
66.934533	-0.193320
67.624580	-0.213020
68.314627	-0.223100
69.004674	-0.223650
69.694720	-0.215650
70.384767	-0.200870
71.074814	-0.181510
71.764860	-0.159880
72.454907	-0.138010
73.144954	-0.117360
73.835001	-0.098720
74.525047	-0.082230
75.215094	-0.067580
75.905141	-0.054290
76.595188	-0.042000
77.285234	-0.030670
77.975281	-0.020770
78.665328	-0.013220
79.355375	-0.009350
80.045421	-0.010700
80.735468	-0.018820
81.425515	-0.035020
82.115562	-0.060230
82.805608	-0.094770
83.495655	-0.138330
84.185702	-0.189800
84.875748	-0.247300
85.565795	-0.308190
86.255842	-0.369210
86.945889	-0.426710
87.635935	-0.477020
88.325982	-0.516870
89.016029	-0.543810
89.706076	-0.556570
90.396122	-0.555220
91.086169	-0.541170
91.776216	-0.516960
92.466263	-0.485880
93.156309	-0.451520
93.846356	-0.417280
94.536403	-0.385990
95.226449	-0.359610
95.916496	-0.339130
96.606543	-0.324580
97.296590	-0.315260
97.986636	-0.310040
98.676683	-0.307700
99.366730	-0.307250
100.056777	-0.308110
100.746823	-0.310140
101.436870	-0.313510
102.126917	-0.318430
102.816964	-0.324800
103.507010	-0.331950
104.197057	-0.338610
104.887104	-0.342950
105.577151	-0.342990
106.267197	-0.336970
106.957244	-0.323720
107.647291	-0.302910
108.337337	-0.275030
109.027384	-0.241270
109.717431	-0.203260
110.407478	-0.162890
111.097524	-0.122200
111.787571	-0.083340
112.477618	-0.048480
113.167665	-0.019690
113.857711	0.001300
114.547758	0.013500
115.237805	0.016870
115.927852	0.012540
116.617898	0.002720
117.307945	-0.009620
117.997992	-0.021270
118.688038	-0.029220
119.378085	-0.031240
120.068132	-0.026140
120.758179	-0.014000
121.448225	0.003920
122.138272	0.025410
122.828319	0.047640
123.518366	0.067640
124.208412	0.082790
124.898459	0.091300
125.588506	0.092470
126.278553	0.086860
126.968599	0.076230
127.658646	0.063150
128.348693	0.050640
129.038740	0.041610
129.728786	0.038390
130.418833	0.042460
131.108880	0.054220
131.798926	0.073130
132.488973	0.097860
133.179020	0.126530
133.869067	0.157050
134.559113	0.187280
135.249160	0.215220
135.939207	0.239100
136.629254	0.257470
137.319300	0.269280
138.009347	0.273980
138.699394	0.271500
139.389441	0.262350
140.079487	0.247520
140.769534	0.228430
141.459581	0.206790
142.149627	0.184370
142.839674	0.162760
143.529721	0.143150
144.219768	0.126030
144.909814	0.111080
145.599861	0.097160
146.289908	0.082530
146.979955	0.065220
147.670001	0.043500
148.360048	0.016420
149.050095	-0.015920
149.740142	-0.052190
150.430188	-0.089950
151.120235	-0.126070
151.810282	-0.157240
152.500329	-0.180590
153.190375	-0.194180
153.880422	-0.197330
154.570469	-0.190690
155.260515	-0.175950
155.950562	-0.155460
156.640609	-0.131590
157.330656	-0.106250
158.020702	-0.080550
158.710749	-0.054650
159.400796	-0.027990
160.090843	0.000390
160.780889	0.031360
161.470936	0.065310
162.160983	0.101950
162.851030	0.140260
163.541076	0.178650
164.231123	0.215210
164.921170	0.247970
165.611216	0.275120
166.301263	0.295190
166.991310	0.307140
167.681357	0.310440
168.371403	0.305140
169.061450	0.291900
169.751497	0.271950
170.441544	0.247010
171.131590	0.219120
171.821637	0.190420
172.511684	0.162900
173.201731	0.138220
173.891777	0.117480
174.581824	0.101200
175.271871	0.089290
175.961918	0.081210
176.651964	0.076140
177.342011	0.073180
178.032058	0.071570
178.722104	0.070870
179.412151	0.070940
180.102198	0.071950
180.792245	0.074170
181.482291	0.077870
182.172338	0.083090
182.862385	0.089570
183.552432	0.096720
184.242478	0.103620
184.932525	0.109190
185.622572	0.112270
186.312619	0.111790
187.002665	0.106900
187.692712	0.097160
188.382759	0.082630
189.072805	0.063970
189.762852	0.042440
190.452899	0.019810
191.142946	-0.001760
191.832992	-0.020080
192.523039	-0.033110
193.213086	-0.039340
193.903133	-0.038040
194.593179	-0.029440
195.283226	-0.014730
195.973273	0.004040
196.663320	0.024360
197.353366	0.043620
198.043413	0.059670
198.733460	0.071170
199.423507	0.077860
200.113553	0.080450
200.803600	0.080340
201.493647	0.079200
202.183693	0.078500
202.873740	0.079150
203.563787	0.081370
204.253834	0.084710
204.943880	0.088250
205.633927	0.090870
206.323974	0.091550
207.014021	0.089580
207.704067	0.084690
208.394114	0.077120
209.084161	0.067500
209.774208	0.056810
210.464254	0.046180
211.154301	0.036700
211.844348	0.029240
212.534394	0.024370
213.224441	0.022250
213.914488	0.022660
214.604535	0.025090
215.294581	0.028820
215.984628	0.033080
216.674675	0.037120
217.364722	0.040240
218.054768	0.041860
218.744815	0.041470
219.434862	0.038680
220.124909	0.033260
220.814955	0.025230
221.505002	0.014950
222.195049	0.003240
222.885096	-0.008660
223.575142	-0.019180
224.265189	-0.026610
224.955236	-0.029370
225.645282	-0.026350
226.335329	-0.017070
227.025376	-0.001840
227.715423	0.018360
228.405469	0.042040
229.095516	0.067380
229.785563	0.092560
230.475610	0.115930
231.165656	0.136080
231.855703	0.151950
232.545750	0.162760
233.235797	0.168030
233.925843	0.167580
234.615890	0.161460
235.305937	0.150040
235.995983	0.133990
236.686030	0.114270
237.376077	0.092140
238.066124	0.069180
238.756170	0.047160
239.446217	0.027980
240.136264	0.013500
240.826311	0.005300
241.516357	0.004460
242.206404	0.011360
242.896451	0.025470
243.586498	0.045420
244.276544	0.069110
244.966591	0.094020
245.656638	0.117580
246.346685	0.137630
247.036731	0.152710
247.726778	0.162350
248.416825	0.167030
249.106871	0.168020
249.796918	0.167080
250.486965	0.166040
251.177012	0.166410
251.867058	0.169070
252.557105	0.174200
253.247152	0.181220
253.937199	0.189020
254.627245	0.196140
255.317292	0.201070
256.007339	0.202410
256.697386	0.199100
257.387432	0.190460
258.077479	0.176300
258.767526	0.156960
259.457572	0.133300
260.147619	0.106670
260.837666	0.078770
261.527713	0.051460
262.217759	0.026540
262.907806	0.005470
263.597853	-0.010780
264.287900	-0.021930
264.977946	-0.028270
265.667993	-0.030600
266.358040	-0.030020
267.048087	-0.027650
267.738133	-0.024490
268.428180	-0.021260
269.118227	-0.018320
269.808274	-0.015690
270.498320	-0.013110
271.188367	-0.010140
271.878414	-0.006270
272.568460	-0.001060
273.258507	0.005790
273.948554	0.014340
274.638601	0.024370
275.328647	0.035400
276.018694	0.046780
276.708741	0.057810
277.398788	0.067890
278.088834	0.076590
278.778881	0.083830
279.468928	0.089780
280.158975	0.094860
280.849021	0.099560
281.539068	0.104250
282.229115	0.109020
282.919161	0.113580
283.609208	0.117320
284.299255	0.119420
284.989302	0.119100
285.679348	0.115860
286.369395	0.109680
287.059442	0.101130
287.749489	0.091330
288.439535	0.081790
289.129582	0.074300
289.819629	0.070630
290.509676	0.072400
291.199722	0.080810
291.889769	0.096440
292.579816	0.119020
293.269863	0.147260
293.959909	0.178790
294.649956	0.210320
295.340003	0.237990
296.030049	0.257950
296.720096	0.266910
297.410143	0.262750
298.100190	0.244830
298.790236	0.214060
299.480283	0.172700
300.170330	0.124000
300.860377	0.071710
301.550423	0.019630
302.240470	-0.028720
302.930517	-0.070490
303.620564	-0.103560
304.310610	-0.126760
305.000657	-0.139810
305.690704	-0.143300
306.380750	-0.138560
307.070797	-0.127480
307.760844	-0.112360
308.450891	-0.095720
309.140937	-0.080170
309.830984	-0.068280
310.521031	-0.062420
311.211078	-0.064610
311.901124	-0.076370
312.591171	-0.098480
313.281218	-0.130840
313.971265	-0.172340
314.661311	-0.220860
315.351358	-0.273410
316.041405	-0.326340
316.731452	-0.375830
317.421498	-0.418370
318.111545	-0.451220
318.801592	-0.472850
319.491638	-0.483120
320.181685	-0.483260
320.871732	-0.475590
321.561779	-0.463060
322.251825	-0.448680
322.941872	-0.435020
323.631919	-0.423740
324.321966	-0.415370
325.012012	-0.409350
325.702059	-0.404160
326.392106	-0.397730
327.082153	-0.387960
327.772199	-0.373120
328.462246	-0.352310
329.152293	-0.325640
329.842339	-0.294250
330.532386	-0.260060
331.222433	-0.225440
331.912480	-0.192760
332.602526	-0.163980
333.292573	-0.140430
333.982620	-0.122650
334.672667	-0.110430
335.362713	-0.102960
336.052760	-0.099000
336.742807	-0.097150
337.432854	-0.096050
338.122900	-0.094620
338.812947	-0.092220
339.502994	-0.088900
340.193041	-0.085450
340.883087	-0.083420
341.573134	-0.084980
342.263181	-0.092680
342.953227	-0.109000
343.643274	-0.135920
344.333321	-0.174500
345.023368	-0.224560
345.713414	-0.284620
346.403461	-0.351940
347.093508	-0.422770
347.783555	-0.492750
348.473601	-0.557230
349.163648	-0.611610
349.853695	-0.651650
350.543742	-0.673740
351.233788	-0.675250
351.923835	-0.654830
352.613882	-0.612770
353.303928	-0.551150
353.993975	-0.473800
354.684022	-0.385920
355.374069	-0.293500
356.064115	-0.202490
356.754162	-0.118060
357.444209	-0.043900
358.134256	0.018070
358.824302	0.067810
359.514349	0.106860
360.204396	0.137890
360.894443	0.164130
361.584489	0.188790
362.274536	0.214540
362.964583	0.243070
363.654630	0.274900
364.344676	0.309250
365.034723	0.344220
365.724770	0.376930
366.414816	0.403990
367.104863	0.421870
367.794910	0.427330
368.484957	0.417830
369.175003	0.391820
369.865050	0.348970
370.555097	0.290300
371.245144	0.218220
371.935190	0.136480
372.625237	0.050040
373.315284	-0.035250
374.005331	-0.113080
374.695377	-0.177320
375.385424	-0.222730
376.075471	-0.245730
376.765517	-0.244950
377.455564	-0.221610
378.145611	-0.179360
378.835658	-0.123790
379.525704	-0.061600
380.215751	0.000340
380.905798	0.056010
381.595845	0.100790
382.285891	0.131840
382.975938	0.148150
383.665985	0.150260
384.356032	0.139910
385.046078	0.119620
385.736125	0.092350
386.426172	0.061130
387.116219	0.028810
387.806265	-0.002120
388.496312	-0.029740
389.186359	-0.052670
389.876405	-0.070080
390.566452	-0.081530
391.256499	-0.086830
391.946546	-0.085850
392.636592	-0.078470
393.326639	-0.064640
394.016686	-0.044540
394.706733	-0.018720
395.396779	0.011670
396.086826	0.044970
396.776873	0.078990
397.466920	0.111440
398.156966	0.140180
398.847013	0.163700
399.537060	0.181260
400.227106	0.193020
400.917153	0.199890
401.607200	0.203210
402.297247	0.204360
402.987293	0.204410
403.677340	0.203890
404.367387	0.202620
405.057434	0.199890
405.747480	0.194610
406.437527	0.185650
407.127574	0.172130
407.817621	0.153740
408.507667	0.130890
409.197714	0.104910
409.887761	0.077920
410.577808	0.052650
411.267854	0.032060
411.957901	0.018800
412.647948	0.014690
413.337994	0.020220
414.028041	0.034350
414.718088	0.054610
415.408135	0.077460
416.098181	0.098980
416.788228	0.115600
417.478275	0.124750
418.168322	0.125360
418.858368	0.117940
419.548415	0.104410
420.238462	0.087660
420.928509	0.070930
421.618555	0.057170
422.308602	0.048550
422.998649	0.046130
423.688695	0.049790
424.378742	0.058460
425.068789	0.070520
425.758836	0.084220
426.448882	0.098100
427.138929	0.111220
427.828976	0.123160
428.519023	0.133880
429.209069	0.143470
429.899116	0.151950
430.589163	0.159070
431.279210	0.164420
431.969256	0.167480
432.659303	0.167820
433.349350	0.165270
434.039397	0.160020
434.729443	0.152580
435.419490	0.143760
436.109537	0.134480
436.799583	0.125660
437.489630	0.118030
438.179677	0.111990
438.869724	0.107550
439.559770	0.104270
440.249817	0.101300
440.939864	0.097520
441.629911	0.091700
442.319957	0.082730
443.010004	0.069840
443.700051	0.052710
444.390098	0.031630
445.080144	0.007400
445.770191	-0.018640
446.460238	-0.044850
447.150284	-0.069340
447.840331	-0.090230
448.530378	-0.105720
449.220425	-0.114260
449.910471	-0.114690
450.600518	-0.106310
451.290565	-0.089030
451.980612	-0.063480
452.670658	-0.031070
453.360705	0.006030
454.050752	0.045080
454.740799	0.082970
455.430845	0.116590
456.120892	0.143230
456.810939	0.160890
457.500986	0.168500
458.191032	0.166020
458.881079	0.154330
459.571126	0.135090
460.261172	0.110520
460.951219	0.083150
461.641266	0.055610
462.331313	0.030430
463.021359	0.009810
463.711406	-0.004530
464.401453	-0.011620
465.091500	-0.011290
465.781546	-0.004260
466.471593	0.007980
467.161640	0.023370
467.851687	0.039540
468.541733	0.054220
469.231780	0.065530
469.921827	0.072240
470.611873	0.073870
471.301920	0.070710
471.991967	0.063700
472.682014	0.054180
473.372060	0.043720
474.062107	0.033790
474.752154	0.025650
475.442201	0.020150
476.132247	0.017710
476.822294	0.018340
477.512341	0.021730
478.202388	0.027340
478.892434	0.034600
479.582481	0.042950
480.272528	0.051990
480.962575	0.061470
481.652621	0.071320
482.342668	0.081590
483.032715	0.092420
483.722761	0.103920
484.412808	0.116170
485.102855	0.129140
485.792902	0.142660
486.482948	0.156450
487.172995	0.170090
487.863042	0.183070
488.553089	0.194830
489.243135	0.204760
489.933182	0.212290
490.623229	0.216800
491.313276	0.217650
492.003322	0.214090
492.693369	0.205340
493.383416	0.190660
494.073462	0.169550
494.763509	0.142000
495.453556	0.108720
496.143603	0.071300
496.833649	0.032210
497.523696	-0.005420
498.213743	-0.038160
498.903790	-0.062710
499.593836	-0.076450
500.283883	-0.077800
500.973930	-0.066570
501.663977	-0.044000
502.354023	-0.012610
503.044070	0.024060
503.734117	0.062040
504.424164	0.097370
505.114210	0.126690
505.804257	0.147630
506.494304	0.159040
507.184350	0.161040
507.874397	0.154840
508.564444	0.142450
509.254491	0.126270
509.944537	0.108710
510.634584	0.091940
511.324631	0.077640
512.014678	0.067010
512.704724	0.060780
513.394771	0.059300
514.084818	0.062650
514.774865	0.070610
515.464911	0.082670
516.154958	0.097940
516.845005	0.115090
517.535051	0.132480
518.225098	0.148220
518.915145	0.160540
519.605192	0.168080
520.295238	0.170110
520.985285	0.166730
521.675332	0.158740
522.365379	0.147400
523.055425	0.134050
523.745472	0.119770
524.435519	0.105210
525.125566	0.090540
525.815612	0.075720
526.505659	0.060780
527.195706	0.046160
527.885753	0.032800
528.575799	0.022090
529.265846	0.015560
529.955893	0.014540
530.645939	0.019720
531.335986	0.030990
532.026033	0.047290
532.716080	0.066840
533.406126	0.087320
534.096173	0.106340
534.786220	0.121740
535.476267	0.131940
536.166313	0.136140
536.856360	0.134380
537.546407	0.127470
538.236454	0.116810
538.926500	0.104080
539.616547	0.090960
540.306594	0.078770
540.996640	0.068320
541.686687	0.059720
542.376734	0.052460
543.066781	0.045460
543.756827	0.037420
544.446874	0.027070
545.136921	0.013530
545.826968	-0.003470
546.517014	-0.023490
547.207061	-0.045440
547.897108	-0.067810
548.587155	-0.089000
549.277201	-0.107670
549.967248	-0.122960
550.657295	-0.134600
551.347342	-0.142870
552.037388	-0.148330
552.727435	-0.151650
553.417482	-0.153270
554.107528	-0.153310
554.797575	-0.151570
555.487622	-0.147610
556.177669	-0.140950
556.867715	-0.131340
557.557762	-0.118950
558.247809	-0.104550
558.937856	-0.089530
559.627902	-0.075950
560.317949	-0.066330
561.007996	-0.063450
561.698043	-0.070000
562.388089	-0.088210
563.078136	-0.119510
563.768183	-0.164230
564.458229	-0.221450
565.148276	-0.289050
565.838323	-0.363860
566.528370	-0.441960
567.218416	-0.519000
567.908463	-0.590610
568.598510	-0.652650
569.288557	-0.701520
569.978603	-0.734400
570.668650	-0.749400
571.358697	-0.745770
572.048744	-0.723900
572.738790	-0.685350
573.428837	-0.632670
574.118884	-0.569240
574.808931	-0.498920
575.498977	-0.425770
576.189024	-0.353750
576.879071	-0.286380
577.569117	-0.226520
578.259164	-0.176160
578.949211	-0.136290
579.639258	-0.106940
580.329304	-0.087320
581.019351	-0.076180
581.709398	-0.072140
582.399445	-0.074130
583.089491	-0.081650
583.779538	-0.094830
584.469585	-0.114290
585.159632	-0.140790
585.849678	-0.174730
586.539725	-0.215750
587.229772	-0.262340
587.919818	-0.311780
588.609865	-0.360190
589.299912	-0.402880
589.989959	-0.434860
590.680005	-0.451420
591.370052	-0.448860
592.060099	-0.424980
592.750146	-0.379620
593.440192	-0.314790
594.130239	-0.234610
594.820286	-0.144900
595.510333	-0.052520
596.200379	0.035410
596.890426	0.112360
597.580473	0.173000
598.270520	0.213720
598.960566	0.232840
599.650613	0.230510
600.340660	0.208530
601.030706	0.169960
601.720753	0.118760
602.410800	0.059480
603.100847	-0.003000
603.790893	-0.063790
604.480940	-0.118170
605.170987	-0.161950
605.861034	-0.191860
606.551080	-0.205950
607.241127	-0.203810
607.931174	-0.186730
608.621221	-0.157440
609.311267	-0.119660
610.001314	-0.077460
610.691361	-0.034730
611.381407	0.005320
612.071454	0.040370
612.761501	0.068940
613.451548	0.090300
614.141594	0.104360
614.831641	0.111630
615.521688	0.113260
616.211735	0.111110
616.901781	0.107620
617.591828	0.105610
618.281875	0.107790
618.971922	0.116260
619.661968	0.131940
620.352015	0.154370
621.042062	0.181690
621.732109	0.211050
622.422155	0.239180
623.112202	0.263090
623.802249	0.280630
624.492295	0.290750
625.182342	0.293470
625.872389	0.289620
626.562436	0.280480
627.252482	0.267330
627.942529	0.251250
628.632576	0.232970
629.322623	0.212890
630.012669	0.191200
630.702716	0.167970
631.392763	0.143300
632.082810	0.117390
632.772856	0.090610
633.462903	0.063570
634.152950	0.037080
634.842996	0.012140
635.533043	-0.010180
636.223090	-0.028900
636.913137	-0.043220
637.603183	-0.052730
638.293230	-0.057450
638.983277	-0.057820
639.673324	-0.054710
640.363370	-0.049290
641.053417	-0.042900
641.743464	-0.036920
642.433511	-0.032660
643.123557	-0.031120
643.813604	-0.032870
644.503651	-0.037860
645.193698	-0.045390
645.883744	-0.054100
646.573791	-0.062160
647.263838	-0.067520
647.953884	-0.068230
648.643931	-0.062750
649.333978	-0.050140
650.024025	-0.030140
650.714071	-0.003220
651.404118	0.029500
652.094165	0.066340
652.784212	0.105050
653.474258	0.142920
654.164305	0.176900
654.854352	0.203910
655.544399	0.221180
656.234445	0.226770
656.924492	0.219980
657.614539	0.201660
658.304585	0.174220
658.994632	0.141310
659.684679	0.107240
660.374726	0.076210
661.064772	0.051630
661.754819	0.035630
662.444866	0.028850
663.134913	0.030630
663.824959	0.039500
664.515006	0.053660
665.205053	0.071460
665.895100	0.091680
666.585146	0.113520
667.275193	0.136470
667.965240	0.160030
668.655287	0.183510
669.345333	0.206000
670.035380	0.226400
670.725427	0.243570
671.415473	0.256530
672.105520	0.264560
672.795567	0.267290
673.485614	0.264660
674.175660	0.256920
674.865707	0.244530
675.555754	0.228200
676.245801	0.208870
676.935847	0.187710
677.625894	0.166110
678.315941	0.145530
679.005988	0.127360
679.696034	0.112650
680.386081	0.101970
681.076128	0.095250
681.766174	0.091800
682.456221	0.090430
683.146268	0.089720
683.836315	0.088240
684.526361	0.084850
685.216408	0.078870
685.906455	0.070160
686.596502	0.059090
687.286548	0.046480
687.976595	0.033420
688.666642	0.021060
689.356689	0.010510
690.046735	0.002580
690.736782	-0.002260
691.426829	-0.003990
692.116876	-0.002980
692.806922	0.000040
693.496969	0.004190
694.187016	0.008470
694.877062	0.012020
695.567109	0.014170
696.257156	0.014540
696.947203	0.013030
697.637249	0.009840
698.327296	0.005400
699.017343	0.000240
699.707390	-0.005060
700.397436	-0.010000
701.087483	-0.014210
701.777530	-0.017460
702.467577	-0.019670
703.157623	-0.020820
703.847670	-0.020910
704.537717	-0.019850
705.227763	-0.017520
705.917810	-0.013740
706.607857	-0.008330
707.297904	-0.001250
707.987950	0.007410
708.677997	0.017320
709.368044	0.027980
710.058091	0.038720
710.748137	0.048870
711.438184	0.057850
712.128231	0.065250
712.818278	0.070910
713.508324	0.074950
714.198371	0.077700
714.888418	0.079640
715.578465	0.081290
716.268511	0.083070
716.958558	0.085260
717.648605	0.087960
718.338651	0.091030
719.028698	0.094250
719.718745	0.097310
720.408792	0.099960
721.098838	0.102030
721.788885	0.103500
722.478932	0.104430
723.168979	0.104920
723.859025	0.105010
724.549072	0.104600
725.239119	0.103410
725.929166	0.101070
726.619212	0.097210
727.309259	0.091570
727.999306	0.084210
728.689352	0.075570
729.379399	0.066420
730.069446	0.057820
730.759493	0.050890
731.449539	0.046590
732.139586	0.045600
732.829633	0.048140
733.519680	0.054000
734.209726	0.062600
734.899773	0.073110
735.589820	0.084630
736.279867	0.096240
736.969913	0.107160
737.659960	0.116660
738.350007	0.124100
739.040054	0.128850
739.730100	0.130330
740.420147	0.128040
741.110194	0.121730
741.800240	0.111520
742.490287	0.098040
743.180334	0.082430
743.870381	0.066270
744.560427	0.051320
745.250474	0.039240
745.940521	0.031240
746.630568	0.027870
747.320614	0.028880
748.010661	0.033310
748.700708	0.039700
749.390755	0.046400
750.080801	0.051920
750.770848	0.055180
751.460895	0.055660
752.150941	0.053470
752.840988	0.049160
753.531035	0.043610
754.221082	0.037760
754.911128	0.032430
755.601175	0.028240
756.291222	0.025530
756.981269	0.024410
757.671315	0.024860
758.361362	0.026780
759.051409	0.030060
759.741456	0.034640
760.431502	0.040470
761.121549	0.047470
761.811596	0.055510
762.501643	0.064330
763.191689	0.073510
763.881736	0.082490
764.571783	0.090590
765.261829	0.097100
765.951876	0.101380
766.641923	0.103010
767.331970	0.101860
768.022016	0.098150
768.712063	0.092460
769.402110	0.085560
770.092157	0.078370
770.782203	0.071690
771.472250	0.066150
772.162297	0.062090
772.852344	0.059510
773.542390	0.058130
774.232437	0.057530
774.922484	0.057220
775.612530	0.056830
776.302577	0.056160
776.992624	0.055270
777.682671	0.054370
778.372717	0.053800
779.062764	0.053880
779.752811	0.054790
780.442858	0.056580
781.132904	0.059120
781.822951	0.062200
782.512998	0.065590
783.203045	0.069110
783.893091	0.072640
784.583138	0.076130
785.273185	0.079550
785.963232	0.082770
786.653278	0.085520
787.343325	0.087280
788.033372	0.087240
788.723418	0.084320
789.413465	0.077320
790.103512	0.065040
790.793559	0.046630
791.483605	0.021800
792.173652	-0.009020
792.863699	-0.044670
793.553746	-0.083390
794.243792	-0.123100
794.933839	-0.161740
795.623886	-0.197570
796.313933	-0.229350
797.003979	-0.256440
797.694026	-0.278740
798.384073	-0.296550
799.074119	-0.310440
799.764166	-0.321070
800.454213	-0.329070
801.144260	-0.334940
801.834306	-0.338990
802.524353	-0.341340
803.214400	-0.341980
803.904447	-0.340850
804.594493	-0.338010
805.284540	-0.333740
805.974587	-0.328660
806.664634	-0.323810
807.354680	-0.320540
808.044727	-0.320440
808.734774	-0.325020
809.424821	-0.335430
810.114867	-0.352150
810.804914	-0.374730
811.494961	-0.401670
812.185007	-0.430540
812.875054	-0.458230
813.565101	-0.481370
814.255148	-0.496910
814.945194	-0.502550
815.635241	-0.497140
816.325288	-0.480740
817.015335	-0.454540
817.705381	-0.420560
818.395428	-0.381200
819.085475	-0.338920
819.775522	-0.295990
820.465568	-0.254390
821.155615	-0.215820
821.845662	-0.181870
822.535708	-0.154000
823.225755	-0.133550
823.915802	-0.121650
824.605849	-0.119050
825.295895	-0.125920
825.985942	-0.141750
826.675989	-0.165240
827.366036	-0.194420
828.056082	-0.226660
828.746129	-0.258990
829.436176	-0.288280
830.126223	-0.311660
830.816269	-0.326770
831.506316	-0.332090
832.196363	-0.327140
832.886410	-0.312480
833.576456	-0.289630
834.266503	-0.260830
834.956550	-0.228670
835.646596	-0.195680
836.336643	-0.164040
837.026690	-0.135220
837.716737	-0.109950
838.406783	-0.088140
839.096830	-0.069140
839.786877	-0.051990
840.476924	-0.035730
841.166970	-0.019720
841.857017	-0.003750
842.547064	0.011880
843.237111	0.026610
843.927157	0.039820
844.617204	0.051130
845.307251	0.060620
845.997297	0.068910
846.687344	0.077050
847.377391	0.086320
848.067438	0.097930
848.757484	0.112700
849.447531	0.130920
850.137578	0.152210
850.827625	0.175640
851.517671	0.199930
852.207718	0.223610
852.897765	0.245310
853.587812	0.263900
854.277858	0.278570
854.967905	0.288810
855.657952	0.294330
856.347999	0.294890
857.038045	0.290240
857.728092	0.279980
858.418139	0.263610
859.108185	0.240680
859.798232	0.210990
860.488279	0.174860
861.178326	0.133350
861.868372	0.088370
862.558419	0.042540
863.248466	-0.001060
863.938513	-0.039230
864.628559	-0.069200
865.318606	-0.088850
866.008653	-0.097060
866.698700	-0.093750
867.388746	-0.079850
868.078793	-0.057170
868.768840	-0.028230
869.458886	0.003960
870.148933	0.036190
870.838980	0.065260
871.529027	0.088360
872.219073	0.103270
872.909120	0.108620
873.599167	0.103970
874.289214	0.089840
874.979260	0.067570
875.669307	0.039200
876.359354	0.007160
877.049401	-0.025840
877.739447	-0.057130
878.429494	-0.084160
879.119541	-0.104720
879.809588	-0.117030
880.499634	-0.119870
881.189681	-0.112600
881.879728	-0.095240
882.569774	-0.068470
883.259821	-0.033560
883.949868	0.007670
884.639915	0.053000
885.329961	0.099910
886.020008	0.145790
886.710055	0.188140
887.400102	0.224760
888.090148	0.253990
888.780195	0.274780
889.470242	0.286890
890.160289	0.290810
890.850335	0.287720
891.540382	0.279340
892.230429	0.267580
892.920476	0.254310
893.610522	0.241030
894.300569	0.228650
894.990616	0.217420
895.680662	0.206980
896.370709	0.196570
897.060756	0.185370
897.750803	0.172810
898.440849	0.158800
899.130896	0.143830
899.820943	0.128910
900.510990	0.115340
901.201036	0.104450
901.891083	0.097210
902.581130	0.094070
903.271177	0.094740
903.961223	0.098300
904.651270	0.103340
905.341317	0.108270
906.031363	0.111560
906.721410	0.112060
907.411457	0.109110
908.101504	0.102640
908.791550	0.093060
909.481597	0.081140
910.171644	0.067850
910.861691	0.054210
911.551737	0.041170
912.241784	0.029470
912.931831	0.019700
913.621878	0.012160
914.311924	0.006960
915.001971	0.003990
915.692018	0.002980
916.382065	0.003500
917.072111	0.005020
917.762158	0.006980
918.452205	0.008780
919.142251	0.009900
919.832298	0.009900
920.522345	0.008510
921.212392	0.005660
921.902438	0.001480
922.592485	-0.003650
923.282532	-0.009240
923.972579	-0.014700
924.662625	-0.019430
925.352672	-0.022950
926.042719	-0.024960
926.732766	-0.025360
927.422812	-0.024230
928.112859	-0.021850
928.802906	-0.018560
929.492952	-0.014720
930.182999	-0.010660
930.873046	-0.006640
931.563093	-0.002790
932.253139	0.000830
932.943186	0.004280
933.633233	0.007670
934.323280	0.011180
935.013326	0.014980
935.703373	0.019250
936.393420	0.024080
937.083467	0.029450
937.773513	0.035220
938.463560	0.041140
939.153607	0.046900
939.843654	0.052200
940.533700	0.056840
941.223747	0.060780
941.913794	0.064150
942.603840	0.067230
943.293887	0.070350
943.983934	0.073790
944.673981	0.077680
945.364027	0.081940
946.054074	0.086260
946.744121	0.090120
947.434168	0.092920
948.124214	0.094100
948.814261	0.093200
949.504308	0.089990
950.194355	0.084510
950.884401	0.077050
951.574448	0.068120
952.264495	0.058380
952.954541	0.048590
953.644588	0.039490
954.334635	0.031780
955.024682	0.026040
955.714728	0.022720
956.404775	0.022060
957.094822	0.024130
957.784869	0.028800
958.474915	0.035740
959.164962	0.044440
959.855009	0.054290
960.545056	0.064590
961.235102	0.074670
961.925149	0.083910
962.615196	0.091810
963.305243	0.097990
963.995289	0.102230
964.685336	0.104410
965.375383	0.104560
966.065429	0.102870
966.755476	0.099730
967.445523	0.095690
968.135570	0.091490
968.825616	0.087940
969.515663	0.085790
970.205710	0.085580
970.895757	0.087530
971.585803	0.091490
972.275850	0.097000
972.965897	0.103360
973.655944	0.109800
974.345990	0.115630
975.036037	0.120310
975.726084	0.123540
976.416130	0.125240
977.106177	0.125520
977.796224	0.124600
978.486271	0.122720
979.176317	0.120140
979.866364	0.117030
980.556411	0.113500
981.246458	0.109620
981.936504	0.105380
982.626551	0.100790
983.316598	0.095820
984.006645	0.090450
984.696691	0.084660
985.386738	0.078470
986.076785	0.071940
986.766832	0.065220
987.456878	0.058470
988.146925	0.051910
988.836972	0.045740
989.527018	0.040090
990.217065	0.035050
990.907112	0.030670
991.597159	0.026980
992.287205	0.024000
992.977252	0.021790
993.667299	0.020460
994.357346	0.020130
995.047392	0.020970
995.737439	0.023140
996.427486	0.026850
997.117533	0.032260
997.807579	0.039510
998.497626	0.048590
999.187673	0.059310
999.877719	0.071220
1000.567766	0.083640
1001.257813	0.095710
1001.947860	0.106430
1002.637906	0.114840
1003.327953	0.120110
1004.018000	0.121610
1004.708047	0.119080
1005.398093	0.112590
1006.088140	0.102670
1006.778187	0.090240
1007.468234	0.076590
1008.158280	0.063250
1008.848327	0.051770
1009.538374	0.043470
1010.228421	0.039140
1010.918467	0.038890
1011.608514	0.042010
1012.298561	0.047170
1012.988607	0.052600
1013.678654	0.056540
1014.368701	0.057620
1015.058748	0.055100
1015.748794	0.049050
1016.438841	0.040240
1017.128888	0.029970
1017.818935	0.019750
1018.508981	0.011140
1019.199028	0.005510
1019.889075	0.004010
1020.579122	0.007490
1021.269168	0.016440
1021.959215	0.030860
1022.649262	0.050140
1023.339308	0.072930
1024.029355	0.097210
1024.719402	0.120440
1025.409449	0.139930
1026.099495	0.153260
1026.789542	0.158700
1027.479589	0.155470
1028.169636	0.143820
1028.859682	0.124920
1029.549729	0.100600
1030.239776	0.073050
1030.929823	0.044480
1031.619869	0.016840
1032.309916	-0.008340
1032.999963	-0.030070
1033.690010	-0.047880
1034.380056	-0.061770
1035.070103	-0.072090
1035.760150	-0.079440
1036.450196	-0.084530
1037.140243	-0.088020
1037.830290	-0.090500
1038.520337	-0.092350
1039.210383	-0.093790
1039.900430	-0.094910
1040.590477	-0.095810
1041.280524	-0.096730
1041.970570	-0.098200
1042.660617	-0.101130
1043.350664	-0.106800
1044.040711	-0.116800
1044.730757	-0.132770
1045.420804	-0.156260
1046.110851	-0.188410
1046.800897	-0.229760
1047.490944	-0.280100
1048.180991	-0.338380
1048.871038	-0.402680
1049.561084	-0.470400
1050.251131	-0.538360
1050.941178	-0.603070
1051.631225	-0.661020
1052.321271	-0.708890
1053.011318	-0.743780
1053.701365	-0.763430
1054.391412	-0.766320
1055.081458	-0.751840
1055.771505	-0.720430
1056.461552	-0.673640
1057.151599	-0.614090
1057.841645	-0.545330
1058.531692	-0.471520
1059.221739	-0.396960
1059.911785	-0.325670
1060.601832	-0.260970
1061.291879	-0.205300
1061.981926	-0.160110
