0.000000	0.099290
0.690005	0.093460
1.380010	0.086170
2.070015	0.077950
2.760020	0.069740
3.450025	0.062720
4.140030	0.058100
4.830035	0.056830
5.520040	0.059500
6.210045	0.066070
6.900050	0.075950
7.590055	0.087960
8.280060	0.100500
8.970066	0.111770
9.660071	0.120080
10.350076	0.124080
11.040081	0.123040
11.730086	0.116990
12.420091	0.106690
13.110096	0.093460
13.800101	0.078870
14.490106	0.064400
15.180111	0.051120
15.870116	0.039550
16.560121	0.029590
17.250126	0.020740
17.940131	0.012340
18.630136	0.003850
19.320141	-0.004880
20.010146	-0.013610
20.700151	-0.021660
21.390156	-0.028170
22.080161	-0.032290
22.770166	-0.033460
23.460171	-0.031500
24.150176	-0.026690
24.840181	-0.019680
25.530187	-0.011370
26.220192	-0.002750
26.910197	0.005280
27.600202	0.012000
28.290207	0.016960
28.980212	0.020090
29.670217	0.021670
30.360222	0.022330
31.050227	0.022980
31.740232	0.024660
32.430237	0.028360
33.120242	0.034860
33.810247	0.044490
34.500252	0.057070
35.190257	0.071800
35.880262	0.087380
36.570267	0.102160
37.260272	0.114320
37.950277	0.122210
38.640282	0.124570
39.330287	0.120720
40.020292	0.110740
40.710297	0.095460
41.400302	0.076360
42.090308	0.055480
42.780313	0.035100
43.470318	0.017580
44.160323	0.005050
44.850328	-0.000780
45.540333	0.001190
46.230338	0.011280
46.920343	0.028960
47.610348	0.052800
48.300353	0.080540
48.990358	0.109310
49.680363	0.135880
50.370368	0.157120
51.060373	0.170340
51.750378	0.173770
52.440383	0.166800
53.130388	0.150190
53.820393	0.126000
54.510398	0.097440
55.200403	0.068470
55.890408	0.043210
56.580413	0.025370
57.270418	0.017600
57.960423	0.021060
58.650428	0.035240
59.340434	0.058070
60.030439	0.086360
60.720444	0.116410
61.410449	0.144690
62.100454	0.168400
62.790459	0.185810
63.480464	0.196360
64.170469	0.200540
64.860474	0.199580
65.550479	0.195100
66.240484	0.188760
66.930489	0.182010
67.620494	0.175900
68.310499	0.171080
69.000504	0.167740
69.690509	0.165660
70.380514	0.164180
71.070519	0.162210
71.760524	0.158270
72.450529	0.150560
73.140534	0.137140
73.830539	0.116200
74.520544	0.086440
75.210549	0.047310
75.900555	-0.000640
76.590560	-0.055670
77.280565	-0.114930
77.970570	-0.174580
78.660575	-0.230230
79.350580	-0.277340
80.040585	-0.311740
80.730590	-0.330110
81.420595	-0.330360
82.110600	-0.311940
82.800605	-0.275900
83.490610	-0.224860
84.180615	-0.162650
84.870620	-0.093870
85.560625	-0.023370
86.250630	0.044300
86.940635	0.105380
87.630640	0.157140
88.320645	0.197940
89.010650	0.227170
89.700655	0.245040
90.390660	0.252240
91.080665	0.249770
91.770670	0.238720
92.460676	0.220250
93.150681	0.195590
93.840686	0.166150
94.530691	0.133510
95.220696	0.099490
95.910701	0.066060
96.600706	0.035160
97.290711	0.008580
97.980716	-0.012260
98.670721	-0.026400
99.360726	-0.033330
100.050731	-0.033020
100.740736	-0.025840
101.430741	-0.012450
102.120746	0.006180
102.810751	0.028890
103.500756	0.054320
104.190761	0.080970
104.880766	0.107360
105.570771	0.132050
106.260776	0.153780
106.950781	0.171530
107.640786	0.184530
108.330791	0.192260
109.020796	0.194420
109.710802	0.190990
110.400807	0.182210
111.090812	0.168700
111.780817	0.151450
112.470822	0.131820
113.160827	0.111440
113.850832	0.091980
114.540837	0.074900
115.230842	0.061240
115.920847	0.051470
116.610852	0.045470
117.300857	0.042650
117.990862	0.042170
118.680867	0.043240
119.370872	0.045280
120.060877	0.048130
120.750882	0.052020
121.440887	0.057470
122.130892	0.065120
122.820897	0.075480
123.510902	0.088820
124.200907	0.105010
124.890912	0.123580
125.580917	0.143710
126.270923	0.164420
126.960928	0.184650
127.650933	0.203360
128.340938	0.219650
129.030943	0.232800
129.720948	0.242290
130.410953	0.247820
131.100958	0.249180
131.790963	0.246170
132.480968	0.238390
133.170973	0.225180
133.860978	0.205530
134.550983	0.178350
135.240988	0.142700
135.930993	0.098270
136.620998	0.045710
137.311003	-0.013100
138.001008	-0.075140
138.691013	-0.136510
139.381018	-0.192990
140.071023	-0.240590
140.761028	-0.276180
141.451033	-0.297820
142.141038	-0.304950
142.831044	-0.298350
143.521049	-0.279820
144.211054	-0.251810
144.901059	-0.216970
145.591064	-0.177760
146.281069	-0.136130
146.971074	-0.093340
147.661079	-0.050000
148.351084	-0.006150
149.041089	0.038470
149.731094	0.084120
150.421099	0.130680
151.111104	0.177410
151.801109	0.222810
152.491114	0.264650
153.181119	0.300140
153.871124	0.326420
154.561129	0.341040
155.251134	0.342460
155.941139	0.330510
156.631144	0.306530
157.321149	0.273220
158.011154	0.234200
158.701159	0.193470
159.391164	0.154680
160.081170	0.120670
160.771175	0.093140
161.461180	0.072620
162.151185	0.058660
162.841190	0.050130
163.531195	0.045570
164.221200	0.043460
164.911205	0.042470
165.601210	0.041450
166.291215	0.039550
166.981220	0.036070
167.671225	0.030450
168.361230	0.022150
169.051235	0.010620
169.741240	-0.004630
170.431245	-0.024010
171.121250	-0.047610
171.811255	-0.075100
172.501260	-0.105650
173.191265	-0.137930
173.881270	-0.170270
174.571275	-0.200960
175.261280	-0.228440
175.951285	-0.251600
176.641291	-0.269860
177.331296	-0.283160
178.021301	-0.291930
178.711306	-0.296950
179.401311	-0.299300
180.091316	-0.300310
180.781321	-0.301540
181.471326	-0.304850
182.161331	-0.312290
182.851336	-0.326040
183.541341	-0.348150
184.231346	-0.380170
184.921351	-0.422830
185.611356	-0.475590
186.301361	-0.536410
186.991366	-0.601720
187.681371	-0.666600
188.371376	-0.725270
189.061381	-0.771710
189.751386	-0.800400
190.441391	-0.806900
191.131396	-0.788360
191.821401	-0.743700
192.511406	-0.673680
193.201412	-0.580750
193.891417	-0.468770
194.581422	-0.342720
195.271427	-0.208330
195.961432	-0.071770
196.651437	0.060770
197.341442	0.183440
198.031447	0.291030
198.721452	0.379260
199.411457	0.445010
200.101462	0.486360
200.791467	0.502670
201.481472	0.494500
202.171477	0.463560
202.861482	0.412540
203.551487	0.344970
204.241492	0.264980
204.931497	0.177090
205.621502	0.085890
206.311507	-0.004260
207.001512	-0.089490
207.691517	-0.166690
208.381522	-0.233620
209.071527	-0.289020
209.761532	-0.332530
210.451538	-0.364450
211.141543	-0.385580
211.831548	-0.396870
212.521553	-0.399290
213.211558	-0.393610
213.901563	-0.380500
214.591568	-0.360590
215.281573	-0.334620
215.971578	-0.303610
216.661583	-0.268940
217.351588	-0.232280
218.041593	-0.195530
218.731598	-0.160620
219.421603	-0.129290
220.111608	-0.103060
220.801613	-0.083100
221.491618	-0.070350
222.181623	-0.065580
222.871628	-0.069480
223.561633	-0.082770
224.251638	-0.106120
224.941643	-0.140030
225.631648	-0.184610
226.321653	-0.239350
227.011659	-0.302830
227.701664	-0.372560
228.391669	-0.444890
229.081674	-0.515090
229.771679	-0.577610
230.461684	-0.626500
231.151689	-0.656070
231.841694	-0.661560
232.531699	-0.639840
233.221704	-0.589910
233.911709	-0.513300
234.601714	-0.413970
235.291719	-0.297990
235.981724	-0.172850
236.671729	-0.046600
237.361734	0.073120
238.051739	0.179900
238.741744	0.269080
239.431749	0.338040
240.121754	0.386030
240.811759	0.413890
241.501764	0.423530
242.191769	0.417490
242.881774	0.398570
243.571780	0.369600
244.261785	0.333430
244.951790	0.292800
245.641795	0.250450
246.331800	0.209020
247.021805	0.170950
247.711810	0.138320
248.401815	0.112660
249.091820	0.094750
249.781825	0.084610
250.471830	0.081430
251.161835	0.083810
251.851840	0.089950
252.541845	0.097920
253.231850	0.105900
253.921855	0.112350
254.611860	0.116110
255.301865	0.116520
255.991870	0.113430
256.681875	0.107230
257.371880	0.098900
258.061885	0.089900
258.751890	0.081970
259.441895	0.076870
260.131900	0.076050
260.821906	0.080290
261.511911	0.089570
262.201916	0.103000
262.891921	0.119040
263.581926	0.135720
264.271931	0.151030
264.961936	0.163100
265.651941	0.170440
266.341946	0.171920
267.031951	0.166780
267.721956	0.154600
268.411961	0.135290
269.101966	0.109120
269.791971	0.076790
270.481976	0.039520
271.171981	-0.000910
271.861986	-0.042230
272.551991	-0.081760
273.241996	-0.116640
273.932001	-0.144100
274.622006	-0.161730
275.312011	-0.167830
276.002016	-0.161600
276.692021	-0.143260
277.382027	-0.114080
278.072032	-0.076280
278.762037	-0.032760
279.452042	0.013150
280.142047	0.058190
280.832052	0.099440
281.522057	0.134660
282.212062	0.162470
282.902067	0.182350
283.592072	0.194500
284.282077	0.199590
284.972082	0.198520
285.662087	0.192230
286.352092	0.181650
287.042097	0.167660
287.732102	0.151220
288.422107	0.133400
289.112112	0.115370
289.802117	0.098380
290.492122	0.083530
291.182127	0.071730
291.872132	0.063560
292.562137	0.059220
293.252142	0.058570
293.942148	0.061220
294.632153	0.066590
295.322158	0.074040
296.012163	0.082870
296.702168	0.092410
297.392173	0.102040
298.082178	0.111120
298.772183	0.119080
299.462188	0.125420
300.152193	0.129720
300.842198	0.131680
301.532203	0.131160
302.222208	0.128190
302.912213	0.122970
303.602218	0.115840
304.292223	0.107260
304.982228	0.097810
305.672233	0.088120
306.362238	0.078880
307.052243	0.070760
307.742248	0.064390
308.432253	0.060250
309.122258	0.058660
309.812263	0.059610
310.502268	0.062780
311.192274	0.067510
311.882279	0.072800
312.572284	0.077430
313.262289	0.080090
313.952294	0.079500
314.642299	0.074670
315.332304	0.064990
316.022309	0.050440
316.712314	0.031640
317.402319	0.009840
318.092324	-0.013130
318.782329	-0.035150
319.472334	-0.053960
320.162339	-0.067520
320.852344	-0.074300
321.542349	-0.073470
322.232354	-0.065100
322.922359	-0.050050
323.612364	-0.029950
324.302369	-0.006890
324.992374	0.016850
325.682379	0.039160
326.372384	0.058250
327.062389	0.072900
327.752395	0.082520
328.442400	0.087060
329.132405	0.086980
329.822410	0.083060
330.512415	0.076280
331.202420	0.067740
331.892425	0.058540
332.582430	0.049750
333.272435	0.042330
333.962440	0.037070
334.652445	0.034500
335.342450	0.034840
336.032455	0.037960
336.722460	0.043400
337.412465	0.050450
338.102470	0.058280
338.792475	0.066020
339.482480	0.072980
340.172485	0.078620
340.862490	0.082640
341.552495	0.084940
342.242500	0.085560
342.932505	0.084610
343.622510	0.082230
344.312516	0.078600
345.002521	0.073920
345.692526	0.068500
346.382531	0.062780
347.072536	0.057390
347.762541	0.053110
348.452546	0.050800
349.142551	0.051280
349.832556	0.055200
350.522561	0.062800
351.212566	0.073880
351.902571	0.087690
352.592576	0.102970
353.282581	0.118120
353.972586	0.131390
354.662591	0.141130
355.352596	0.146080
356.042601	0.145570
356.732606	0.139600
357.422611	0.128860
358.112616	0.114570
358.802621	0.098280
359.492626	0.081530
360.182631	0.065670
360.872636	0.051610
361.562642	0.039800
362.252647	0.030220
362.942652	0.022610
363.632657	0.016570
364.322662	0.011800
365.012667	0.008130
365.702672	0.005570
366.392677	0.004210
367.082682	0.004190
367.772687	0.005600
368.462692	0.008530
369.152697	0.013080
369.842702	0.019420
370.532707	0.027750
371.222712	0.038230
371.912717	0.050790
372.602722	0.065060
373.292727	0.080210
373.982732	0.095090
374.672737	0.108400
375.362742	0.119020
376.052747	0.126270
376.742752	0.130160
377.432757	0.131310
378.122763	0.130810
378.812768	0.129880
379.502773	0.129500
380.192778	0.130150
380.882783	0.131660
381.572788	0.133290
382.262793	0.133980
382.952798	0.132580
383.642803	0.128210
384.332808	0.120480
385.022813	0.109550
385.712818	0.096210
386.402823	0.081760
387.092828	0.067780
387.782833	0.055970
388.472838	0.047880
389.162843	0.044690
389.852848	0.046970
390.542853	0.054630
391.232858	0.066880
391.922863	0.082370
392.612868	0.099420
393.302873	0.116320
393.992878	0.131620
394.682884	0.144310
395.372889	0.153910
396.062894	0.160450
396.752899	0.164230
397.442904	0.165690
398.132909	0.165160
398.822914	0.162780
399.512919	0.158470
400.202924	0.152010
400.892929	0.143130
401.582934	0.131670
402.272939	0.117660
402.962944	0.101360
403.652949	0.083220
404.342954	0.063830
405.032959	0.043760
405.722964	0.023500
406.412969	0.003310
407.102974	-0.016750
407.792979	-0.036810
408.482984	-0.057070
409.172989	-0.077680
409.862994	-0.098580
410.552999	-0.119480
411.243004	-0.139810
411.933010	-0.158830
412.623015	-0.175780
413.313020	-0.190030
414.003025	-0.201240
414.693030	-0.209440
415.383035	-0.215110
416.073040	-0.219120
416.763045	-0.222680
417.453050	-0.227270
418.143055	-0.234470
418.833060	-0.245820
419.523065	-0.262660
420.213070	-0.285900
420.903075	-0.315930
421.593080	-0.352440
422.283085	-0.394470
422.973090	-0.440400
423.663095	-0.488100
424.353100	-0.535120
425.043105	-0.578790
425.733110	-0.616460
426.423115	-0.645550
427.113120	-0.663710
427.803125	-0.668940
428.493131	-0.659690
429.183136	-0.635060
429.873141	-0.594990
430.563146	-0.540370
431.253151	-0.473120
431.943156	-0.396090
432.633161	-0.312850
433.323166	-0.227400
434.013171	-0.143770
434.703176	-0.065590
435.393181	0.004140
436.083186	0.063370
436.773191	0.110870
437.463196	0.146280
438.153201	0.169790
438.843206	0.181970
439.533211	0.183620
440.223216	0.175650
440.913221	0.159190
441.603226	0.135660
442.293231	0.106820
442.983236	0.074750
443.673241	0.041590
444.363246	0.009230
445.053251	-0.021050
445.743257	-0.048860
446.433262	-0.074730
447.123267	-0.099980
447.813272	-0.126350
448.503277	-0.155520
449.193282	-0.188640
449.883287	-0.226080
450.573292	-0.267210
451.263297	-0.310540
451.953302	-0.353930
452.643307	-0.394950
453.333312	-0.431170
454.023317	-0.460490
454.713322	-0.481350
455.403327	-0.492840
456.093332	-0.494710
456.783337	-0.487330
457.473342	-0.471560
458.163347	-0.448600
458.853352	-0.419800
459.543357	-0.386470
460.233362	-0.349790
460.923367	-0.310730
461.613372	-0.270160
462.303378	-0.228900
462.993383	-0.187860
463.683388	-0.148100
464.373393	-0.110800
465.063398	-0.077190
465.753403	-0.048390
466.443408	-0.025260
467.133413	-0.008350
467.823418	0.002180
468.513423	0.006610
469.203428	0.005570
469.893433	0.000100
470.583438	-0.008370
471.273443	-0.018160
471.963448	-0.027370
472.653453	-0.034140
473.343458	-0.036920
474.033463	-0.034720
474.723468	-0.027380
475.413473	-0.015560
476.103478	-0.000610
476.793483	0.015740
477.483488	0.031790
478.173493	0.046290
478.863499	0.058620
479.553504	0.068880
480.243509	0.077650
480.933514	0.085670
481.623519	0.093540
482.313524	0.101440
483.003529	0.109080
483.693534	0.115880
484.383539	0.121140
485.073544	0.124350
485.763549	0.125450
486.453554	0.124830
487.143559	0.123300
487.833564	0.121910
488.523569	0.121630
489.213574	0.123160
489.903579	0.126750
490.593584	0.132140
491.283589	0.138670
491.973594	0.145400
492.663599	0.151300
493.353604	0.155430
494.043609	0.157070
494.733614	0.155740
495.423619	0.151270
496.113625	0.143690
496.803630	0.133170
497.493635	0.119990
498.183640	0.104450
498.873645	0.086880
499.563650	0.067680
500.253655	0.047300
500.943660	0.026300
501.633665	0.005360
502.323670	-0.014750
503.013675	-0.033220
503.703680	-0.049190
504.393685	-0.061780
505.083690	-0.070180
505.773695	-0.073610
506.463700	-0.071440
507.153705	-0.063210
507.843710	-0.048730
508.533715	-0.028160
509.223720	-0.002040
509.913725	0.028670
510.603730	0.062660
511.293735	0.098300
511.983740	0.133810
512.673746	0.167390
513.363751	0.197340
514.053756	0.222200
514.743761	0.240880
515.433766	0.252740
516.123771	0.257630
516.813776	0.255900
517.503781	0.248310
518.193786	0.235840
518.883791	0.219580
519.573796	0.200480
520.263801	0.179250
520.953806	0.156310
521.643811	0.131810
522.333816	0.105770
523.023821	0.078210
523.713826	0.049360
524.403831	0.019710
525.093836	-0.009930
525.783841	-0.038470
526.473846	-0.064600
527.163851	-0.087020
527.853856	-0.104530
528.543861	-0.116180
529.233867	-0.121440
529.923872	-0.120200
530.613877	-0.112800
531.303882	-0.100000
531.993887	-0.082870
532.683892	-0.062710
533.373897	-0.040880
534.063902	-0.018690
534.753907	0.002670
535.443912	0.022280
536.133917	0.039500
536.823922	0.053970
537.513927	0.065650
538.203932	0.074740
538.893937	0.081650
539.583942	0.086950
540.273947	0.091260
540.963952	0.095180
541.653957	0.099210
542.343962	0.103670
543.033967	0.108630
543.723972	0.113940
544.413977	0.119170
545.103982	0.123770
545.793987	0.127070
546.483993	0.128410
547.173998	0.127250
547.864003	0.123210
548.554008	0.116180
549.244013	0.106310
549.934018	0.094090
550.624023	0.080270
551.314028	0.065850
552.004033	0.051960
552.694038	0.039800
553.384043	0.030440
554.074048	0.024700
554.764053	0.023010
555.454058	0.025330
556.144063	0.031150
556.834068	0.039570
557.524073	0.049460
558.214078	0.059670
558.904083	0.069210
559.594088	0.077420
560.284093	0.083970
560.974098	0.088860
561.664103	0.092290
562.354108	0.094570
563.044114	0.095960
563.734119	0.096630
564.424124	0.096620
565.114129	0.095900
565.804134	0.094360
566.494139	0.091880
567.184144	0.088380
567.874149	0.083780
568.564154	0.078080
569.254159	0.071340
569.944164	0.063640
570.634169	0.055120
571.324174	0.045960
572.014179	0.036370
572.704184	0.026640
573.394189	0.017100
574.084194	0.008190
574.774199	0.000380
575.464204	-0.005780
576.154209	-0.009790
576.844214	-0.011140
577.534219	-0.009460
578.224224	-0.004510
578.914229	0.003750
579.604235	0.015190
580.294240	0.029420
580.984245	0.045910
581.674250	0.063960
582.364255	0.082760
583.054260	0.101470
583.744265	0.119270
584.434270	0.135420
585.124275	0.149230
585.814280	0.160180
586.504285	0.167780
587.194290	0.171700
587.884295	0.171730
588.574300	0.167810
589.264305	0.160150
589.954310	0.149260
590.644315	0.135930
591.334320	0.121190
592.024325	0.106150
592.714330	0.091800
593.404335	0.078820
594.094340	0.067420
594.784345	0.057240
595.474350	0.047480
596.164355	0.037060
596.854361	0.024870
597.544366	0.010110
598.234371	-0.007490
598.924376	-0.027510
599.614381	-0.048830
600.304386	-0.069810
600.994391	-0.088550
601.684396	-0.103250
602.374401	-0.112530
603.064406	-0.115650
603.754411	-0.112550
604.444416	-0.103790
605.134421	-0.090360
605.824426	-0.073400
606.514431	-0.053990
607.204436	-0.032970
607.894441	-0.010910
608.584446	0.011920
609.274451	0.035460
609.964456	0.059710
610.654461	0.084620
611.344466	0.110000
612.034471	0.135470
612.724476	0.160410
613.414482	0.184020
614.104487	0.205370
614.794492	0.223540
615.484497	0.237740
616.174502	0.247510
616.864507	0.252760
617.554512	0.253880
618.244517	0.251700
618.934522	0.247320
619.624527	0.241920
620.314532	0.236490
621.004537	0.231590
621.694542	0.227150
622.384547	0.222440
623.074552	0.216200
623.764557	0.206890
624.454562	0.193060
625.144567	0.173790
625.834572	0.148960
626.524577	0.119400
627.214582	0.086880
627.904587	0.053790
628.594592	0.022810
629.284597	-0.003500
629.974603	-0.023010
630.664608	-0.034320
631.354613	-0.036800
632.044618	-0.030630
632.734623	-0.016720
633.424628	0.003410
634.114633	0.027830
634.804638	0.054320
635.494643	0.080640
636.184648	0.104730
636.874653	0.124810
637.564658	0.139580
638.254663	0.148210
638.944668	0.150400
639.634673	0.146340
640.324678	0.136750
641.014683	0.122750
641.704688	0.105800
642.394693	0.087490
643.084698	0.069360
643.774703	0.052650
644.464708	0.038100
645.154713	0.025880
645.844718	0.015570
646.534723	0.006370
647.224729	-0.002760
647.914734	-0.012680
648.604739	-0.023930
649.294744	-0.036400
649.984749	-0.049370
650.674754	-0.061570
651.364759	-0.071530
652.054764	-0.077910
652.744769	-0.079920
653.434774	-0.077560
654.124779	-0.071710
654.814784	-0.064100
655.504789	-0.057040
656.194794	-0.053230
656.884799	-0.055410
657.574804	-0.066100
658.264809	-0.087300
658.954814	-0.120210
659.644819	-0.164890
660.334824	-0.220200
661.024829	-0.283790
661.714834	-0.352470
662.404839	-0.422690
663.094844	-0.491150
663.784850	-0.555340
664.474855	-0.613820
665.164860	-0.666150
665.854865	-0.712510
666.544870	-0.753180
667.234875	-0.787920
667.924880	-0.815480
668.614885	-0.833390
669.304890	-0.838070
669.994895	-0.825260
670.684900	-0.790810
671.374905	-0.731570
672.064910	-0.646360
672.754915	-0.536780
673.444920	-0.407550
674.134925	-0.266390
674.824930	-0.123180
675.514935	0.011280
676.204940	0.126890
676.894945	0.215720
677.584950	0.273180
678.274955	0.298580
678.964960	0.294980
679.654965	0.268400
680.344971	0.226580
681.034976	0.177560
681.724981	0.128440
682.414986	0.084370
683.104991	0.048090
683.794996	0.019870
684.485001	-0.002020
685.175006	-0.020670
685.865011	-0.039780
686.555016	-0.062840
687.245021	-0.092610
687.935026	-0.130700
688.625031	-0.177410
689.315036	-0.231820
690.005041	-0.291950
690.695046	-0.355090
691.385051	-0.418050
692.075056	-0.477450
692.765061	-0.529930
693.455066	-0.572230
694.145071	-0.601440
694.835076	-0.615230
695.525081	-0.612170
696.215086	-0.592120
696.905091	-0.556500
697.595097	-0.508280
698.285102	-0.451650
698.975107	-0.391280
699.665112	-0.331480
700.355117	-0.275380
701.045122	-0.224480
701.735127	-0.178630
702.425132	-0.136590
703.115137	-0.096700
703.805142	-0.057680
704.495147	-0.019110
705.185152	0.018480
705.875157	0.053900
706.565162	0.085660
707.255167	0.112480
707.945172	0.133530
708.635177	0.148480
709.325182	0.157340
710.015187	0.160210
710.705192	0.157090
711.395197	0.147820
712.085202	0.132240
712.775207	0.110380
713.465212	0.082840
714.155218	0.050950
714.845223	0.016920
715.535228	-0.016350
716.225233	-0.045600
716.915238	-0.067730
717.605243	-0.080290
718.295248	-0.082030
718.985253	-0.073110
719.675258	-0.055210
720.365263	-0.031240
721.055268	-0.004960
721.745273	0.019570
722.435278	0.038560
723.125283	0.048910
723.815288	0.048540
724.505293	0.036590
725.195298	0.013460
725.885303	-0.019210
726.575308	-0.058600
727.265313	-0.100860
727.955318	-0.141360
728.645323	-0.175130
729.335328	-0.197420
730.025333	-0.204400
730.715339	-0.193800
731.405344	-0.165420
732.095349	-0.121140
732.785354	-0.064750
733.475359	-0.001240
734.165364	0.063950
734.855369	0.125770
735.545374	0.180140
736.235379	0.224340
736.925384	0.257020
737.615389	0.278020
738.305394	0.288090
738.995399	0.288510
739.685404	0.280870
740.375409	0.266830
741.065414	0.248020
741.755419	0.225970
742.445424	0.202060
743.135429	0.177470
743.825434	0.153220
744.515439	0.130060
745.205444	0.108550
745.895449	0.089020
746.585454	0.071660
747.275459	0.056550
747.965465	0.043760
748.655470	0.033330
749.345475	0.025420
750.035480	0.020240
750.725485	0.018100
751.415490	0.019300
752.105495	0.024020
752.795500	0.032280
753.485505	0.043800
754.175510	0.057980
754.865515	0.074010
755.555520	0.090910
756.245525	0.107730
756.935530	0.123680
757.625535	0.138210
758.315540	0.151050
759.005545	0.162100
759.695550	0.171410
760.385555	0.179050
761.075560	0.185070
761.765565	0.189470
762.455570	0.192210
763.145575	0.193220
763.835580	0.192430
764.525586	0.189750
765.215591	0.185100
765.905596	0.178460
766.595601	0.169870
767.285606	0.159530
767.975611	0.147770
768.665616	0.135090
769.355621	0.122090
770.045626	0.109370
770.735631	0.097420
771.425636	0.086460
772.115641	0.076370
772.805646	0.066710
773.495651	0.056710
774.185656	0.045520
774.875661	0.032340
775.565666	0.016700
776.255671	-0.001450
776.945676	-0.021620
777.635681	-0.042860
778.325686	-0.063860
779.015691	-0.083090
779.705696	-0.099060
780.395701	-0.110430
781.085707	-0.116160
781.775712	-0.115540
782.465717	-0.108240
783.155722	-0.094280
783.845727	-0.074040
784.535732	-0.048220
785.225737	-0.017860
785.915742	0.015640
786.605747	0.050600
787.295752	0.085060
787.985757	0.116940
788.675762	0.144200
789.365767	0.165010
790.055772	0.178000
790.745777	0.182370
791.435782	0.178050
792.125787	0.165730
792.815792	0.146810
