0.000000	0.057970
0.690016	0.065320
1.380032	0.068810
2.070048	0.069170
2.760064	0.067160
3.450081	0.063560
4.140097	0.058990
4.830113	0.053980
5.520129	0.049000
6.210145	0.044610
6.900161	0.041520
7.590177	0.040640
8.280193	0.042920
8.970209	0.049160
9.660225	0.059760
10.350242	0.074490
11.040258	0.092450
11.730274	0.112120
12.420290	0.131590
13.110306	0.148870
13.800322	0.162180
14.490338	0.170230
15.180354	0.172360
15.870370	0.168530
16.560387	0.159300
17.250403	0.145670
17.940419	0.128940
18.630435	0.110530
19.320451	0.091830
20.010467	0.074060
20.700483	0.058200
21.390499	0.044890
22.080515	0.034440
22.770532	0.026830
23.460548	0.021750
24.150564	0.018700
24.840580	0.017060
25.530596	0.016270
26.220612	0.015810
26.910628	0.015370
27.600644	0.014810
28.290660	0.014130
28.980676	0.013460
29.670693	0.013000
30.360709	0.012980
31.050725	0.013660
31.740741	0.015320
32.430757	0.018250
33.120773	0.022710
33.810789	0.028840
34.500805	0.036620
35.190821	0.045750
35.880838	0.055710
36.570854	0.065740
37.260870	0.074980
37.950886	0.082600
38.640902	0.087960
39.330918	0.090670
40.020934	0.090680
40.710950	0.088250
41.400966	0.083950
42.090982	0.078530
42.780999	0.072830
43.471015	0.067710
44.161031	0.063940
44.851047	0.062130
45.541063	0.062720
46.231079	0.065930
46.921095	0.071790
47.611111	0.080130
48.301127	0.090560
48.991144	0.102510
49.681160	0.115190
50.371176	0.127700
51.061192	0.139060
51.751208	0.148300
52.441224	0.154540
53.131240	0.157080
53.821256	0.155450
54.511272	0.149420
55.201289	0.139090
55.891305	0.124840
56.581321	0.107360
57.271337	0.087670
57.961353	0.067080
58.651369	0.047080
59.341385	0.029190
60.031401	0.014790
60.721417	0.004890
61.411433	0.000070
62.101450	0.000320
62.791466	0.005170
63.481482	0.013750
64.171498	0.024960
64.861514	0.037660
65.551530	0.050750
66.241546	0.063260
66.931562	0.074360
67.621578	0.083400
68.311595	0.089830
69.001611	0.093330
69.691627	0.093720
70.381643	0.091070
71.071659	0.085690
71.761675	0.078090
72.451691	0.068980
73.141707	0.059190
73.831723	0.049620
74.521740	0.041120
75.211756	0.034450
75.901772	0.030180
76.591788	0.028650
77.281804	0.029900
77.971820	0.033690
78.661836	0.039500
79.351852	0.046610
80.041868	0.054130
80.731884	0.061080
81.421901	0.066500
82.111917	0.069520
82.801933	0.069520
83.491949	0.066240
84.181965	0.059890
84.871981	0.051190
85.561997	0.041300
86.252013	0.031680
86.942029	0.023790
87.632046	0.018900
88.322062	0.017840
89.012078	0.020910
89.702094	0.027860
90.392110	0.038070
91.082126	0.050640
91.772142	0.064630
92.462158	0.079190
93.152174	0.093690
93.842190	0.107720
94.532207	0.121090
95.222223	0.133760
95.912239	0.145710
96.602255	0.156900
97.292271	0.167140
97.982287	0.176010
98.672303	0.182820
99.362319	0.186580
100.052335	0.186040
100.742352	0.179850
101.432368	0.166790
102.122384	0.146040
102.812400	0.117500
103.502416	0.082010
104.192432	0.041350
104.882448	-0.001940
105.572464	-0.044920
106.262480	-0.084760
106.952497	-0.119170
107.642513	-0.146720
108.332529	-0.166960
109.022545	-0.180250
109.712561	-0.187490
110.402577	-0.189740
111.092593	-0.187960
111.782609	-0.182890
112.472625	-0.175130
113.162641	-0.165290
113.852658	-0.154290
114.542674	-0.143430
115.232690	-0.134430
115.922706	-0.129200
116.612722	-0.129480
117.302738	-0.136480
117.992754	-0.150570
118.682770	-0.171060
119.372786	-0.196320
120.062803	-0.223940
120.752819	-0.251190
121.442835	-0.275400
122.132851	-0.294410
122.822867	-0.306850
123.512883	-0.312230
124.202899	-0.310910
124.892915	-0.303880
125.582931	-0.292420
126.272947	-0.277880
126.962964	-0.261390
127.652980	-0.243740
128.342996	-0.225410
129.033012	-0.206650
129.723028	-0.187620
130.413044	-0.168530
131.103060	-0.149780
131.793076	-0.131950
132.483092	-0.115800
133.173109	-0.102170
133.863125	-0.091810
134.553141	-0.085230
135.243157	-0.082600
135.933173	-0.083660
136.623189	-0.087750
137.313205	-0.093960
138.003221	-0.101190
138.693237	-0.108370
139.383254	-0.114470
140.073270	-0.118670
140.763286	-0.120290
141.453302	-0.118870
142.143318	-0.114220
142.833334	-0.106440
143.523350	-0.095970
144.213366	-0.083600
144.903382	-0.070330
145.593398	-0.057280
146.283415	-0.045440
146.973431	-0.035550
147.663447	-0.027930
148.353463	-0.022500
149.043479	-0.018890
149.733495	-0.016520
150.423511	-0.014830
151.113527	-0.013400
151.803543	-0.011960
152.493560	-0.010450
153.183576	-0.008890
153.873592	-0.007340
154.563608	-0.005800
155.253624	-0.004170
155.943640	-0.002220
156.633656	0.000300
157.323672	0.003690
158.013688	0.008210
158.703704	0.014030
159.393721	0.021210
160.083737	0.029680
160.773753	0.039290
161.463769	0.049830
162.153785	0.061090
162.843801	0.072930
163.533817	0.085290
164.223833	0.098180
164.913849	0.111590
165.603866	0.125450
166.293882	0.139570
166.983898	0.153560
167.673914	0.166900
168.363930	0.178990
169.053946	0.189220
169.743962	0.197070
170.433978	0.202130
171.123994	0.204190
171.814011	0.203180
172.504027	0.199170
173.194043	0.192370
173.884059	0.183070
174.574075	0.171620
175.264091	0.158400
175.954107	0.143760
176.644123	0.128030
177.334139	0.111460
178.024155	0.094310
178.714172	0.076900
179.404188	0.059680
180.094204	0.043290
180.784220	0.028570
181.474236	0.016450
182.164252	0.007850
182.854268	0.003480
183.544284	0.003720
184.234300	0.008520
184.924317	0.017450
185.614333	0.029780
186.304349	0.044670
186.994365	0.061240
187.684381	0.078720
188.374397	0.096440
189.064413	0.113820
189.754429	0.130370
190.444445	0.145610
191.134462	0.159160
191.824478	0.170780
192.514494	0.180410
193.204510	0.188180
193.894526	0.194330
194.584542	0.199080
195.274558	0.202440
195.964574	0.204050
196.654590	0.203150
197.344606	0.198620
198.034623	0.189120
198.724639	0.173380
199.414655	0.150440
200.104671	0.119910
200.794687	0.082100
201.484703	0.038060
202.174719	-0.010410
202.864735	-0.061040
203.554751	-0.111190
204.244768	-0.158230
204.934784	-0.199750
205.624800	-0.233860
206.314816	-0.259360
207.004832	-0.275850
207.694848	-0.283790
208.384864	-0.284420
209.074880	-0.279630
209.764896	-0.271750
210.454912	-0.263340
211.144929	-0.256810
211.834945	-0.254220
212.524961	-0.256920
213.214977	-0.265430
213.904993	-0.279360
214.595009	-0.297520
215.285025	-0.318110
215.975041	-0.339090
216.665057	-0.358460
217.355074	-0.374540
218.045090	-0.386110
218.735106	-0.392440
219.425122	-0.393220
220.115138	-0.388470
220.805154	-0.378470
221.495170	-0.363680
222.185186	-0.344720
222.875202	-0.322360
223.565219	-0.297440
224.255235	-0.270840
224.945251	-0.243360
225.635267	-0.215660
226.325283	-0.188240
227.015299	-0.161440
227.705315	-0.135520
228.395331	-0.110770
229.085347	-0.087520
229.775363	-0.066250
230.465380	-0.047570
231.155396	-0.032130
231.845412	-0.020490
232.535428	-0.013000
233.225444	-0.009650
233.915460	-0.009920
234.605476	-0.012790
235.295492	-0.016770
235.985508	-0.020130
236.675525	-0.021150
237.365541	-0.018460
238.055557	-0.011340
238.745573	0.000100
239.435589	0.014910
240.125605	0.031440
240.815621	0.047720
241.505637	0.061880
242.195653	0.072560
242.885669	0.079160
243.575686	0.081890
244.265702	0.081570
244.955718	0.079350
245.645734	0.076330
246.335750	0.073250
247.025766	0.070350
247.715782	0.067470
248.405798	0.064150
249.095814	0.059970
249.785831	0.054690
250.475847	0.048430
251.165863	0.041670
251.855879	0.035120
252.545895	0.029600
253.235911	0.025810
253.925927	0.024240
254.615943	0.025090
255.305959	0.028310
255.995976	0.033650
256.685992	0.040730
257.376008	0.049150
258.066024	0.058470
258.756040	0.068240
259.446056	0.078010
260.136072	0.087310
260.826088	0.095700
261.516104	0.102760
262.206120	0.108200
262.896137	0.111800
263.586153	0.113500
264.276169	0.113320
264.966185	0.111370
265.656201	0.107810
266.346217	0.102800
267.036233	0.096440
267.726249	0.088750
268.416265	0.079650
269.106282	0.068990
269.796298	0.056590
270.486314	0.042370
271.176330	0.026410
271.866346	0.009090
272.556362	-0.008930
273.246378	-0.026740
273.936394	-0.043280
274.626410	-0.057470
275.316426	-0.068450
276.006443	-0.075650
276.696459	-0.078870
277.386475	-0.078300
278.076491	-0.074380
278.766507	-0.067700
279.456523	-0.058840
280.146539	-0.048280
280.836555	-0.036310
281.526571	-0.023120
282.216588	-0.008770
282.906604	0.006660
283.596620	0.023030
284.286636	0.040050
284.976652	0.057300
285.666668	0.074200
286.356684	0.090110
287.046700	0.104380
287.736716	0.116430
288.426733	0.125820
289.116749	0.132310
289.806765	0.135860
290.496781	0.136640
291.186797	0.134980
291.876813	0.131330
292.566829	0.126190
293.256845	0.120070
293.946861	0.113460
294.636877	0.106840
295.326894	0.100600
296.016910	0.095050
296.706926	0.090450
297.396942	0.086930
298.086958	0.084470
298.776974	0.082960
299.466990	0.082120
300.157006	0.081600
300.847022	0.080980
301.537039	0.079880
302.227055	0.078010
302.917071	0.075230
303.607087	0.071610
304.297103	0.067430
304.987119	0.063150
305.677135	0.059350
306.367151	0.056630
307.057167	0.055490
307.747183	0.056300
308.437200	0.059220
309.127216	0.064220
309.817232	0.071090
310.507248	0.079550
311.197264	0.089250
311.887280	0.099830
312.577296	0.110940
313.267312	0.122170
313.957328	0.133050
314.647345	0.143000
315.337361	0.151350
316.027377	0.157390
316.717393	0.160430
317.407409	0.159860
318.097425	0.155330
318.787441	0.146720
319.477457	0.134300
320.167473	0.118680
320.857490	0.100770
321.547506	0.081740
322.237522	0.062860
322.927538	0.045390
323.617554	0.030380
324.307570	0.018600
324.997586	0.010450
325.687602	0.005940
326.377618	0.004790
327.067634	0.006520
327.757651	0.010570
328.447667	0.016400
329.137683	0.023590
329.827699	0.031820
330.517715	0.040820
331.207731	0.050360
331.897747	0.060080
332.587763	0.069530
333.277779	0.078080
333.967796	0.085030
334.657812	0.089690
335.347828	0.091490
336.037844	0.090170
336.727860	0.085870
337.417876	0.079200
338.107892	0.071130
338.797908	0.062930
339.487924	0.055850
340.177941	0.050950
340.867957	0.048900
341.557973	0.049840
342.247989	0.053470
342.938005	0.059150
343.628021	0.066050
344.318037	0.073310
345.008053	0.080150
345.698069	0.085880
346.388085	0.089820
347.078102	0.091300
347.768118	0.089620
348.458134	0.084070
349.148150	0.074080
349.838166	0.059420
350.528182	0.040410
351.218198	0.018070
351.908214	-0.005810
352.598230	-0.028900
353.288247	-0.048540
353.978263	-0.062340
354.668279	-0.068580
355.358295	-0.066640
356.048311	-0.057230
356.738327	-0.042210
357.428343	-0.024310
358.118359	-0.006570
358.808375	0.008230
359.498391	0.018100
360.188408	0.022050
360.878424	0.020210
361.568440	0.013590
362.258456	0.003760
362.948472	-0.007500
363.638488	-0.018630
364.328504	-0.028480
365.018520	-0.036400
365.708536	-0.042330
366.398553	-0.046580
367.088569	-0.049790
367.778585	-0.052770
368.468601	-0.056380
369.158617	-0.061500
369.848633	-0.068910
370.538649	-0.079280
371.228665	-0.093010
371.918681	-0.110180
372.608698	-0.130430
373.298714	-0.152940
373.988730	-0.176470
374.678746	-0.199490
375.368762	-0.220420
376.058778	-0.237880
376.748794	-0.250870
377.438810	-0.258990
378.128826	-0.262440
378.818842	-0.261950
379.508859	-0.258620
380.198875	-0.253680
380.888891	-0.248260
381.578907	-0.243230
382.268923	-0.239070
382.958939	-0.235930
383.648955	-0.233680
384.338971	-0.232050
385.028987	-0.230750
385.719004	-0.229540
386.409020	-0.228280
387.099036	-0.226840
387.789052	-0.225080
388.479068	-0.222810
389.169084	-0.219790
389.859100	-0.215700
390.549116	-0.210250
391.239132	-0.203170
391.929148	-0.194300
392.619165	-0.183590
393.309181	-0.171160
393.999197	-0.157270
394.689213	-0.142330
395.379229	-0.126850
396.069245	-0.111350
396.759261	-0.096280
397.449277	-0.081920
398.139293	-0.068270
398.829310	-0.055050
399.519326	-0.041710
400.209342	-0.027570
400.899358	-0.011950
401.589374	0.005580
402.279390	0.025120
402.969406	0.046340
403.659422	0.068480
404.349438	0.090540
405.039455	0.111410
405.729471	0.130050
406.419487	0.145650
407.109503	0.157640
407.799519	0.165700
408.489535	0.169700
409.179551	0.169630
409.869567	0.165550
410.559583	0.157630
411.249599	0.146180
411.939616	0.131620
412.629632	0.114540
413.319648	0.095690
414.009664	0.075900
414.699680	0.056050
415.389696	0.037050
416.079712	0.019750
416.769728	0.004910
417.459744	-0.006770
418.149761	-0.014750
418.839777	-0.018660
419.529793	-0.018290
420.219809	-0.013700
420.909825	-0.005200
421.599841	0.006680
422.289857	0.021160
422.979873	0.037370
423.669889	0.054410
424.359905	0.071520
425.049922	0.088160
425.739938	0.104050
426.429954	0.119200
427.119970	0.133720
427.809986	0.147750
428.500002	0.161230
429.190018	0.173780
429.880034	0.184640
430.570050	0.192680
431.260067	0.196560
431.950083	0.194890
432.640099	0.186440
433.330115	0.170320
434.020131	0.146130
434.710147	0.113980
435.400163	0.074510
436.090179	0.028840
436.780195	-0.021520
437.470212	-0.074770
438.160228	-0.128930
438.850244	-0.181880
439.540260	-0.231520
440.230276	-0.275850
440.920292	-0.313070
441.610308	-0.341790
442.300324	-0.361140
442.990340	-0.371010
443.680356	-0.372130
444.370373	-0.366110
445.060389	-0.355270
445.750405	-0.342390
446.440421	-0.330310
447.130437	-0.321470
447.820453	-0.317580
448.510469	-0.319350
449.200485	-0.326450
449.890501	-0.337640
450.580518	-0.351060
451.270534	-0.364530
451.960550	-0.375970
452.650566	-0.383600
453.340582	-0.386210
454.030598	-0.383170
454.720614	-0.374450
455.410630	-0.360500
456.100646	-0.342060
456.790663	-0.319970
457.480679	-0.295040
458.170695	-0.267880
458.860711	-0.238900
459.550727	-0.208280
460.240743	-0.176100
460.930759	-0.142380
461.620775	-0.107210
462.310791	-0.070800
463.000807	-0.033550
463.690824	0.003890
464.380840	0.040720
465.070856	0.075910
465.760872	0.108390
466.450888	0.137170
467.140904	0.161470
467.830920	0.180830
468.520936	0.195250
469.210952	0.205090
469.900969	0.211080
470.590985	0.214190
471.281001	0.215510
471.971017	0.216180
472.661033	0.217300
473.351049	0.219880
474.041065	0.224770
474.731081	0.232650
475.421097	0.243970
476.111113	0.258970
476.801130	0.277660
477.491146	0.299830
478.181162	0.325080
478.871178	0.352810
479.561194	0.382170
480.251210	0.412030
480.941226	0.440870
481.631242	0.466830
482.321258	0.487650
483.011275	0.500840
483.701291	0.503830
484.391307	0.494310
485.081323	0.470510
485.771339	0.431550
486.461355	0.377690
487.151371	0.310410
487.841387	0.232370
488.531403	0.147150
489.221420	0.058910
489.911436	-0.028050
490.601452	-0.109760
491.291468	-0.182840
491.981484	-0.244830
492.671500	-0.294240
493.361516	-0.330590
494.051532	-0.354280
494.741548	-0.366460
495.431564	-0.368700
496.121581	-0.362830
496.811597	-0.350680
497.501613	-0.333910
498.191629	-0.313900
498.881645	-0.291770
499.571661	-0.268430
500.261677	-0.244600
500.951693	-0.220940
501.641709	-0.198020
502.331726	-0.176360
503.021742	-0.156320
503.711758	-0.138150
504.401774	-0.121880
505.091790	-0.107400
505.781806	-0.094460
506.471822	-0.082730
507.161838	-0.071880
507.851854	-0.061620
508.541870	-0.051730
509.231887	-0.042050
509.921903	-0.032530
510.611919	-0.023150
511.301935	-0.013960
511.991951	-0.005000
512.681967	0.003670
513.371983	0.011980
514.061999	0.019860
514.752015	0.027260
515.442032	0.034080
516.132048	0.040250
516.822064	0.045640
517.512080	0.050120
518.202096	0.053510
518.892112	0.055590
519.582128	0.056130
520.272144	0.054910
520.962160	0.051740
521.652177	0.046510
522.342193	0.039230
523.032209	0.030050
523.722225	0.019280
524.412241	0.007320
525.102257	-0.005350
525.792273	-0.018270
526.482289	-0.031100
527.172305	-0.043600
527.862321	-0.055680
528.552338	-0.067340
529.242354	-0.078610
529.932370	-0.089450
530.622386	-0.099760
531.312402	-0.109250
532.002418	-0.117510
532.692434	-0.123990
533.382450	-0.128010
534.072466	-0.128820
534.762483	-0.125710
535.452499	-0.118130
536.142515	-0.105790
536.832531	-0.088840
537.522547	-0.067860
538.212563	-0.043890
538.902579	-0.018290
539.592595	0.007400
540.282611	0.031670
540.972627	0.053170
541.662644	0.070870
542.352660	0.084130
543.042676	0.092750
543.732692	0.097010
544.422708	0.097560
545.112724	0.095360
545.802740	0.091530
546.492756	0.087180
547.182772	0.083290
547.872789	0.080630
548.562805	0.079640
549.252821	0.080550
549.942837	0.083320
550.632853	0.087750
551.322869	0.093440
552.012885	0.099870
552.702901	0.106340
553.392917	0.112030
554.082934	0.116080
554.772950	0.117710
555.462966	0.116410
556.152982	0.112050
556.842998	0.105010
557.533014	0.096170
558.223030	0.086780
558.913046	0.078340
559.603062	0.072320
560.293078	0.069980
560.983095	0.072260
561.673111	0.079660
562.363127	0.092270
563.053143	0.109820
563.743159	0.131680
564.433175	0.156920
565.123191	0.184260
565.813207	0.212100
566.503223	0.238570
567.193240	0.261600
567.883256	0.279230
568.573272	0.289870
569.263288	0.292590
569.953304	0.287330
570.643320	0.274990
571.333336	0.257200
572.023352	0.236080
572.713368	0.213850
573.403385	0.192470
574.093401	0.173380
574.783417	0.157440
575.473433	0.144930
576.163449	0.135700
576.853465	0.129360
577.543481	0.125470
578.233497	0.123640
578.923513	0.123580
579.613529	0.125070
580.303546	0.127860
580.993562	0.131610
581.683578	0.135700
582.373594	0.139290
583.063610	0.141360
583.753626	0.140870
584.443642	0.137010
585.133658	0.129450
585.823674	0.118480
586.513691	0.105020
587.203707	0.090540
587.893723	0.076730
588.583739	0.065180
589.273755	0.057110
589.963771	0.053090
590.653787	0.052990
591.343803	0.055970
592.033819	0.060630
592.723835	0.065140
593.413852	0.067560
594.103868	0.066050
594.793884	0.059220
595.483900	0.046430
596.173916	0.028000
596.863932	0.005320
597.553948	-0.019240
598.243964	-0.042720
598.933980	-0.061910
599.623997	-0.073960
600.314013	-0.076750
601.004029	-0.069210
601.694045	-0.051360
602.384061	-0.024160
603.074077	0.010620
603.764093	0.050750
604.454109	0.093600
605.144125	0.136320
605.834142	0.175870
606.524158	0.209110
607.214174	0.233010
607.904190	0.244910
608.594206	0.242940
609.284222	0.226450
609.974238	0.196300
610.664254	0.154970
611.354270	0.106280
612.044286	0.054910
612.734303	0.005580
613.424319	-0.037730
614.114335	-0.072520
614.804351	-0.098160
615.494367	-0.115940
616.184383	-0.128730
616.874399	-0.140360
617.564415	-0.154870
618.254431	-0.175690
618.944448	-0.205100
619.634464	-0.243840
620.324480	-0.291070
621.014496	-0.344610
621.704512	-0.401260
622.394528	-0.457310
623.084544	-0.508970
623.774560	-0.552730
624.464576	-0.585660
625.154592	-0.605620
625.844609	-0.611410
626.534625	-0.602860
627.224641	-0.580840
627.914657	-0.547120
628.604673	-0.504170
629.294689	-0.454740
629.984705	-0.401560
630.674721	-0.347020
631.364737	-0.293030
632.054754	-0.241010
632.744770	-0.192090
633.434786	-0.147180
634.124802	-0.107140
634.814818	-0.072700
635.504834	-0.044410
636.194850	-0.022370
636.884866	-0.006170
637.574882	0.005150
638.264899	0.013090
638.954915	0.019310
639.644931	0.025360
640.334947	0.032360
641.024963	0.040730
641.714979	0.050100
642.404995	0.059480
643.095011	0.067490
643.785027	0.072830
644.475043	0.074620
645.165060	0.072650
645.855076	0.067480
646.545092	0.060300
647.235108	0.052630
647.925124	0.046010
648.615140	0.041670
649.305156	0.040370
649.995172	0.042320
650.685188	0.047260
651.375205	0.054670
652.065221	0.063960
652.755237	0.074590
653.445253	0.086120
654.135269	0.098220
654.825285	0.110510
655.515301	0.122470
656.205317	0.133360
656.895333	0.142220
657.585349	0.148010
658.275366	0.149760
658.965382	0.146780
659.655398	0.138820
660.345414	0.126120
661.035430	0.109320
661.725446	0.089360
662.415462	0.067260
663.105478	0.043970
663.795494	0.020300
664.485511	-0.003060
665.175527	-0.025510
665.865543	-0.046440
666.555559	-0.065140
667.245575	-0.080830
667.935591	-0.092740
668.625607	-0.100240
669.315623	-0.102930
670.005639	-0.100770
670.695656	-0.094120
671.385672	-0.083720
672.075688	-0.070620
672.765704	-0.056050
673.455720	-0.041300
674.145736	-0.027610
674.835752	-0.016100
675.525768	-0.007700
676.215784	-0.003170
676.905800	-0.003040
677.595817	-0.007660
678.285833	-0.017160
678.975849	-0.031380
679.665865	-0.049810
680.355881	-0.071620
681.045897	-0.095640
681.735913	-0.120450
682.425929	-0.144530
683.115945	-0.166400
683.805962	-0.184820
684.495978	-0.198940
685.185994	-0.208480
685.876010	-0.213720
686.566026	-0.215540
687.256042	-0.215270
687.946058	-0.214510
688.636074	-0.214890
689.326090	-0.217800
690.016107	-0.224190
690.706123	-0.234410
691.396139	-0.248160
692.086155	-0.264460
692.776171	-0.281840
693.466187	-0.298420
694.156203	-0.312220
694.846219	-0.321330
695.536235	-0.324180
696.226251	-0.319780
696.916268	-0.307810
697.606284	-0.288780
698.296300	-0.263920
698.986316	-0.235110
699.676332	-0.204620
700.366348	-0.174820
701.056364	-0.147900
701.746380	-0.125540
702.436396	-0.108760
703.126413	-0.097820
703.816429	-0.092220
704.506445	-0.090940
705.196461	-0.092600
705.886477	-0.095690
706.576493	-0.098830
707.266509	-0.100830
707.956525	-0.100800
708.646541	-0.098130
709.336557	-0.092480
710.026574	-0.083760
710.716590	-0.072090
711.406606	-0.057830
712.096622	-0.041520
712.786638	-0.023830
713.476654	-0.005510
714.166670	0.012740
714.856686	0.030300
715.546702	0.046710
716.236719	0.061700
716.926735	0.075120
717.616751	0.086940
718.306767	0.097180
718.996783	0.105880
719.686799	0.113060
720.376815	0.118730
721.066831	0.122880
721.756847	0.125530
722.446864	0.126690
723.136880	0.126450
723.826896	0.124900
724.516912	0.122210
725.206928	0.118580
725.896944	0.114220
726.586960	0.109420
727.276976	0.104450
727.966992	0.099640
728.657008	0.095300
729.347025	0.091730
730.037041	0.089150
730.727057	0.087670
731.417073	0.087260
732.107089	0.087670
732.797105	0.088470
733.487121	0.089070
734.177137	0.088780
734.867153	0.086980
735.557170	0.083220
736.247186	0.077320
736.937202	0.069480
737.627218	0.060250
738.317234	0.050450
739.007250	0.041030
739.697266	0.032950
740.387282	0.027010
741.077298	0.023780
741.767314	0.023560
742.457331	0.026350
743.147347	0.031960
743.837363	0.039990
744.527379	0.049930
745.217395	0.061230
745.907411	0.073310
746.597427	0.085630
747.287443	0.097720
747.977459	0.109140
748.667476	0.119510
749.357492	0.128480
750.047508	0.135730
750.737524	0.140940
751.427540	0.143870
752.117556	0.144420
752.807572	0.142610
753.497588	0.138640
754.187604	0.132850
754.877621	0.125650
755.567637	0.117430
756.257653	0.108470
756.947669	0.098930
757.637685	0.088770
758.327701	0.077820
759.017717	0.065850
759.707733	0.052690
760.397749	0.038330
761.087765	0.023070
761.777782	0.007500
762.467798	-0.007510
763.157814	-0.020980
763.847830	-0.031950
764.537846	-0.039720
765.227862	-0.043990
765.917878	-0.044840
766.607894	-0.042720
767.297910	-0.038240
767.987927	-0.031980
768.677943	-0.024360
769.367959	-0.015500
770.057975	-0.005240
770.747991	0.006730
771.438007	0.020750
772.128023	0.037040
772.818039	0.055560
773.508055	0.075950
774.198071	0.097560
774.888088	0.119460
775.578104	0.140600
776.268120	0.159920
776.958136	0.176500
777.648152	0.189660
778.338168	0.199020
779.028184	0.204490
779.718200	0.206230
780.408216	0.204580
781.098233	0.199960
781.788249	0.192810
782.478265	0.183510
783.168281	0.172340
783.858297	0.159440
784.548313	0.144770
785.238329	0.128130
785.928345	0.109140
786.618361	0.087400
787.308378	0.062580
787.998394	0.034700
788.688410	0.004220
789.378426	-0.027810
790.068442	-0.059830
790.758458	-0.089890
791.448474	-0.115920
792.138490	-0.136030
792.828506	-0.148780
