0.000000	0.029970
0.690000	0.024350
1.380001	0.019780
2.070001	0.016300
2.760001	0.013780
3.450002	0.011950
4.140002	0.010490
4.830002	0.009060
5.520003	0.007430
6.210003	0.005460
6.900003	0.003210
7.590004	0.000920
8.280004	-0.001000
8.970004	-0.002070
9.660005	-0.001720
10.350005	0.000570
11.040005	0.005250
11.730006	0.012580
12.420006	0.022620
13.110006	0.035180
13.800007	0.049800
14.490007	0.065790
15.180007	0.082250
15.870008	0.098160
16.560008	0.112530
17.250008	0.124540
17.940009	0.133620
18.630009	0.139570
19.320009	0.142570
20.010010	0.143130
20.700010	0.141990
21.390010	0.139990
22.080011	0.137910
22.770011	0.136380
23.460011	0.135830
24.150012	0.136470
24.840012	0.138310
25.530012	0.141230
26.220013	0.145000
26.910013	0.149300
27.600013	0.153790
28.290014	0.158090
28.980014	0.161840
29.670014	0.164740
30.360015	0.166560
31.050015	0.167150
31.740015	0.166480
32.430016	0.164610
33.120016	0.161660
33.810016	0.157810
34.500017	0.153270
35.190017	0.148250
35.880017	0.142940
36.570018	0.137540
37.260018	0.132210
37.950018	0.127100
38.640019	0.122300
39.330019	0.117840
40.020019	0.113670
40.710020	0.109640
41.400020	0.105570
42.090020	0.101250
42.780020	0.096520
43.470021	0.091330
44.160021	0.085750
44.850021	0.079990
45.540022	0.074320
46.230022	0.069040
46.920022	0.064430
47.610023	0.060750
48.300023	0.058200
48.990023	0.056960
49.680024	0.057210
50.370024	0.059180
51.060024	0.063090
51.750025	0.069150
52.440025	0.077550
53.130025	0.088340
53.820026	0.101400
54.510026	0.116380
55.200026	0.132620
55.890027	0.149150
56.580027	0.164670
57.270027	0.177640
57.960028	0.186450
58.650028	0.189590
59.340028	0.185910
60.030029	0.174820
60.720029	0.156360
61.410029	0.131200
62.100030	0.100500
62.790030	0.065630
63.480030	0.028000
64.170031	-0.011210
64.860031	-0.051120
65.550031	-0.091070
66.240032	-0.130500
66.930032	-0.168730
67.620032	-0.204770
68.310033	-0.237180
69.000033	-0.264190
69.690033	-0.283820
70.380034	-0.294210
71.070034	-0.293990
71.760034	-0.282530
72.450035	-0.260120
73.140035	-0.227910
73.830035	-0.187780
74.520036	-0.142000
75.210036	-0.092990
75.900036	-0.043020
76.590037	0.005850
77.280037	0.051850
77.970037	0.093400
78.660038	0.129080
79.350038	0.157610
80.040038	0.177870
80.730039	0.189040
81.420039	0.190670
82.110039	0.182780
82.800040	0.165880
83.490040	0.140980
84.180040	0.109430
84.870041	0.072890
85.560041	0.033210
86.250041	-0.007590
86.940042	-0.047380
87.630042	-0.083930
88.320042	-0.114990
89.010043	-0.138540
89.700043	-0.152970
90.390043	-0.157460
91.080044	-0.152160
91.770044	-0.138350
92.460044	-0.118270
93.150045	-0.094850
93.840045	-0.071190
94.530045	-0.050130
95.220046	-0.033710
95.910046	-0.023010
96.600046	-0.018000
97.290047	-0.017710
97.980047	-0.020470
98.670047	-0.024230
99.360048	-0.026880
100.050048	-0.026570
100.740048	-0.022000
101.430049	-0.012610
102.120049	0.001250
102.810049	0.018400
103.500050	0.036910
104.190050	0.054440
104.880050	0.068630
105.570051	0.077490
106.260051	0.079690
106.950051	0.074640
107.640052	0.062470
108.330052	0.043770
109.020052	0.019360
109.710053	-0.009870
110.400053	-0.043100
111.090053	-0.079450
111.780054	-0.117830
112.470054	-0.156850
113.160054	-0.194840
113.850055	-0.230010
114.540055	-0.260820
115.230055	-0.286370
115.920056	-0.306550
116.610056	-0.322040
117.300056	-0.333940
117.990057	-0.343210
118.680057	-0.350190
119.370057	-0.354250
120.060058	-0.353950
120.750058	-0.347410
121.440058	-0.333030
122.130059	-0.310030
122.820059	-0.278940
123.510059	-0.241520
124.200060	-0.200500
124.890060	-0.158960
125.580060	-0.119670
126.270061	-0.084620
126.960061	-0.054720
127.650061	-0.029750
128.340061	-0.008580
129.030062	0.010470
129.720062	0.029330
130.410062	0.049720
131.100063	0.072920
131.790063	0.099570
132.480063	0.129580
133.170064	0.162160
133.860064	0.195940
134.550064	0.229220
135.240065	0.260170
135.930065	0.287130
136.620065	0.308770
137.310066	0.324280
138.000066	0.333310
138.690066	0.335890
139.380067	0.332240
140.070067	0.322500
140.760067	0.306580
141.450068	0.284060
142.140068	0.254220
142.830068	0.216310
143.520069	0.169840
144.210069	0.114930
144.900069	0.052460
145.590070	-0.015760
146.280070	-0.087260
146.970070	-0.159040
147.660071	-0.227950
148.350071	-0.290970
149.040071	-0.345310
149.730072	-0.388550
150.420072	-0.418590
151.110072	-0.433690
151.800073	-0.432540
152.490073	-0.414400
153.180073	-0.379340
153.870074	-0.328380
154.560074	-0.263560
155.250074	-0.187900
155.940075	-0.105120
156.630075	-0.019330
157.320075	0.065320
158.010076	0.144990
158.700076	0.216290
159.390076	0.276330
160.080077	0.322680
160.770077	0.353300
161.460077	0.366490
162.150078	0.360960
162.840078	0.336030
163.530078	0.291860
164.220079	0.229680
164.910079	0.151950
165.600079	0.062340
166.290080	-0.034420
166.980080	-0.132990
167.670080	-0.227800
168.360081	-0.313580
169.050081	-0.385730
169.740081	-0.440640
170.430082	-0.475770
171.120082	-0.489760
171.810082	-0.482420
172.500083	-0.454840
173.190083	-0.409420
173.880083	-0.349910
174.570084	-0.281260
175.260084	-0.209330
175.950084	-0.140320
176.640085	-0.080170
177.330085	-0.033940
178.020085	-0.005210
178.710086	0.004140
179.400086	-0.005790
180.090086	-0.033110
180.780087	-0.074250
181.470087	-0.124320
182.160087	-0.177650
182.850088	-0.228410
183.540088	-0.271360
184.230088	-0.302570
184.920089	-0.319970
185.610089	-0.323520
186.300089	-0.315010
186.990090	-0.297500
187.680090	-0.274460
188.370090	-0.249020
189.060091	-0.223430
189.750091	-0.198810
190.440091	-0.175450
191.130092	-0.153130
191.820092	-0.131640
192.510092	-0.111060
193.200093	-0.091830
193.890093	-0.074530
194.580093	-0.059610
195.270094	-0.047070
195.960094	-0.036370
196.650094	-0.026540
197.340095	-0.016470
198.030095	-0.005250
198.720095	0.007430
199.410096	0.021210
200.100096	0.034990
200.790096	0.047290
201.480097	0.056610
202.170097	0.061870
202.860097	0.062710
203.550098	0.059630
204.240098	0.053950
204.930098	0.047490
205.620099	0.042180
206.310099	0.039690
207.000099	0.041050
207.690100	0.046500
208.380100	0.055400
209.070100	0.066430
209.760101	0.077750
210.450101	0.087330
211.140101	0.093210
211.830102	0.093810
212.520102	0.088170
213.210102	0.076050
213.900102	0.058040
214.590103	0.035390
215.280103	0.009910
215.970103	-0.016370
216.660104	-0.041470
217.350104	-0.063680
218.040104	-0.081810
218.730105	-0.095200
219.420105	-0.103680
220.110105	-0.107450
220.800106	-0.106900
221.490106	-0.102380
222.180106	-0.094150
222.870107	-0.082340
223.560107	-0.067030
224.250107	-0.048380
224.940108	-0.026810
225.630108	-0.003080
226.320108	0.021630
227.010109	0.045820
227.700109	0.067770
228.390109	0.085800
229.080110	0.098540
229.770110	0.105190
230.460110	0.105710
231.150111	0.100980
231.840111	0.092680
232.530111	0.083120
233.220112	0.074840
233.910112	0.070210
234.600112	0.070940
235.290113	0.077790
235.980113	0.090430
236.670113	0.107570
237.360114	0.127210
238.050114	0.147080
238.740114	0.165030
239.430115	0.179420
240.120115	0.189280
240.810115	0.194320
241.500116	0.194870
242.190116	0.191640
242.880116	0.185550
243.570117	0.177530
244.260117	0.168410
244.950117	0.158840
245.640118	0.149300
246.330118	0.140130
247.020118	0.131600
247.710119	0.123970
248.400119	0.117480
249.090119	0.112370
249.780120	0.108770
250.470120	0.106650
251.160120	0.105750
251.850121	0.105640
252.540121	0.105830
253.230121	0.105960
253.920122	0.105960
254.610122	0.106150
255.300122	0.107210
255.990123	0.109930
256.680123	0.114950
257.370123	0.122430
258.060124	0.131800
258.750124	0.141720
259.440124	0.150280
260.130125	0.155280
260.820125	0.154780
261.510125	0.147490
262.200126	0.133130
262.890126	0.112560
263.580126	0.087660
264.270127	0.061070
264.960127	0.035700
265.650127	0.014350
266.340128	-0.000760
267.030128	-0.008240
267.720128	-0.007690
268.410129	0.000370
269.100129	0.014570
269.790129	0.033010
270.480130	0.053520
271.170130	0.073940
271.860130	0.092410
272.550131	0.107520
273.240131	0.118370
273.930131	0.124600
274.620132	0.126320
275.310132	0.124010
276.000132	0.118440
276.690133	0.110550
277.380133	0.101360
278.070133	0.091810
278.760134	0.082720
279.450134	0.074690
280.140134	0.068070
280.830135	0.062960
281.520135	0.059250
282.210135	0.056710
282.900136	0.055020
283.590136	0.053830
284.280136	0.052870
284.970137	0.051900
285.660137	0.050870
286.350137	0.049880
287.040138	0.049230
287.730138	0.049420
288.420138	0.051060
289.110139	0.054850
289.800139	0.061390
290.490139	0.071080
291.180140	0.084020
291.870140	0.099900
292.560140	0.118010
293.250141	0.137280
293.940141	0.156420
294.630141	0.174120
295.320142	0.189220
296.010142	0.200860
296.700142	0.208540
297.390143	0.212100
298.080143	0.211600
298.770143	0.207310
299.460143	0.199530
300.150144	0.188670
300.840144	0.175170
301.530144	0.159570
302.220145	0.142470
302.910145	0.124470
303.600145	0.106050
304.290146	0.087500
304.980146	0.068810
305.670146	0.049720
306.360147	0.029780
307.050147	0.008550
307.740147	-0.014140
308.430148	-0.038010
309.120148	-0.062170
309.810148	-0.085170
310.500149	-0.105120
311.190149	-0.119990
311.880149	-0.127940
312.570150	-0.127670
313.260150	-0.118580
313.950150	-0.100880
314.640151	-0.075530
315.330151	-0.044100
316.020151	-0.008630
316.710152	0.028590
317.400152	0.065200
318.090152	0.098850
318.780153	0.127480
319.470153	0.149460
320.160153	0.163770
320.850154	0.170120
321.540154	0.168890
322.230154	0.161020
322.920155	0.147820
323.610155	0.130760
324.300155	0.111320
324.990156	0.090950
325.680156	0.071120
326.370156	0.053320
327.060157	0.039080
327.750157	0.029840
328.440157	0.026740
329.130158	0.030370
329.820158	0.040490
330.510158	0.055860
331.200159	0.074180
331.890159	0.092320
332.580159	0.106630
333.270160	0.113470
333.960160	0.109760
334.650160	0.093510
335.340161	0.064090
336.030161	0.022390
336.720161	-0.029340
337.410162	-0.087770
338.100162	-0.148820
338.790162	-0.208030
339.480163	-0.260900
340.170163	-0.303190
340.860163	-0.331310
341.550164	-0.342690
342.240164	-0.336070
342.930164	-0.311800
343.620165	-0.271880
344.310165	-0.219850
345.000165	-0.160380
345.690166	-0.098720
346.380166	-0.040140
347.070166	0.010770
347.760167	0.050650
348.450167	0.077730
349.140167	0.092080
349.830168	0.095430
350.520168	0.090870
351.210168	0.082080
351.900169	0.072600
352.590169	0.065010
353.280169	0.060340
353.970170	0.057830
354.660170	0.055110
355.350170	0.048720
356.040171	0.034850
356.730171	0.010200
357.420171	-0.027280
358.110172	-0.077900
358.800172	-0.140010
359.490172	-0.210140
360.180173	-0.283480
360.870173	-0.354620
361.560173	-0.418260
362.250174	-0.470050
362.940174	-0.507040
363.630174	-0.527950
364.320175	-0.533020
365.010175	-0.523740
365.700175	-0.502300
366.390176	-0.471200
367.080176	-0.432900
367.770176	-0.389650
368.460177	-0.343450
369.150177	-0.296110
369.840177	-0.249270
370.530178	-0.204360
371.220178	-0.162560
371.910178	-0.124670
372.600179	-0.091040
373.290179	-0.061590
373.980179	-0.035830
374.670180	-0.013050
375.360180	0.007520
376.050180	0.026570
376.740181	0.044510
377.430181	0.061470
378.120181	0.077380
378.810182	0.092030
379.500182	0.105200
380.190182	0.116820
380.880183	0.126880
381.570183	0.135490
382.260183	0.142760
382.950184	0.148690
383.640184	0.153180
384.330184	0.156020
385.020184	0.156950
385.710185	0.155720
386.400185	0.152250
387.090185	0.146550
387.780186	0.138840
388.470186	0.129400
389.160186	0.118630
389.850187	0.106910
390.540187	0.094590
391.230187	0.081980
391.920188	0.069290
392.610188	0.056640
393.300188	0.044020
393.990189	0.031320
394.680189	0.018340
395.370189	0.004930
396.060190	-0.008970
396.750190	-0.023200
397.440190	-0.037320
398.130191	-0.050570
398.820191	-0.061970
399.510191	-0.070500
400.200192	-0.075260
400.890192	-0.075700
401.580192	-0.071830
402.270193	-0.064330
402.960193	-0.054510
403.650193	-0.044210
404.340194	-0.035630
405.030194	-0.030970
405.720194	-0.032190
406.410195	-0.040680
407.100195	-0.057000
407.790195	-0.080770
408.480196	-0.110570
409.170196	-0.144120
409.860196	-0.178490
410.550197	-0.210490
411.240197	-0.237150
411.930197	-0.256090
412.620198	-0.265850
413.310198	-0.266060
414.000198	-0.257370
414.690199	-0.241310
415.380199	-0.219970
416.070199	-0.195740
416.760200	-0.171040
417.450200	-0.148100
418.140200	-0.128810
418.830201	-0.114600
419.520201	-0.106370
420.210201	-0.104410
420.900202	-0.108360
421.590202	-0.117290
422.280202	-0.129830
422.970203	-0.144380
423.660203	-0.159350
424.350203	-0.173420
425.040204	-0.185700
425.730204	-0.195740
426.420204	-0.203460
427.110205	-0.208950
427.800205	-0.212210
428.490205	-0.213040
429.180206	-0.210970
429.870206	-0.205420
430.560206	-0.195970
431.250207	-0.182640
431.940207	-0.166180
432.630207	-0.148080
433.320208	-0.130470
434.010208	-0.115770
434.700208	-0.106190
435.390209	-0.103270
436.080209	-0.107520
436.770209	-0.118260
437.460210	-0.133620
438.150210	-0.150760
438.840210	-0.166270
439.530211	-0.176600
440.220211	-0.178530
440.910211	-0.169660
441.600212	-0.148810
442.290212	-0.116260
442.980212	-0.073790
443.670213	-0.024540
444.360213	0.027450
445.050213	0.077870
445.740214	0.122670
446.430214	0.158690
447.120214	0.183950
447.810215	0.197670
448.500215	0.200110
449.190215	0.192240
449.880216	0.175390
450.570216	0.150980
451.260216	0.120500
451.950217	0.085490
452.640217	0.047720
453.330217	0.009250
454.020218	-0.027460
454.710218	-0.059740
455.400218	-0.084860
456.090219	-0.100300
456.780219	-0.104090
457.470219	-0.095040
458.160220	-0.072960
458.850220	-0.038710
459.540220	0.005700
460.230221	0.057330
460.920221	0.112440
461.610221	0.166880
462.300222	0.216570
462.990222	0.257920
463.680222	0.288260
464.370223	0.306090
465.060223	0.311050
465.750223	0.303800
466.440224	0.285730
467.130224	0.258560
467.820224	0.224180
468.510225	0.184490
469.200225	0.141430
469.890225	0.097080
470.580225	0.053760
471.270226	0.014050
471.960226	-0.019310
472.650226	-0.043730
473.340227	-0.057060
474.030227	-0.057960
474.720227	-0.046230
475.410228	-0.023030
476.100228	0.009160
476.790228	0.046780
477.480229	0.085500
478.170229	0.120840
478.860229	0.148750
479.550230	0.166130
480.240230	0.171270
480.930230	0.163980
481.620231	0.145580
482.310231	0.118680
483.000231	0.086750
483.690232	0.053700
484.380232	0.023450
485.070232	-0.000500
485.760233	-0.015420
486.450233	-0.019520
487.140233	-0.012160
487.830234	0.006160
488.520234	0.033930
489.210234	0.068780
489.900235	0.107780
490.590235	0.147800
491.280235	0.185750
491.970236	0.218840
492.660236	0.244770
493.350236	0.261820
494.040237	0.268980
494.730237	0.265910
495.420237	0.253020
496.110238	0.231330
496.800238	0.202340
497.490238	0.167830
498.180239	0.129580
498.870239	0.089260
499.560239	0.048260
500.250240	0.007780
500.940240	-0.031110
501.630240	-0.067300
502.320241	-0.099410
503.010241	-0.125760
503.700241	-0.144400
504.390242	-0.153230
505.080242	-0.150370
505.770242	-0.134490
506.460243	-0.105190
507.150243	-0.063270
507.840243	-0.010870
508.530244	0.048630
509.220244	0.110980
509.910244	0.171510
510.600245	0.225680
511.290245	0.269660
511.980245	0.300760
512.670246	0.317690
513.360246	0.320560
514.050246	0.310710
514.740247	0.290400
515.430247	0.262350
516.120247	0.229320
516.810248	0.193720
517.500248	0.157360
518.190248	0.121420
518.880249	0.086550
519.570249	0.053030
520.260249	0.021160
520.950250	-0.008590
521.640250	-0.035390
522.330250	-0.058060
523.020251	-0.075260
523.710251	-0.085770
524.400251	-0.088770
525.090252	-0.084110
525.780252	-0.072350
526.470252	-0.054770
527.160253	-0.033170
527.850253	-0.009580
528.540253	0.013960
529.230254	0.035680
529.920254	0.054200
530.610254	0.068590
531.300255	0.078470
531.990255	0.083900
532.680255	0.085390
533.370256	0.083750
534.060256	0.080050
534.750256	0.075370
535.440257	0.070670
536.130257	0.066550
536.820257	0.063150
537.510258	0.060100
538.200258	0.056570
538.890258	0.051480
539.580259	0.043780
540.270259	0.032720
540.960259	0.018070
541.650260	0.000210
542.340260	-0.019860
543.030260	-0.040650
543.720261	-0.060400
544.410261	-0.077270
545.100261	-0.089540
545.790262	-0.095760
546.480262	-0.094900
547.170262	-0.086460
547.860263	-0.070510
548.550263	-0.047780
549.240263	-0.019600
549.930264	0.012190
550.620264	0.045480
551.310264	0.078090
552.000265	0.108080
552.690265	0.133940
553.380265	0.154760
554.070266	0.170240
554.760266	0.180620
555.450266	0.186580
556.140266	0.189050
556.830267	0.189030
557.520267	0.187430
558.210267	0.184930
558.900268	0.181910
559.590268	0.178510
560.280268	0.174610
560.970269	0.170000
561.660269	0.164440
562.350269	0.157710
563.040270	0.149640
563.730270	0.140030
564.420270	0.128620
565.110271	0.115000
565.800271	0.098560
566.490271	0.078500
567.180272	0.053810
567.870272	0.023430
568.560272	-0.013630
569.250273	-0.058000
569.940273	-0.109630
570.630273	-0.167550
571.320274	-0.229620
572.010274	-0.292560
572.700274	-0.352120
573.390275	-0.403580
574.080275	-0.442380
574.770275	-0.464940
575.460276	-0.469350
576.150276	-0.455870
576.840276	-0.427090
577.530277	-0.387580
578.220277	-0.343180
578.910277	-0.299960
579.600278	-0.263140
580.290278	-0.236150
580.980278	-0.220170
581.670279	-0.214060
582.360279	-0.214890
583.050279	-0.218670
583.740280	-0.221250
584.430280	-0.219170
585.120280	-0.210120
585.810281	-0.193200
586.500281	-0.168840
587.190281	-0.138450
587.880282	-0.104060
588.570282	-0.067890
589.260282	-0.032010
589.950283	0.001910
590.640283	0.032690
591.330283	0.059650
592.020284	0.082540
592.710284	0.101390
593.400284	0.116390
594.090285	0.127710
594.780285	0.135410
595.470285	0.139400
596.160286	0.139350
596.850286	0.134810
597.540286	0.125240
598.230287	0.110170
598.920287	0.089350
599.610287	0.062930
600.300288	0.031540
600.990288	-0.003690
601.680288	-0.041170
602.370289	-0.079030
603.060289	-0.115300
603.750289	-0.148110
604.440290	-0.175860
605.130290	-0.197340
605.820290	-0.211760
606.510291	-0.218730
607.200291	-0.218280
607.890291	-0.210720
608.580292	-0.196660
609.270292	-0.176800
609.960292	-0.151970
610.650293	-0.122950
611.340293	-0.090490
612.030293	-0.055320
612.720294	-0.018130
613.410294	0.020320
614.100294	0.059190
614.790295	0.097490
615.480295	0.134080
616.170295	0.167760
616.860296	0.197270
617.550296	0.221390
618.240296	0.239060
618.930297	0.249460
619.620297	0.252090
620.310297	0.246880
621.000298	0.234280
621.690298	0.215320
622.380298	0.191550
623.070299	0.165020
623.760299	0.138080
624.450299	0.113130
625.140300	0.092380
625.830300	0.077610
626.520300	0.069970
627.210301	0.069920
627.900301	0.077200
628.590301	0.090930
629.280302	0.109710
629.970302	0.131800
630.660302	0.155200
631.350303	0.177870
632.040303	0.197750
632.730303	0.212910
633.420304	0.221640
634.110304	0.222540
634.800304	0.214670
635.490305	0.197650
636.180305	0.171750
636.870305	0.137980
637.560306	0.098070
638.250306	0.054330
638.940306	0.009370
639.630307	-0.034240
640.320307	-0.074450
641.010307	-0.109990
641.700307	-0.140520
642.390308	-0.166600
643.080308	-0.189210
643.770308	-0.209320
644.460309	-0.227310
645.150309	-0.242730
645.840309	-0.254250
646.530310	-0.260110
647.220310	-0.258650
647.910310	-0.249000
648.600311	-0.231460
649.290311	-0.207650
649.980311	-0.180210
650.670312	-0.152260
651.360312	-0.126730
652.050312	-0.105710
652.740313	-0.090150
653.430313	-0.079690
654.120313	-0.072920
654.810314	-0.067830
655.500314	-0.062420
656.190314	-0.055300
656.880315	-0.046160
657.570315	-0.035930
658.260315	-0.026600
658.950316	-0.020790
659.640316	-0.021030
660.330316	-0.029070
661.020317	-0.045310
661.710317	-0.068630
662.400317	-0.096500
663.090318	-0.125500
663.780318	-0.151990
664.470318	-0.172870
665.160319	-0.186150
665.850319	-0.191270
666.540319	-0.189090
667.230320	-0.181560
667.920320	-0.171220
668.610320	-0.160640
669.300321	-0.151930
669.990321	-0.146470
670.680321	-0.144810
671.370322	-0.146840
672.060322	-0.151960
672.750322	-0.159380
673.440323	-0.168160
674.130323	-0.177350
674.820323	-0.185830
675.510324	-0.192350
676.200324	-0.195560
676.890324	-0.194250
677.580325	-0.187600
678.270325	-0.175610
678.960325	-0.159230
679.650326	-0.140370
680.340326	-0.121600
681.030326	-0.105630
681.720327	-0.094710
682.410327	-0.090080
683.100327	-0.091740
683.790328	-0.098380
684.480328	-0.107710
685.170328	-0.116880
685.860329	-0.123110
686.550329	-0.124110
687.240329	-0.118560
687.930330	-0.106210
688.620330	-0.087840
689.310330	-0.065030
690.000331	-0.039790
690.690331	-0.014140
691.380331	0.010230
692.070332	0.032140
692.760332	0.050990
693.450332	0.066700
694.140333	0.079550
694.830333	0.090030
695.520333	0.098700
696.210334	0.106040
696.900334	0.112400
697.590334	0.117930
698.280335	0.122570
698.970335	0.125990
699.660335	0.127690
700.350336	0.127020
701.040336	0.123310
701.730336	0.116000
702.420337	0.104750
703.110337	0.089560
703.800337	0.070870
704.490338	0.049520
705.180338	0.026680
705.870338	0.003690
706.560339	-0.018180
707.250339	-0.038010
707.940339	-0.055320
708.630340	-0.070160
709.320340	-0.082900
710.010340	-0.094020
710.700341	-0.103740
711.390341	-0.111750
712.080341	-0.117080
712.770342	-0.118190
713.460342	-0.113230
714.150342	-0.100520
714.840343	-0.079010
715.530343	-0.048690
716.220343	-0.010760
716.910344	0.032370
717.600344	0.077470
718.290344	0.120930
718.980345	0.159400
719.670345	0.190290
720.360345	0.212170
721.050346	0.224970
721.740346	0.229810
722.430346	0.228730
723.120347	0.224190
723.810347	0.218540
724.500347	0.213560
725.190348	0.210160
725.880348	0.208250
726.570348	0.206940
727.260348	0.204800
727.950349	0.200320
728.640349	0.192260
729.330349	0.179960
730.020350	0.163450
730.710350	0.143450
731.400350	0.121180
732.090351	0.098200
732.780351	0.076100
733.470351	0.056390
734.160352	0.040320
734.850352	0.028790
735.540352	0.022290
736.230353	0.020890
736.920353	0.024170
737.610353	0.031280
738.300354	0.041000
738.990354	0.051840
739.680354	0.062230
740.370355	0.070740
741.060355	0.076250
741.750355	0.078130
742.440356	0.076370
743.130356	0.071480
743.820356	0.064500
744.510357	0.056740
745.200357	0.049560
745.890357	0.044140
746.580358	0.041290
747.270358	0.041260
747.960358	0.043770
748.650359	0.048050
749.340359	0.052980
750.030359	0.057340
750.720360	0.060000
751.410360	0.060180
752.100360	0.057580
752.790361	0.052400
753.480361	0.045310
754.170361	0.037290
754.860362	0.029470
755.550362	0.022930
756.240362	0.018610
756.930363	0.017260
757.620363	0.019410
758.310363	0.025420
759.000364	0.035410
759.690364	0.049220
760.380364	0.066340
761.070365	0.085820
761.760365	0.106310
762.450365	0.126140
763.140366	0.143540
763.830366	0.156890
764.520366	0.164950
765.210367	0.167130
765.900367	0.163480
766.590367	0.154670
767.280368	0.141830
767.970368	0.126290
768.660368	0.109290
769.350369	0.091830
770.040369	0.074510
770.730369	0.057570
771.420370	0.040950
772.110370	0.024410
772.800370	0.007720
773.490371	-0.009300
774.180371	-0.026760
774.870371	-0.044690
775.560372	-0.063050
776.250372	-0.081760
776.940372	-0.100650
777.630373	-0.119370
778.320373	-0.137350
779.010373	-0.153710
779.700374	-0.167280
780.390374	-0.176700
781.080374	-0.180480
781.770375	-0.177170
782.460375	-0.165470
783.150375	-0.144400
783.840376	-0.113430
784.530376	-0.072660
785.220376	-0.023000
785.910377	0.033670
786.600377	0.094470
787.290377	0.155540
787.980378	0.212400
788.670378	0.260340
789.360378	0.295020
790.050379	0.313030
790.740379	0.312320
791.430379	0.292450
792.120380	0.254520
792.810380	0.200940
793.500380	0.135040
794.190381	0.060640
794.880381	-0.018270
795.570381	-0.097720
796.260382	-0.173820
796.950382	-0.242820
797.640382	-0.301150
798.330383	-0.345650
799.020383	-0.373840
799.710383	-0.384280
800.400384	-0.376870
801.090384	-0.353020
801.780384	-0.315530
802.470385	-0.268330
803.160385	-0.215940
803.850385	-0.162940
804.540386	-0.113440
805.230386	-0.070590
805.920386	-0.036470
806.610387	-0.012010
807.300387	0.002780
807.990387	0.008580
808.680388	0.006470
809.370388	-0.002200
810.060388	-0.015990
810.750389	-0.033260
811.440389	-0.052210
812.130389	-0.070930
812.820389	-0.087480
813.510390	-0.100140
814.200390	-0.107690
814.890390	-0.109600
815.580391	-0.106250
816.270391	-0.098860
816.960391	-0.089370
817.650392	-0.080100
818.340392	-0.073400
819.030392	-0.071260
819.720393	-0.074910
820.410393	-0.084660
821.100393	-0.099800
821.790394	-0.118720
822.480394	-0.139200
823.170394	-0.158790
823.860395	-0.175130
824.550395	-0.186360
825.240395	-0.191240
825.930396	-0.189220
826.620396	-0.180320
827.310396	-0.164980
828.000397	-0.143840
828.690397	-0.117610
829.380397	-0.087050
830.070398	-0.052930
830.760398	-0.016160
831.450398	0.022170
832.140399	0.060760
832.830399	0.098200
833.520399	0.133060
834.210400	0.164040
834.900400	0.190100
835.590400	0.210490
836.280401	0.224660
836.970401	0.232250
837.660401	0.233000
838.350402	0.226730
839.040402	0.213440
839.730402	0.193410
840.420403	0.167300
841.110403	0.136220
841.800403	0.101690
842.490404	0.065530
843.180404	0.029740
843.870404	-0.003720
844.560405	-0.033060
845.250405	-0.056770
845.940405	-0.073730
846.630406	-0.083320
847.320406	-0.085490
848.010406	-0.080760
848.700407	-0.070190
849.390407	-0.055250
850.080407	-0.037670
850.770408	-0.019120
851.460408	-0.001070
852.150408	0.015460
852.840409	0.030000
853.530409	0.042570
854.220409	0.053680
854.910410	0.064110
855.600410	0.074780
856.290410	0.086580
856.980411	0.100190
857.670411	0.115900
858.360411	0.133570
859.050412	0.152500
859.740412	0.171470
860.430412	0.188780
861.120413	0.202500
861.810413	0.210650
862.500413	0.211490
863.190414	0.203860
863.880414	0.187340
864.570414	0.162380
865.260415	0.130320
865.950415	0.093180
866.640415	0.053460
867.330416	0.013790
868.020416	-0.023390
868.710416	-0.056130
869.400417	-0.083140
870.090417	-0.103860
870.780417	-0.118480
871.470418	-0.127780
872.160418	-0.132950
872.850418	-0.135350
873.540419	-0.136310
874.230419	-0.136910
874.920419	-0.137820
875.610420	-0.139200
876.300420	-0.140700
876.990420	-0.141400
877.680421	-0.139960
878.370421	-0.134660
879.060421	-0.123600
879.750422	-0.104860
880.440422	-0.076840
881.130422	-0.038550
881.820423	0.009930
882.510423	0.067140
883.200423	0.129960
883.890424	0.193610
884.580424	0.252110
885.270424	0.298920
885.960425	0.327990
886.650425	0.334850
887.340425	0.317550
888.030426	0.277210
888.720426	0.218020
889.410426	0.146720
890.100427	0.071560
890.790427	0.001070
891.480427	-0.057160
892.170428	-0.097510
892.860428	-0.116800
893.550428	-0.114510
894.240429	-0.092500
894.930429	-0.054470
895.620429	-0.005380
896.310430	0.049210
897.000430	0.103710
897.690430	0.152800
898.380430	0.191630
899.070431	0.215890
899.760431	0.221710
900.450431	0.205760
901.140432	0.165320
901.830432	0.098710
902.520432	0.005850
903.210433	-0.111160
903.900433	-0.247650
904.590433	-0.396220
905.280434	-0.547350
905.970434	-0.690300
906.660434	-0.814490
907.350435	-0.910850
908.040435	-0.972960
908.730435	-0.997700
909.420436	-0.985410
910.110436	-0.939440
910.800436	-0.865340
911.490437	-0.769920
912.180437	-0.660240
912.870437	-0.542850
913.560438	-0.423370
914.250438	-0.306300
914.940438	-0.195230
915.630439	-0.093050
916.320439	-0.002310
917.010439	0.074680
917.700440	0.135910
918.390440	0.179770
919.080440	0.205430
919.770441	0.213110
920.460441	0.204290
921.150441	0.181710
921.840442	0.149210
922.530442	0.111370
923.220442	0.072980
923.910443	0.038520
924.600443	0.011600
925.290443	-0.005350
925.980444	-0.011380
926.670444	-0.006890
927.360444	0.006500
928.050445	0.026370
928.740445	0.049800
929.430445	0.073850
930.120446	0.095790
930.810446	0.113380
931.500446	0.124960
932.190447	0.129610
932.880447	0.127190
933.570447	0.118400
934.260448	0.104760
934.950448	0.088460
935.640448	0.072090
936.330449	0.058320
937.020449	0.049440
937.710449	0.046980
938.400450	0.051470
939.090450	0.062350
939.780450	0.078100
940.470451	0.096550
941.160451	0.115250
941.850451	0.131840
942.540452	0.144460
943.230452	0.151880
943.920452	0.153690
944.610453	0.150220
945.300453	0.142410
945.990453	0.131590
946.680454	0.119220
947.370454	0.106610
948.060454	0.094730
948.750455	0.084000
949.440455	0.074300
950.130455	0.064980
950.820456	0.055030
951.510456	0.043330
952.200456	0.028850
952.890457	0.010960
953.580457	-0.010400
954.270457	-0.034630
954.960458	-0.060370
955.650458	-0.085670
956.340458	-0.108140
957.030459	-0.125290
957.720459	-0.134770
958.410459	-0.134760
959.100460	-0.124170
959.790460	-0.102830
960.480460	-0.071550
961.170461	-0.032010
961.860461	0.013430
962.550461	0.062020
963.240462	0.110920
963.930462	0.157450
964.620462	0.199330
965.310463	0.234810
966.000463	0.262650
966.690463	0.282170
967.380464	0.293130
968.070464	0.295670
968.760464	0.290270
969.450465	0.277700
970.140465	0.259010
970.830465	0.235490
971.520466	0.208620
972.210466	0.180010
972.900466	0.151280
973.590467	0.123920
974.280467	0.099110
974.970467	0.077700
975.660468	0.060090
976.350468	0.046290
977.040468	0.036020
977.730469	0.028750
978.420469	0.023900
979.110469	0.020870
979.800470	0.019070
980.490470	0.017960
981.180470	0.017020
981.870471	0.015700
982.560471	0.013500
983.250471	0.009970
983.940471	0.004860
984.630472	-0.001850
985.320472	-0.009820
986.010472	-0.018320
986.700473	-0.026280
987.390473	-0.032440
988.080473	-0.035470
988.770474	-0.034250
989.460474	-0.027980
990.150474	-0.016350
990.840475	0.000380
991.530475	0.021490
992.220475	0.045800
992.910476	0.071860
993.600476	0.098010
994.290476	0.122550
994.980477	0.143790
995.670477	0.160080
996.360477	0.169990
997.050478	0.172380
997.740478	0.166610
998.430478	0.152650
999.120479	0.131240
999.810479	0.103900
1000.500479	0.072770
1001.190480	0.040390
1001.880480	0.009400
1002.570480	-0.017770
1003.260481	-0.039240
1003.950481	-0.053720
1004.640481	-0.060630
1005.330482	-0.060030
1006.020482	-0.052470
1006.710482	-0.038870
1007.400483	-0.020370
1008.090483	0.001810
1008.780483	0.026500
1009.470484	0.052580
1010.160484	0.079060
1010.850484	0.105010
1011.540485	0.129620
1012.230485	0.152020
1012.920485	0.171380
1013.610486	0.186810
1014.300486	0.197430
1014.990486	0.202460
1015.680487	0.201330
1016.370487	0.193800
1017.060487	0.180110
1017.750488	0.160990
1018.440488	0.137760
1019.130488	0.112200
1019.820489	0.086390
1020.510489	0.062520
1021.200489	0.042630
1021.890490	0.028280
1022.580490	0.020450
1023.270490	0.019330
1023.960491	0.024340
1024.650491	0.034240
1025.340491	0.047250
1026.030492	0.061340
1026.720492	0.074440
1027.410492	0.084720
1028.100493	0.090780
1028.790493	0.091800
1029.480493	0.087540
1030.170494	0.078270
1030.860494	0.064620
1031.550494	0.047370
1032.240495	0.027380
1032.930495	0.005510
1033.620495	-0.017280
1034.310496	-0.039860
1035.000496	-0.060790
1035.690496	-0.078340
1036.380497	-0.090720
1037.070497	-0.096380
1037.760497	-0.094470
1038.450498	-0.085200
1039.140498	-0.070090
1039.830498	-0.051840
1040.520499	-0.034000
1041.210499	-0.020330
1041.900499	-0.014150
1042.590500	-0.017620
1043.280500	-0.031380
1043.970500	-0.054460
1044.660501	-0.084540
1045.350501	-0.118440
1046.040501	-0.152770
1046.730502	-0.184460
1047.420502	-0.211130
1048.110502	-0.231320
1048.800503	-0.244330
1049.490503	-0.250110
1050.180503	-0.249020
1050.870504	-0.241600
1051.560504	-0.228570
1052.250504	-0.210730
1052.940505	-0.189030
1053.630505	-0.164520
1054.320505	-0.138320
1055.010506	-0.111560
1055.700506	-0.085170
1056.390506	-0.059910
1057.080507	-0.036270
1057.770507	-0.014530
1058.460507	0.005180
1059.150508	0.022910
1059.840508	0.038850
1060.530508	0.053410
1061.220509	0.067320
1061.910509	0.081530
