0.000000	-0.002140
0.690026	0.007240
1.380053	0.018950
2.070079	0.032490
2.760106	0.047230
3.450132	0.062520
4.140159	0.077700
4.830185	0.092230
5.520212	0.105680
6.210238	0.117780
6.900265	0.128410
7.590291	0.137530
8.280318	0.145210
8.970344	0.151520
9.660371	0.156510
10.350397	0.160240
11.040424	0.162710
11.730450	0.163940
12.420477	0.163950
13.110503	0.162760
13.800530	0.160420
14.490556	0.156950
15.180583	0.152350
15.870609	0.146580
16.560636	0.139580
17.250662	0.131270
17.940689	0.121630
18.630715	0.110670
19.320742	0.098510
20.010768	0.085400
20.700795	0.071670
21.390821	0.057780
22.080848	0.044220
22.770874	0.031530
23.460901	0.020200
24.150927	0.010650
24.840954	0.003190
25.530980	-0.002000
26.221007	-0.004910
26.911033	-0.005610
27.601060	-0.004320
28.291086	-0.001270
28.981113	0.003250
29.671139	0.008960
30.361166	0.015650
31.051192	0.023100
31.741219	0.031150
32.431245	0.039660
33.121272	0.048480
33.811298	0.057480
34.501325	0.066480
35.191351	0.075290
35.881378	0.083650
36.571404	0.091270
37.261431	0.097830
37.951457	0.103020
38.641484	0.106570
39.331510	0.108320
40.021537	0.108240
40.711563	0.106430
41.401590	0.103170
42.091616	0.098860
42.781643	0.093960
43.471669	0.088940
44.161696	0.084240
44.851722	0.080210
45.541749	0.077140
46.231775	0.075190
46.921802	0.074500
47.611828	0.075120
48.301855	0.077120
48.991881	0.080490
49.681908	0.085200
50.371934	0.091100
51.061961	0.097900
51.751987	0.105140
52.442014	0.112150
53.132040	0.118160
53.822067	0.122310
54.512093	0.123790
55.202120	0.121980
55.892146	0.116520
56.582173	0.107420
57.272199	0.095010
57.962226	0.079910
58.652252	0.062950
59.342279	0.045030
60.032305	0.027000
60.722332	0.009600
61.412358	-0.006570
62.102385	-0.021090
62.792411	-0.033580
63.482438	-0.043730
64.172464	-0.051180
64.862491	-0.055560
65.552517	-0.056470
66.242544	-0.053590
66.932570	-0.046750
67.622597	-0.035970
68.312623	-0.021590
69.002650	-0.004190
69.692676	0.015430
70.382703	0.036370
71.072729	0.057710
71.762756	0.078670
72.452782	0.098700
73.142809	0.117510
73.832835	0.135120
74.522862	0.151780
75.212888	0.167920
75.902915	0.184070
76.592941	0.200730
77.282968	0.218330
77.972994	0.237210
78.663021	0.257580
79.353047	0.279600
80.043074	0.303400
80.733100	0.329140
81.423127	0.357010
82.113153	0.387180
82.803180	0.419760
83.493206	0.454630
84.183233	0.491290
84.873259	0.528810
85.563286	0.565690
86.253312	0.599950
86.943339	0.629230
87.633365	0.651060
88.323392	0.663210
89.013418	0.663980
89.703445	0.652600
90.393471	0.629370
91.083498	0.595680
91.773524	0.553830
92.463551	0.506670
93.153577	0.457160
93.843604	0.407930
94.533630	0.360960
95.223657	0.317450
95.913683	0.277870
96.603710	0.242130
97.293736	0.209790
97.983763	0.180190
98.673789	0.152510
99.363816	0.125770
100.053842	0.098770
100.743869	0.070100
101.433895	0.038320
102.123922	0.002160
102.813948	-0.039190
103.503975	-0.085790
104.194001	-0.136960
104.884028	-0.191380
105.574054	-0.247500
106.264081	-0.303960
106.954107	-0.359910
107.644134	-0.415280
108.334160	-0.470630
109.024187	-0.526840
109.714213	-0.584610
110.404240	-0.644000
111.094266	-0.704060
111.784293	-0.762790
112.474319	-0.817340
113.164346	-0.864430
113.854372	-0.900900
114.544399	-0.924200
115.234425	-0.932710
115.924452	-0.925800
116.614478	-0.903740
117.304505	-0.867410
117.994531	-0.818040
118.684558	-0.756920
119.374584	-0.685310
120.064611	-0.604430
120.754637	-0.515500
121.444664	-0.419880
122.134690	-0.319220
122.824717	-0.215470
123.514743	-0.111030
124.204770	-0.008620
124.894796	0.088700
125.584823	0.177720
126.274849	0.255220
126.964876	0.318230
127.654902	0.364230
128.344929	0.391390
129.034955	0.398740
129.724982	0.386270
130.415008	0.354910
131.105035	0.306490
131.795061	0.243540
132.485088	0.169180
133.175114	0.086860
133.865141	0.000210
134.555167	-0.087160
135.245194	-0.171760
135.935220	-0.250440
136.625247	-0.320510
137.315273	-0.379890
138.005300	-0.427190
138.695326	-0.461850
139.385353	-0.484070
140.075379	-0.494760
140.765406	-0.495470
141.455432	-0.488150
142.145459	-0.475010
142.835485	-0.458340
143.525512	-0.440340
144.215538	-0.423000
144.905565	-0.408010
145.595591	-0.396660
146.285618	-0.389780
146.975644	-0.387680
147.665671	-0.390130
148.355697	-0.396280
149.045724	-0.404770
149.735750	-0.413770
150.425777	-0.421150
151.115803	-0.424710
151.805830	-0.422410
152.495856	-0.412580
153.185883	-0.394110
153.875909	-0.366480
154.565936	-0.329760
155.255962	-0.284520
155.945989	-0.231690
156.636015	-0.172480
157.326042	-0.108280
158.016068	-0.040590
158.706095	0.028950
159.396121	0.098680
160.086148	0.166890
160.776174	0.231950
161.466201	0.292310
162.156227	0.346570
162.846254	0.393440
163.536280	0.431710
164.226307	0.460260
164.916333	0.478020
165.606359	0.484130
166.296386	0.478000
166.986412	0.459570
167.676439	0.429380
168.366465	0.388670
169.056492	0.339300
169.746518	0.283640
170.436545	0.224260
171.126571	0.163730
171.816598	0.104300
172.506624	0.047780
173.196651	-0.004590
173.886677	-0.052120
174.576704	-0.094590
175.266730	-0.132060
175.956757	-0.164780
176.646783	-0.193020
177.336810	-0.216900
178.026836	-0.236440
178.716863	-0.251450
179.406889	-0.261670
180.096916	-0.266860
180.786942	-0.266900
181.476969	-0.261930
182.166995	-0.252390
182.857022	-0.239070
183.547048	-0.223000
184.237075	-0.205350
184.927101	-0.187280
185.617128	-0.169830
186.307154	-0.153760
186.997181	-0.139500
187.687207	-0.127120
188.377234	-0.116440
189.067260	-0.107010
189.757287	-0.098360
190.447313	-0.089990
191.137340	-0.081570
191.827366	-0.072940
192.517393	-0.064120
193.207419	-0.055260
193.897446	-0.046570
194.587472	-0.038250
195.277499	-0.030410
195.967525	-0.023120
196.657552	-0.016370
197.347578	-0.010120
198.037605	-0.004330
198.727631	0.001090
199.417658	0.006240
200.107684	0.011340
200.797711	0.016690
201.487737	0.022630
202.177764	0.029490
202.867790	0.037450
203.557817	0.046500
204.247843	0.056370
204.937870	0.066530
205.627896	0.076300
206.317923	0.084970
207.007949	0.091850
207.697976	0.096430
208.388002	0.098450
209.078029	0.097920
209.768055	0.095150
210.458082	0.090760
211.148108	0.085540
211.838135	0.080340
212.528161	0.075950
213.218188	0.072920
213.908214	0.071550
214.598241	0.071860
215.288267	0.073730
215.978294	0.077030
216.668320	0.081700
217.358347	0.087830
218.048373	0.095540
218.738400	0.104960
219.428426	0.116000
220.118453	0.128340
220.808479	0.141380
221.498506	0.154310
222.188532	0.166200
222.878559	0.176190
223.568585	0.183570
224.258612	0.187920
224.948638	0.189120
225.638665	0.187360
226.328691	0.183140
227.018718	0.177150
227.708744	0.170220
228.398771	0.163120
229.088797	0.156500
229.778824	0.150740
230.468850	0.145880
231.158877	0.141630
231.848903	0.137440
232.538930	0.132610
233.228956	0.126480
233.918983	0.118520
234.609009	0.108500
235.299036	0.096490
235.989062	0.082840
236.679089	0.068080
237.369115	0.052860
238.059142	0.037810
238.749168	0.023530
239.439195	0.010550
240.129221	-0.000690
240.819248	-0.009890
241.509274	-0.016800
242.199301	-0.021290
242.889327	-0.023370
243.579354	-0.023190
244.269380	-0.021030
244.959407	-0.017300
245.649433	-0.012460
246.339460	-0.007000
247.029486	-0.001340
247.719513	0.004220
248.409539	0.009520
249.099566	0.014600
249.789592	0.019640
250.479619	0.024940
251.169645	0.030860
251.859672	0.037740
252.549698	0.045810
253.239725	0.055160
253.929751	0.065660
254.619778	0.076970
255.309804	0.088580
255.999831	0.099850
256.689857	0.110110
257.379884	0.118770
258.069910	0.125440
258.759937	0.129950
259.449963	0.132400
260.139990	0.133120
260.830016	0.132610
261.520043	0.131430
262.210069	0.130060
262.900096	0.128900
263.590122	0.128140
264.280149	0.127810
264.970175	0.127760
265.660202	0.127770
266.350228	0.127580
267.040255	0.126930
267.730281	0.125630
268.420308	0.123540
269.110334	0.120630
269.800361	0.116940
270.490387	0.112540
271.180414	0.107580
271.870440	0.102220
272.560467	0.096650
273.250493	0.091020
273.940520	0.085450
274.630546	0.080040
275.320573	0.074760
276.010599	0.069540
276.700626	0.064220
277.390652	0.058630
278.080679	0.052580
278.770705	0.045950
279.460732	0.038740
280.150758	0.031040
280.840785	0.023100
281.530811	0.015250
282.220838	0.007860
282.910864	0.001300
283.600891	-0.004130
284.290917	-0.008200
284.980944	-0.010780
285.670970	-0.011800
286.360997	-0.011260
287.051023	-0.009220
287.741050	-0.005790
288.431076	-0.001150
289.121103	0.004460
289.811129	0.010660
290.501156	0.017000
291.191182	0.022940
291.881209	0.027860
292.571235	0.031210
293.261262	0.032530
293.951288	0.031590
294.641315	0.028460
295.331341	0.023560
296.021368	0.017660
296.711394	0.011810
297.401421	0.007230
298.091447	0.005110
298.781474	0.006480
299.471500	0.012000
300.161527	0.021850
300.851553	0.035700
301.541580	0.052760
302.231606	0.071860
302.921633	0.091730
303.611659	0.111080
304.301686	0.128880
304.991712	0.144380
305.681739	0.157190
306.371765	0.167180
307.061792	0.174410
307.751818	0.179060
308.441845	0.181290
309.131871	0.181300
309.821898	0.179260
310.511924	0.175440
311.201951	0.170150
311.891977	0.163790
312.582004	0.156800
313.272030	0.149620
313.962057	0.142560
314.652083	0.135820
315.342110	0.129450
316.032136	0.123410
316.722163	0.117620
317.412189	0.112090
318.102216	0.106970
318.792242	0.102630
319.482269	0.099590
320.172295	0.098470
320.862322	0.099860
321.552348	0.104210
322.242375	0.111760
322.932401	0.122440
323.622428	0.135920
324.312454	0.151580
325.002481	0.168530
325.692507	0.185650
326.382534	0.201560
327.072560	0.214690
327.762587	0.223340
328.452613	0.225860
329.142639	0.220830
329.832666	0.207370
330.522692	0.185270
331.212719	0.155150
331.902745	0.118390
332.592772	0.076940
333.282798	0.033070
333.972825	-0.010990
334.662851	-0.053280
335.352878	-0.092280
336.042904	-0.126950
336.732931	-0.156660
337.422957	-0.181140
338.112984	-0.200380
338.803010	-0.214640
339.493037	-0.224370
340.183063	-0.230320
340.873090	-0.233460
341.563116	-0.234910
342.253143	-0.235870
342.943169	-0.237390
343.633196	-0.240280
344.323222	-0.244990
345.013249	-0.251560
345.703275	-0.259690
346.393302	-0.268820
347.083328	-0.278270
347.773355	-0.287350
348.463381	-0.295480
349.153408	-0.302220
349.843434	-0.307300
350.533461	-0.310600
351.223487	-0.312100
351.913514	-0.311850
352.603540	-0.309970
353.293567	-0.306610
353.983593	-0.301910
354.673620	-0.296040
355.363646	-0.289140
356.053673	-0.281340
356.743699	-0.272700
357.433726	-0.263280
358.123752	-0.253110
358.813779	-0.242220
359.503805	-0.230730
360.193832	-0.218860
360.883858	-0.206930
361.573885	-0.195400
362.263911	-0.184800
362.953938	-0.175700
363.643964	-0.168580
364.333991	-0.163790
365.024017	-0.161470
365.714044	-0.161480
366.404070	-0.163430
367.094097	-0.166690
367.784123	-0.170480
368.474150	-0.173920
369.164176	-0.176170
369.854203	-0.176450
370.544229	-0.174090
371.234256	-0.168550
371.924282	-0.159350
372.614309	-0.146050
373.304335	-0.128190
373.994362	-0.105280
374.684388	-0.076820
375.374415	-0.042380
376.064441	-0.001750
376.754468	0.044910
377.444494	0.097000
378.134521	0.153350
378.824547	0.212290
379.514574	0.271790
380.204600	0.329650
380.894627	0.383720
381.584653	0.432170
382.274680	0.473600
382.964706	0.507170
383.654733	0.532600
384.344759	0.550170
385.034786	0.560610
385.724812	0.565000
386.414839	0.564640
387.104865	0.560900
387.794892	0.555050
388.484918	0.548150
389.174945	0.540990
389.864971	0.534030
390.554998	0.527430
391.245024	0.521150
391.935051	0.514960
392.625077	0.508520
393.315104	0.501320
394.005130	0.492590
394.695157	0.481170
395.385183	0.465390
396.075210	0.442990
396.765236	0.411250
397.455263	0.367170
398.145289	0.307880
398.835316	0.231130
399.525342	0.135770
400.215369	0.022230
400.905395	-0.107230
401.595422	-0.248510
402.285448	-0.395810
402.975475	-0.542120
403.665501	-0.679850
404.355528	-0.801530
405.045554	-0.900560
405.735581	-0.971780
406.425607	-1.011890
407.115634	-1.019650
407.805660	-0.995840
408.495687	-0.943030
409.185713	-0.865210
409.875740	-0.767310
410.565766	-0.654760
411.255793	-0.533120
411.945819	-0.407690
412.635846	-0.283350
413.325872	-0.164380
414.015899	-0.054440
414.705925	0.043430
415.395952	0.126890
416.085978	0.194170
416.776005	0.244160
417.466031	0.276420
418.156058	0.291170
418.846084	0.289270
419.536111	0.272230
420.226137	0.242060
420.916164	0.201240
421.606190	0.152530
422.296217	0.098830
422.986243	0.043080
423.676270	-0.011900
424.366296	-0.063570
425.056323	-0.109740
425.746349	-0.148680
426.436376	-0.179250
427.126402	-0.200900
427.816429	-0.213670
428.506455	-0.218150
429.196482	-0.215330
429.886508	-0.206480
430.576535	-0.193030
431.266561	-0.176410
431.956588	-0.158040
432.646614	-0.139320
433.336641	-0.121630
434.026667	-0.106320
434.716694	-0.094660
435.406720	-0.087710
436.096747	-0.086090
436.786773	-0.089910
437.476800	-0.098590
438.166826	-0.110900
438.856853	-0.125120
439.546879	-0.139250
440.236906	-0.151330
440.926932	-0.159700
441.616959	-0.163250
442.306985	-0.161510
442.997012	-0.154650
443.687038	-0.143390
444.377065	-0.128780
445.067091	-0.112070
445.757118	-0.094460
446.447144	-0.077020
447.137171	-0.060600
447.827197	-0.045800
448.517224	-0.032980
449.207250	-0.022280
449.897277	-0.013640
450.587303	-0.006860
451.277330	-0.001560
451.967356	0.002690
452.657383	0.006390
453.347409	0.010020
454.037436	0.013980
454.727462	0.018530
455.417489	0.023780
456.107515	0.029680
456.797542	0.036020
457.487568	0.042460
458.177595	0.048600
458.867621	0.054020
459.557648	0.058350
460.247674	0.061350
460.937701	0.062940
461.627727	0.063280
462.317754	0.062730
463.007780	0.061890
463.697807	0.061450
464.387833	0.062090
465.077860	0.064360
465.767886	0.068460
466.457913	0.074170
467.147939	0.080810
467.837966	0.087310
468.527992	0.092380
469.218019	0.094800
469.908045	0.093700
470.598072	0.088750
471.288098	0.080320
471.978125	0.069460
472.668151	0.057680
473.358178	0.046740
474.048204	0.038270
474.738231	0.033490
475.428257	0.033010
476.118284	0.036680
476.808310	0.043690
477.498337	0.052740
478.188363	0.062270
478.878390	0.070790
479.568416	0.077110
480.258443	0.080590
480.948469	0.081130
481.638496	0.079190
482.328522	0.075630
483.018549	0.071460
483.708575	0.067670
484.398602	0.065030
485.088628	0.063920
485.778655	0.064380
486.468681	0.066060
487.158708	0.068390
487.848734	0.070700
488.538761	0.072320
489.228787	0.072740
489.918814	0.071650
490.608840	0.069010
491.298867	0.065030
491.988893	0.060120
492.678920	0.054860
493.368946	0.049890
494.058972	0.045800
494.748999	0.043060
495.439025	0.041960
496.129052	0.042530
496.819078	0.044580
497.509105	0.047720
498.199131	0.051440
498.889158	0.055210
499.579184	0.058540
500.269211	0.061080
500.959237	0.062640
501.649264	0.063200
502.339290	0.062900
503.029317	0.061970
503.719343	0.060690
504.409370	0.059310
505.099396	0.058020
505.789423	0.056910
506.479449	0.055960
507.169476	0.055070
507.859502	0.054070
508.549529	0.052770
509.239555	0.051050
509.929582	0.048840
510.619608	0.046200
511.309635	0.043290
511.999661	0.040410
512.689688	0.037940
513.379714	0.036270
514.069741	0.035790
514.759767	0.036740
515.449794	0.039200
516.139820	0.043030
516.829847	0.047840
517.519873	0.053070
518.209900	0.058050
518.899926	0.062120
519.589953	0.064780
520.279979	0.065760
520.970006	0.065120
521.660032	0.063200
522.350059	0.060590
523.040085	0.057970
523.730112	0.055960
524.420138	0.054960
525.110165	0.055030
525.800191	0.055940
526.490218	0.057170
527.180244	0.058090
527.870271	0.058110
528.560297	0.056860
529.250324	0.054250
529.940350	0.050520
530.630377	0.046170
531.320403	0.041830
532.010430	0.038140
532.700456	0.035590
533.390483	0.034480
534.080509	0.034830
534.770536	0.036440
535.460562	0.038930
536.150589	0.041870
536.840615	0.044830
537.530642	0.047470
538.220668	0.049640
538.910695	0.051320
539.600721	0.052680
540.290748	0.053960
540.980774	0.055480
541.670801	0.057550
542.360827	0.060360
543.050854	0.064000
543.740880	0.068380
544.430907	0.073220
545.120933	0.078130
545.810960	0.082620
546.500986	0.086210
547.191013	0.088490
547.881039	0.089190
548.571066	0.088210
549.261092	0.085660
549.951119	0.081770
550.641145	0.076900
551.331172	0.071440
552.021198	0.065780
552.711225	0.060290
553.401251	0.055270
554.091278	0.050980
554.781304	0.047640
555.471331	0.045490
556.161357	0.044770
556.851384	0.045730
557.541410	0.048660
558.231437	0.053820
558.921463	0.061380
559.611490	0.071350
560.301516	0.083500
560.991543	0.097300
561.681569	0.111920
562.371596	0.126360
563.061622	0.139560
563.751649	0.150600
564.441675	0.158900
565.131702	0.164340
565.821728	0.167260
566.511755	0.168380
567.201781	0.168590
567.891808	0.168730
568.581834	0.169340
569.271861	0.170570
569.961887	0.172070
570.651914	0.173180
571.341940	0.173060
572.031967	0.170960
572.721993	0.166370
573.412020	0.159170
574.102046	0.149520
574.792073	0.137770
575.482099	0.124190
576.172126	0.108770
576.862152	0.091110
577.552179	0.070450
578.242205	0.045860
578.932232	0.016560
579.622258	-0.017860
580.312285	-0.057180
581.002311	-0.100530
581.692338	-0.146480
582.382364	-0.193320
583.072391	-0.239330
583.762417	-0.283070
584.452444	-0.323550
585.142470	-0.360220
585.832497	-0.392900
586.522523	-0.421620
587.212550	-0.446380
587.902576	-0.467060
588.592603	-0.483330
589.282629	-0.494660
589.972656	-0.500510
590.662682	-0.500370
591.352709	-0.493990
592.042735	-0.481410
592.732762	-0.463010
593.422788	-0.439450
594.112815	-0.411580
594.802841	-0.380380
595.492868	-0.346870
596.182894	-0.312020
596.872921	-0.276780
597.562947	-0.242040
598.252974	-0.208650
598.943000	-0.177360
599.633027	-0.148880
600.323053	-0.123780
601.013080	-0.102470
601.703106	-0.085150
602.393133	-0.071780
603.083159	-0.062070
603.773186	-0.055500
604.463212	-0.051370
605.153239	-0.048890
605.843265	-0.047230
606.533292	-0.045640
607.223318	-0.043520
607.913345	-0.040420
608.603371	-0.036040
609.293398	-0.030190
609.983424	-0.022710
610.673451	-0.013370
611.363477	-0.001830
612.053504	0.012430
612.743530	0.030110
613.433557	0.051930
614.123583	0.078530
614.813610	0.110360
615.503636	0.147440
616.193663	0.189320
616.883689	0.235000
617.573716	0.282990
618.263742	0.331450
618.953769	0.378360
619.643795	0.421710
620.333822	0.459680
621.023848	0.490760
621.713875	0.513780
622.403901	0.527880
623.093928	0.532390
623.783954	0.526670
624.473981	0.510030
625.164007	0.481550
625.854034	0.440190
626.544060	0.384860
627.234087	0.314750
627.924113	0.229650
628.614140	0.130320
629.304166	0.018810
629.994193	-0.101470
630.684219	-0.225890
631.374246	-0.348900
632.064272	-0.464640
632.754299	-0.567510
633.444325	-0.652780
634.134352	-0.716920
634.824378	-0.757820
635.514405	-0.774760
636.204431	-0.768230
636.894458	-0.739710
637.584484	-0.691460
638.274511	-0.626310
638.964537	-0.547540
639.654564	-0.458750
640.344590	-0.363770
641.034617	-0.266470
641.724643	-0.170580
642.414670	-0.079480
643.104696	0.004030
643.794723	0.077900
644.484749	0.140940
645.174776	0.192810
645.864802	0.233890
646.554829	0.265080
647.244855	0.287470
647.934882	0.302030
648.624908	0.309420
649.314935	0.309810
650.004961	0.303020
650.694988	0.288650
651.385014	0.266420
652.075041	0.236460
652.765067	0.199490
653.455094	0.156880
654.145120	0.110590
654.835147	0.062900
655.525173	0.016110
656.215200	-0.027750
656.905226	-0.067240
657.595253	-0.101620
658.285279	-0.130840
658.975305	-0.155550
659.665332	-0.176760
660.355358	-0.195700
661.045385	-0.213450
661.735411	-0.230750
662.425438	-0.247810
663.115464	-0.264300
663.805491	-0.279390
664.495517	-0.291920
665.185544	-0.300640
665.875570	-0.304440
666.565597	-0.302550
667.255623	-0.294720
667.945650	-0.281210
668.635676	-0.262740
669.325703	-0.240430
670.015729	-0.215540
670.705756	-0.189390
671.395782	-0.163230
672.085809	-0.138130
672.775835	-0.114970
673.465862	-0.094410
674.155888	-0.076860
674.845915	-0.062470
675.535941	-0.051140
676.225968	-0.042520
676.915994	-0.036040
677.606021	-0.031050
678.296047	-0.026850
678.986074	-0.022800
679.676100	-0.018440
680.366127	-0.013510
681.056153	-0.007940
681.746180	-0.001890
682.436206	0.004340
683.126233	0.010300
683.816259	0.015520
684.506286	0.019500
685.196312	0.021880
685.886339	0.022520
686.576365	0.021570
687.266392	0.019560
687.956418	0.017340
688.646445	0.015980
689.336471	0.016590
690.026498	0.020120
690.716524	0.027090
691.406551	0.037510
692.096577	0.050840
692.786604	0.066020
693.476630	0.081640
694.166657	0.096230
694.856683	0.108400
695.546710	0.117160
696.236736	0.121970
696.926763	0.122860
697.616789	0.120330
698.306816	0.115240
698.996842	0.108610
699.686869	0.101420
700.376895	0.094470
701.066922	0.088300
701.756948	0.083190
702.446975	0.079190
703.137001	0.076230
703.827028	0.074140
704.517054	0.072760
705.207081	0.071900
705.897107	0.071390
706.587134	0.071020
707.277160	0.070590
707.967187	0.069880
708.657213	0.068700
709.347240	0.066900
710.037266	0.064390
710.727293	0.061180
711.417319	0.057370
712.107346	0.053150
712.797372	0.048770
713.487399	0.044500
714.177425	0.040580
714.867452	0.037200
715.557478	0.034450
716.247505	0.032360
716.937531	0.030890
717.627558	0.030020
718.317584	0.029770
719.007611	0.030200
719.697637	0.031430
720.387664	0.033530
721.077690	0.036520
721.767717	0.040230
722.457743	0.044370
723.147770	0.048520
723.837796	0.052270
724.527823	0.055310
725.217849	0.057540
725.907876	0.059090
726.597902	0.060290
727.287929	0.061580
727.977955	0.063400
728.667982	0.066010
729.358008	0.069510
730.048035	0.073750
730.738061	0.078480
731.428088	0.083360
732.118114	0.088120
732.808141	0.092570
733.498167	0.096610
734.188194	0.100220
734.878220	0.103350
735.568247	0.105920
736.258273	0.107800
736.948300	0.108840
737.638326	0.108960
738.328353	0.108210
739.018379	0.106800
739.708406	0.105100
740.398432	0.103510
741.088459	0.102380
741.778485	0.101890
742.468512	0.101960
743.158538	0.102240
743.848565	0.102200
744.538591	0.101160
745.228618	0.098500
745.918644	0.093710
746.608671	0.086500
747.298697	0.076850
747.988724	0.065030
748.678750	0.051550
749.368777	0.037120
750.058803	0.022580
750.748830	0.008830
751.438856	-0.003270
752.128883	-0.013010
752.818909	-0.019830
753.508936	-0.023470
754.198962	-0.023940
754.888989	-0.021550
755.579015	-0.016810
756.269042	-0.010400
756.959068	-0.003050
757.649095	0.004590
758.339121	0.011990
759.029148	0.018820
759.719174	0.024970
760.409201	0.030540
761.099227	0.035780
761.789254	0.041040
762.479280	0.046700
763.169307	0.053070
763.859333	0.060320
764.549360	0.068380
765.239386	0.076940
765.929413	0.085450
766.619439	0.093210
767.309466	0.099490
767.999492	0.103680
768.689519	0.105440
769.379545	0.104770
770.069572	0.102050
770.759598	0.097890
771.449625	0.093020
772.139651	0.088100
772.829678	0.083570
773.519704	0.079570
774.209731	0.075920
774.899757	0.072250
775.589784	0.068170
776.279810	0.063380
776.969837	0.057830
777.659863	0.051770
778.349890	0.045720
779.039916	0.040360
779.729943	0.036350
780.419969	0.034220
781.109996	0.034210
781.800022	0.036210
782.490049	0.039800
783.180075	0.044280
783.870102	0.048850
784.560128	0.052680
785.250155	0.055080
785.940181	0.055520
786.630208	0.053730
787.320234	0.049700
788.010261	0.043670
788.700287	0.036130
789.390314	0.027780
790.080340	0.019470
790.770367	0.012140
791.460393	0.006750
792.150420	0.004190
792.840446	0.005140
793.530473	0.010110
794.220499	0.019310
794.910526	0.032710
795.600552	0.050080
796.290579	0.070990
796.980605	0.094900
797.670632	0.121180
798.360658	0.149090
799.050685	0.177740
799.740711	0.206100
800.430738	0.232910
801.120764	0.256720
801.810791	0.275940
802.500817	0.289000
803.190844	0.294560
803.880870	0.291780
804.570897	0.280620
805.260923	0.261970
805.950950	0.237680
806.640976	0.210330
807.331003	0.182890
808.021029	0.158140
808.711056	0.138180
809.401082	0.124010
810.091109	0.115300
810.781135	0.110530
811.471162	0.107290
812.161188	0.102780
812.851215	0.094390
813.541241	0.080150
814.231268	0.058990
814.921294	0.030810
815.611321	-0.003730
816.301347	-0.043600
816.991374	-0.087630
817.681400	-0.134840
818.371427	-0.184430
819.061453	-0.235650
819.751480	-0.287530
820.441506	-0.338630
821.131533	-0.386980
821.821559	-0.430210
822.511585	-0.465870
823.201612	-0.491900
823.891638	-0.507070
824.581665	-0.511190
825.271691	-0.505180
825.961718	-0.490830
826.651744	-0.470460
827.341771	-0.446440
828.031797	-0.420880
828.721824	-0.395330
829.411850	-0.370760
830.101877	-0.347550
830.791903	-0.325690
831.481930	-0.304970
832.171956	-0.285140
832.861983	-0.266100
833.552009	-0.247930
834.242036	-0.230940
834.932062	-0.215590
835.622089	-0.202400
836.312115	-0.191820
837.002142	-0.184130
837.692168	-0.179340
838.382195	-0.177170
839.072221	-0.177020
839.762248	-0.178120
840.452274	-0.179540
841.142301	-0.180380
841.832327	-0.179770
842.522354	-0.177030
843.212380	-0.171590
843.902407	-0.163040
844.592433	-0.151050
845.282460	-0.135390
845.972486	-0.115890
846.662513	-0.092480
847.352539	-0.065280
848.042566	-0.034680
848.732592	-0.001380
849.422619	0.033580
850.112645	0.068910
850.802672	0.103190
851.492698	0.135030
852.182725	0.163280
852.872751	0.187160
853.562778	0.206300
854.252804	0.220720
854.942831	0.230790
855.632857	0.237010
856.322884	0.239960
857.012910	0.240140
857.702937	0.237900
858.392963	0.233420
859.082990	0.226740
859.773016	0.217830
860.463043	0.206720
861.153069	0.193570
861.843096	0.178780
862.533122	0.162980
863.223149	0.147030
863.913175	0.131890
864.603202	0.118520
865.293228	0.107740
865.983255	0.100120
866.673281	0.095960
867.363308	0.095190
868.053334	0.097480
868.743361	0.102220
869.433387	0.108620
870.123414	0.115820
870.813440	0.122940
871.503467	0.129140
872.193493	0.133660
872.883520	0.135830
873.573546	0.135010
874.263573	0.130560
874.953599	0.121880
875.643626	0.108370
876.333652	0.089530
877.023679	0.065060
877.713705	0.034900
878.403732	-0.000660
879.093758	-0.041010
879.783785	-0.085190
880.473811	-0.131990
881.163838	-0.180020
881.853864	-0.227860
882.543891	-0.274160
883.233917	-0.317720
883.923944	-0.357600
884.613970	-0.393110
885.303997	-0.423780
885.994023	-0.449340
886.684050	-0.469570
887.374076	-0.484230
888.064103	-0.493010
888.754129	-0.495470
889.444156	-0.491090
890.134182	-0.479390
890.824209	-0.460070
891.514235	-0.433200
892.204262	-0.399330
892.894288	-0.359620
893.584315	-0.315740
894.274341	-0.269800
894.964368	-0.224040
895.654394	-0.180590
896.344421	-0.141200
897.034447	-0.107030
897.724474	-0.078540
898.414500	-0.055600
899.104527	-0.037530
899.794553	-0.023380
900.484580	-0.012080
901.174606	-0.002690
901.864633	0.005470
902.554659	0.012820
903.244686	0.019420
903.934712	0.025150
904.624739	0.029760
905.314765	0.033010
906.004792	0.034700
906.694818	0.034720
907.384845	0.033040
908.074871	0.029700
908.764898	0.024730
909.454924	0.018230
910.144951	0.010320
910.834977	0.001210
911.525004	-0.008810
912.215030	-0.019270
912.905057	-0.029610
913.595083	-0.039130
914.285110	-0.047110
914.975136	-0.052830
915.665163	-0.055650
916.355189	-0.055120
917.045216	-0.051020
917.735242	-0.043470
918.425269	-0.032880
919.115295	-0.020010
919.805322	-0.005810
920.495348	0.008670
921.185375	0.022520
921.875401	0.035130
922.565428	0.046330
923.255454	0.056450
923.945481	0.066220
924.635507	0.076550
925.325534	0.088270
926.015560	0.101830
926.705587	0.117100
927.395613	0.133350
928.085640	0.149360
928.775666	0.163680
929.465693	0.175000
930.155719	0.182420
930.845746	0.185660
931.535772	0.185060
932.225799	0.181450
932.915825	0.175880
933.605852	0.169350
934.295878	0.162570
934.985905	0.155880
935.675931	0.149190
936.365958	0.142120
937.055984	0.134170
937.746011	0.124800
938.436037	0.113640
939.126064	0.100520
939.816090	0.085510
940.506117	0.068940
941.196143	0.051320
941.886170	0.033360
942.576196	0.015810
943.266223	-0.000520
943.956249	-0.014950
944.646276	-0.026930
945.336302	-0.036130
946.026329	-0.042440
946.716355	-0.045920
947.406382	-0.046790
948.096408	-0.045360
948.786435	-0.041980
949.476461	-0.037050
950.166488	-0.030970
950.856514	-0.024220
951.546541	-0.017240
952.236567	-0.010490
952.926594	-0.004310
953.616620	0.001070
954.306647	0.005600
954.996673	0.009430
955.686700	0.012810
956.376726	0.016090
957.066753	0.019590
957.756779	0.023520
958.446806	0.027990
959.136832	0.032940
959.826859	0.038170
960.516885	0.043460
961.206912	0.048580
961.896938	0.053330
962.586965	0.057610
963.276991	0.061350
963.967018	0.064530
964.657044	0.067140
965.347071	0.069170
966.037097	0.070660
966.727124	0.071680
967.417150	0.072390
968.107177	0.072990
968.797203	0.073690
969.487230	0.074630
970.177256	0.075840
970.867283	0.077250
971.557309	0.078680
972.247336	0.079890
972.937362	0.080690
973.627389	0.080960
974.317415	0.080720
975.007442	0.080060
975.697468	0.079130
976.387495	0.078010
977.077521	0.076670
977.767548	0.074930
978.457574	0.072480
979.147601	0.068960
979.837627	0.064060
980.527654	0.057640
981.217680	0.049810
981.907707	0.040900
982.597733	0.031400
983.287760	0.021940
983.977786	0.013100
984.667813	0.005410
985.357839	-0.000720
986.047866	-0.005060
986.737892	-0.007440
987.427918	-0.007800
988.117945	-0.006180
988.807971	-0.002670
989.497998	0.002530
990.188024	0.009180
990.878051	0.017020
991.568077	0.025740
992.258104	0.035030
992.948130	0.044600
993.638157	0.054170
994.328183	0.063430
995.018210	0.072080
995.708236	0.079820
996.398263	0.086350
997.088289	0.091430
997.778316	0.094930
998.468342	0.096800
999.158369	0.097130
999.848395	0.096150
1000.538422	0.094130
1001.228448	0.091420
1001.918475	0.088340
1002.608501	0.085140
1003.298528	0.081990
1003.988554	0.078950
1004.678581	0.075930
1005.368607	0.072830
1006.058634	0.069500
1006.748660	0.065820
1007.438687	0.061790
1008.128713	0.057500
1008.818740	0.053150
1009.508766	0.049020
1010.198793	0.045380
1010.888819	0.042510
1011.578846	0.040560
1012.268872	0.039610
1012.958899	0.039650
1013.648925	0.040620
1014.338952	0.042510
1015.028978	0.045330
1015.719005	0.049180
1016.409031	0.054100
1017.099058	0.060000
1017.789084	0.066500
1018.479111	0.072890
1019.169137	0.078100
1019.859164	0.080880
1020.549190	0.079980
1021.239217	0.074410
1021.929243	0.063650
1022.619270	0.047820
1023.309296	0.027660
1023.999323	0.004520
1024.689349	-0.019900
1025.379376	-0.043620
1026.069402	-0.064680
1026.759429	-0.081280
1027.449455	-0.091940
1028.139482	-0.095630
1028.829508	-0.091910
1029.519535	-0.080940
1030.209561	-0.063520
1030.899588	-0.041020
1031.589614	-0.015230
1032.279641	0.011900
1032.969667	0.038550
1033.659694	0.063240
1034.349720	0.085050
1035.039747	0.103660
1035.729773	0.119290
1036.419800	0.132500
1037.109826	0.143960
1037.799853	0.154240
1038.489879	0.163700
1039.179906	0.172370
1039.869932	0.180080
1040.559959	0.186460
1041.249985	0.191160
1041.940012	0.193950
1042.630038	0.194760
1043.320065	0.193750
1044.010091	0.191300
1044.700118	0.187910
1045.390144	0.184100
1046.080171	0.180370
1046.770197	0.177090
1047.460224	0.174470
1048.150250	0.172550
1048.840277	0.171280
1049.530303	0.170510
1050.220330	0.170160
1050.910356	0.170270
1051.600383	0.171050
1052.290409	0.172920
1052.980436	0.176440
1053.670462	0.182180
1054.360489	0.190570
1055.050515	0.201620
1055.740542	0.214760
1056.430568	0.228640
1057.120595	0.241120
1057.810621	0.249360
1058.500648	0.250090
1059.190674	0.240010
1059.880701	0.216360
1060.570727	0.177420
1061.260754	0.122960
1061.950780	0.054490
1062.640807	-0.024740
1063.330833	-0.110150
1064.020860	-0.196350
1064.710886	-0.277920
1065.400913	-0.350180
1066.090939	-0.409770
1066.780966	-0.454970
1067.470992	-0.485740
1068.161019	-0.503450
1068.851045	-0.510400
1069.541072	-0.509260
1070.231098	-0.502610
1070.921125	-0.492470
1071.611151	-0.480200
1072.301178	-0.466390
1072.991204	-0.450990
1073.681231	-0.433520
1074.371257	-0.413230
1075.061284	-0.389320
1075.751310	-0.361180
1076.441337	-0.328510
1077.131363	-0.291470
1077.821390	-0.250830
1078.511416	-0.207960
1079.201443	-0.164800
1079.891469	-0.123730
1080.581496	-0.087300
1081.271522	-0.058000
1081.961549	-0.037840
1082.651575	-0.028170
1083.341602	-0.029430
1084.031628	-0.041100
1084.721655	-0.061820
1085.411681	-0.089520
1086.101708	-0.121700
1086.791734	-0.155620
1087.481761	-0.188510
1088.171787	-0.217630
1088.861814	-0.240360
1089.551840	-0.254240
1090.241867	-0.257080
1090.931893	-0.247110
1091.621920	-0.223160
1092.311946	-0.184980
1093.001973	-0.133300
1093.691999	-0.069930
1094.382026	0.002400
1095.072052	0.080360
1095.762079	0.160410
1096.452105	0.239190
1097.142132	0.313880
1097.832158	0.382360
1098.522185	0.443220
1099.212211	0.495630
1099.902238	0.539170
1100.592264	0.573660
1101.282291	0.599100
1101.972317	0.615610
1102.662344	0.623450
1103.352370	0.622940
1104.042397	0.614290
1104.732423	0.597310
1105.422450	0.571030
1106.112476	0.533500
1106.802503	0.481800
1107.492529	0.412390
1108.182556	0.321900
1108.872582	0.208100
1109.562609	0.070810
1110.252635	-0.087470
1110.942662	-0.261490
1111.632688	-0.443750
1112.322715	-0.625520
1113.012741	-0.797990
1113.702768	-0.953360
1114.392794	-1.085620
1115.082821	-1.190860
1115.772847	-1.267240
1116.462874	-1.314740
1117.152900	-1.334800
1117.842927	-1.329910
1118.532953	-1.303210
1119.222980	-1.258110
1119.913006	-1.197780
1120.603033	-1.124860
1121.293059	-1.041230
1121.983086	-0.948110
1122.673112	-0.846490
1123.363139	-0.737760
1124.053165	-0.624270
1124.743192	-0.509700
1125.433218	-0.399030
1126.123245	-0.297890
1126.813271	-0.211700
1127.503298	-0.144610
1128.193324	-0.098770
1128.883351	-0.073890
1129.573377	-0.067450
1130.263404	-0.075300
1130.953430	-0.092490
1131.643457	-0.114140
1132.333483	-0.136130
1133.023510	-0.155470
1133.713536	-0.170340
1134.403563	-0.179900
1135.093589	-0.183900
1135.783616	-0.182290
1136.473642	-0.174960
1137.163669	-0.161580
1137.853695	-0.141650
1138.543722	-0.114740
1139.233748	-0.080810
1139.923775	-0.040480
1140.613801	0.004760
1141.303828	0.052710
1141.993854	0.100620
1142.683881	0.145730
1143.373907	0.185720
1144.063934	0.219150
1144.753960	0.245650
1145.443987	0.265870
1146.134013	0.281170
1146.824040	0.293160
1147.514066	0.303320
1148.204093	0.312600
1148.894119	0.321320
1149.584146	0.329200
1150.274172	0.335580
1150.964198	0.339660
1151.654225	0.340780
1152.344251	0.338490
1153.034278	0.332670
1153.724304	0.323410
1154.414331	0.310960
1155.104357	0.295620
1155.794384	0.277720
1156.484410	0.257620
1157.174437	0.235760
1157.864463	0.212720
1158.554490	0.189280
1159.244516	0.166340
1159.934543	0.144800
1160.624569	0.125450
1161.314596	0.108800
1162.004622	0.094940
1162.694649	0.083510
1163.384675	0.073810
1164.074702	0.064900
1164.764728	0.055790
1165.454755	0.045670
1166.144781	0.033990
1166.834808	0.020590
1167.524834	0.005680
1168.214861	-0.010210
1168.904887	-0.026300
1169.594914	-0.041610
1170.284940	-0.055120
1170.974967	-0.065760
1171.664993	-0.072600
1172.355020	-0.074950
1173.045046	-0.072440
1173.735073	-0.065160
1174.425099	-0.053690
1175.115126	-0.039100
1175.805152	-0.022800
1176.495179	-0.006400
1177.185205	0.008530
1177.875232	0.020720
1178.565258	0.029430
1179.255285	0.034550
1179.945311	0.036630
1180.635338	0.036750
1181.325364	0.036270
1182.015391	0.036560
1182.705417	0.038690
1183.395444	0.043230
1184.085470	0.050260
1184.775497	0.059350
1185.465523	0.069790
1186.155550	0.080730
1186.845576	0.091330
1187.535603	0.100860
1188.225629	0.108750
1188.915656	0.114580
1189.605682	0.118120
1190.295709	0.119350
1190.985735	0.118420
1191.675762	0.115740
1192.365788	0.111840
1193.055815	0.107360
1193.745841	0.102900
1194.435868	0.098990
1195.125894	0.095940
1195.815921	0.093890
1196.505947	0.092770
1197.195974	0.092330
1197.886000	0.092200
1198.576027	0.091900
1199.266053	0.090930
1199.956080	0.088810
1200.646106	0.085180
1201.336133	0.079850
1202.026159	0.072920
1202.716186	0.064690
1203.406212	0.055700
1204.096239	0.046550
1204.786265	0.037840
1205.476292	0.030020
1206.166318	0.023390
1206.856345	0.018030
1207.546371	0.013890
1208.236398	0.010850
1208.926424	0.008820
1209.616451	0.007720
1210.306477	0.007570
1210.996504	0.008410
1211.686530	0.010330
1212.376557	0.013380
1213.066583	0.017610
1213.756610	0.023010
1214.446636	0.029520
1215.136663	0.037010
1215.826689	0.045230
1216.516716	0.053880
1217.206742	0.062500
1217.896769	0.070610
1218.586795	0.077660
1219.276822	0.083190
1219.966848	0.086840
1220.656875	0.088470
1221.346901	0.088170
1222.036928	0.086240
1222.726954	0.083150
1223.416981	0.079450
1224.107007	0.075660
1224.797034	0.072160
1225.487060	0.069140
1226.177087	0.066600
1226.867113	0.064340
1227.557140	0.062090
