0.000000	-0.097014
0.690029	-0.058790
1.380057	-0.019543
2.070086	0.020252
2.760115	0.060277
3.450143	0.100315
4.140172	0.140170
4.830201	0.179559
5.520229	0.218017
6.210258	0.254833
6.900287	0.289053
7.590315	0.319539
8.280344	0.345087
8.970372	0.364576
9.660401	0.377103
10.350430	0.382104
11.040458	0.379403
11.730487	0.369215
12.420516	0.352105
13.110544	0.328916
13.800573	0.300698
14.490602	0.268654
15.180630	0.234096
15.870659	0.198414
16.560688	0.163034
17.250716	0.129363
17.940745	0.098709
18.630774	0.072185
19.320802	0.050608
20.010831	0.034418
20.700860	0.023623
21.390888	0.017778
22.080917	0.016016
22.770946	0.017109
23.460974	0.019561
24.151003	0.021728
24.841031	0.021943
25.531060	0.018657
26.221089	0.010570
26.911117	-0.003234
27.601146	-0.023167
28.291175	-0.049038
28.981203	-0.080004
29.671232	-0.114585
30.361261	-0.150759
31.051289	-0.186147
31.741318	-0.218260
32.431347	-0.244785
33.121375	-0.263852
33.811404	-0.274248
34.501433	-0.275536
35.191461	-0.268070
35.881490	-0.252912
36.571519	-0.231664
37.261547	-0.206246
37.951576	-0.178652
38.641604	-0.150704
39.331633	-0.123838
40.021662	-0.098949
40.711690	-0.076307
41.401719	-0.055569
42.091748	-0.035897
42.781776	-0.016167
43.471805	0.004748
44.161834	0.027644
44.851862	0.052663
45.541891	0.079045
46.231920	0.105011
46.921948	0.127843
47.611977	0.144187
48.302006	0.150559
48.992034	0.143972
49.682063	0.122556
50.372092	0.086027
51.062120	0.035881
51.752149	-0.024759
52.442178	-0.091608
53.132206	-0.159894
53.822235	-0.225089
54.512263	-0.283525
55.202292	-0.332784
55.892321	-0.371807
56.582349	-0.400745
57.272378	-0.420637
57.962407	-0.433005
58.652435	-0.439489
59.342464	-0.441547
60.032493	-0.440292
60.722521	-0.436416
61.412550	-0.430203
62.102579	-0.421589
62.792607	-0.410245
63.482636	-0.395700
64.172665	-0.377482
64.862693	-0.355287
65.552722	-0.329143
66.242751	-0.299528
66.932779	-0.267410
67.622808	-0.234152
68.312837	-0.201328
69.002865	-0.170448
69.692894	-0.142699
70.382922	-0.118745
71.072951	-0.098651
71.762980	-0.081946
72.453008	-0.067795
73.143037	-0.055242
73.833066	-0.043445
74.523094	-0.031863
75.213123	-0.020340
75.903152	-0.009086
76.593180	0.001453
77.283209	0.010784
77.973238	0.018560
78.663266	0.024732
79.353295	0.029614
80.043324	0.033839
80.733352	0.038229
81.423381	0.043612
82.113410	0.050646
82.803438	0.059691
83.493467	0.070751
84.183495	0.083489
84.873524	0.097285
85.563553	0.111332
86.253581	0.124730
86.943610	0.136585
87.633639	0.146117
88.323667	0.152781
89.013696	0.156368
89.703725	0.157091
90.393753	0.155583
91.083782	0.152808
91.773811	0.149873
92.463839	0.147781
93.153868	0.147194
93.843897	0.148278
94.533925	0.150677
95.223954	0.153624
95.913983	0.156154
96.604011	0.157343
97.294040	0.156516
97.984069	0.153355
98.674097	0.147913
99.364126	0.140540
100.054154	0.131759
100.744183	0.122148
101.434212	0.112240
102.124240	0.102467
102.814269	0.093129
103.504298	0.084407
104.194326	0.076373
104.884355	0.069037
105.574384	0.062382
106.264412	0.056408
106.954441	0.051158
107.644470	0.046721
108.334498	0.043201
109.024527	0.040669
109.714556	0.039106
110.404584	0.038376
111.094613	0.038237
111.784642	0.038394
112.474670	0.038590
113.164699	0.038684
113.854728	0.038695
114.544756	0.038800
115.234785	0.039263
115.924813	0.040341
116.614842	0.042189
117.304871	0.044809
117.994899	0.048045
118.684928	0.051646
119.374957	0.055351
120.064985	0.058985
120.755014	0.062518
121.445043	0.066074
122.135071	0.069894
122.825100	0.074261
123.515129	0.079399
124.205157	0.085397
124.895186	0.092151
125.585215	0.099347
126.275243	0.106500
126.965272	0.113026
127.655301	0.118339
128.345329	0.121961
129.035358	0.123598
129.725387	0.123195
130.415415	0.120934
131.105444	0.117199
131.795472	0.112510
132.485501	0.107457
133.175530	0.102625
133.865558	0.098529
134.555587	0.095550
135.245616	0.093882
135.935644	0.093487
136.625673	0.094081
137.315702	0.095168
138.005730	0.096110
138.695759	0.096247
139.385788	0.095020
140.075816	0.092077
140.765845	0.087334
141.455874	0.080970
142.145902	0.073366
142.835931	0.065020
143.525960	0.056450
144.215988	0.048122
144.906017	0.040416
145.596045	0.033627
146.286074	0.027979
146.976103	0.023652
147.666131	0.020797
148.356160	0.019528
149.046189	0.019921
149.736217	0.021994
150.426246	0.025700
151.116275	0.030917
151.806303	0.037450
152.496332	0.045033
153.186361	0.053337
153.876389	0.061987
154.566418	0.070593
155.256447	0.078779
155.946475	0.086229
156.636504	0.092717
157.326533	0.098122
158.016561	0.102422
158.706590	0.105650
159.396619	0.107848
160.086647	0.109005
160.776676	0.109027
161.466704	0.107735
162.156733	0.104912
162.846762	0.100391
163.536790	0.094165
164.226819	0.086494
164.916848	0.077978
165.606876	0.069568
166.296905	0.062504
166.986934	0.058171
167.676962	0.057895
168.366991	0.062717
169.057020	0.073175
169.747048	0.089155
170.437077	0.109844
171.127106	0.133796
171.817134	0.159117
172.507163	0.183723
173.197192	0.205627
173.887220	0.223201
174.577249	0.235363
175.267278	0.241669
175.957306	0.242301
176.647335	0.237966
177.337363	0.229724
178.027392	0.218792
178.717421	0.206344
179.407449	0.193350
180.097478	0.180477
180.787507	0.168061
181.477535	0.156142
182.167564	0.144543
182.857593	0.132966
183.547621	0.121089
184.237650	0.108640
184.927679	0.095449
185.617707	0.081493
186.307736	0.066925
186.997765	0.052091
187.687793	0.037535
188.377822	0.023960
189.067851	0.012139
189.757879	0.002783
190.447908	-0.003634
191.137937	-0.007055
191.827965	-0.007968
192.517994	-0.007460
193.208022	-0.007133
193.898051	-0.008898
194.588080	-0.014656
195.278108	-0.025934
195.968137	-0.043550
196.658166	-0.067394
197.348194	-0.096384
198.038223	-0.128603
198.728252	-0.161590
199.418280	-0.192713
200.108309	-0.219527
200.798338	-0.240063
201.488366	-0.252986
202.178395	-0.257644
202.868424	-0.254033
203.558452	-0.242708
204.248481	-0.224694
204.938510	-0.201391
205.628538	-0.174492
206.318567	-0.145876
207.008595	-0.117488
207.698624	-0.091210
208.388653	-0.068717
209.078681	-0.051367
209.768710	-0.040118
210.458739	-0.035504
211.148767	-0.037641
211.838796	-0.046269
212.528825	-0.060799
213.218853	-0.080369
213.908882	-0.103885
214.598911	-0.130081
215.288939	-0.157576
215.978968	-0.184952
216.668997	-0.210839
217.359025	-0.234003
218.049054	-0.253424
218.739083	-0.268359
219.429111	-0.278376
220.119140	-0.283369
220.809169	-0.283543
221.499197	-0.279369
222.189226	-0.271518
222.879254	-0.260763
223.569283	-0.247866
224.259312	-0.233473
224.949340	-0.218035
225.639369	-0.201785
226.329398	-0.184780
227.019426	-0.166997
227.709455	-0.148461
228.399484	-0.129348
229.089512	-0.110053
229.779541	-0.091181
230.469570	-0.073494
231.159598	-0.057803
231.849627	-0.044868
232.539656	-0.035308
233.229684	-0.029530
233.919713	-0.027697
234.609742	-0.029698
235.299770	-0.035154
235.989799	-0.043421
236.679828	-0.053636
237.369856	-0.064778
238.059885	-0.075770
238.749913	-0.085588
239.439942	-0.093365
240.129971	-0.098477
240.819999	-0.100574
241.510028	-0.099566
242.200057	-0.095565
242.890085	-0.088797
243.580114	-0.079530
244.270143	-0.068013
244.960171	-0.054468
245.650200	-0.039096
246.340229	-0.022120
247.030257	-0.003810
247.720286	0.015493
248.410315	0.035383
249.100343	0.055400
249.790372	0.075053
250.480401	0.093842
251.170429	0.111281
251.860458	0.126921
252.550486	0.140389
253.240515	0.151435
253.930544	0.159989
254.620572	0.166203
255.310601	0.170470
256.000630	0.173400
256.690658	0.175745
257.380687	0.178298
258.070716	0.181783
258.760744	0.186761
259.450773	0.193588
260.140802	0.202412
260.830830	0.213218
261.520859	0.225884
262.210888	0.240227
262.900916	0.256019
263.590945	0.272971
264.280974	0.290678
264.971002	0.308555
265.661031	0.325776
266.351060	0.341236
267.041088	0.353575
267.731117	0.361254
268.421145	0.362721
269.111174	0.356624
269.801203	0.342072
270.491231	0.318868
271.181260	0.287664
271.871289	0.249977
272.561317	0.208029
273.251346	0.164430
273.941375	0.121742
274.631403	0.082033
275.321432	0.046512
276.011461	0.015358
276.701489	-0.012215
277.391518	-0.037675
278.081547	-0.062721
278.771575	-0.088791
279.461604	-0.116657
280.151633	-0.146191
280.841661	-0.176367
281.531690	-0.205471
282.221719	-0.231454
282.911747	-0.252330
283.601776	-0.266505
284.291804	-0.272974
284.981833	-0.271318
285.671862	-0.261561
286.361890	-0.243896
287.051919	-0.218407
287.741948	-0.184879
288.431976	-0.142776
289.122005	-0.091461
289.812034	-0.030648
290.502062	0.038991
291.192091	0.115222
291.882120	0.193824
292.572148	0.268569
293.262177	0.331708
293.952206	0.374962
294.642234	0.390851
295.332263	0.374073
296.022292	0.322598
296.712320	0.238202
297.402349	0.126309
298.092378	-0.004793
298.782406	-0.145162
299.472435	-0.284527
300.162463	-0.413506
300.852492	-0.524501
301.542521	-0.612232
302.232549	-0.673930
302.922578	-0.709247
303.612607	-0.719961
304.302635	-0.709518
304.992664	-0.682455
305.682693	-0.643772
306.372721	-0.598304
307.062750	-0.550209
307.752779	-0.502645
308.442807	-0.457670
309.132836	-0.416356
309.822865	-0.379058
310.512893	-0.345712
311.202922	-0.316095
311.892951	-0.289972
312.582979	-0.267127
313.273008	-0.247307
313.963036	-0.230147
314.653065	-0.215124
315.343094	-0.201572
316.033122	-0.188759
316.723151	-0.175986
317.413180	-0.162682
318.103208	-0.148447
318.793237	-0.133045
319.483266	-0.116351
320.173294	-0.098297
320.863323	-0.078838
321.553352	-0.057961
322.243380	-0.035737
322.933409	-0.012380
323.623438	0.011703
324.313466	0.035912
325.003495	0.059490
325.693524	0.081612
326.383552	0.101483
327.073581	0.118437
327.763610	0.132012
328.453638	0.142008
329.143667	0.148499
329.833695	0.151824
330.523724	0.152533
331.213753	0.151302
331.903781	0.148817
332.593810	0.145670
333.283839	0.142272
333.973867	0.138823
334.663896	0.135348
335.353925	0.131774
336.043953	0.128026
336.733982	0.124107
337.424011	0.120120
338.114039	0.116238
338.804068	0.112629
339.494097	0.109365
340.184125	0.106365
340.874154	0.103379
341.564183	0.100036
342.254211	0.095939
342.944240	0.090789
343.634269	0.084483
344.324297	0.077177
345.014326	0.069282
345.704354	0.061398
346.394383	0.054193
347.084412	0.048273
347.774440	0.044063
348.464469	0.041731
349.154498	0.041185
349.844526	0.042117
350.534555	0.044101
351.224584	0.046703
351.914612	0.049565
352.604641	0.052461
353.294670	0.055302
353.984698	0.058101
354.674727	0.060926
355.364756	0.063857
356.054784	0.066955
356.744813	0.070269
357.434842	0.073846
358.124870	0.077759
358.814899	0.082101
359.504928	0.086966
360.194956	0.092393
360.884985	0.098305
361.575013	0.104440
362.265042	0.110326
362.955071	0.115294
363.645099	0.118561
364.335128	0.119368
365.025157	0.117146
365.715185	0.111685
366.405214	0.103251
367.095243	0.092614
367.785271	0.080962
368.475300	0.069707
369.165329	0.060216
369.855357	0.053538
370.545386	0.050196
371.235415	0.050101
371.925443	0.052619
372.615472	0.056764
373.305501	0.061465
373.995529	0.065813
374.685558	0.069245
375.375586	0.071602
376.065615	0.073078
376.755644	0.074092
377.445672	0.075117
378.135701	0.076537
378.825730	0.078540
379.515758	0.081074
380.205787	0.083868
380.895816	0.086488
381.585844	0.088431
382.275873	0.089231
382.965902	0.088553
383.655930	0.086272
384.345959	0.082509
385.035988	0.077625
385.726016	0.072162
386.416045	0.066767
387.106074	0.062079
387.796102	0.058634
388.486131	0.056782
389.176160	0.056635
389.866188	0.058049
390.556217	0.060649
391.246245	0.063889
391.936274	0.067141
392.626303	0.069807
393.316331	0.071423
394.006360	0.071732
394.696389	0.070717
395.386417	0.068585
396.076446	0.065696
396.766475	0.062481
397.456503	0.059342
398.146532	0.056592
398.836561	0.054415
399.526589	0.052872
400.216618	0.051935
400.906647	0.051537
401.596675	0.051619
402.286704	0.052162
402.976733	0.053193
403.666761	0.054767
404.356790	0.056937
405.046819	0.059710
405.736847	0.063027
406.426876	0.066753
407.116904	0.070698
407.806933	0.074665
408.496962	0.078509
409.186990	0.082208
409.877019	0.085898
410.567048	0.089888
411.257076	0.094613
411.947105	0.100549
412.637134	0.108105
413.327162	0.117510
414.017191	0.128739
414.707220	0.141494
415.397248	0.155236
416.087277	0.169279
416.777306	0.182891
417.467334	0.195407
418.157363	0.206312
418.847392	0.215285
419.537420	0.222198
420.227449	0.227078
420.917477	0.230043
421.607506	0.231229
422.297535	0.230719
422.987563	0.228515
423.677592	0.224531
424.367621	0.218617
425.057649	0.210595
425.747678	0.200291
426.437707	0.187551
427.127735	0.172233
427.817764	0.154215
428.507793	0.133410
429.197821	0.109818
429.887850	0.083598
430.577879	0.055157
431.267907	0.025189
431.957936	-0.005321
432.647965	-0.035195
433.337993	-0.063201
434.028022	-0.088246
434.718051	-0.109563
435.408079	-0.126848
436.098108	-0.140322
436.788136	-0.150690
437.478165	-0.159011
438.168194	-0.166491
438.858222	-0.174232
439.548251	-0.183008
440.238280	-0.193095
440.928308	-0.204219
441.618337	-0.215626
442.308366	-0.226281
442.998394	-0.235122
443.688423	-0.241328
444.378452	-0.244494
445.068480	-0.244701
445.758509	-0.242438
446.448538	-0.238434
447.138566	-0.233457
447.828595	-0.228147
448.518624	-0.222935
449.208652	-0.218055
449.898681	-0.213627
450.588710	-0.209750
451.278738	-0.206583
451.968767	-0.204353
452.658795	-0.203326
453.348824	-0.203734
454.038853	-0.205698
454.728881	-0.209173
455.418910	-0.213927
456.108939	-0.219548
456.798967	-0.225485
457.488996	-0.231099
458.179025	-0.235726
458.869053	-0.238730
459.559082	-0.239568
460.249111	-0.237831
460.939139	-0.233282
461.629168	-0.225870
462.319197	-0.215725
463.009225	-0.203142
463.699254	-0.188532
464.389283	-0.172382
465.079311	-0.155208
465.769340	-0.137517
466.459369	-0.119789
467.149397	-0.102470
467.839426	-0.085967
468.529454	-0.070651
469.219483	-0.056845
469.909512	-0.044808
470.599540	-0.034712
471.289569	-0.026624
471.979598	-0.020499
472.669626	-0.016179
473.359655	-0.013411
474.049684	-0.011864
474.739712	-0.011154
475.429741	-0.010863
476.119770	-0.010567
476.809798	-0.009860
477.499827	-0.008390
478.189856	-0.005887
478.879884	-0.002196
479.569913	0.002721
480.259942	0.008787
480.949970	0.015854
481.639999	0.023743
482.330027	0.032301
483.020056	0.041437
483.710085	0.051136
484.400113	0.061441
485.090142	0.072418
485.780171	0.084102
486.470199	0.096454
487.160228	0.109343
487.850257	0.122551
488.540285	0.135821
489.230314	0.148911
489.920343	0.161656
490.610371	0.174011
491.300400	0.186063
491.990429	0.198010
492.680457	0.210108
493.370486	0.222598
494.060515	0.235619
494.750543	0.249127
495.440572	0.262827
496.130601	0.276140
496.820629	0.288225
497.510658	0.298067
498.200686	0.304629
498.890715	0.307050
499.580744	0.304835
500.270772	0.298004
500.960801	0.287117
501.650830	0.273150
502.340858	0.257226
503.030887	0.240231
503.720916	0.222423
504.410944	0.203149
505.100973	0.180791
505.791002	0.153018
506.481030	0.117335
507.171059	0.071821
507.861088	0.015886
508.551116	-0.049177
509.241145	-0.120007
509.931174	-0.191431
510.621202	-0.257124
511.311231	-0.310510
512.001260	-0.345712
512.691288	-0.358360
513.381317	-0.346138
514.071345	-0.309036
514.761374	-0.249330
515.451403	-0.171339
516.141431	-0.081008
516.831460	0.014651
517.521489	0.108259
518.211517	0.192823
518.901546	0.262498
519.591575	0.313207
520.281603	0.343007
520.971632	0.352105
521.661661	0.342516
522.351689	0.317440
523.041718	0.280514
523.731747	0.235125
524.421775	0.183952
525.111804	0.128825
525.801833	0.070898
526.491861	0.011035
527.181890	-0.049746
527.871918	-0.109961
528.561947	-0.167578
529.251976	-0.220215
529.942004	-0.265562
530.632033	-0.301874
531.322062	-0.328383
532.012090	-0.345505
532.702119	-0.354764
533.392148	-0.358474
534.082176	-0.359280
534.772205	-0.359668
535.462234	-0.361579
536.152262	-0.366180
536.842291	-0.373812
537.532320	-0.384078
538.222348	-0.396017
538.912377	-0.408306
539.602406	-0.419461
540.292434	-0.428024
540.982463	-0.432730
541.672492	-0.432660
542.362520	-0.427359
543.052549	-0.416908
543.742577	-0.401907
544.432606	-0.383361
545.122635	-0.362477
545.812663	-0.340406
546.502692	-0.317992
547.192721	-0.295613
547.882749	-0.273158
548.572778	-0.250146
549.262807	-0.225971
549.952835	-0.200175
550.642864	-0.172664
551.332893	-0.143797
552.022921	-0.114311
552.712950	-0.085128
553.402979	-0.057117
554.093007	-0.030890
554.783036	-0.006703
555.473065	0.015508
556.163093	0.036007
556.853122	0.055085
557.543151	0.072908
558.233179	0.089439
558.923208	0.104420
559.613236	0.117440
560.303265	0.128045
560.993294	0.135858
561.683322	0.140694
562.373351	0.142641
563.063380	0.142080
563.753408	0.139650
564.443437	0.136156
565.133466	0.132442
565.823494	0.129253
566.513523	0.127133
567.203552	0.126358
567.893580	0.126931
568.583609	0.128629
569.273638	0.131072
569.963666	0.133805
570.653695	0.136374
571.343724	0.138375
572.033752	0.139484
572.723781	0.139469
573.413810	0.138185
574.103838	0.135558
574.793867	0.131576
575.483895	0.126275
576.173924	0.119738
576.863953	0.112101
577.553981	0.103561
578.244010	0.094379
578.934039	0.084872
579.624067	0.075391
580.314096	0.066281
581.004125	0.057849
581.694153	0.050334
582.384182	0.043893
583.074211	0.038606
583.764239	0.034480
584.454268	0.031463
585.144297	0.029443
585.834325	0.028260
586.524354	0.027712
587.214383	0.027582
587.904411	0.027669
588.594440	0.027843
589.284468	0.028081
589.974497	0.028495
590.664526	0.029333
591.354554	0.030939
592.044583	0.033690
592.734612	0.037901
593.424640	0.043732
594.114669	0.051114
594.804698	0.059708
595.494726	0.068930
596.184755	0.078017
596.874784	0.086152
597.564812	0.092590
598.254841	0.096773
598.944870	0.098404
599.634898	0.097457
600.324927	0.094155
601.014956	0.088910
601.704984	0.082269
602.395013	0.074873
603.085042	0.067418
603.775070	0.060623
604.465099	0.055174
605.155127	0.051644
605.845156	0.050406
606.535185	0.051556
607.225213	0.054882
607.915242	0.059896
608.605271	0.065925
609.295299	0.072244
609.985328	0.078211
610.675357	0.083366
611.365385	0.087481
612.055414	0.090551
612.745443	0.092734
613.435471	0.094280
614.125500	0.095448
614.815529	0.096449
615.505557	0.097401
616.195586	0.098320
616.885615	0.099122
617.575643	0.099642
618.265672	0.099674
618.955701	0.099022
619.645729	0.097551
620.335758	0.095242
621.025786	0.092214
621.715815	0.088727
622.405844	0.085130
623.095872	0.081786
623.785901	0.078971
624.475930	0.076789
625.165958	0.075121
625.855987	0.073633
626.546016	0.071854
627.236044	0.069298
627.926073	0.065607
628.616102	0.060671
629.306130	0.054699
629.996159	0.048204
630.686188	0.041925
631.376216	0.036679
632.066245	0.033206
632.756274	0.032030
633.446302	0.033366
634.136331	0.037091
634.826360	0.042791
635.516388	0.049838
636.206417	0.057502
636.896445	0.065060
637.586474	0.071879
638.276503	0.077465
638.966531	0.081485
639.656560	0.083756
640.346589	0.084232
641.036617	0.082998
641.726646	0.080273
642.416675	0.076417
643.106703	0.071924
643.796732	0.067382
644.486761	0.063398
645.176789	0.060491
645.866818	0.058996
646.556847	0.058993
647.246875	0.060303
647.936904	0.062541
648.626933	0.065224
649.316961	0.067892
650.006990	0.070221
650.697018	0.072095
651.387047	0.073625
652.077076	0.075120
652.767104	0.077009
653.457133	0.079741
654.147162	0.083681
654.837190	0.089027
655.527219	0.095775
656.217248	0.103740
656.907276	0.112624
657.597305	0.122114
658.287334	0.131972
658.977362	0.142089
659.667391	0.152483
660.357420	0.163247
661.047448	0.174452
661.737477	0.186058
662.427506	0.197835
663.117534	0.209345
663.807563	0.219966
664.497592	0.228970
665.187620	0.235624
665.877649	0.239306
666.567677	0.239593
667.257706	0.236318
667.947735	0.229572
668.637763	0.219672
669.327792	0.207087
670.017821	0.192366
670.707849	0.176070
671.397878	0.158726
672.087907	0.140793
672.777935	0.122626
673.467964	0.104445
674.157993	0.086292
674.848021	0.068001
675.538050	0.049211
676.228079	0.029425
676.918107	0.008138
677.608136	-0.015010
678.298165	-0.040079
678.988193	-0.066734
679.678222	-0.094245
680.368251	-0.121580
681.058279	-0.147590
681.748308	-0.171206
682.438336	-0.191617
683.128365	-0.208352
683.818394	-0.221275
684.508422	-0.230484
685.198451	-0.236184
685.888480	-0.238563
686.578508	-0.237741
687.268537	-0.233780
687.958566	-0.226782
688.648594	-0.217008
689.338623	-0.205000
690.028652	-0.191666
690.718680	-0.178282
691.408709	-0.166409
692.098738	-0.157717
692.788766	-0.153739
693.478795	-0.155595
694.168824	-0.163752
694.858852	-0.177876
695.548881	-0.196844
696.238909	-0.218916
696.928938	-0.242032
697.618967	-0.264165
698.308995	-0.283629
698.999024	-0.299267
699.689053	-0.310497
700.379081	-0.317225
701.069110	-0.319698
701.759139	-0.318344
702.449167	-0.313665
703.139196	-0.306173
703.829225	-0.296372
704.519253	-0.284739
705.209282	-0.271689
705.899311	-0.257531
706.589339	-0.242430
707.279368	-0.226409
707.969397	-0.209407
708.659425	-0.191394
709.349454	-0.172498
710.039483	-0.153104
710.729511	-0.133876
711.419540	-0.115691
712.109568	-0.099481
712.799597	-0.086043
713.489626	-0.075865
714.179654	-0.069020
714.869683	-0.065142
715.559712	-0.063513
716.249740	-0.063189
716.939769	-0.063168
717.629798	-0.062527
718.319826	-0.060531
719.009855	-0.056668
719.699884	-0.050654
720.389912	-0.042386
721.079941	-0.031893
721.769970	-0.019283
722.459998	-0.004713
723.150027	0.011617
723.840056	0.029450
724.530084	0.048441
725.220113	0.068142
725.910142	0.088009
726.600170	0.107447
727.290199	0.125893
727.980227	0.142909
728.670256	0.158270
729.360285	0.171997
730.050313	0.184341
730.740342	0.195680
731.430371	0.206392
732.120399	0.216707
732.810428	0.226606
733.500457	0.235793
734.190485	0.243759
734.880514	0.249925
735.570543	0.253819
736.260571	0.255239
736.950600	0.254357
737.640629	0.251708
738.330657	0.248075
739.020686	0.244270
739.710715	0.240877
740.400743	0.238008
741.090772	0.235147
741.780801	0.231144
742.470829	0.224356
743.160858	0.212954
743.850886	0.195304
744.540915	0.170365
745.230944	0.137998
745.920972	0.099127
746.611001	0.055688
747.301030	0.010399
747.991058	-0.033621
748.681087	-0.073305
749.371116	-0.106053
750.061144	-0.130058
750.751173	-0.144488
751.441202	-0.149511
752.131230	-0.146199
752.821259	-0.136343
753.511288	-0.122242
754.201316	-0.106477
754.891345	-0.091690
755.581374	-0.080360
756.271402	-0.074586
756.961431	-0.075881
757.651459	-0.085023
758.341488	-0.101980
759.031517	-0.125961
759.721545	-0.155566
760.411574	-0.189038
761.101603	-0.224521
761.791631	-0.260311
762.481660	-0.295025
763.171689	-0.327675
763.861717	-0.357667
764.551746	-0.384722
765.241775	-0.408761
765.931803	-0.429769
766.621832	-0.447650
767.311861	-0.462112
768.001889	-0.472588
768.691918	-0.478231
769.381947	-0.478000
770.071975	-0.470832
770.762004	-0.455867
771.452033	-0.432680
772.142061	-0.401459
772.832090	-0.363086
773.522118	-0.319100
774.212147	-0.271557
774.902176	-0.222809
775.592204	-0.175249
776.282233	-0.131063
776.972262	-0.092028
777.662290	-0.059359
778.352319	-0.033650
779.042348	-0.014879
779.732376	-0.002500
780.422405	0.004416
781.112434	0.007009
781.802462	0.006445
782.492491	0.003779
783.182520	-0.000140
783.872548	-0.004687
784.562577	-0.009421
785.252606	-0.014001
785.942634	-0.018092
786.632663	-0.021302
787.322692	-0.023171
788.012720	-0.023227
788.702749	-0.021101
789.392777	-0.016655
790.082806	-0.010093
790.772835	-0.002013
791.462863	0.006654
792.152892	0.014778
792.842921	0.021260
793.532949	0.025271
794.222978	0.026462
794.913007	0.025078
795.603035	0.021960
796.293064	0.018401
796.983093	0.015917
797.673121	0.015962
798.363150	0.019653
799.053179	0.027574
799.743207	0.039678
800.433236	0.055318
801.123265	0.073376
801.813293	0.092460
802.503322	0.111132
803.193350	0.128101
803.883379	0.142366
804.573408	0.153288
805.263436	0.160587
805.953465	0.164302
806.643494	0.164716
807.333522	0.162294
808.023551	0.157619
808.713580	0.151354
809.403608	0.144187
810.093637	0.136776
810.783666	0.129685
811.473694	0.123316
812.163723	0.117871
812.853752	0.113354
813.543780	0.109612
814.233809	0.106424
814.923838	0.103582
815.613866	0.100960
816.303895	0.098530
816.993924	0.096334
817.683952	0.094418
818.373981	0.092776
819.064009	0.091310
819.754038	0.089834
820.444067	0.088116
821.134095	0.085935
821.824124	0.083139
822.514153	0.079675
823.204181	0.075593
823.894210	0.071027
824.584239	0.066157
825.274267	0.061167
825.964296	0.056219
826.654325	0.051430
827.344353	0.046877
828.034382	0.042606
828.724411	0.038659
829.414439	0.035101
830.104468	0.032037
830.794497	0.029623
831.484525	0.028054
832.174554	0.027539
832.864583	0.028265
833.554611	0.030359
834.244640	0.033853
834.934668	0.038669
835.624697	0.044622
836.314726	0.051432
837.004754	0.058762
837.694783	0.066250
838.384812	0.073543
839.074840	0.080330
839.764869	0.086353
840.454898	0.091434
841.144926	0.095476
841.834955	0.098476
842.524984	0.100526
843.215012	0.101800
843.905041	0.102542
844.595070	0.103027
845.285098	0.103526
845.975127	0.104264
846.665156	0.105388
847.355184	0.106944
848.045213	0.108871
848.735242	0.110998
849.425270	0.113057
850.115299	0.114714
850.805327	0.115605
851.495356	0.115390
852.185385	0.113813
852.875413	0.110756
853.565442	0.106266
854.255471	0.100556
854.945499	0.093958
855.635528	0.086864
856.325557	0.079652
857.015585	0.072635
857.705614	0.066041
858.395643	0.060023
859.085671	0.054697
859.775700	0.050175
860.465729	0.046578
861.155757	0.044025
861.845786	0.042592
862.535815	0.042261
863.225843	0.042887
863.915872	0.044203
864.605900	0.045863
865.295929	0.047527
865.985958	0.048963
866.675986	0.050120
867.366015	0.051154
868.056044	0.052377
868.746072	0.054155
869.436101	0.056757
870.126130	0.060246
870.816158	0.064409
871.506187	0.068793
872.196216	0.072819
872.886244	0.075939
873.576273	0.077795
874.266302	0.078327
874.956330	0.077789
875.646359	0.076685
876.336388	0.075646
877.026416	0.075276
877.716445	0.076028
878.406474	0.078120
879.096502	0.081503
879.786531	0.085885
880.476559	0.090787
881.166588	0.095622
881.856617	0.099785
882.546645	0.102744
883.236674	0.104118
883.926703	0.103731
884.616731	0.101630
885.306760	0.098070
885.996789	0.093451
886.686817	0.088244
887.376846	0.082906
888.066875	0.077808
888.756903	0.073199
889.446932	0.069197
890.136961	0.065810
890.826989	0.062985
891.517018	0.060658
892.207047	0.058813
892.897075	0.057522
893.587104	0.056967
894.277133	0.057425
894.967161	0.059222
895.657190	0.062655
896.347218	0.067915
897.037247	0.075015
897.727276	0.083767
898.417304	0.093797
899.107333	0.104619
899.797362	0.115722
900.487390	0.126664
901.177419	0.137128
901.867448	0.146952
902.557476	0.156112
903.247505	0.164681
903.937534	0.172786
904.627562	0.180563
905.317591	0.188140
906.007620	0.195629
906.697648	0.203139
907.387677	0.210794
908.077706	0.218751
908.767734	0.227215
909.457763	0.236432
910.147792	0.246651
910.837820	0.258047
911.527849	0.270615
912.217877	0.284039
912.907906	0.297604
913.597935	0.310178
914.287963	0.320307
914.977992	0.326425
915.668021	0.327130
916.358049	0.321435
917.048078	0.308920
917.738107	0.289713
918.428135	0.264305
919.118164	0.233289
919.808193	0.197125
920.498221	0.156055
921.188250	0.110200
921.878279	0.059836
922.568307	0.005708
923.258336	-0.050743
923.948365	-0.107365
924.638393	-0.161516
925.328422	-0.210493
926.018450	-0.252028
926.708479	-0.284722
927.398508	-0.308295
928.088536	-0.323619
928.778565	-0.332518
929.468594	-0.337424
930.158622	-0.340951
930.848651	-0.345470
931.538680	-0.352755
932.228708	-0.363750
932.918737	-0.378483
933.608766	-0.396128
934.298794	-0.415197
934.988823	-0.433821
935.678852	-0.450043
936.368880	-0.462091
937.058909	-0.468576
937.748938	-0.468611
938.438966	-0.461845
939.128995	-0.448443
939.819024	-0.429031
940.509052	-0.404606
941.199081	-0.376438
941.889109	-0.345957
942.579138	-0.314624
943.269167	-0.283812
943.959195	-0.254692
944.649224	-0.228159
945.339253	-0.204794
946.029281	-0.184870
946.719310	-0.168393
947.409339	-0.155169
948.099367	-0.144861
948.789396	-0.137042
949.479425	-0.131214
950.169453	-0.126813
950.859482	-0.123193
951.549511	-0.119621
952.239539	-0.115287
952.929568	-0.109335
953.619597	-0.100932
954.309625	-0.089338
954.999654	-0.073979
955.689683	-0.054503
956.379711	-0.030808
957.069740	-0.003056
957.759768	0.028327
958.449797	0.062670
959.139826	0.099073
959.829854	0.136461
960.519883	0.173661
961.209912	0.209505
961.899940	0.242943
962.589969	0.273132
963.279998	0.299480
963.970026	0.321608
964.660055	0.339254
965.350084	0.352127
966.040112	0.359760
966.730141	0.361403
967.420170	0.356015
968.110198	0.342364
968.800227	0.319244
969.490256	0.285764
970.180284	0.241669
970.870313	0.187602
971.560341	0.125251
972.250370	0.057320
972.940399	-0.012684
973.630427	-0.080829
974.320456	-0.143241
975.010485	-0.196609
975.700513	-0.238612
976.390542	-0.268196
977.080571	-0.285623
977.770599	-0.292310
978.460628	-0.290469
979.150657	-0.282642
979.840685	-0.271238
980.530714	-0.258184
981.220743	-0.244753
981.910771	-0.231591
982.600800	-0.218908
983.290829	-0.206726
983.980857	-0.195109
984.670886	-0.184281
985.360915	-0.174616
986.050943	-0.166520
986.740972	-0.160268
987.431000	-0.155866
988.121029	-0.152990
988.811058	-0.151049
989.501086	-0.149337
990.191115	-0.147247
990.881144	-0.144487
991.571172	-0.141217
992.261201	-0.138067
992.951230	-0.136013
993.641258	-0.136117
994.331287	-0.139223
995.021316	-0.145665
995.711344	-0.155118
996.401373	-0.166609
997.091402	-0.178727
997.781430	-0.189960
998.471459	-0.199053
999.161488	-0.205302
999.851516	-0.208678
1000.541545	-0.209765
1001.231574	-0.209543
1001.921602	-0.209083
1002.611631	-0.209259
1003.301659	-0.210546
1003.991688	-0.212969
1004.681717	-0.216182
1005.371745	-0.219639
1006.061774	-0.222805
1006.751803	-0.225307
1007.441831	-0.227006
1008.131860	-0.227956
1008.821889	-0.228270
1009.511917	-0.227945
1010.201946	-0.226716
1010.891975	-0.223980
1011.582003	-0.218847
1012.272032	-0.210307
1012.962061	-0.197481
1013.652089	-0.179895
1014.342118	-0.157691
1015.032147	-0.131718
1015.722175	-0.103464
1016.412204	-0.074845
1017.102233	-0.047901
1017.792261	-0.024467
1018.482290	-0.005906
1019.172318	0.007046
1019.862347	0.014315
1020.552376	0.016399
1021.242404	0.014225
1021.932433	0.008978
1022.622462	0.001949
1023.312490	-0.005589
1024.002519	-0.012463
1024.692548	-0.017670
1025.382576	-0.020438
1026.072605	-0.020281
1026.762634	-0.017039
1027.452662	-0.010893
1028.142691	-0.002331
1028.832720	0.007945
1029.522748	0.019137
1030.212777	0.030503
1030.902806	0.041481
1031.592834	0.051748
1032.282863	0.061204
1032.972891	0.069884
1033.662920	0.077828
1034.352949	0.084966
1035.042977	0.091060
1035.733006	0.095725
1036.423035	0.098522
1037.113063	0.099079
1037.803092	0.097213
1038.493121	0.093003
1039.183149	0.086826
1039.873178	0.079339
1040.563207	0.071431
1041.253235	0.064147
1041.943264	0.058582
1042.633293	0.055742
1043.323321	0.056387
1044.013350	0.060884
1044.703379	0.069103
1045.393407	0.080404
1046.083436	0.093719
1046.773465	0.107724
1047.463493	0.121060
1048.153522	0.132538
1048.843550	0.141291
1049.533579	0.146845
1050.223608	0.149106
1050.913636	0.148285
1051.603665	0.144795
1052.293694	0.139157
1052.983722	0.131914
1053.673751	0.123586
1054.363780	0.114645
1055.053808	0.105511
1055.743837	0.096551
1056.433866	0.088089
1057.123894	0.080406
1057.813923	0.073730
1058.503952	0.068228
1059.193980	0.063990
1059.884009	0.061013
1060.574038	0.059198
1061.264066	0.058364
1061.954095	0.058275
