0.000000	0.408937
0.690006	0.431497
1.380013	0.448686
2.070019	0.455644
2.760026	0.446751
3.450032	0.416452
4.140038	0.360412
4.830045	0.276792
5.520051	0.167338
6.210058	0.037889
6.900064	-0.101956
7.590070	-0.240096
8.280077	-0.363873
8.970083	-0.462259
9.660090	-0.527691
10.350096	-0.557117
11.040102	-0.552009
11.730109	-0.517480
12.420115	-0.460840
13.110122	-0.390059
13.800128	-0.312520
14.490134	-0.234263
15.180141	-0.159743
15.870147	-0.091958
16.560153	-0.032772
17.250160	0.016722
17.940166	0.055900
18.630173	0.084359
19.320179	0.101774
20.010185	0.107800
20.700192	0.102074
21.390198	0.084314
22.080205	0.054524
22.770211	0.013273
23.460217	-0.038028
24.150224	-0.096957
24.840230	-0.160117
25.530237	-0.223417
26.220243	-0.282590
26.910249	-0.333823
27.600256	-0.374362
28.290262	-0.402944
28.980269	-0.419939
29.670275	-0.427203
30.360281	-0.427660
31.050288	-0.424739
31.740294	-0.421765
32.430301	-0.421441
33.120307	-0.425481
33.810313	-0.434461
34.500320	-0.447875
35.190326	-0.464363
35.880333	-0.482042
36.570339	-0.498853
37.260345	-0.512836
37.950352	-0.522303
38.640358	-0.525861
39.330365	-0.522334
40.020371	-0.510608
40.710377	-0.489483
41.400384	-0.457610
42.090390	-0.413562
42.780397	-0.356083
43.470403	-0.284496
44.160409	-0.199161
44.850416	-0.101877
45.540422	0.003949
46.230428	0.113453
46.920435	0.220795
47.610441	0.319880
48.300448	0.405141
48.990454	0.472189
49.680460	0.518190
50.370467	0.541913
51.060473	0.543521
51.750480	0.524202
52.440486	0.485805
53.130492	0.430558
53.820499	0.360937
54.510505	0.279652
55.200512	0.189683
55.890518	0.094304
56.580524	-0.002987
57.270531	-0.098645
57.960537	-0.189326
58.650544	-0.272175
59.340550	-0.345042
60.030556	-0.406593
60.720563	-0.456267
61.410569	-0.494114
62.100576	-0.520574
62.790582	-0.536268
63.480588	-0.541858
64.170595	-0.538006
64.860601	-0.525406
65.550608	-0.504861
66.240614	-0.477347
66.930620	-0.444042
67.620627	-0.406316
68.310633	-0.365687
69.000640	-0.323749
69.690646	-0.282106
70.380652	-0.242284
71.070659	-0.205644
71.760665	-0.173289
72.450672	-0.145982
73.140678	-0.124098
73.830684	-0.107615
74.520691	-0.096156
75.210697	-0.089072
75.900703	-0.085549
76.590710	-0.084701
77.280716	-0.085635
77.970723	-0.087455
78.660729	-0.089227
79.350735	-0.089921
80.040742	-0.088400
80.730748	-0.083492
81.420755	-0.074182
82.110761	-0.059879
82.800767	-0.040689
83.490774	-0.017564
84.180780	0.007750
84.870787	0.033004
85.560793	0.055908
86.250799	0.074622
86.940806	0.088138
87.630812	0.096407
88.320819	0.100210
89.010825	0.100831
89.700831	0.099681
90.390838	0.097997
91.080844	0.096718
91.770851	0.096516
92.460857	0.097920
93.150863	0.101423
93.840870	0.107493
94.530876	0.116466
95.220883	0.128375
95.910889	0.142788
96.600895	0.158755
97.290902	0.174887
97.980908	0.189555
98.670915	0.201152
99.360921	0.208324
100.050927	0.210126
100.740934	0.206067
101.430940	0.196087
102.120947	0.180490
102.810953	0.159887
103.500959	0.135171
104.190966	0.107517
104.880972	0.078380
105.570978	0.049466
106.260985	0.022640
106.950991	-0.000233
107.640998	-0.017510
108.331004	-0.027989
109.021010	-0.031115
109.711017	-0.027080
110.401023	-0.016804
111.091030	-0.001793
111.781036	0.016106
112.471042	0.034986
113.161049	0.053118
113.851055	0.069128
114.541062	0.082057
115.231068	0.091348
115.921074	0.096781
116.611081	0.098403
117.301087	0.096471
117.991094	0.091428
118.681100	0.083884
119.371106	0.074600
120.061113	0.064459
120.751119	0.054426
121.441126	0.045502
122.131132	0.038676
122.821138	0.034860
123.511145	0.034823
124.201151	0.039116
124.891158	0.047993
125.581164	0.061359
126.271170	0.078759
126.961177	0.099415
127.651183	0.122308
128.341190	0.146274
129.031196	0.170110
129.721202	0.192658
130.411209	0.212859
131.101215	0.229795
131.791222	0.242716
132.481228	0.251056
133.171234	0.254448
133.861241	0.252722
134.551247	0.245907
135.241253	0.234221
135.931260	0.218073
136.621266	0.198062
137.311273	0.174978
138.001279	0.149805
138.691285	0.123692
139.381292	0.097901
140.071298	0.073717
140.761305	0.052328
141.451311	0.034689
142.141317	0.021400
142.831324	0.012618
143.521330	0.008028
144.211337	0.006886
144.901343	0.008123
145.591349	0.010516
146.281356	0.012864
146.971362	0.014184
147.661369	0.013848
148.351375	0.011671
149.041381	0.007913
149.731388	0.003204
150.421394	-0.001603
151.111401	-0.005617
151.801407	-0.008086
152.491413	-0.008535
153.181420	-0.006845
153.871426	-0.003233
154.561433	0.001820
155.251439	0.007693
155.941445	0.013749
156.631452	0.019429
157.321458	0.024308
158.011465	0.028120
158.701471	0.030756
159.391477	0.032271
160.081484	0.032880
160.771490	0.032963
161.461497	0.033021
162.151503	0.033610
162.841509	0.035226
163.531516	0.038193
164.221522	0.042580
164.911528	0.048183
165.601535	0.054579
166.291541	0.061239
166.981548	0.067656
167.671554	0.073456
168.361560	0.078465
169.051567	0.082712
169.741573	0.086388
170.431580	0.089761
171.121586	0.093085
171.811592	0.096506
172.501599	0.099993
173.191605	0.103313
173.881612	0.106042
174.571618	0.107636
175.261624	0.107517
175.951631	0.105182
176.641637	0.100293
177.331644	0.092735
178.021650	0.082647
178.711656	0.070418
179.401663	0.056659
180.091669	0.042166
180.781676	0.027868
181.471682	0.014766
182.161688	0.003858
182.851695	-0.003944
183.541701	-0.007910
184.231708	-0.007568
184.921714	-0.002787
185.611720	0.006191
186.301727	0.018748
186.991733	0.033936
187.681740	0.050581
188.371746	0.067409
189.061752	0.083215
189.751759	0.097003
190.441765	0.108113
191.131772	0.116282
191.821778	0.121645
192.511784	0.124657
193.201791	0.125971
193.891797	0.126281
194.581803	0.126171
195.271810	0.126002
195.961816	0.125864
196.651823	0.125586
197.341829	0.124804
198.031835	0.123060
198.721842	0.119909
199.411848	0.115003
200.101855	0.108170
200.791861	0.099459
201.481867	0.089169
202.171874	0.077852
202.861880	0.066276
203.551887	0.055340
204.241893	0.045959
204.931899	0.038917
205.621906	0.034741
206.311912	0.033625
207.001919	0.035413
207.691925	0.039670
208.381931	0.045786
209.071938	0.053116
209.761944	0.061097
210.451951	0.069329
211.141957	0.077605
211.831963	0.085904
212.521970	0.094341
213.211976	0.103096
213.901983	0.112328
214.591989	0.122082
215.281995	0.132210
215.972002	0.142310
216.662008	0.151708
217.352015	0.159492
218.042021	0.164607
218.732027	0.165998
219.422034	0.162786
220.112040	0.154447
220.802047	0.140947
221.492053	0.122827
222.182059	0.101187
222.872066	0.077592
223.562072	0.053887
224.252078	0.031973
224.942085	0.013568
225.632091	0.000001
226.322098	-0.007941
227.012104	-0.010069
227.702110	-0.006783
228.392117	0.001023
229.082123	0.012101
229.772130	0.025021
230.462136	0.038330
231.152142	0.050710
231.842149	0.061080
232.532155	0.068672
233.222162	0.073063
233.912168	0.074167
234.602174	0.072203
235.292181	0.067629
235.982187	0.061068
236.672194	0.053212
237.362200	0.044745
238.052206	0.036291
238.742213	0.028405
239.432219	0.021601
240.122226	0.016410
240.812232	0.013425
241.502238	0.013303
242.192245	0.016705
242.882251	0.024171
243.572258	0.035953
244.262264	0.051864
244.952270	0.071191
245.642277	0.092721
246.332283	0.114893
247.022290	0.136060
247.712296	0.154790
248.402302	0.170141
249.092309	0.181824
249.782315	0.190204
250.472322	0.196139
251.162328	0.200691
251.852334	0.204773
252.542341	0.208835
253.232347	0.212634
253.922353	0.215168
254.612360	0.214784
255.302366	0.209462
255.992373	0.197234
256.682379	0.176656
257.372385	0.147246
258.062392	0.109763
258.752398	0.066236
259.442405	0.019711
260.132411	-0.026266
260.822417	-0.068313
261.512424	-0.103868
262.202430	-0.131687
262.892437	-0.152040
263.582443	-0.166558
264.272449	-0.177772
264.962456	-0.188457
265.652462	-0.200969
266.342469	-0.216740
267.032475	-0.236075
267.722481	-0.258299
268.412488	-0.282176
269.102494	-0.306468
269.792501	-0.330431
270.482507	-0.354090
271.172513	-0.378214
271.862520	-0.404011
272.552526	-0.432673
273.242533	-0.464912
273.932539	-0.500653
274.622545	-0.538943
275.312552	-0.578090
276.002558	-0.615937
276.692565	-0.650174
277.382571	-0.678588
278.072577	-0.699189
278.762584	-0.710223
279.452590	-0.710112
280.142597	-0.697393
280.832603	-0.670713
281.522609	-0.628922
282.212616	-0.571246
282.902622	-0.497513
283.592628	-0.408365
284.282635	-0.305425
284.972641	-0.191352
285.662648	-0.069800
286.352654	0.054737
287.042660	0.177191
287.732667	0.292262
288.422673	0.394836
289.112680	0.480437
289.802686	0.545629
290.492692	0.588318
291.182699	0.607860
291.872705	0.604957
292.562712	0.581358
293.252718	0.539444
293.942724	0.481805
294.632731	0.410909
295.322737	0.328939
296.012744	0.237796
296.702750	0.139233
297.392756	0.035048
298.082763	-0.072714
298.772769	-0.181630
299.462776	-0.288815
300.152782	-0.390940
300.842788	-0.484317
301.532795	-0.565086
302.222801	-0.629494
302.912808	-0.674262
303.602814	-0.697019
304.292820	-0.696724
304.982827	-0.673992
305.672833	-0.631236
306.362840	-0.572540
307.052846	-0.503244
307.742852	-0.429278
308.432859	-0.356362
309.122865	-0.289235
309.812872	-0.231092
310.502878	-0.183360
311.192884	-0.145885
311.882891	-0.117460
312.572897	-0.096537
313.262903	-0.081898
313.952910	-0.073058
314.642916	-0.070261
315.332923	-0.074057
316.022929	-0.084613
316.712935	-0.100987
317.402942	-0.120689
318.092948	-0.139707
318.782955	-0.153110
319.472961	-0.156063
320.162967	-0.145018
320.852974	-0.118681
321.542980	-0.078482
322.232987	-0.028366
322.922993	0.026031
323.612999	0.078597
324.303006	0.123990
324.993012	0.158616
325.683019	0.181077
326.373025	0.192054
327.063031	0.193707
327.753038	0.188831
328.443044	0.180008
329.133051	0.169003
329.823057	0.156526
330.513063	0.142372
331.203070	0.125842
331.893076	0.106276
332.583083	0.083512
333.273089	0.058122
333.963095	0.031384
334.653102	0.005019
335.343108	-0.019206
336.033115	-0.039857
336.723121	-0.056069
337.413127	-0.067588
338.103134	-0.074605
338.793140	-0.077464
339.483147	-0.076348
340.173153	-0.071059
340.863159	-0.060986
341.553166	-0.045266
342.243172	-0.023113
342.933178	0.005787
343.623185	0.040949
344.313191	0.080919
345.003198	0.123346
345.693204	0.165280
346.383210	0.203627
347.073217	0.235650
347.763223	0.259404
348.453230	0.273993
349.143236	0.279624
349.833242	0.277444
350.523249	0.269226
351.213255	0.256978
351.903262	0.242559
352.593268	0.227384
353.283274	0.212264
353.973281	0.197408
354.663287	0.182566
355.353294	0.167273
356.043300	0.151108
356.733306	0.133920
357.423313	0.115935
358.113319	0.097749
358.803326	0.080209
359.493332	0.064240
360.183338	0.050673
360.873345	0.040123
361.563351	0.032931
362.253358	0.029171
362.943364	0.028686
363.633370	0.031129
364.323377	0.036011
365.013383	0.042737
365.703390	0.050656
366.393396	0.059118
367.083402	0.067548
367.773409	0.075494
368.463415	0.082670
369.153422	0.088944
369.843428	0.094300
370.533434	0.098783
371.223441	0.102443
371.913447	0.105307
372.603453	0.107386
373.293460	0.108716
373.983466	0.109424
374.673473	0.109782
375.363479	0.110247
376.053485	0.111434
376.743492	0.114048
377.433498	0.118754
378.123505	0.126039
378.813511	0.136088
379.503517	0.148709
380.193524	0.163337
380.883530	0.179100
381.573537	0.194934
382.263543	0.209715
382.953549	0.222367
383.643556	0.231935
384.333562	0.237633
385.023569	0.238865
385.713575	0.235244
386.403581	0.226619
387.093588	0.213104
387.783594	0.195089
388.473601	0.173232
389.163607	0.148412
389.853613	0.121652
390.543620	0.094023
391.233626	0.066561
391.923633	0.040200
392.613639	0.015756
393.303645	-0.006070
393.993652	-0.024662
394.683658	-0.039456
395.373665	-0.049941
396.063671	-0.055677
396.753677	-0.056352
397.443684	-0.051846
398.133690	-0.042290
398.823697	-0.028117
399.513703	-0.010077
400.203709	0.010777
400.893716	0.033129
401.583722	0.055461
402.273728	0.076147
402.963735	0.093570
403.653741	0.106249
404.343748	0.113001
405.033754	0.113076
405.723760	0.106282
406.413767	0.093038
407.103773	0.074363
407.793780	0.051762
408.483786	0.027054
409.173792	0.002140
409.863799	-0.021222
410.553805	-0.041591
411.243812	-0.057954
411.933818	-0.069735
412.623824	-0.076742
413.313831	-0.079075
414.003837	-0.077028
414.693844	-0.071026
415.383850	-0.061595
416.073856	-0.049358
416.763863	-0.035027
417.453869	-0.019382
418.143876	-0.003214
418.833882	0.012750
419.523888	0.027925
420.213895	0.041910
420.903901	0.054497
421.593908	0.065628
422.283914	0.075316
422.973920	0.083571
423.663927	0.090333
424.353933	0.095445
425.043940	0.098668
425.733946	0.099745
426.423952	0.098476
427.113959	0.094816
427.803965	0.088954
428.493972	0.081357
429.183978	0.072769
429.873984	0.064152
430.563991	0.056580
431.253997	0.051105
431.944003	0.048608
432.634010	0.049682
433.324016	0.054557
434.014023	0.063086
434.704029	0.074787
435.394035	0.088934
436.084042	0.104665
436.774048	0.121086
437.464055	0.137357
438.154061	0.152741
438.844067	0.166632
439.534074	0.178552
440.224080	0.188143
440.914087	0.195149
441.604093	0.199397
442.294099	0.200785
442.984106	0.199276
443.674112	0.194906
444.364119	0.187806
445.054125	0.178231
445.744131	0.166593
446.434138	0.153471
447.124144	0.139602
447.814151	0.125833
448.504157	0.113040
449.194163	0.102026
449.884170	0.093410
450.574176	0.087525
451.264183	0.084354
451.954189	0.083507
452.644195	0.084254
453.334202	0.085615
454.024208	0.086485
454.714215	0.085806
455.404221	0.082730
456.094227	0.076783
456.784234	0.067979
457.474240	0.056864
458.164247	0.044474
458.854253	0.032194
459.544259	0.021530
460.234266	0.013835
460.924272	0.010048
461.614278	0.010490
462.304285	0.014792
462.994291	0.021964
463.684298	0.030599
464.374304	0.039170
465.064310	0.046347
465.754317	0.051264
466.444323	0.053674
467.134330	0.053971
467.824336	0.053082
468.514342	0.052256
469.204349	0.052824
469.894355	0.055958
470.584362	0.062502
471.274368	0.072880
471.964374	0.087095
472.654381	0.104789
473.344387	0.125349
474.034394	0.148016
474.724400	0.171974
475.414406	0.196398
476.104413	0.220464
476.794419	0.243330
477.484426	0.264107
478.174432	0.281851
478.864438	0.295586
479.554445	0.304390
480.244451	0.307524
480.934458	0.304585
481.624464	0.295646
482.314470	0.281332
483.004477	0.262785
483.694483	0.241489
484.384490	0.218990
485.074496	0.196552
485.764502	0.174839
486.454509	0.153738
487.144515	0.132379
487.834522	0.109368
488.524528	0.083217
489.214534	0.052828
489.904541	0.017935
490.594547	-0.020632
491.284553	-0.060945
491.974560	-0.100240
492.664566	-0.135403
493.354573	-0.163556
494.044579	-0.182601
494.734585	-0.191613
495.424592	-0.190968
496.114598	-0.182209
496.804605	-0.167696
497.494611	-0.150142
498.184617	-0.132176
498.874624	-0.116012
499.564630	-0.103289
500.254637	-0.095056
500.944643	-0.091853
501.634649	-0.093816
502.324656	-0.100750
503.014662	-0.112179
503.704669	-0.127391
504.394675	-0.145524
505.084681	-0.165698
505.774688	-0.187181
506.464694	-0.209519
507.154701	-0.232578
507.844707	-0.256457
508.534713	-0.281314
509.224720	-0.307138
509.914726	-0.333590
510.604733	-0.359956
511.294739	-0.385238
511.984745	-0.408365
512.674752	-0.428447
513.364758	-0.444997
514.054765	-0.458073
514.744771	-0.468297
515.434777	-0.476761
516.124784	-0.484847
516.814790	-0.493999
517.504797	-0.505479
518.194803	-0.520143
518.884809	-0.538261
519.574816	-0.559367
520.264822	-0.582176
520.954828	-0.604534
521.644835	-0.623430
522.334841	-0.635080
523.024848	-0.635123
523.714854	-0.618971
524.404860	-0.582332
525.094867	-0.521897
525.784873	-0.436087
526.474880	-0.325719
527.164886	-0.194379
527.854892	-0.048364
528.544899	0.103903
529.234905	0.252913
529.924912	0.389346
530.614918	0.505319
531.304924	0.595312
531.994931	0.656587
532.684937	0.689076
533.374944	0.694823
534.064950	0.677212
534.754956	0.640194
535.444963	0.587673
536.134969	0.523136
536.824976	0.449510
537.514982	0.369181
538.204988	0.284086
538.894995	0.195835
539.585001	0.105828
540.275008	0.015364
540.965014	-0.074268
541.655020	-0.161699
542.345027	-0.245427
543.035033	-0.323811
543.725040	-0.395114
544.415046	-0.457608
545.105052	-0.509698
545.795059	-0.550054
546.485065	-0.577705
547.175072	-0.592080
547.865078	-0.592999
548.555084	-0.580625
549.245091	-0.555427
549.935097	-0.518187
550.625103	-0.470070
551.315110	-0.412748
552.005116	-0.348535
552.695123	-0.280435
553.385129	-0.212059
554.075135	-0.147344
554.765142	-0.090109
555.455148	-0.043519
556.145155	-0.009604
556.835161	0.011054
557.525167	0.019344
558.215174	0.017356
558.905180	0.007869
559.595187	-0.006251
560.285193	-0.022611
560.975199	-0.039627
561.665206	-0.056599
562.355212	-0.073497
563.045219	-0.090575
563.735225	-0.107920
564.425231	-0.125097
565.115238	-0.141008
565.805244	-0.153982
566.495251	-0.162098
567.185257	-0.163605
567.875263	-0.157332
568.565270	-0.142936
569.255276	-0.120938
569.945283	-0.092535
570.635289	-0.059290
571.325295	-0.022819
572.015302	0.015405
572.705308	0.054080
573.395315	0.091943
574.085321	0.127613
574.775327	0.159490
575.465334	0.185846
576.155340	0.205099
576.845347	0.216221
577.535353	0.219138
578.225359	0.214964
578.915366	0.205973
579.605372	0.195253
580.295378	0.186130
580.985385	0.181484
581.675391	0.183150
582.365398	0.191544
583.055404	0.205618
583.745410	0.223133
584.435417	0.241174
585.125423	0.256777
585.815430	0.267511
586.505436	0.271918
587.195442	0.269712
587.885449	0.261741
588.575455	0.249736
589.265462	0.235910
589.955468	0.222500
590.645474	0.211344
591.335481	0.203580
592.025487	0.199510
592.715494	0.198658
593.405500	0.199962
594.095506	0.202056
594.785513	0.203564
595.475519	0.203308
596.165526	0.200434
596.855532	0.194409
597.545538	0.184940
598.235545	0.171859
598.925551	0.155007
599.615558	0.134203
600.305564	0.109276
600.995570	0.080189
601.685577	0.047216
602.375583	0.011094
603.065590	-0.026893
603.755596	-0.064954
604.445602	-0.100974
605.135609	-0.132798
605.825615	-0.158563
606.515622	-0.176988
607.205628	-0.187542
607.895634	-0.190470
608.585641	-0.186667
609.275647	-0.177452
609.965653	-0.164310
610.655660	-0.148662
611.345666	-0.131716
612.035673	-0.114406
612.725679	-0.097405
613.415685	-0.081180
614.105692	-0.066045
614.795698	-0.052175
615.485705	-0.039581
616.175711	-0.028057
616.865717	-0.017127
617.555724	-0.006051
618.245730	0.006094
618.935737	0.020256
619.625743	0.037177
620.315749	0.057178
621.005756	0.080005
621.695762	0.104797
622.385769	0.130202
623.075775	0.154604
623.765781	0.176413
624.455788	0.194329
625.145794	0.207526
625.835801	0.215713
626.525807	0.219095
627.215813	0.218251
627.905820	0.213994
628.595826	0.207240
629.285833	0.198918
629.975839	0.189910
630.665845	0.181009
631.355852	0.172879
632.045858	0.166003
632.735865	0.160625
633.425871	0.156691
634.115877	0.153827
634.805884	0.151352
635.495890	0.148377
636.185897	0.143959
636.875903	0.137300
637.565909	0.127953
638.255916	0.115981
638.945922	0.102014
639.635928	0.087201
640.325935	0.073044
641.015941	0.061161
641.705948	0.053030
642.395954	0.049754
643.085960	0.051912
643.775967	0.059495
644.465973	0.071931
645.155980	0.088189
645.845986	0.106935
646.535992	0.126695
647.225999	0.146019
647.916005	0.163610
648.606012	0.178413
649.296018	0.189648
649.986024	0.196812
650.676031	0.199643
651.366037	0.198073
652.056044	0.192175
652.746050	0.182118
653.436056	0.168142
654.126063	0.150537
654.816069	0.129647
655.506076	0.105885
656.196082	0.079754
656.886088	0.051870
657.576095	0.022976
658.266101	-0.006056
658.956108	-0.034254
659.646114	-0.060582
660.336120	-0.084003
661.026127	-0.103548
661.716133	-0.118384
662.406140	-0.127867
663.096146	-0.131580
663.786152	-0.129345
664.476159	-0.121221
665.166165	-0.107480
665.856172	-0.088591
666.546178	-0.065201
667.236184	-0.038113
667.926191	-0.008267
668.616197	0.023293
669.306203	0.055478
669.996210	0.087214
670.686216	0.117517
671.376223	0.145550
672.066229	0.170654
672.756235	0.192356
673.446242	0.210345
674.136248	0.224447
674.826255	0.234603
675.516261	0.240866
676.206267	0.243414
676.896274	0.242576
677.586280	0.238845
678.276287	0.232884
678.966293	0.225494
679.656299	0.217560
680.346306	0.209964
681.036312	0.203483
681.726319	0.198682
682.416325	0.195821
683.106331	0.194799
683.796338	0.195155
684.486344	0.196140
685.176351	0.196841
685.866357	0.196351
686.556363	0.193940
687.246370	0.189190
687.936376	0.182079
688.626383	0.172971
689.316389	0.162554
690.006395	0.151702
690.696402	0.141317
691.386408	0.132152
692.076415	0.124660
692.766421	0.118866
693.456427	0.114314
694.146434	0.110076
694.836440	0.104846
695.526447	0.097123
696.216453	0.085470
696.906459	0.068795
697.596466	0.046636
698.286472	0.019353
698.976478	-0.011814
699.666485	-0.044865
700.356491	-0.077312
701.046498	-0.106564
701.736504	-0.130337
702.426510	-0.146977
703.116517	-0.155641
703.806523	-0.156313
704.496530	-0.149658
705.186536	-0.136802
705.876542	-0.119084
706.566549	-0.097859
707.256555	-0.074367
707.946562	-0.049675
708.636568	-0.024671
709.326574	-0.000085
710.016581	0.023486
710.706587	0.045575
711.396594	0.065838
712.086600	0.084065
712.776606	0.100175
713.466613	0.114191
714.156619	0.126174
714.846626	0.136141
715.536632	0.143978
716.226638	0.149395
716.916645	0.151951
717.606651	0.151183
718.296658	0.146804
718.986664	0.138917
719.676670	0.128166
720.366677	0.115741
721.056683	0.103199
721.746690	0.092145
722.436696	0.083859
723.126702	0.078992
723.816709	0.077459
724.506715	0.078544
725.196722	0.081210
725.886728	0.084461
726.576734	0.087637
727.266741	0.090528
727.956747	0.093261
728.646753	0.096048
729.336760	0.098899
730.026766	0.101445
730.716773	0.102949
731.406779	0.102516
732.096785	0.099406
732.786792	0.093335
733.476798	0.084650
734.166805	0.074307
734.856811	0.063675
735.546817	0.054232
736.236824	0.047246
736.926830	0.043533
737.616837	0.043321
738.306843	0.046237
738.996849	0.051370
739.686856	0.057390
740.376862	0.062695
741.066869	0.065545
741.756875	0.064200
742.446881	0.057050
743.136888	0.042723
743.826894	0.020179
744.516901	-0.011204
745.206907	-0.051571
745.896913	-0.100517
746.586920	-0.157042
747.276926	-0.219527
747.966933	-0.285773
748.656939	-0.353122
749.346945	-0.418670
750.036952	-0.479549
750.726958	-0.533233
751.416965	-0.577808
752.106971	-0.612156
752.796977	-0.636018
753.486984	-0.649957
754.176990	-0.655225
754.866997	-0.653589
755.557003	-0.647135
756.247009	-0.638080
756.937016	-0.628574
757.627022	-0.620496
758.317028	-0.615235
759.007035	-0.613467
759.697041	-0.614968
760.387048	-0.618499
761.077054	-0.621818
761.767060	-0.621829
762.457067	-0.614870
763.147073	-0.597084
763.837080	-0.564843
764.527086	-0.515152
765.217092	-0.446007
765.907099	-0.356696
766.597105	-0.248026
767.287112	-0.122461
767.977118	0.015849
768.667124	0.161207
769.357131	0.306693
770.047137	0.444705
770.737144	0.567671
771.427150	0.668822
772.117156	0.742910
772.807163	0.786706
773.497169	0.799191
774.187176	0.781411
774.877182	0.736050
775.567188	0.666853
776.257195	0.578039
776.947201	0.473828
777.637208	0.358152
778.327214	0.234536
779.017220	0.106117
779.707227	-0.024274
780.397233	-0.154014
781.087240	-0.280583
781.777246	-0.401463
782.467252	-0.514031
783.157259	-0.615444
783.847265	-0.702577
784.537272	-0.772070
785.227278	-0.820549
785.917284	-0.845032
786.607291	-0.843461
787.297297	-0.815239
787.987303	-0.761602
788.677310	-0.685688
789.367316	-0.592256
790.057323	-0.487107
790.747329	-0.376357
791.437335	-0.265731
792.127342	-0.160053
792.817348	-0.062987
793.507355	0.022987
794.197361	0.096441
794.887367	0.156791
795.577374	0.204125
796.267380	0.239041
796.957387	0.262510
797.647393	0.275737
798.337399	0.280000
799.027406	0.276493
799.717412	0.266201
800.407419	0.249856
801.097425	0.227974
801.787431	0.200983
802.477438	0.169368
803.167444	0.133819
803.857451	0.095309
804.547457	0.055099
805.237463	0.014665
805.927470	-0.024418
806.617476	-0.060614
807.307483	-0.092541
807.997489	-0.119074
808.687495	-0.139414
809.377502	-0.153128
810.067508	-0.160170
810.757515	-0.160857
811.447521	-0.155799
812.137527	-0.145792
812.827534	-0.131670
813.517540	-0.114183
814.207547	-0.093918
814.897553	-0.071312
815.587559	-0.046754
816.277566	-0.020745
816.967572	0.005958
817.657578	0.032288
818.347585	0.056934
819.037591	0.078550
819.727598	0.096039
820.417604	0.108814
821.107610	0.116954
821.797617	0.121194
822.487623	0.122737
823.177630	0.122960
823.867636	0.123097
824.557642	0.123992
825.247649	0.125999
825.937655	0.129015
826.627662	0.132642
827.317668	0.136382
828.007674	0.139819
828.697681	0.142738
829.387687	0.145144
830.077694	0.147221
830.767700	0.149236
831.457706	0.151442
832.147713	0.153994
832.837719	0.156907
833.527726	0.160039
834.217732	0.163106
834.907738	0.165706
835.597745	0.167344
836.287751	0.167462
836.977758	0.165472
837.667764	0.160818
838.357770	0.153051
839.047777	0.141934
839.737783	0.127527
840.427790	0.110245
841.117796	0.090848
841.807802	0.070359
842.497809	0.049926
843.187815	0.030656
843.877822	0.013476
844.567828	-0.000953
845.257834	-0.012257
845.947841	-0.020293
846.637847	-0.025072
847.327853	-0.026667
848.017860	-0.025151
848.707866	-0.020561
849.397873	-0.012915
850.087879	-0.002250
850.777885	0.011310
851.467892	0.027499
852.157898	0.045849
852.847905	0.065686
853.537911	0.086156
854.227917	0.106306
854.917924	0.125193
855.607930	0.142003
856.297937	0.156152
856.987943	0.167337
857.677949	0.175544
858.367956	0.180983
859.057962	0.184002
859.747969	0.184974
860.437975	0.184208
861.127981	0.181883
861.817988	0.178043
862.507994	0.172637
863.198001	0.165594
863.888007	0.156921
864.578013	0.146782
865.268020	0.135534
865.958026	0.123716
866.648033	0.111975
867.338039	0.100956
868.028045	0.091177
868.718052	0.082931
869.408058	0.076224
870.098065	0.070765
870.788071	0.066019
871.478077	0.061288
872.168084	0.055820
872.858090	0.048930
873.548097	0.040109
874.238103	0.029123
874.928109	0.016086
875.618116	0.001501
876.308122	-0.013749
876.998128	-0.028462
877.688135	-0.041255
878.378141	-0.050746
879.068148	-0.055772
879.758154	-0.055596
880.448160	-0.050050
881.138167	-0.039577
881.828173	-0.025145
882.518180	-0.008068
883.208186	0.010246
883.898192	0.028537
884.588199	0.045860
885.278205	0.061653
885.968212	0.075697
886.658218	0.087993
887.348224	0.098626
888.038231	0.107644
888.728237	0.115015
889.418244	0.120637
890.108250	0.124407
890.798256	0.126290
891.488263	0.126375
892.178269	0.124889
892.868276	0.122173
893.558282	0.118621
894.248288	0.114616
894.938295	0.110464
895.628301	0.106335
896.318308	0.102236
897.008314	0.098007
897.698320	0.093348
898.388327	0.087891
899.078333	0.081291
899.768340	0.073330
900.458346	0.064014
901.148352	0.053624
901.838359	0.042719
902.528365	0.032078
903.218372	0.022594
903.908378	0.015147
904.598384	0.010478
905.288391	0.009094
905.978397	0.011233
906.668403	0.016875
907.358410	0.025802
908.048416	0.037684
908.738423	0.052143
909.428429	0.068780
910.118435	0.087147
910.808442	0.106669
911.498448	0.126566
912.188455	0.145802
912.878461	0.163119
913.568467	0.177163
914.258474	0.186677
914.948480	0.190718
915.638487	0.188832
916.328493	0.181150
917.018499	0.168364
917.708506	0.151618
918.398512	0.132339
919.088519	0.112057
919.778525	0.092253
920.468531	0.074240
921.158538	0.059097
921.848544	0.047615
922.538551	0.040275
923.228557	0.037223
923.918563	0.038259
924.608570	0.042844
925.298576	0.050126
925.988583	0.059003
926.678589	0.068214
927.368595	0.076462
928.058602	0.082562
928.748608	0.085602
929.438615	0.085091
930.128621	0.081068
930.818627	0.074146
931.508634	0.065449
932.198640	0.056451
932.888647	0.048720
933.578653	0.043629
934.268659	0.042086
934.958666	0.044359
935.648672	0.050048
936.338678	0.058203
937.028685	0.067561
937.718691	0.076845
938.408698	0.085028
939.098704	0.091513
939.788710	0.096180
940.478717	0.099318
941.168723	0.101460
941.858730	0.103195
942.548736	0.105016
943.238742	0.107240
943.928749	0.110010
944.618755	0.113376
945.308762	0.117405
945.998768	0.122256
946.688774	0.128206
947.378781	0.135575
948.068787	0.144570
948.758794	0.155082
949.448800	0.166506
950.138806	0.177639
950.828813	0.186724
951.518819	0.191661
952.208826	0.190368
952.898832	0.181204
953.588838	0.163362
954.278845	0.137117
954.968851	0.103835
955.658858	0.065749
956.348864	0.025550
957.038870	-0.014085
957.728877	-0.050886
958.418883	-0.083208
959.108890	-0.110047
959.798896	-0.130878
960.488902	-0.145436
961.178909	-0.153532
961.868915	-0.154976
962.558922	-0.149628
963.248928	-0.137528
963.938934	-0.119030
964.628941	-0.094868
965.318947	-0.066120
966.008953	-0.034087
966.698960	-0.000113
967.388966	0.034576
968.078973	0.068985
968.768979	0.102370
969.458985	0.134208
970.148992	0.164099
970.838998	0.191666
971.529005	0.216446
972.219011	0.237818
972.909017	0.254963
973.599024	0.266895
974.289030	0.272558
974.979037	0.271001
975.669043	0.261596
976.359049	0.244257
977.049056	0.219584
977.739062	0.188883
978.429069	0.154031
979.119075	0.117203
979.809081	0.080523
980.499088	0.045722
981.189094	0.013878
981.879101	-0.014710
982.569107	-0.040512
983.259113	-0.064625
983.949120	-0.088566
984.639126	-0.114005
985.329133	-0.142512
986.019139	-0.175313
986.709145	-0.213124
987.399152	-0.256061
988.089158	-0.303665
988.779165	-0.355021
989.469171	-0.408938
990.159177	-0.464121
990.849184	-0.519291
991.539190	-0.573191
992.229197	-0.624514
992.919203	-0.671770
993.609209	-0.713170
994.299216	-0.746585
994.989222	-0.769617
995.679228	-0.779779
996.369235	-0.774775
997.059241	-0.752817
997.749248	-0.712945
998.439254	-0.655283
999.129260	-0.581201
999.819267	-0.493332
1000.509273	-0.395435
1001.199280	-0.292099
1001.889286	-0.188321
1002.579292	-0.089029
1003.269299	0.001396
1003.959305	0.079495
1004.649312	0.142971
1005.339318	0.190738
1006.029324	0.222827
1006.719331	0.240189
1007.409337	0.244452
1008.099344	0.237700
1008.789350	0.222292
1009.479356	0.200733
1010.169363	0.175554
1010.859369	0.149186
1011.549376	0.123797
1012.239382	0.101124
1012.929388	0.082300
1013.619395	0.067756
1014.309401	0.057195
1014.999408	0.049681
1015.689414	0.043812
1016.379420	0.037937
1017.069427	0.030380
1017.759433	0.019617
1018.449440	0.004389
1019.139446	-0.016248
1019.829452	-0.042918
1020.519459	-0.075901
1021.209465	-0.115094
1021.899472	-0.159922
1022.589478	-0.209227
1023.279484	-0.261204
1023.969491	-0.313420
1024.659497	-0.362978
1025.349503	-0.406814
1026.039510	-0.442087
1026.729516	-0.466566
1027.419523	-0.478898
1028.109529	-0.478715
1028.799535	-0.466535
1029.489542	-0.443520
1030.179548	-0.411198
1030.869555	-0.371224
1031.559561	-0.325273
1032.249567	-0.275052
1032.939574	-0.222384
1033.629580	-0.169279
1034.319587	-0.117917
1035.009593	-0.070521
1035.699599	-0.029143
1036.389606	0.004563
1037.079612	0.029500
1037.769619	0.045177
1038.459625	0.051640
1039.149631	0.049345
1039.839638	0.039041
1040.529644	0.021715
1041.219651	-0.001382
1041.909657	-0.028663
1042.599663	-0.058163
1043.289670	-0.087582
1043.979676	-0.114455
1044.669683	-0.136406
1045.359689	-0.151439
1046.049695	-0.158178
1046.739702	-0.156004
1047.429708	-0.145071
1048.119715	-0.126223
1048.809721	-0.100849
1049.499727	-0.070716
1050.189734	-0.037799
1050.879740	-0.004105
1051.569747	0.028502
1052.259753	0.058478
1052.949759	0.084734
1053.639766	0.106706
1054.329772	0.124326
1055.019778	0.137896
1055.709785	0.147889
1056.399791	0.154734
1057.089798	0.158640
1057.779804	0.159521
1058.469810	0.157010
1059.159817	0.150584
1059.849823	0.139740
1060.539830	0.124199
1061.229836	0.104077
1061.919842	0.080000
