0.000000	0.088920
0.690002	0.076250
1.380005	0.064750
2.070007	0.055930
2.760009	0.051280
3.450011	0.052000
4.140014	0.058820
4.830016	0.071890
5.520018	0.090730
6.210021	0.114260
6.900023	0.140800
7.590025	0.168290
8.280028	0.194360
8.970030	0.216700
9.660032	0.233280
10.350034	0.242790
11.040037	0.244830
11.730039	0.240060
12.420041	0.229950
13.110044	0.216470
13.800046	0.201440
14.490048	0.186070
15.180050	0.170600
15.870053	0.154320
16.560055	0.135920
17.250057	0.113950
17.940060	0.087460
18.630062	0.056330
19.320064	0.021390
20.010067	-0.015720
20.700069	-0.053020
21.390071	-0.088610
22.080073	-0.121040
22.770076	-0.149590
23.460078	-0.174210
24.150080	-0.195420
24.840083	-0.214020
25.530085	-0.230960
26.220087	-0.247060
26.910089	-0.263010
27.600092	-0.279380
28.290094	-0.296630
28.980096	-0.315190
29.670099	-0.335460
30.360101	-0.357840
31.050103	-0.382620
31.740106	-0.409870
32.430108	-0.439290
33.120110	-0.470130
33.810112	-0.501100
34.500115	-0.530360
35.190117	-0.555710
35.880119	-0.574750
36.570122	-0.585230
37.260124	-0.585260
37.950126	-0.573620
38.640129	-0.549880
39.330131	-0.514490
40.020133	-0.468740
40.710135	-0.414700
41.400138	-0.355080
42.090140	-0.293030
42.780142	-0.231920
43.470145	-0.175120
44.160147	-0.125650
44.850149	-0.085950
45.540151	-0.057710
46.230154	-0.041720
46.920156	-0.037940
47.610158	-0.045640
48.300161	-0.063610
48.990163	-0.090400
49.680165	-0.124510
50.370168	-0.164490
51.060170	-0.209000
51.750172	-0.256740
52.440174	-0.306460
53.130177	-0.356910
53.820179	-0.406830
54.510181	-0.454980
55.200184	-0.500120
55.890186	-0.541040
56.580188	-0.576470
57.270190	-0.605010
57.960193	-0.625010
58.650195	-0.634650
59.340197	-0.631950
60.030200	-0.615110
60.720202	-0.582870
61.410204	-0.534890
62.100207	-0.472130
62.790209	-0.396990
63.480211	-0.313190
64.170213	-0.225350
64.860216	-0.138430
65.550218	-0.057070
66.240220	0.014930
66.930223	0.075000
67.620225	0.121780
68.310227	0.155060
69.000229	0.175490
69.690232	0.184380
70.380234	0.183450
71.070236	0.174760
71.760239	0.160670
72.450241	0.143720
73.140243	0.126610
73.830246	0.111950
74.520248	0.102090
75.210250	0.098860
75.900252	0.103320
76.590255	0.115620
77.280257	0.134920
77.970259	0.159470
78.660262	0.186740
79.350264	0.213800
80.040266	0.237660
80.730268	0.255750
81.420271	0.266240
82.110273	0.268340
82.800275	0.262340
83.490278	0.249490
84.180280	0.231740
84.870282	0.211340
85.560285	0.190480
86.250287	0.170980
86.940289	0.154140
87.630291	0.140640
88.320294	0.130630
89.010296	0.123800
89.700298	0.119540
90.390301	0.117040
91.080303	0.115340
91.770305	0.113510
92.460307	0.110620
93.150310	0.105890
93.840312	0.098720
94.530314	0.088770
95.220317	0.076040
95.910319	0.060910
96.600321	0.044160
97.290324	0.026950
97.980326	0.010720
98.670328	-0.002990
99.360330	-0.012760
100.050333	-0.017470
100.740335	-0.016550
101.430337	-0.010060
102.120340	0.001270
102.810342	0.016150
103.500344	0.033020
104.190347	0.050150
104.880349	0.066050
105.570351	0.079560
106.260353	0.089980
106.950356	0.097100
107.640358	0.101080
108.330360	0.102360
109.020363	0.101470
109.710365	0.098980
110.400367	0.095390
111.090369	0.091150
111.780372	0.086620
112.470374	0.082130
113.160376	0.078020
113.850379	0.074620
114.540381	0.072260
115.230383	0.071260
115.920386	0.071850
116.610388	0.074130
117.300390	0.078060
117.990392	0.083430
118.680395	0.089860
119.370397	0.096900
120.060399	0.104070
120.750402	0.110910
121.440404	0.117060
122.130406	0.122230
122.820408	0.126220
123.510411	0.128900
124.200413	0.130150
124.890415	0.129930
125.580418	0.128290
126.270420	0.125390
126.960422	0.121530
127.650425	0.117170
128.340427	0.112850
129.030429	0.109130
129.720431	0.106490
130.410434	0.105200
131.100436	0.105280
131.790438	0.106460
132.480441	0.108220
133.170443	0.109900
133.860445	0.110750
134.550447	0.110130
135.240450	0.107520
135.930452	0.102630
136.620454	0.095420
137.310457	0.086160
138.000459	0.075400
138.690461	0.064020
139.380464	0.053140
140.070466	0.044100
140.760468	0.038230
141.450470	0.036710
142.140473	0.040260
142.830475	0.049030
143.520477	0.062470
144.210480	0.079370
144.900482	0.098030
145.590484	0.116480
146.280486	0.132800
146.970489	0.145390
147.660491	0.153090
148.350493	0.155340
149.040496	0.152150
149.730498	0.143980
150.420500	0.131710
151.110503	0.116430
151.800505	0.099390
152.490507	0.081880
153.180509	0.065130
153.870512	0.050240
154.560514	0.038100
155.250516	0.029330
155.940519	0.024260
156.630521	0.022910
157.320523	0.025060
158.010525	0.030270
158.700528	0.038000
159.390530	0.047610
160.080532	0.058450
160.770535	0.069830
161.460537	0.081090
162.150539	0.091540
162.840542	0.100520
163.530544	0.107430
164.220546	0.111750
164.910548	0.113100
165.600551	0.111270
166.290553	0.106230
166.980555	0.098130
167.670558	0.087260
168.360560	0.074110
169.050562	0.059280
169.740565	0.043540
170.430567	0.027730
171.120569	0.012750
171.810571	-0.000530
172.500574	-0.011440
173.190576	-0.019470
173.880578	-0.024360
174.570581	-0.026090
175.260583	-0.024810
175.950585	-0.020770
176.640587	-0.014280
177.330590	-0.005710
178.020592	0.004540
178.710594	0.015930
179.400597	0.027910
180.090599	0.039810
180.780601	0.051050
181.470604	0.061150
182.160606	0.069890
182.850608	0.077320
183.540610	0.083740
184.230613	0.089640
184.920615	0.095540
185.610617	0.101850
186.300620	0.108720
186.990622	0.116040
187.680624	0.123360
188.370626	0.130070
189.060629	0.135460
189.750631	0.138940
190.440633	0.140140
191.130636	0.138990
191.820638	0.135770
192.510640	0.131040
193.200643	0.125590
193.890645	0.120300
194.580647	0.116000
195.270649	0.113380
195.960652	0.112910
196.650654	0.114680
197.340656	0.118480
198.030659	0.123720
198.720661	0.129520
199.410663	0.134860
200.100665	0.138710
200.790668	0.140210
201.480670	0.138820
202.170672	0.134380
202.860675	0.127120
203.550677	0.117580
204.240679	0.106500
204.930682	0.094640
205.620684	0.082750
206.310686	0.071440
207.000688	0.061220
207.690691	0.052470
208.380693	0.045540
209.070695	0.040750
209.760698	0.038430
210.450700	0.038890
211.140702	0.042390
211.830704	0.049100
212.520707	0.058960
213.210709	0.071680
213.900711	0.086640
214.590714	0.102870
215.280716	0.119120
215.970718	0.133980
216.660721	0.146010
217.350723	0.153930
218.040725	0.156810
218.730727	0.154140
219.420730	0.145980
220.110732	0.132900
220.800734	0.115950
221.490737	0.096570
222.180739	0.076470
222.870741	0.057430
223.560743	0.041130
224.250746	0.028940
224.940748	0.021770
225.630750	0.019930
226.320753	0.023130
227.010755	0.030540
227.700757	0.040950
228.390760	0.052940
229.080762	0.065170
229.770764	0.076550
230.460766	0.086400
231.150769	0.094550
231.840771	0.101320
232.530773	0.107390
233.220776	0.113530
233.910778	0.120400
234.600780	0.128270
235.290782	0.136860
235.980785	0.145390
236.670787	0.152790
237.360789	0.157960
238.050792	0.160240
238.740794	0.159600
239.430796	0.156760
240.120799	0.153080
240.810801	0.150190
241.500803	0.149570
242.190805	0.152150
242.880808	0.158090
243.570810	0.166690
244.260812	0.176610
244.950815	0.186200
245.640817	0.193820
246.330819	0.198200
247.020822	0.198590
247.710824	0.194760
248.400826	0.186910
249.090828	0.175370
249.780831	0.160400
250.470833	0.141990
251.160835	0.119860
251.850838	0.093550
252.540840	0.062680
253.230842	0.027250
253.920844	-0.012120
254.610847	-0.054100
255.300849	-0.096630
255.990851	-0.137180
256.680854	-0.173100
257.370856	-0.201980
258.060858	-0.221970
258.750861	-0.232070
259.440863	-0.232220
260.130865	-0.223320
260.820867	-0.207200
261.510870	-0.186480
262.200872	-0.164350
262.890874	-0.144340
263.580877	-0.129980
264.270879	-0.124430
264.960881	-0.130100
265.650883	-0.148290
266.340886	-0.179060
267.030888	-0.221210
267.720890	-0.272530
268.410893	-0.330140
269.100895	-0.390910
269.790897	-0.451840
270.480900	-0.510210
271.170902	-0.563590
271.860904	-0.609720
272.550906	-0.646300
273.240909	-0.670910
273.930911	-0.681010
274.620913	-0.674250
275.310916	-0.648820
276.000918	-0.603900
276.690920	-0.540160
277.380922	-0.459960
278.070925	-0.367400
278.760927	-0.268040
279.450929	-0.168350
280.140932	-0.074940
280.830934	0.006180
281.520936	0.070410
282.210939	0.114920
282.900941	0.138930
283.590943	0.143550
284.280945	0.131380
284.970948	0.106000
285.660950	0.071340
286.350952	0.031210
287.040955	-0.011090
287.730957	-0.053010
288.420959	-0.092770
289.110961	-0.129310
289.800964	-0.162240
290.490966	-0.191640
291.180968	-0.218010
291.870971	-0.242060
292.560973	-0.264640
293.250975	-0.286550
293.940978	-0.308470
294.630980	-0.330730
295.320982	-0.353280
296.010984	-0.375560
296.700987	-0.396520
297.390989	-0.414740
298.080991	-0.428660
298.770994	-0.436830
299.460996	-0.438330
300.150998	-0.433000
300.841000	-0.421570
301.531003	-0.405560
302.221005	-0.386940
302.911007	-0.367580
303.601010	-0.348720
304.291012	-0.330520
304.981014	-0.311930
305.671017	-0.290920
306.361019	-0.264980
307.051021	-0.231810
307.741023	-0.189970
308.431026	-0.139340
309.121028	-0.081260
309.811030	-0.018350
310.501033	0.045860
311.191035	0.107570
311.881037	0.163120
312.571040	0.209430
313.261042	0.244330
313.951044	0.266600
314.641046	0.276040
315.331049	0.273360
316.021051	0.260020
316.711053	0.238110
317.401056	0.210070
318.091058	0.178460
318.781060	0.145760
319.471062	0.114140
320.161065	0.085330
320.851067	0.060460
321.541069	0.040080
322.231072	0.024150
322.921074	0.012120
323.611076	0.003100
324.301079	-0.003990
324.991081	-0.010060
325.681083	-0.015670
326.371085	-0.020830
327.061088	-0.024890
327.751090	-0.026650
328.441092	-0.024620
329.131095	-0.017390
329.821097	-0.004010
330.511099	0.015580
331.201101	0.040470
331.891104	0.068690
332.581106	0.097570
333.271108	0.124110
333.961111	0.145530
334.651113	0.159730
335.341115	0.165680
336.031118	0.163470
336.721120	0.154310
337.411122	0.140190
338.101124	0.123560
338.791127	0.106910
339.481129	0.092530
340.171131	0.082210
340.861134	0.077190
341.551136	0.078040
342.241138	0.084750
342.931140	0.096700
343.621143	0.112790
344.311145	0.131520
345.001147	0.151230
345.691150	0.170210
346.381152	0.186950
347.071154	0.200270
347.761157	0.209360
348.451159	0.213800
349.141161	0.213500
349.831163	0.208600
350.521166	0.199430
351.211168	0.186500
351.901170	0.170510
352.591173	0.152340
353.281175	0.133070
353.971177	0.113930
354.661179	0.096160
355.351182	0.080870
356.041184	0.068950
356.731186	0.060850
357.421189	0.056610
358.111191	0.055800
358.801193	0.057640
359.491196	0.061060
360.181198	0.064960
360.871200	0.068350
361.561202	0.070560
362.251205	0.071320
362.941207	0.070860
363.631209	0.069760
364.321212	0.068890
365.011214	0.069110
365.701216	0.071140
366.391218	0.075340
367.081221	0.081680
367.771223	0.089760
368.461225	0.098910
369.151228	0.108380
369.841230	0.117420
370.531232	0.125450
371.221235	0.132020
371.911237	0.136780
372.601239	0.139420
373.291241	0.139610
373.981244	0.136980
374.671246	0.131230
375.361248	0.122200
376.051251	0.109980
376.741253	0.095050
377.431255	0.078270
378.121258	0.060830
378.811260	0.044120
379.501262	0.029570
380.191264	0.018430
380.881267	0.011620
381.571269	0.009620
382.261271	0.012460
382.951274	0.019760
383.641276	0.030790
384.331278	0.044680
385.021280	0.060500
385.711283	0.077410
386.401285	0.094690
387.091287	0.111730
387.781290	0.128050
388.471292	0.143190
389.161294	0.156700
389.851297	0.168050
390.541299	0.176730
391.231301	0.182210
391.921303	0.184030
392.611306	0.181810
393.301308	0.175330
393.991310	0.164550
394.681313	0.149600
395.371315	0.130840
396.061317	0.108860
396.751319	0.084460
397.441322	0.058630
398.131324	0.032520
398.821326	0.007350
399.511329	-0.015680
400.201331	-0.035520
400.891333	-0.051320
401.581336	-0.062480
402.271338	-0.068760
402.961340	-0.070190
403.651342	-0.067080
404.341345	-0.059980
405.031347	-0.049560
405.721349	-0.036620
406.411352	-0.021990
407.101354	-0.006490
407.791356	0.009080
408.481358	0.024040
409.171361	0.037830
409.861363	0.050080
410.551365	0.060700
411.241368	0.069820
411.931370	0.077830
412.621372	0.085270
413.311375	0.092750
414.001377	0.100790
414.691379	0.109760
415.381381	0.119750
416.071384	0.130560
416.761386	0.141730
417.451388	0.152530
418.141391	0.162130
418.831393	0.169640
419.521395	0.174240
420.211397	0.175350
420.901400	0.172650
421.591402	0.166200
422.281404	0.156380
422.971407	0.143840
423.661409	0.129410
424.351411	0.113950
425.041414	0.098270
425.731416	0.083070
426.421418	0.068920
427.111420	0.056320
427.801423	0.045690
428.491425	0.037430
429.181427	0.031880
429.871430	0.029280
430.561432	0.029680
431.251434	0.032910
431.941436	0.038550
432.631439	0.045970
433.321441	0.054390
434.011443	0.062990
434.701446	0.071040
435.391448	0.078040
436.081450	0.083740
436.771453	0.088240
437.461455	0.091870
438.151457	0.095210
438.841459	0.098870
439.531462	0.103440
440.221464	0.109350
440.911466	0.116740
441.601469	0.125490
442.291471	0.135160
442.981473	0.145070
443.671476	0.154370
444.361478	0.162140
445.051480	0.167510
445.741482	0.169740
446.431485	0.168420
447.121487	0.163450
447.811489	0.155170
448.501492	0.144300
449.191494	0.131880
449.881496	0.119120
450.571498	0.107250
451.261501	0.097400
451.951503	0.090470
452.641505	0.087080
453.331508	0.087580
454.021510	0.092080
454.711512	0.100480
455.401515	0.112450
456.091517	0.127360
456.781519	0.144300
457.471521	0.161930
458.161524	0.178620
458.851526	0.192460
459.541528	0.201550
460.231531	0.204320
460.921533	0.199810
461.611535	0.187990
462.301537	0.169880
462.991540	0.147460
463.681542	0.123370
464.371544	0.100420
465.061547	0.081060
465.751549	0.066910
466.441551	0.058500
467.131554	0.055230
467.821556	0.055620
468.511558	0.057640
469.201560	0.059220
469.891563	0.058640
470.581565	0.054840
471.271567	0.047600
471.961570	0.037540
472.651572	0.025950
473.341574	0.014490
474.031576	0.004840
474.721579	-0.001670
475.411581	-0.004300
476.101583	-0.002950
476.791586	0.001890
477.481588	0.009400
478.171590	0.018790
478.861593	0.029500
479.551595	0.041350
480.241597	0.054500
480.931599	0.069230
481.621602	0.085730
482.311604	0.103860
483.001606	0.123100
483.691609	0.142500
484.381611	0.160880
485.071613	0.177020
485.761615	0.189790
486.451618	0.198300
487.141620	0.201960
487.831622	0.200420
488.521625	0.193520
489.211627	0.181310
489.901629	0.163980
490.591632	0.141940
491.281634	0.115910
491.971636	0.086980
492.661638	0.056650
493.351641	0.026730
494.041643	-0.000740
494.731645	-0.023820
495.421648	-0.040810
496.111650	-0.050560
496.801652	-0.052630
497.491654	-0.047420
498.181657	-0.036160
498.871659	-0.020870
499.561661	-0.004220
500.251664	0.010600
500.941666	0.020170
501.631668	0.021040
502.321671	0.010180
503.011673	-0.014680
503.701675	-0.054730
504.391677	-0.109790
505.081680	-0.178240
505.771682	-0.257170
506.461684	-0.342730
507.151687	-0.430500
507.841689	-0.515990
508.531691	-0.595040
509.221694	-0.664050
509.911696	-0.720160
510.601698	-0.761240
511.291700	-0.785900
511.981703	-0.793380
512.671705	-0.783560
513.361707	-0.756930
514.051710	-0.714600
514.741712	-0.658350
515.431714	-0.590610
516.121716	-0.514410
516.811719	-0.433270
517.501721	-0.350950
518.191723	-0.271190
518.881726	-0.197410
519.571728	-0.132390
520.261730	-0.078160
520.951733	-0.035800
521.641735	-0.005540
522.331737	0.013190
523.021739	0.021610
523.711742	0.021290
524.401744	0.014000
525.091746	0.001470
525.781749	-0.014790
526.471751	-0.033530
527.161753	-0.053820
527.851755	-0.075040
528.541758	-0.096770
529.231760	-0.118760
529.921762	-0.140840
530.611765	-0.162940
531.301767	-0.185010
531.991769	-0.207010
532.681772	-0.228950
533.371774	-0.250840
534.061776	-0.272700
534.751778	-0.294530
535.441781	-0.316300
536.131783	-0.337870
536.821785	-0.358940
537.511788	-0.378910
538.201790	-0.396810
538.891792	-0.411270
539.581794	-0.420560
540.271797	-0.422810
540.961799	-0.416390
541.651801	-0.400270
542.341804	-0.374460
543.031806	-0.340100
543.721808	-0.299410
544.411811	-0.255220
545.101813	-0.210370
545.791815	-0.167040
546.481817	-0.126360
547.171820	-0.088270
547.861822	-0.051930
548.551824	-0.016280
549.241827	0.019230
549.931829	0.054230
550.621831	0.087260
551.311833	0.116130
552.001836	0.138490
552.691838	0.152560
553.381840	0.157680
554.071843	0.154500
554.761845	0.144840
555.451847	0.131220
556.141850	0.116220
556.831852	0.101920
557.521854	0.089530
558.211856	0.079300
558.901859	0.070800
559.591861	0.063270
560.281863	0.056140
560.971866	0.049360
561.661868	0.043510
562.351870	0.039630
563.041872	0.038900
563.731875	0.042140
564.421877	0.049520
565.111879	0.060380
565.801882	0.073350
566.491884	0.086670
567.181886	0.098610
567.871889	0.107890
568.561891	0.113900
569.251893	0.116790
569.941895	0.117290
570.631898	0.116480
571.321900	0.115510
572.011902	0.115310
572.701905	0.116430
573.391907	0.118900
574.081909	0.122270
574.771911	0.125630
575.461914	0.127730
576.151916	0.127190
576.841918	0.122640
577.531921	0.113060
578.221923	0.097910
578.911925	0.077330
579.601928	0.052230
580.291930	0.024280
580.981932	-0.004180
581.671934	-0.030400
582.361937	-0.051390
583.051939	-0.064330
583.741941	-0.066890
584.431944	-0.057640
585.121946	-0.036290
585.811948	-0.003850
586.501951	0.037390
587.191953	0.084230
587.881955	0.132920
588.571957	0.179730
589.261960	0.221470
589.951962	0.255810
590.641964	0.281440
591.331967	0.298000
592.021969	0.305850
592.711971	0.305800
593.401973	0.298850
594.091976	0.286010
594.781978	0.268230
595.471980	0.246460
596.161983	0.221660
596.851985	0.194890
597.541987	0.167260
598.231990	0.139910
598.921992	0.113860
599.611994	0.089930
600.301996	0.068550
600.991999	0.049820
601.682001	0.033460
602.372003	0.018990
603.062006	0.005860
603.752008	-0.006290
604.442010	-0.017510
605.132012	-0.027410
605.822015	-0.035250
606.512017	-0.040050
607.202019	-0.040840
607.892022	-0.036970
608.582024	-0.028230
609.272026	-0.014990
609.962029	0.001930
610.652031	0.021400
611.342033	0.042260
612.032035	0.063480
612.722038	0.084280
613.412040	0.104110
614.102042	0.122480
614.792045	0.138920
615.482047	0.152750
616.172049	0.163200
616.862051	0.169430
617.552054	0.170780
618.242056	0.167010
618.932058	0.158390
619.622061	0.145830
620.312063	0.130740
621.002065	0.114820
621.692068	0.099750
622.382070	0.086910
623.072072	0.077150
623.762074	0.070710
624.452077	0.067250
625.142079	0.066060
625.832081	0.066250
626.522084	0.066990
627.212086	0.067650
627.902088	0.067900
628.592090	0.067720
629.282093	0.067280
629.972095	0.066880
630.662097	0.066800
631.352100	0.067260
632.042102	0.068310
632.732104	0.069880
633.422107	0.071810
634.112109	0.073890
634.802111	0.075980
635.492113	0.078000
636.182116	0.080030
636.872118	0.082200
637.562120	0.084670
638.252123	0.087540
638.942125	0.090720
639.632127	0.093900
640.322129	0.096550
641.012132	0.098040
641.702134	0.097760
642.392136	0.095270
643.082139	0.090430
643.772141	0.083460
644.462143	0.074840
645.152146	0.065260
645.842148	0.055420
646.532150	0.045940
647.222152	0.037270
647.912155	0.029690
648.602157	0.023310
649.292159	0.018190
649.982162	0.014370
650.672164	0.011930
651.362166	0.010950
652.052169	0.011560
652.742171	0.013850
653.432173	0.017850
654.122175	0.023580
654.812178	0.031020
655.502180	0.040160
656.192182	0.050990
656.882185	0.063610
657.572187	0.078090
658.262189	0.094530
658.952191	0.112940
659.642194	0.133160
660.332196	0.154810
661.022198	0.177220
661.712201	0.199380
662.402203	0.220020
663.092205	0.237630
663.782208	0.250560
664.472210	0.257210
665.162212	0.256160
665.852214	0.246400
666.542217	0.227580
667.232219	0.200140
667.922221	0.165430
668.612224	0.125600
669.302226	0.083460
669.992228	0.042080
670.682230	0.004480
671.372233	-0.026800
672.062235	-0.049900
672.752237	-0.063790
673.442240	-0.068200
674.132242	-0.063500
674.822244	-0.050500
675.512247	-0.030300
676.202249	-0.004210
676.892251	0.026290
677.582253	0.059530
678.272256	0.093560
678.962258	0.126150
679.652260	0.154870
680.342263	0.177220
681.032265	0.190870
681.722267	0.193970
682.412269	0.185540
683.102272	0.165680
683.792274	0.135830
684.482276	0.098720
685.172279	0.058090
685.862281	0.018290
686.552283	-0.016330
687.242286	-0.042150
687.932288	-0.056690
688.622290	-0.059100
689.312292	-0.050220
690.002295	-0.032400
690.692297	-0.009110
691.382299	0.015720
692.072302	0.038420
692.762304	0.056080
693.452306	0.067070
694.142308	0.071130
694.832311	0.069230
695.522313	0.063230
696.212315	0.055360
696.902318	0.047810
697.592320	0.042360
698.282322	0.040240
698.972325	0.042090
699.662327	0.048060
700.352329	0.057900
701.042331	0.071060
701.732334	0.086780
702.422336	0.104130
703.112338	0.121990
703.802341	0.139190
704.492343	0.154450
705.182345	0.166570
705.872347	0.174440
706.562350	0.177210
707.252352	0.174410
707.942354	0.166080
708.632357	0.152860
709.322359	0.136070
710.012361	0.117570
710.702364	0.099650
711.392366	0.084660
712.082368	0.074730
712.772370	0.071370
713.462373	0.075280
714.152375	0.086220
714.842377	0.103130
715.532380	0.124310
716.222382	0.147740
716.912384	0.171420
717.602387	0.193590
718.292389	0.212950
718.982391	0.228630
719.672393	0.240160
720.362396	0.247330
721.052398	0.250010
721.742400	0.248080
722.432403	0.241350
723.122405	0.229580
723.812407	0.212620
724.502409	0.190490
725.192412	0.163570
725.882414	0.132700
726.572416	0.099280
727.262419	0.065180
727.952421	0.032630
728.642423	0.003920
729.332426	-0.018940
730.022428	-0.034560
730.712430	-0.042350
731.402432	-0.042650
732.092435	-0.036610
732.782437	-0.025850
733.472439	-0.012210
734.162442	0.002660
734.852444	0.017530
735.542446	0.031700
736.232448	0.044880
736.922451	0.057060
737.612453	0.068230
738.302455	0.078100
738.992458	0.085920
739.682460	0.090450
740.372462	0.089950
741.062465	0.082430
741.752467	0.065890
742.442469	0.038620
743.132471	-0.000520
743.822474	-0.051910
744.512476	-0.115010
745.202478	-0.188380
745.892481	-0.269750
746.582483	-0.356170
747.272485	-0.444190
747.962487	-0.530140
748.652490	-0.610290
749.342492	-0.681140
750.032494	-0.739540
750.722497	-0.782930
751.412499	-0.809440
752.102501	-0.817980
752.792504	-0.808360
753.482506	-0.781230
754.172508	-0.738130
754.862510	-0.681350
755.552513	-0.613800
756.242515	-0.538800
756.932517	-0.459820
757.622520	-0.380190
758.312522	-0.302910
759.002524	-0.230420
759.692526	-0.164600
760.382529	-0.106770
761.072531	-0.057780
761.762533	-0.018200
762.452536	0.011570
763.142538	0.031270
763.832540	0.040690
764.522543	0.039760
765.212545	0.028630
765.902547	0.007770
766.592549	-0.021980
767.282552	-0.059380
767.972554	-0.102740
768.662556	-0.150060
769.352559	-0.199050
770.042561	-0.247260
770.732563	-0.292200
771.422565	-0.331450
772.112568	-0.362830
772.802570	-0.384580
773.492572	-0.395490
774.182575	-0.395110
774.872577	-0.383850
775.562579	-0.363080
776.252582	-0.335090
776.942584	-0.302890
777.632586	-0.269910
778.322588	-0.239540
779.012591	-0.214650
779.702593	-0.197090
780.392595	-0.187380
781.082598	-0.184540
781.772600	-0.186300
782.462602	-0.189430
783.152605	-0.190370
783.842607	-0.185910
784.532609	-0.173740
785.222611	-0.152900
785.912614	-0.123950
786.602616	-0.088890
787.292618	-0.050860
787.982621	-0.013690
788.672623	0.018600
789.362625	0.042400
790.052627	0.054910
790.742630	0.054680
791.432632	0.041850
792.122634	0.018320
792.812637	-0.012360
