0.000000	0.032923
0.690006	0.030381
1.380013	0.029945
2.070019	0.032356
2.760026	0.038190
3.450032	0.047675
4.140038	0.060579
4.830045	0.076187
5.520051	0.093387
6.210058	0.110819
6.900064	0.127061
7.590070	0.140803
8.280077	0.151002
8.970083	0.156987
9.660090	0.158532
10.350096	0.155854
11.040102	0.149553
11.730109	0.140481
12.420115	0.129569
13.110122	0.117657
13.800128	0.105367
14.490134	0.093048
15.180141	0.080817
15.870147	0.068652
16.560153	0.056505
17.250160	0.044401
17.940166	0.032481
18.630173	0.021004
19.320179	0.010309
20.010185	0.000765
20.700192	-0.007269
21.390198	-0.013465
22.080205	-0.017546
22.770211	-0.019284
23.460217	-0.018523
24.150224	-0.015191
24.840230	-0.009346
25.530237	-0.001210
26.220243	0.008790
26.910249	0.020007
27.600256	0.031586
28.290262	0.042523
28.980269	0.051765
29.670275	0.058350
30.360281	0.061558
31.050288	0.061045
31.740294	0.056937
32.430301	0.049842
33.120307	0.040788
33.810313	0.031082
34.500320	0.022131
35.190326	0.015235
35.880333	0.011423
36.570339	0.011323
37.260345	0.015112
37.950352	0.022520
38.640358	0.032910
39.330365	0.045387
40.020371	0.058937
40.710377	0.072567
41.400384	0.085411
42.090390	0.096802
42.780397	0.106284
43.470403	0.113580
44.160409	0.118534
44.850416	0.121041
45.540422	0.121028
46.230428	0.118471
46.920435	0.113472
47.610441	0.106350
48.300448	0.097716
48.990454	0.088481
49.680460	0.079775
50.370467	0.072778
51.060473	0.068521
51.750480	0.067692
52.440486	0.070524
53.130492	0.076776
53.820499	0.085810
54.510505	0.096736
55.200512	0.108560
55.890518	0.120308
56.580524	0.131093
57.270531	0.140133
57.960537	0.146735
58.650544	0.150264
59.340550	0.150144
60.030556	0.145874
60.720563	0.137085
61.410569	0.123617
62.100576	0.105603
62.790582	0.083533
63.480588	0.058280
64.170595	0.031055
64.860601	0.003299
65.550608	-0.023482
66.240614	-0.047896
66.930620	-0.068810
67.620627	-0.085420
68.310633	-0.097252
69.000640	-0.104087
69.690646	-0.105899
70.380652	-0.102804
71.070659	-0.095085
71.760665	-0.083226
72.450672	-0.067951
73.140678	-0.050198
73.830684	-0.031032
74.520691	-0.011495
75.210697	0.007536
75.900703	0.025446
76.590710	0.041906
77.280716	0.056828
77.970723	0.070295
78.660729	0.082505
79.350735	0.093749
80.040742	0.104429
80.730748	0.115077
81.420755	0.126339
82.110761	0.138900
82.800767	0.153355
83.490774	0.170038
84.180780	0.188884
84.870787	0.209341
85.560793	0.230395
86.250799	0.250690
86.940806	0.268740
87.630812	0.283166
88.320819	0.292918
89.010825	0.297406
89.700831	0.296532
90.390838	0.290615
91.080844	0.280234
91.770851	0.266058
92.460857	0.248683
93.150863	0.228520
93.840870	0.205738
94.530876	0.180255
95.220883	0.151782
95.910889	0.119914
96.600895	0.084293
97.290902	0.044834
97.980908	0.001982
98.670915	-0.043082
99.360921	-0.088373
100.050927	-0.131280
100.740934	-0.169005
101.430940	-0.199198
102.120947	-0.220630
102.810953	-0.233701
103.500959	-0.240583
104.190966	-0.244923
104.880972	-0.251124
105.570978	-0.263397
106.260985	-0.284807
106.950991	-0.316593
107.640998	-0.357925
108.331004	-0.406153
109.021010	-0.457455
109.711017	-0.507684
110.401023	-0.553162
111.091030	-0.591234
111.781036	-0.620476
112.471042	-0.640580
113.161049	-0.652029
113.851055	-0.655714
114.541062	-0.652623
115.231068	-0.643666
115.921074	-0.629629
116.611081	-0.611219
117.301087	-0.589121
117.991094	-0.564035
118.681100	-0.536664
119.371106	-0.507670
120.061113	-0.477609
120.751119	-0.446894
121.441126	-0.415778
122.131132	-0.384380
122.821138	-0.352730
123.511145	-0.320823
124.201151	-0.288672
124.891158	-0.256327
125.581164	-0.223885
126.271170	-0.191480
126.961177	-0.159273
127.651183	-0.127452
128.341190	-0.096243
129.031196	-0.065927
129.721202	-0.036851
130.411209	-0.009411
131.101215	0.015982
131.791222	0.038963
132.481228	0.059270
133.171234	0.076780
133.861241	0.091516
134.551247	0.103611
135.241253	0.113249
135.931260	0.120598
136.621266	0.125768
137.311273	0.128798
138.001279	0.129679
138.691285	0.128407
139.381292	0.125039
140.071298	0.119734
140.761305	0.112771
141.451311	0.104529
142.141317	0.095445
142.831324	0.085955
143.521330	0.076448
144.211337	0.067219
144.901343	0.058453
145.591349	0.050229
146.281356	0.042536
146.971362	0.035309
147.661369	0.028469
148.351375	0.021954
149.041381	0.015751
149.731388	0.009911
150.421394	0.004557
151.111401	-0.000133
151.801407	-0.003929
152.491413	-0.006577
153.181420	-0.007825
153.871426	-0.007457
154.561433	-0.005335
155.251439	-0.001458
155.941445	0.003982
156.631452	0.010544
157.321458	0.017513
158.011465	0.023904
158.701471	0.028534
159.391477	0.030139
160.081484	0.027523
160.771490	0.019728
161.461497	0.006168
162.151503	-0.013280
162.841509	-0.038269
163.531516	-0.068029
164.221522	-0.101490
164.911528	-0.137432
165.601535	-0.174634
166.291541	-0.211995
166.981548	-0.248600
167.671554	-0.283705
168.361560	-0.316660
169.051567	-0.346785
169.741573	-0.373236
170.431580	-0.394934
171.121586	-0.410591
171.811592	-0.418874
172.501599	-0.418708
173.191605	-0.409648
173.881612	-0.392227
174.571618	-0.368173
175.261624	-0.340378
175.951631	-0.312601
176.641637	-0.288938
177.331644	-0.273162
178.021650	-0.268093
178.711656	-0.275133
179.401663	-0.294024
180.091669	-0.322849
180.781676	-0.358222
181.471682	-0.395574
182.161688	-0.429512
182.851695	-0.454228
183.541701	-0.464021
184.231708	-0.453945
184.921714	-0.420562
185.611720	-0.362699
186.301727	-0.282002
186.991733	-0.183075
187.681740	-0.073063
188.371746	0.039328
189.061752	0.145195
189.751759	0.236862
190.441765	0.309023
191.131772	0.359328
191.821778	0.388316
192.511784	0.398797
193.201791	0.394917
193.891797	0.381197
194.581803	0.361759
195.271810	0.339869
195.961816	0.317779
196.651823	0.296782
197.341829	0.277392
198.031835	0.259555
198.721842	0.242864
199.411848	0.226760
200.101855	0.210728
200.791861	0.194460
201.481867	0.177962
202.171874	0.161570
202.861880	0.145877
203.551887	0.131570
204.241893	0.119255
204.931899	0.109306
205.621906	0.101786
206.311912	0.096450
207.001919	0.092801
207.691925	0.090175
208.381931	0.087818
209.071938	0.084978
209.761944	0.080996
210.451951	0.075421
211.141957	0.068131
211.831963	0.059426
212.521970	0.050037
213.211976	0.041034
213.901983	0.033628
214.591989	0.028908
215.281995	0.027593
215.972002	0.029867
216.662008	0.035350
217.352015	0.043206
218.042021	0.052358
218.732027	0.061749
219.422034	0.070563
220.112040	0.078363
220.802047	0.085114
221.492053	0.091093
222.182059	0.096735
222.872066	0.102458
223.562072	0.108518
224.252078	0.114949
224.942085	0.121571
225.632091	0.128075
226.322098	0.134135
227.012104	0.139497
227.702110	0.144032
228.392117	0.147720
229.082123	0.150592
229.772130	0.152669
230.462136	0.153911
231.152142	0.154218
231.842149	0.153463
232.532155	0.151545
233.222162	0.148443
233.912168	0.144240
234.602174	0.139120
235.292181	0.133346
235.982187	0.127235
236.672194	0.121141
237.362200	0.115438
238.052206	0.110521
238.742213	0.106787
239.432219	0.104603
240.122226	0.104263
240.812232	0.105940
241.502238	0.109653
242.192245	0.115255
242.882251	0.122446
243.572258	0.130789
244.262264	0.139721
244.952270	0.148544
245.642277	0.156390
246.332283	0.162198
247.022290	0.164723
247.712296	0.162600
248.402302	0.154479
249.092309	0.139220
249.782315	0.116120
250.472322	0.085127
251.162328	0.047012
251.852334	0.003438
252.542341	-0.043088
253.232347	-0.089405
253.922353	-0.132028
254.612360	-0.167556
255.302366	-0.193121
255.992373	-0.206769
256.682379	-0.207714
257.372385	-0.196428
258.062392	-0.174537
258.752398	-0.144584
259.442405	-0.109687
260.132411	-0.073167
260.822417	-0.038185
261.512424	-0.007444
262.202430	0.017036
262.892437	0.034042
263.582443	0.043176
264.272449	0.044767
264.962456	0.039711
265.652462	0.029253
266.342469	0.014791
267.032475	-0.002291
267.722481	-0.020709
268.412488	-0.039290
269.102494	-0.056934
269.792501	-0.072552
270.482507	-0.085042
271.172513	-0.093310
271.862520	-0.096354
272.552526	-0.093401
273.242533	-0.084047
273.932539	-0.068374
274.622545	-0.047009
275.312552	-0.021089
276.002558	0.007854
276.692565	0.038073
277.382571	0.067825
278.072577	0.095572
278.762584	0.120141
279.452590	0.140793
280.142597	0.157226
280.832603	0.169491
281.522609	0.177881
282.212616	0.182815
282.902622	0.184745
283.592628	0.184102
284.282635	0.181280
284.972641	0.176646
285.662648	0.170557
286.352654	0.163379
287.042660	0.155493
287.732667	0.147286
288.422673	0.139141
289.112680	0.131411
289.802686	0.124409
290.492692	0.118400
291.182699	0.113615
291.872705	0.110274
292.562712	0.108602
293.252718	0.108824
293.942724	0.111116
294.632731	0.115521
295.322737	0.121839
296.012744	0.129548
296.702750	0.137787
297.392756	0.145424
298.082763	0.151218
298.772769	0.154021
299.462776	0.152991
300.152782	0.147740
300.842788	0.138405
301.532795	0.125628
302.222801	0.110451
302.912808	0.094170
303.602814	0.078155
304.292820	0.063679
304.982827	0.051765
305.672833	0.043074
306.362840	0.037849
307.052846	0.035913
307.742852	0.036727
308.432859	0.039480
309.122865	0.043197
309.812872	0.046843
310.502878	0.049406
311.192884	0.049979
311.882891	0.047820
312.572897	0.042425
313.262903	0.033588
313.952910	0.021460
314.642916	0.006577
315.332923	-0.010127
316.022929	-0.027364
316.712935	-0.043559
317.402942	-0.056983
318.092948	-0.065913
318.782955	-0.068844
319.472961	-0.064695
320.162967	-0.053001
320.852974	-0.034026
321.542980	-0.008780
322.232987	0.021082
322.922993	0.053467
323.612999	0.086110
324.303006	0.116867
324.993012	0.143951
325.683019	0.166089
326.373025	0.182561
327.063031	0.193136
327.753038	0.197929
328.443044	0.197242
329.133051	0.191431
329.823057	0.180839
330.513063	0.165821
331.203070	0.146830
331.893076	0.124530
332.583083	0.099888
333.273089	0.074191
333.963095	0.048985
334.653102	0.025912
335.343108	0.006513
336.033115	-0.007988
336.723121	-0.016847
337.413127	-0.019897
338.103134	-0.017555
338.793140	-0.010768
339.483147	-0.000911
340.173153	0.010348
340.863159	0.021180
341.553166	0.029734
342.243172	0.034274
342.933178	0.033320
343.623185	0.025775
344.313191	0.011036
345.003198	-0.010940
345.693204	-0.039638
346.383210	-0.074044
347.073217	-0.112781
347.763223	-0.154281
348.453230	-0.196955
349.143236	-0.239337
349.833242	-0.280174
350.523249	-0.318473
351.213255	-0.353524
351.903262	-0.384898
352.593268	-0.412449
353.283274	-0.436284
353.973281	-0.456694
354.663287	-0.474059
355.353294	-0.488718
356.043300	-0.500870
356.733306	-0.510520
357.423313	-0.517487
358.113319	-0.521461
358.803326	-0.522063
359.493332	-0.518880
360.183338	-0.511473
360.873345	-0.499373
361.563351	-0.482112
362.253358	-0.459316
362.943364	-0.430867
363.633370	-0.397079
364.323377	-0.358829
365.013383	-0.317577
365.703390	-0.275232
366.393396	-0.233895
367.083402	-0.195524
367.773409	-0.161624
368.463415	-0.133031
369.153422	-0.109848
369.843428	-0.091533
370.533434	-0.077114
371.223441	-0.065449
371.913447	-0.055475
372.603453	-0.046375
373.293460	-0.037646
373.983466	-0.029058
374.673473	-0.020549
375.363479	-0.012111
376.053485	-0.003694
376.743492	0.004800
377.433498	0.013459
378.123505	0.022251
378.813511	0.030901
379.503517	0.038809
380.193524	0.045049
380.883530	0.048464
381.573537	0.047832
382.263543	0.042082
382.953549	0.030497
383.643556	0.012888
384.333562	-0.010313
385.023569	-0.038045
385.713575	-0.068674
386.403581	-0.100137
387.093588	-0.130136
387.783594	-0.156381
388.473601	-0.176856
389.163607	-0.190077
389.853613	-0.195309
390.543620	-0.192683
391.233626	-0.183182
391.923633	-0.168477
392.613639	-0.150636
393.303645	-0.131746
393.993652	-0.113557
394.683658	-0.097202
395.373665	-0.083090
396.063671	-0.070985
396.753677	-0.060252
397.443684	-0.050187
398.133690	-0.040351
398.823697	-0.030790
399.513703	-0.022090
400.203709	-0.015262
400.893716	-0.011491
401.583722	-0.011843
402.273728	-0.017003
402.963735	-0.027110
403.653741	-0.041708
404.343748	-0.059795
405.033754	-0.079942
405.723760	-0.100454
406.413767	-0.119559
407.103773	-0.135625
407.793780	-0.147402
408.483786	-0.154248
409.173792	-0.156297
409.863799	-0.154508
410.553805	-0.150567
411.243812	-0.146630
411.933818	-0.144981
412.623824	-0.147667
413.313831	-0.156209
414.003837	-0.171429
414.693844	-0.193410
415.383850	-0.221548
416.073856	-0.254641
416.763863	-0.290963
417.453869	-0.328298
418.143876	-0.363951
418.833882	-0.394776
419.523888	-0.417309
420.213895	-0.428044
420.903901	-0.423862
421.593908	-0.402566
422.283914	-0.363391
422.973920	-0.307344
423.663927	-0.237247
424.353933	-0.157414
425.043940	-0.073020
425.733946	0.010689
426.423952	0.089157
427.113959	0.159033
427.803965	0.218376
428.493972	0.266525
429.183978	0.303760
429.873984	0.330894
430.563991	0.348930
431.253997	0.358854
431.944003	0.361562
432.634010	0.357877
433.324016	0.348590
434.014023	0.334500
434.704029	0.316437
435.394035	0.295281
436.084042	0.272012
436.774048	0.247755
437.464055	0.223813
438.154061	0.201639
438.844067	0.182718
439.534074	0.168366
440.224080	0.159486
440.914087	0.156357
441.604093	0.158519
442.294099	0.164824
442.984106	0.173635
443.674112	0.183150
444.364119	0.191746
445.054125	0.198279
445.744131	0.202248
446.434138	0.203791
447.124144	0.203542
447.814151	0.202369
448.504157	0.201092
449.194163	0.200241
449.884170	0.199898
450.574176	0.199676
451.264183	0.198803
451.954189	0.196305
452.644195	0.191232
453.334202	0.182883
454.024208	0.170994
454.714215	0.155840
455.404221	0.138248
456.094227	0.119500
456.784234	0.101150
457.474240	0.084790
458.164247	0.071801
458.854253	0.063155
459.544259	0.059291
460.234266	0.060099
460.924272	0.064999
461.614278	0.073080
462.304285	0.083274
462.994291	0.094514
463.684298	0.105859
464.374304	0.116570
465.064310	0.126144
465.754317	0.134312
466.444323	0.141005
467.134330	0.146312
467.824336	0.150419
468.514342	0.153543
469.204349	0.155870
469.894355	0.157498
470.584362	0.158402
471.274368	0.158428
471.964374	0.157320
472.654381	0.154785
473.344387	0.150587
474.034394	0.144634
474.724400	0.137053
475.414406	0.128221
476.104413	0.118735
476.794419	0.109329
477.484426	0.100748
478.174432	0.093618
478.864438	0.088327
479.554445	0.084952
480.244451	0.083244
480.934458	0.082654
481.624464	0.082397
482.314470	0.081538
483.004477	0.079072
483.694483	0.074014
484.384490	0.065489
485.074496	0.052833
485.764502	0.035691
486.454509	0.014121
487.144515	-0.011359
487.834522	-0.039775
488.524528	-0.069783
489.214534	-0.099829
489.904541	-0.128361
490.594547	-0.154033
491.284553	-0.175867
491.974560	-0.193331
492.664566	-0.206329
493.354573	-0.215103
494.044579	-0.220106
494.734585	-0.221859
495.424592	-0.220854
496.114598	-0.217503
496.804605	-0.212146
497.494611	-0.205091
498.184617	-0.196671
498.874624	-0.187267
499.564630	-0.177283
500.254637	-0.167066
500.944643	-0.156779
501.634649	-0.146272
502.324656	-0.135009
503.014662	-0.122084
503.704669	-0.106376
504.394675	-0.086808
505.084681	-0.062660
505.774688	-0.033826
506.464694	-0.000947
507.154701	0.034654
507.844707	0.071202
508.534713	0.106809
509.224720	0.139810
509.914726	0.168989
510.604733	0.193666
511.294739	0.213626
511.984745	0.228970
512.674752	0.239951
513.364758	0.246871
514.054765	0.250053
514.744771	0.249890
515.434777	0.246906
516.124784	0.241796
516.814790	0.235391
517.504797	0.228559
518.194803	0.222051
518.884809	0.216342
519.574816	0.211531
520.264822	0.207330
520.954828	0.203148
521.644835	0.198275
522.334841	0.192090
523.024848	0.184247
523.714854	0.174790
524.404860	0.164168
525.094867	0.153145
525.784873	0.142656
526.474880	0.133636
527.164886	0.126862
527.854892	0.122859
528.544899	0.121849
529.234905	0.123771
529.924912	0.128337
530.614918	0.135124
531.304924	0.143663
531.994931	0.153506
532.684937	0.164262
533.374944	0.175569
534.064950	0.187040
534.754956	0.198182
535.444963	0.208343
536.134969	0.216694
536.824976	0.222278
537.514982	0.224103
538.204988	0.221244
538.894995	0.212945
539.585001	0.198683
540.275008	0.178216
540.965014	0.151632
541.655020	0.119406
542.345027	0.082473
543.035033	0.042277
543.725040	0.000756
544.415046	-0.039790
545.105052	-0.076940
545.795059	-0.108472
546.485065	-0.132700
547.175072	-0.148715
547.865078	-0.156481
548.555084	-0.156745
549.245091	-0.150807
549.935097	-0.140201
550.625103	-0.126398
551.315110	-0.110588
552.005116	-0.093589
552.695123	-0.075876
553.385129	-0.057694
554.075135	-0.039179
554.765142	-0.020449
555.455148	-0.001632
556.145155	0.017167
556.835161	0.035937
557.525167	0.054824
558.215174	0.074157
558.905180	0.094436
559.595187	0.116256
560.285193	0.140197
560.975199	0.166675
561.665206	0.195782
562.355212	0.227112
563.045219	0.259623
563.735225	0.291545
564.425231	0.320402
565.115238	0.343190
565.805244	0.356714
566.495251	0.358079
567.185257	0.345246
567.875263	0.317542
568.565270	0.275986
569.255276	0.223357
569.945283	0.163946
570.635289	0.103048
571.325295	0.046300
572.015302	-0.001011
572.705308	-0.034544
573.395315	-0.051339
574.085321	-0.050059
574.775327	-0.031073
575.465334	0.003598
576.155340	0.050427
576.845347	0.104606
577.535353	0.160340
578.225359	0.211234
578.915366	0.250763
579.605372	0.272817
580.295378	0.272310
580.985385	0.245755
581.675391	0.191764
582.365398	0.111350
583.055404	0.007975
583.745410	-0.112703
584.435417	-0.243365
585.125423	-0.375770
585.815430	-0.501596
586.505436	-0.613247
587.195442	-0.704528
587.885449	-0.771091
588.575455	-0.810646
589.265462	-0.822939
589.955468	-0.809544
590.645474	-0.773534
591.335481	-0.719088
592.025487	-0.651086
592.715494	-0.574725
593.405500	-0.495166
594.095506	-0.417235
594.785513	-0.345173
595.475519	-0.282435
596.165526	-0.231545
596.855532	-0.194018
597.545538	-0.170344
598.235545	-0.160044
598.925551	-0.161784
599.615558	-0.173540
600.305564	-0.192795
600.995570	-0.216726
601.685577	-0.242385
602.375583	-0.266839
603.065590	-0.287286
603.755596	-0.301170
604.445602	-0.306304
605.135609	-0.301026
605.825615	-0.284391
606.515622	-0.256356
607.205628	-0.217915
607.895634	-0.171128
608.585641	-0.118980
609.275647	-0.065073
609.965653	-0.013183
610.655660	0.033244
611.345666	0.071549
612.035673	0.100165
612.725679	0.118716
613.415685	0.127897
614.105692	0.129176
614.795698	0.124417
615.485705	0.115511
616.175711	0.104101
616.865717	0.091438
617.555724	0.078363
618.245730	0.065396
618.935737	0.052862
619.625743	0.041023
620.315749	0.030166
621.005756	0.020627
621.695762	0.012747
622.385769	0.006779
623.075775	0.002774
623.765781	0.000479
624.455788	-0.000703
625.145794	-0.001691
625.835801	-0.003617
626.525807	-0.007655
627.215813	-0.014820
627.905820	-0.025794
628.595826	-0.040794
629.285833	-0.059536
629.975839	-0.081280
630.665845	-0.104964
631.355852	-0.129369
632.045858	-0.153309
632.735865	-0.175773
633.425871	-0.196018
634.115877	-0.213583
634.805884	-0.228238
635.495890	-0.239883
636.185897	-0.248439
636.875903	-0.253757
637.565909	-0.255573
638.255916	-0.253523
638.945922	-0.247213
639.635928	-0.236325
640.325935	-0.220743
641.015941	-0.200664
641.705948	-0.176682
642.395954	-0.149816
643.085960	-0.121458
643.775967	-0.093261
644.465973	-0.066946
645.155980	-0.044081
645.845986	-0.025874
646.535992	-0.013022
647.225999	-0.005669
647.916005	-0.003478
648.606012	-0.005804
649.296018	-0.011913
649.986024	-0.021196
650.676031	-0.033323
651.366037	-0.048300
652.056044	-0.066431
652.746050	-0.088198
653.436056	-0.114110
654.126063	-0.144552
654.816069	-0.179657
655.506076	-0.219242
656.196082	-0.262765
656.886088	-0.309309
657.576095	-0.357539
658.266101	-0.405624
658.956108	-0.451104
659.646114	-0.490775
660.336120	-0.520639
661.026127	-0.536075
661.716133	-0.532300
662.406140	-0.505161
663.096146	-0.452131
663.786152	-0.373293
664.476159	-0.271965
665.166165	-0.154680
665.856172	-0.030390
666.546178	0.091014
667.236184	0.200485
667.926191	0.291434
668.616197	0.360704
669.306203	0.408658
669.996210	0.438426
670.686216	0.454605
671.376223	0.461875
672.066229	0.463923
672.756235	0.462941
673.446242	0.459685
674.136248	0.453931
674.826255	0.445056
675.516261	0.432498
676.206267	0.415960
676.896274	0.395364
677.586280	0.370655
678.276287	0.341612
678.966293	0.307772
679.656299	0.268547
680.346306	0.223485
681.036312	0.172608
681.726319	0.116714
682.416325	0.057551
683.106331	-0.002186
683.796338	-0.059062
684.486344	-0.109250
685.176351	-0.149014
685.866357	-0.175211
686.556363	-0.185743
687.246370	-0.179884
687.936376	-0.158392
688.626383	-0.123381
689.316389	-0.077974
690.006395	-0.025810
690.696402	0.029471
691.386408	0.084669
692.076415	0.137260
692.766421	0.185458
693.456427	0.228105
694.146434	0.264489
694.836440	0.294174
695.526447	0.316889
696.216453	0.332499
696.906459	0.341029
697.596466	0.342702
698.286472	0.337965
698.976478	0.327476
699.666485	0.312075
700.356491	0.292738
701.046498	0.270514
701.736504	0.246484
702.426510	0.221700
703.116517	0.197140
703.806523	0.173669
704.496530	0.152003
705.186536	0.132695
705.876542	0.116126
706.566549	0.102490
707.256555	0.091786
707.946562	0.083786
708.636568	0.078026
709.326574	0.073803
710.016581	0.070224
710.706587	0.066301
711.396594	0.061080
712.086600	0.053787
712.776606	0.043948
713.466613	0.031458
714.156619	0.016573
714.846626	-0.000162
715.536632	-0.018034
716.226638	-0.036288
716.916645	-0.054232
717.606651	-0.071286
718.296658	-0.086976
718.986664	-0.100876
719.676670	-0.112535
720.366677	-0.121405
721.056683	-0.126820
721.746690	-0.128039
722.436696	-0.124352
723.126702	-0.115242
723.816709	-0.100554
724.506715	-0.080632
725.196722	-0.056362
725.886728	-0.029106
726.576734	-0.000524
727.266741	0.027674
727.956747	0.053989
728.646753	0.077316
729.336760	0.097039
730.026766	0.113007
730.716773	0.125420
731.406779	0.134681
732.096785	0.141261
732.786792	0.145595
733.476798	0.148042
734.166805	0.148873
734.856811	0.148275
735.546817	0.146365
736.236824	0.143186
736.926830	0.138711
737.616837	0.132852
738.306843	0.125490
738.996849	0.116518
739.686856	0.105907
740.376862	0.093754
741.066869	0.080327
741.756875	0.066070
742.446881	0.051577
743.136888	0.037533
743.826894	0.024647
744.516901	0.013579
745.206907	0.004896
745.896913	-0.000959
746.586920	-0.003652
747.276926	-0.002952
747.966933	0.001303
748.656939	0.009214
749.346945	0.020836
750.036952	0.036162
750.726958	0.055120
751.416965	0.077563
752.106971	0.103265
752.796977	0.131920
753.486984	0.163125
754.176990	0.196361
754.866997	0.230942
755.557003	0.265977
756.247009	0.300342
756.937016	0.332691
757.627022	0.361510
758.317028	0.385210
759.007035	0.402226
759.697041	0.411106
760.387048	0.410565
761.077054	0.399532
761.767060	0.377192
762.457067	0.343074
763.147073	0.297184
763.837080	0.240175
764.527086	0.173493
765.217092	0.099445
765.907099	0.021132
766.597105	-0.057759
767.287112	-0.133294
767.977118	-0.201652
768.667124	-0.259468
769.357131	-0.304068
770.047137	-0.333588
770.737144	-0.346985
771.427150	-0.343988
772.117156	-0.325027
772.807163	-0.291162
773.497169	-0.244031
774.187176	-0.185786
774.877182	-0.119030
775.567188	-0.046720
776.257195	0.027949
776.947201	0.101684
777.637208	0.171237
778.327214	0.233567
779.017220	0.285990
779.707227	0.326324
780.397233	0.353018
781.087240	0.365244
781.777246	0.362958
782.467252	0.346911
783.157259	0.318609
783.847265	0.280219
784.537272	0.234427
785.227278	0.184236
785.917284	0.132742
786.607291	0.082895
787.297297	0.037273
787.987303	-0.002093
788.677310	-0.033830
789.367316	-0.057248
790.057323	-0.072296
790.747329	-0.079460
791.437335	-0.079612
792.127342	-0.073862
792.817348	-0.063405
793.507355	-0.049406
794.197361	-0.032901
794.887367	-0.014742
795.577374	0.004456
796.267380	0.024331
796.957387	0.044789
797.647393	0.065963
798.337399	0.088150
799.027406	0.111690
799.717412	0.136807
800.407419	0.163456
801.097425	0.191208
801.787431	0.219218
802.477438	0.246311
803.167444	0.271169
803.857451	0.292590
804.547457	0.309756
805.237463	0.322444
805.927470	0.331110
806.617476	0.336839
807.307483	0.341148
807.997489	0.345691
808.687495	0.351911
809.377502	0.360712
810.067508	0.372205
810.757515	0.385553
811.447521	0.398959
812.137527	0.409780
812.827534	0.414775
813.517540	0.410431
814.207547	0.393343
814.897553	0.360583
815.587559	0.310012
816.277566	0.240512
816.967572	0.152122
817.657578	0.046100
818.347585	-0.075086
819.037591	-0.207817
819.727598	-0.347453
820.417604	-0.488571
821.107610	-0.625306
821.797617	-0.751813
822.487623	-0.862776
823.177630	-0.953901
823.867636	-1.022274
824.557642	-1.066517
825.247649	-1.086719
825.937655	-1.084166
826.627662	-1.060955
827.317668	-1.019601
828.007674	-0.962724
828.697681	-0.892865
829.387687	-0.812450
830.077694	-0.723859
830.767700	-0.629536
831.457706	-0.532092
832.147713	-0.434328
832.837719	-0.339187
833.527726	-0.249612
834.217732	-0.168361
834.907738	-0.097805
835.597745	-0.039756
836.287751	0.004652
836.977758	0.035018
837.667764	0.051671
838.357770	0.055612
839.047777	0.048441
839.737783	0.032253
840.427790	0.009535
841.117796	-0.016936
841.807802	-0.044216
842.497809	-0.069305
843.187815	-0.089298
843.877822	-0.101547
844.567828	-0.103870
845.257834	-0.094775
845.947841	-0.073696
846.637847	-0.041184
847.327853	0.000997
848.017860	0.049917
848.707866	0.101712
849.397873	0.151983
850.087879	0.196330
850.777885	0.230921
851.467892	0.252989
852.157898	0.261157
852.847905	0.255536
853.537911	0.237576
854.227917	0.209732
854.917924	0.175016
855.607930	0.136548
856.297937	0.097181
856.987943	0.059256
857.677949	0.024484
858.367956	-0.006048
859.057962	-0.031809
859.747969	-0.052716
860.437975	-0.069026
861.127981	-0.081248
861.817988	-0.090054
862.507994	-0.096210
863.198001	-0.100498
863.888007	-0.103642
864.578013	-0.106240
865.268020	-0.108721
865.958026	-0.111330
866.648033	-0.114154
867.338039	-0.117172
868.028045	-0.120321
868.718052	-0.123551
869.408058	-0.126854
870.098065	-0.130260
870.788071	-0.133798
871.478077	-0.137452
872.168084	-0.141109
872.858090	-0.144536
873.548097	-0.147381
874.238103	-0.149197
874.928109	-0.149503
875.618116	-0.147843
876.308122	-0.143858
876.998128	-0.137352
877.688135	-0.128344
878.378141	-0.117095
879.068148	-0.104116
879.758154	-0.090135
880.448160	-0.076045
881.138167	-0.062815
881.828173	-0.051400
882.518180	-0.042644
883.208186	-0.037196
883.898192	-0.035463
884.588199	-0.037579
885.278205	-0.043423
885.968212	-0.052651
886.658218	-0.064771
887.348224	-0.079225
888.038231	-0.095474
888.728237	-0.113087
889.418244	-0.131789
890.108250	-0.151488
890.798256	-0.172250
891.488263	-0.194250
892.178269	-0.217689
892.868276	-0.242711
893.558282	-0.269321
894.248288	-0.297323
894.938295	-0.326282
895.628301	-0.355509
896.318308	-0.384059
897.008314	-0.410755
897.698320	-0.434227
898.388327	-0.452968
899.078333	-0.465431
899.768340	-0.470158
900.458346	-0.465951
901.148352	-0.452065
901.838359	-0.428387
902.528365	-0.395565
903.218372	-0.355026
903.908378	-0.308876
904.598384	-0.259671
905.288391	-0.210098
905.978397	-0.162651
906.668403	-0.119347
907.358410	-0.081563
908.048416	-0.050010
908.738423	-0.024816
909.428429	-0.005684
910.118435	0.007950
910.808442	0.016813
911.498448	0.021757
912.188455	0.023798
912.878461	0.024191
913.568467	0.024472
914.258474	0.026451
914.948480	0.032099
915.638487	0.043337
916.328493	0.061757
917.018499	0.088328
917.708506	0.123144
918.398512	0.165286
919.088519	0.212839
919.778525	0.263060
920.468531	0.312690
921.158538	0.358334
921.848544	0.396853
922.538551	0.425709
923.228557	0.443215
923.918563	0.448675
924.608570	0.442416
925.298576	0.425712
925.988583	0.400624
926.678589	0.369772
927.368595	0.336030
928.058602	0.302218
928.748608	0.270784
929.438615	0.243559
930.128621	0.221601
930.818627	0.205171
931.508634	0.193826
932.198640	0.186616
932.888647	0.182325
933.578653	0.179710
934.268659	0.177698
934.958666	0.175499
935.648672	0.172646
936.338678	0.168965
937.028685	0.164507
937.718691	0.159453
938.408698	0.154034
939.098704	0.148463
939.788710	0.142887
940.478717	0.137374
941.168723	0.131925
941.858730	0.126498
942.548736	0.121060
943.238742	0.115630
943.928749	0.110321
944.618755	0.105364
945.308762	0.101097
945.998768	0.097929
946.688774	0.096283
947.378781	0.096512
948.068787	0.098827
948.758794	0.103238
949.448800	0.109528
950.138806	0.117272
950.828813	0.125892
951.518819	0.134736
952.208826	0.143167
952.898832	0.150629
953.588838	0.156678
954.278845	0.160983
954.968851	0.163290
955.658858	0.163381
956.348864	0.161039
957.038870	0.156051
957.728877	0.148232
958.418883	0.137487
959.108890	0.123887
959.798896	0.107733
960.488902	0.089598
961.178909	0.070307
961.868915	0.050884
962.558922	0.032431
963.248928	0.016000
963.938934	0.002446
964.628941	-0.007678
965.318947	-0.014183
966.008953	-0.017239
966.698960	-0.017320
967.388966	-0.015099
968.078973	-0.011327
968.768979	-0.006730
969.458985	-0.001913
970.148992	0.002672
970.838998	0.006746
971.529005	0.010176
972.219011	0.012937
972.909017	0.015082
973.599024	0.016713
974.289030	0.017956
974.979037	0.018955
975.669043	0.019855
976.359049	0.020781
977.049056	0.021811
977.739062	0.022961
978.429069	0.024175
979.119075	0.025332
979.809081	0.026285
980.499088	0.026909
981.189094	0.027146
981.879101	0.027057
982.569107	0.026842
983.259113	0.026840
983.949120	0.027513
984.639126	0.029398
985.329133	0.033043
986.019139	0.038934
986.709145	0.047407
987.399152	0.058568
988.089158	0.072236
988.779165	0.087914
989.469171	0.104811
990.159177	0.121914
990.849184	0.138099
991.539190	0.152268
992.229197	0.163489
992.919203	0.171110
993.609209	0.174839
994.299216	0.174768
994.989222	0.171349
995.679228	0.165328
996.369235	0.157645
997.059241	0.149314
997.749248	0.141301
998.439254	0.134416
999.129260	0.129219
999.819267	0.125962
1000.509273	0.124571
1001.199280	0.124669
1001.889286	0.125645
1002.579292	0.126754
1003.269299	0.127239
1003.959305	0.126447
1004.649312	0.123932
1005.339318	0.119516
1006.029324	0.113309
1006.719331	0.105688
1007.409337	0.097239
1008.099344	0.088674
1008.789350	0.080739
1009.479356	0.074120
1010.169363	0.069360
1010.859369	0.066796
1011.549376	0.066519
1012.239382	0.068368
1012.929388	0.071950
1013.619395	0.076683
1014.309401	0.081860
1014.999408	0.086706
1015.689414	0.090450
1016.379420	0.092384
1017.069427	0.091918
1017.759433	0.088641
1018.449440	0.082367
1019.139446	0.073176
1019.829452	0.061430
1020.519459	0.047758
1021.209465	0.033018
1021.899472	0.018213
1022.589478	0.004408
1023.279484	-0.007380
1023.969491	-0.016262
1024.659497	-0.021566
1025.349503	-0.022892
1026.039510	-0.020158
1026.729516	-0.013619
1027.419523	-0.003862
1028.109529	0.008235
1028.799535	0.021591
1029.489542	0.035042
1030.179548	0.047493
1030.869555	0.058075
1031.559561	0.066259
1032.249567	0.071924
1032.939574	0.075334
1033.629580	0.077046
1034.319587	0.077778
1035.009593	0.078256
1035.699599	0.079108
1036.389606	0.080800
1037.079612	0.083640
1037.769619	0.087828
1038.459625	0.093506
1039.149631	0.100800
1039.839638	0.109814
1040.529644	0.120589
1041.219651	0.133024
1041.909657	0.146810
1042.599663	0.161391
1043.289670	0.175970
1043.979676	0.189579
1044.669683	0.201188
1045.359689	0.209846
1046.049695	0.214823
1046.739702	0.215728
1047.429708	0.212582
1048.119715	0.205841
1048.809721	0.196352
1049.499727	0.185250
1050.189734	0.173813
1050.879740	0.163293
1051.569747	0.154747
1052.259753	0.148910
1052.949759	0.146126
1053.639766	0.146340
1054.329772	0.149171
1055.019778	0.154018
1055.709785	0.160195
1056.399791	0.167053
1057.089798	0.174074
1057.779804	0.180906
1058.469810	0.187347
1059.159817	0.193274
1059.849823	0.198542
1060.539830	0.202855
1061.229836	0.205666
1061.919842	0.206092
1062.609849	0.202895
1063.299855	0.194528
1063.989862	0.179243
1064.679868	0.155269
1065.369874	0.121035
1066.059881	0.075408
1066.749887	0.017937
1067.439894	-0.050955
1068.129900	-0.129852
1068.819906	-0.216328
1069.509913	-0.307072
1070.199919	-0.398132
1070.889926	-0.485275
1071.579932	-0.564398
1072.269938	-0.631942
1072.959945	-0.685241
1073.649951	-0.722772
1074.339958	-0.744264
1075.029964	-0.750685
1075.719970	-0.744112
1076.409977	-0.727492
1077.099983	-0.704339
1077.789990	-0.678363
1078.479996	-0.653067
1079.170002	-0.631359
1079.860009	-0.615202
1080.550015	-0.605367
1081.240022	-0.601319
1081.930028	-0.601257
1082.620034	-0.602307
1083.310041	-0.600846
1084.000047	-0.592936
1084.690053	-0.574828
1085.380060	-0.543504
1086.070066	-0.497193
1086.760073	-0.435811
1087.450079	-0.361202
1088.140085	-0.277117
1088.830092	-0.188867
1089.520098	-0.102661
1090.210105	-0.024723
1090.900111	0.039638
1091.590117	0.086820
1092.280124	0.115386
1092.970130	0.126137
1093.660137	0.121766
1094.350143	0.106230
1095.040149	0.083991
1095.730156	0.059284
1096.420162	0.035565
1097.110169	0.015176
1097.800175	-0.000737
1098.490181	-0.012116
1099.180188	-0.019740
1099.870194	-0.024911
1100.560201	-0.029121
1101.250207	-0.033768
1101.940213	-0.039918
1102.630220	-0.048175
1103.320226	-0.058622
1104.010233	-0.070870
1104.700239	-0.084155
1105.390245	-0.097493
1106.080252	-0.109824
1106.770258	-0.120144
1107.460265	-0.127591
1108.150271	-0.131487
1108.840277	-0.131347
1109.530284	-0.126870
1110.220290	-0.117938
1110.910297	-0.104627
1111.600303	-0.087225
1112.290309	-0.066260
1112.980316	-0.042511
1113.670322	-0.016987
1114.360328	0.009143
1115.050335	0.034655
1115.740341	0.058408
1116.430348	0.079478
1117.120354	0.097274
1117.810360	0.111594
1118.500367	0.122620
1119.190373	0.130847
1119.880380	0.136973
1120.570386	0.141762
1121.260392	0.145928
1121.950399	0.150043
1122.640405	0.154481
1123.330412	0.159406
1124.020418	0.164778
1124.710424	0.170381
1125.400431	0.175848
1126.090437	0.180703
1126.780444	0.184395
1127.470450	0.186353
1128.160456	0.186032
1128.850463	0.182971
1129.540469	0.176832
1130.230476	0.167432
1130.920482	0.154748
1131.610488	0.138904
1132.300495	0.120141
1132.990501	0.098792
1133.680508	0.075244
1134.370514	0.049931
1135.060520	0.023316
1135.750527	-0.004102
1136.440533	-0.031799
1137.130540	-0.059227
1137.820546	-0.085840
1138.510552	-0.111121
1139.200559	-0.134615
1139.890565	-0.155960
1140.580572	-0.174915
1141.270578	-0.191368
1141.960584	-0.205340
1142.650591	-0.216970
1143.340597	-0.226484
1144.030603	-0.234151
1144.720610	-0.240230
1145.410616	-0.244923
1146.100623	-0.248337
1146.790629	-0.250486
1147.480635	-0.251325
1148.170642	-0.250808
1148.860648	-0.248959
1149.550655	-0.245929
1150.240661	-0.242008
1150.930667	-0.237600
1151.620674	-0.233147
1152.310680	-0.229030
1153.000687	-0.225474
1153.690693	-0.222473
1154.380699	-0.219768
1155.070706	-0.216862
1155.760712	-0.213090
1156.450719	-0.207714
1157.140725	-0.200027
1157.830731	-0.189453
1158.520738	-0.175622
1159.210744	-0.158410
1159.900751	-0.137942
1160.590757	-0.114554
1161.280763	-0.088731
1161.970770	-0.061031
1162.660776	-0.032006
1163.350783	-0.002156
1164.040789	0.028095
1164.730795	0.058386
1165.420802	0.088363
1166.110808	0.117638
1166.800815	0.145745
1167.490821	0.172143
1168.180827	0.196258
1168.870834	0.217554
1169.560840	0.235613
1170.250847	0.250200
1170.940853	0.261277
1171.630859	0.268979
1172.320866	0.273556
1173.010872	0.275297
1173.700878	0.274475
1174.390885	0.271318
1175.080891	0.266006
1175.770898	0.258696
1176.460904	0.249556
1177.150910	0.238792
1177.840917	0.226669
1178.530923	0.213519
1179.220930	0.199744
1179.910936	0.185807
1180.600942	0.172218
1181.290949	0.159496
1181.980955	0.148129
1182.670962	0.138516
1183.360968	0.130919
1184.050974	0.125440
1184.740981	0.122025
1185.430987	0.120514
1186.120994	0.120711
1186.811000	0.122469
1187.501006	0.125764
1188.191013	0.130722
1188.881019	0.137608
1189.571026	0.146749
1190.261032	0.158414
1190.951038	0.172674
1191.641045	0.189267
1192.331051	0.207516
1193.021058	0.226307
1193.711064	0.244166
1194.401070	0.259400
1195.091077	0.270294
1195.781083	0.275321
1196.471090	0.273322
1197.161096	0.263641
1197.851102	0.246196
1198.541109	0.221485
1199.231115	0.190538
1199.921122	0.154821
1200.611128	0.116097
1201.301134	0.076264
1201.991141	0.037172
1202.681147	0.000457
1203.371153	-0.032601
1204.061160	-0.061148
1204.751166	-0.084773
1205.441173	-0.103457
1206.131179	-0.117475
1206.821185	-0.127284
1207.511192	-0.133408
1208.201198	-0.136350
1208.891205	-0.136529
1209.581211	-0.134251
1210.271217	-0.129711
1210.961224	-0.123026
1211.651230	-0.114288
1212.341237	-0.103634
1213.031243	-0.091298
1213.721249	-0.077648
1214.411256	-0.063178
1215.101262	-0.048457
1215.791269	-0.034051
1216.481275	-0.020426
1217.171281	-0.007868
1217.861288	0.003570
1218.551294	0.014072
1219.241301	0.024015
1219.931307	0.033887
1220.621313	0.044184
1221.311320	0.055302
1222.001326	0.067452
1222.691333	0.080608
1223.381339	0.094502
1224.071345	0.108652
1224.761352	0.122435
1225.451358	0.135154
1226.141365	0.146117
1226.831371	0.154693
1227.521377	0.160354
