0.000000	-0.514920
0.690026	-0.482370
1.380053	-0.458210
2.070079	-0.438420
2.760106	-0.419310
3.450132	-0.398190
4.140159	-0.373760
4.830185	-0.345980
5.520212	-0.315790
6.210238	-0.284630
6.900265	-0.254050
7.590291	-0.225450
8.280318	-0.199950
8.970344	-0.178410
9.660371	-0.161410
10.350397	-0.149320
11.040424	-0.142230
11.730450	-0.139870
12.420477	-0.141600
13.110503	-0.146390
13.800530	-0.152930
14.490556	-0.159780
15.180583	-0.165570
15.870609	-0.169190
16.560636	-0.169880
17.250662	-0.167250
17.940689	-0.161260
18.630715	-0.152140
19.320742	-0.140320
20.010768	-0.126300
20.700795	-0.110640
21.390821	-0.093950
22.080848	-0.076800
22.770874	-0.059810
23.460901	-0.043580
24.150927	-0.028690
24.840954	-0.015640
25.530980	-0.004760
26.221007	0.003880
26.911033	0.010590
27.601060	0.016040
28.291086	0.021230
28.981113	0.027310
29.671139	0.035390
30.361166	0.046250
31.051192	0.060180
31.741219	0.076840
32.431245	0.095300
33.121272	0.114220
33.811298	0.132080
34.501325	0.147520
35.191351	0.159580
35.881378	0.167830
36.571404	0.172470
37.261431	0.174150
37.951457	0.173860
38.641484	0.172620
39.331510	0.171300
40.021537	0.170470
40.711563	0.170320
41.401590	0.170720
42.091616	0.171290
42.781643	0.171570
43.471669	0.171160
44.161696	0.169860
44.851722	0.167710
45.541749	0.164980
46.231775	0.162120
46.921802	0.159670
47.611828	0.158050
48.301855	0.157540
48.991881	0.158100
49.681908	0.159410
50.371934	0.160860
51.061961	0.161690
51.751987	0.161080
52.442014	0.158370
53.132040	0.153120
53.822067	0.145250
54.512093	0.135020
55.202120	0.123020
55.892146	0.110090
56.582173	0.097170
57.272199	0.085210
57.962226	0.075000
58.652252	0.067120
59.342279	0.061880
60.032305	0.059300
60.722332	0.059140
61.412358	0.061030
62.102385	0.064480
62.792411	0.069010
63.482438	0.074170
64.172464	0.079570
64.862491	0.084880
65.552517	0.089810
66.242544	0.094090
66.932570	0.097500
67.622597	0.099810
68.312623	0.100830
69.002650	0.100430
69.692676	0.098510
70.382703	0.095080
71.072729	0.090210
71.762756	0.084100
72.452782	0.077070
73.142809	0.069520
73.832835	0.061950
74.522862	0.054900
75.212888	0.048860
75.902915	0.044260
76.592941	0.041380
77.282968	0.040360
77.972994	0.041210
78.663021	0.043810
79.353047	0.047950
80.043074	0.053370
80.733100	0.059720
81.423127	0.066590
82.113153	0.073520
82.803180	0.080010
83.493206	0.085570
84.183233	0.089770
84.873259	0.092290
85.563286	0.092980
86.253312	0.091850
86.943339	0.089080
87.633365	0.084980
88.323392	0.079940
89.013418	0.074380
89.703445	0.068700
90.393471	0.063270
91.083498	0.058330
91.773524	0.054080
92.463551	0.050590
93.153577	0.047850
93.843604	0.045790
94.533630	0.044340
95.223657	0.043430
95.913683	0.043060
96.603710	0.043290
97.293736	0.044250
97.983763	0.046140
98.673789	0.049110
99.363816	0.053300
100.053842	0.058760
100.743869	0.065420
101.433895	0.073090
102.123922	0.081480
102.813948	0.090220
103.503975	0.098860
104.194001	0.106950
104.884028	0.114010
105.574054	0.119620
106.264081	0.123390
106.954107	0.125030
107.644134	0.124410
108.334160	0.121530
109.024187	0.116600
109.714213	0.110000
110.404240	0.102310
111.094266	0.094210
111.784293	0.086430
112.474319	0.079630
113.164346	0.074330
113.854372	0.070840
114.544399	0.069200
115.234425	0.069220
115.924452	0.070540
116.614478	0.072710
117.304505	0.075300
117.994531	0.077990
118.684558	0.080600
119.374584	0.083160
120.064611	0.085840
120.754637	0.088940
121.444664	0.092780
122.134690	0.097660
122.824717	0.103740
123.514743	0.111070
124.204770	0.119460
124.894796	0.128600
125.584823	0.138030
126.274849	0.147230
126.964876	0.155610
127.654902	0.162600
128.344929	0.167620
129.034955	0.170160
129.724982	0.169690
130.415008	0.165810
131.105035	0.158190
131.795061	0.146720
132.485088	0.131490
133.175114	0.112850
133.865141	0.091450
134.555167	0.068150
135.245194	0.044040
135.935220	0.020270
136.625247	-0.001990
137.315273	-0.021760
138.005300	-0.038230
138.695326	-0.050940
139.385353	-0.059710
140.075379	-0.064710
140.765406	-0.066320
141.455432	-0.065070
142.145459	-0.061550
142.835485	-0.056360
143.525512	-0.050090
144.215538	-0.043290
144.905565	-0.036530
145.595591	-0.030410
146.285618	-0.025600
146.975644	-0.022770
147.665671	-0.022590
148.355697	-0.025640
149.045724	-0.032360
149.735750	-0.042940
150.425777	-0.057340
151.115803	-0.075280
151.805830	-0.096310
152.495856	-0.119880
153.185883	-0.145460
153.875909	-0.172570
154.565936	-0.200840
155.255962	-0.229950
155.945989	-0.259480
156.636015	-0.288880
157.326042	-0.317350
158.016068	-0.343890
158.706095	-0.367390
159.396121	-0.386760
160.086148	-0.401140
160.776174	-0.410020
161.466201	-0.413270
162.156227	-0.411120
162.846254	-0.404070
163.536280	-0.392790
164.226307	-0.377970
164.916333	-0.360290
165.606359	-0.340370
166.296386	-0.318780
166.986412	-0.296020
167.676439	-0.272600
168.366465	-0.248970
169.056492	-0.225590
169.746518	-0.202840
170.436545	-0.181060
171.126571	-0.160460
171.816598	-0.141110
172.506624	-0.122940
173.196651	-0.105730
173.886677	-0.089180
174.576704	-0.073010
175.266730	-0.057020
175.956757	-0.041200
176.646783	-0.025760
177.336810	-0.011120
178.026836	0.002180
178.716863	0.013550
179.406889	0.022470
180.096916	0.028530
180.786942	0.031480
181.476969	0.031290
182.166995	0.028060
182.857022	0.022060
183.547048	0.013720
184.237075	0.003650
184.927101	-0.007370
185.617128	-0.018460
186.307154	-0.028610
186.997181	-0.036840
187.687207	-0.042300
188.377234	-0.044390
189.067260	-0.042800
189.757287	-0.037580
190.447313	-0.029060
191.137340	-0.017790
191.827366	-0.004420
192.517393	0.010400
193.207419	0.026120
193.897446	0.042290
194.587472	0.058580
195.277499	0.074770
195.967525	0.090640
196.657552	0.106000
197.347578	0.120610
198.037605	0.134190
198.727631	0.146480
199.417658	0.157280
200.107684	0.166520
200.797711	0.174320
201.487737	0.180930
202.177764	0.186780
202.867790	0.192290
203.557817	0.197850
204.247843	0.203690
204.937870	0.209870
205.627896	0.216250
206.317923	0.222590
207.007949	0.228610
207.697976	0.234060
208.388002	0.238780
209.078029	0.242690
209.768055	0.245860
210.458082	0.248390
211.148108	0.250440
211.838135	0.252180
212.528161	0.253750
213.218188	0.255240
213.908214	0.256720
214.598241	0.258160
215.288267	0.259450
215.978294	0.260420
216.668320	0.260740
217.358347	0.259980
218.048373	0.257520
218.738400	0.252570
219.428426	0.244170
220.118453	0.231130
220.808479	0.212140
221.498506	0.185850
222.188532	0.151140
222.878559	0.107480
223.568585	0.055340
224.258612	-0.003360
224.948638	-0.065080
225.638665	-0.124700
226.328691	-0.176110
227.018718	-0.213120
227.708744	-0.230690
228.398771	-0.226060
229.088797	-0.199530
229.778824	-0.154680
230.468850	-0.097800
231.158877	-0.036660
231.848903	0.021090
232.538930	0.069550
233.228956	0.105700
233.918983	0.129990
234.609009	0.145880
235.299036	0.158690
235.989062	0.173920
236.679089	0.195380
237.369115	0.223750
238.059142	0.255860
238.749168	0.284890
239.439195	0.301560
240.129221	0.296130
240.819248	0.260530
241.509274	0.190380
242.199301	0.086260
242.889327	-0.046110
243.579354	-0.196750
244.269380	-0.353050
244.959407	-0.502020
245.649433	-0.632230
246.339460	-0.735420
247.029486	-0.807150
247.719513	-0.846810
248.409539	-0.856920
249.099566	-0.842140
249.789592	-0.808170
250.479619	-0.760810
251.169645	-0.705330
251.859672	-0.646040
252.549698	-0.586170
253.239725	-0.527980
253.929751	-0.472950
254.619778	-0.422040
255.309804	-0.375930
255.999831	-0.335220
256.689857	-0.300440
257.379884	-0.272030
258.069910	-0.250190
258.759937	-0.234770
259.449963	-0.225080
260.139990	-0.219920
260.830016	-0.217580
261.520043	-0.216000
262.210069	-0.212980
262.900096	-0.206410
263.590122	-0.194540
264.280149	-0.176230
264.970175	-0.151070
265.660202	-0.119510
266.350228	-0.082800
267.040255	-0.042850
267.730281	-0.002020
268.420308	0.037240
269.110334	0.072700
269.800361	0.102570
270.490387	0.125720
271.180414	0.141710
271.870440	0.150770
272.560467	0.153640
273.250493	0.151510
273.940520	0.145840
274.630546	0.138260
275.320573	0.130480
276.010599	0.124130
276.700626	0.120580
277.390652	0.120770
278.080679	0.125080
278.770705	0.133230
279.460732	0.144340
280.150758	0.157120
280.840785	0.170060
281.530811	0.181710
282.220838	0.190910
282.910864	0.196850
283.600891	0.199090
284.290917	0.197550
284.980944	0.192300
285.670970	0.183590
286.360997	0.171740
287.051023	0.157170
287.741050	0.140430
288.431076	0.122250
289.121103	0.103520
289.811129	0.085220
290.501156	0.068350
291.191182	0.053790
291.881209	0.042200
292.571235	0.033870
293.261262	0.028800
293.951288	0.026610
294.641315	0.026720
295.331341	0.028410
296.021368	0.030940
296.711394	0.033690
297.401421	0.036190
298.091447	0.038130
298.781474	0.039410
299.471500	0.040080
300.161527	0.040310
300.851553	0.040400
301.541580	0.040710
302.231606	0.041640
302.921633	0.043580
303.611659	0.046870
304.301686	0.051700
304.991712	0.058080
305.681739	0.065790
306.371765	0.074430
307.061792	0.083400
307.751818	0.092050
308.441845	0.099710
309.131871	0.105850
309.821898	0.110080
310.511924	0.112240
311.201951	0.112400
311.891977	0.110830
312.582004	0.107940
313.272030	0.104240
313.962057	0.100290
314.652083	0.096570
315.342110	0.093490
316.032136	0.091340
316.722163	0.090230
317.412189	0.090120
318.102216	0.090830
318.792242	0.092110
319.482269	0.093630
320.172295	0.095120
320.862322	0.096380
321.552348	0.097270
322.242375	0.097810
322.932401	0.098060
323.622428	0.098150
324.312454	0.098190
325.002481	0.098270
325.692507	0.098400
326.382534	0.098540
327.072560	0.098590
327.762587	0.098400
328.452613	0.097850
329.142639	0.096820
329.832666	0.095250
330.522692	0.093120
331.212719	0.090450
331.902745	0.087250
332.592772	0.083530
333.282798	0.079300
333.972825	0.074520
334.662851	0.069140
335.352878	0.063120
336.042904	0.056430
336.732931	0.049110
337.422957	0.041220
338.112984	0.032900
338.803010	0.024320
339.493037	0.015690
340.183063	0.007270
340.873090	-0.000620
341.563116	-0.007670
342.253143	-0.013460
342.943169	-0.017590
343.633196	-0.019660
344.323222	-0.019350
345.013249	-0.016470
345.703275	-0.011020
346.393302	-0.003200
347.083328	0.006660
347.773355	0.018120
348.463381	0.030730
349.153408	0.044060
349.843434	0.057740
350.533461	0.071460
351.223487	0.084870
351.913514	0.097580
352.603540	0.109120
353.293567	0.118960
353.983593	0.126610
354.673620	0.131640
355.363646	0.133840
356.053673	0.133200
356.743699	0.129960
357.433726	0.124570
358.123752	0.117650
358.813779	0.109950
359.503805	0.102250
360.193832	0.095340
360.883858	0.089960
361.573885	0.086730
362.263911	0.086070
362.953938	0.088200
363.643964	0.093120
364.333991	0.100580
365.024017	0.110130
365.714044	0.121170
366.404070	0.132940
367.094097	0.144630
367.784123	0.155310
368.474150	0.164080
369.164176	0.170040
369.854203	0.172470
370.544229	0.170880
371.234256	0.165170
371.924282	0.155650
372.614309	0.143030
373.304335	0.128360
373.994362	0.112810
374.684388	0.097500
375.374415	0.083320
376.064441	0.070790
376.754468	0.060070
377.444494	0.050940
378.134521	0.043000
378.824547	0.035710
379.514574	0.028570
380.204600	0.021160
380.894627	0.013200
381.584653	0.004540
382.274680	-0.004930
382.964706	-0.015310
383.654733	-0.026790
384.344759	-0.039710
385.034786	-0.054580
385.724812	-0.072050
386.414839	-0.092740
387.104865	-0.117090
387.794892	-0.145150
388.484918	-0.176410
389.174945	-0.209780
389.864971	-0.243700
390.554998	-0.276330
391.245024	-0.305860
391.935051	-0.330820
392.625077	-0.350270
393.315104	-0.363920
394.005130	-0.372040
394.695157	-0.375400
395.385183	-0.374980
396.075210	-0.371860
396.765236	-0.367020
397.455263	-0.361290
398.145289	-0.355230
398.835316	-0.349130
399.525342	-0.343050
400.215369	-0.336780
400.905395	-0.329960
401.595422	-0.322080
402.285448	-0.312650
402.975475	-0.301270
403.665501	-0.287700
404.355528	-0.271920
405.045554	-0.254120
405.735581	-0.234670
406.425607	-0.213990
407.115634	-0.192600
407.805660	-0.170950
408.495687	-0.149500
409.185713	-0.128640
409.875740	-0.108720
410.565766	-0.090040
411.255793	-0.072840
411.945819	-0.057300
412.635846	-0.043580
413.325872	-0.031780
414.015899	-0.021990
414.705925	-0.014270
415.395952	-0.008670
416.085978	-0.005210
416.776005	-0.003840
417.466031	-0.004420
418.156058	-0.006660
418.846084	-0.010170
419.536111	-0.014400
420.226137	-0.018710
420.916164	-0.022360
421.606190	-0.024680
422.296217	-0.025020
422.986243	-0.022920
423.676270	-0.018140
424.366296	-0.010640
425.056323	-0.000630
425.746349	0.011470
426.436376	0.025170
427.126402	0.039920
427.816429	0.055170
428.506455	0.070460
429.196482	0.085400
429.886508	0.099690
430.576535	0.113110
431.266561	0.125490
431.956588	0.136690
432.646614	0.146640
433.336641	0.155270
434.026667	0.162560
434.716694	0.168550
435.406720	0.173290
436.096747	0.176900
436.786773	0.179500
437.476800	0.181290
438.166826	0.182430
438.856853	0.183110
439.546879	0.183490
440.236906	0.183710
440.926932	0.183870
441.616959	0.184000
442.306985	0.184110
442.997012	0.184170
443.687038	0.184080
444.377065	0.183710
445.067091	0.182890
445.757118	0.181420
446.447144	0.179060
447.137171	0.175630
447.827197	0.171000
448.517224	0.165150
449.207250	0.158230
449.897277	0.150560
450.587303	0.142580
451.277330	0.134790
451.967356	0.127670
452.657383	0.121500
453.347409	0.116380
454.037436	0.112160
454.727462	0.108540
455.417489	0.105210
456.107515	0.102020
456.797542	0.099120
457.487568	0.097010
458.177595	0.096500
458.867621	0.098530
459.557648	0.103950
460.247674	0.113230
460.937701	0.126260
461.627727	0.142170
462.317754	0.159340
463.007780	0.175410
463.697807	0.187510
464.387833	0.192550
465.077860	0.187480
465.767886	0.169780
466.457913	0.137840
467.147939	0.091310
467.837966	0.031340
468.527992	-0.039420
469.218019	-0.117090
469.908045	-0.197020
470.598072	-0.274540
471.288098	-0.345570
471.978125	-0.407260
472.668151	-0.458200
473.358178	-0.498430
474.048204	-0.529070
474.738231	-0.551880
475.428257	-0.568710
476.118284	-0.581070
476.808310	-0.589960
477.498337	-0.595810
478.188363	-0.598630
478.878390	-0.598200
479.568416	-0.594290
480.258443	-0.586800
480.948469	-0.575790
481.638496	-0.561460
482.328522	-0.544010
483.018549	-0.523540
483.708575	-0.500020
484.398602	-0.473240
485.088628	-0.442910
485.778655	-0.408790
486.468681	-0.370850
487.158708	-0.329350
487.848734	-0.284960
488.538761	-0.238690
489.228787	-0.191900
489.918814	-0.146150
490.608840	-0.103090
491.298867	-0.064260
491.988893	-0.030910
492.678920	-0.003840
493.368946	0.016760
494.058972	0.031380
494.748999	0.041070
495.439025	0.047340
496.129052	0.051870
496.819078	0.056270
497.509105	0.061820
498.199131	0.069360
498.889158	0.079230
499.579184	0.091260
500.269211	0.104960
500.959237	0.119620
501.649264	0.134410
502.339290	0.148600
503.029317	0.161540
503.719343	0.172740
504.409370	0.181880
505.099396	0.188710
505.789423	0.193040
506.479449	0.194710
507.169476	0.193580
507.859502	0.189550
508.549529	0.182700
509.239555	0.173270
509.929582	0.161780
510.619608	0.148980
511.309635	0.135820
511.999661	0.123250
512.689688	0.112190
513.379714	0.103300
514.069741	0.096980
514.759767	0.093280
515.449794	0.091990
516.139820	0.092650
516.829847	0.094670
517.519873	0.097430
518.209900	0.100280
518.899926	0.102680
519.589953	0.104160
520.279979	0.104380
520.970006	0.103160
521.660032	0.100460
522.350059	0.096400
523.040085	0.091270
523.730112	0.085420
524.420138	0.079320
525.110165	0.073430
525.800191	0.068170
526.490218	0.063850
527.180244	0.060660
527.870271	0.058630
528.560297	0.057620
529.250324	0.057390
529.940350	0.057660
530.630377	0.058100
531.320403	0.058500
532.010430	0.058720
532.700456	0.058760
533.390483	0.058720
534.080509	0.058760
534.770536	0.059060
535.460562	0.059760
536.150589	0.060890
536.840615	0.062420
537.530642	0.064230
538.220668	0.066180
538.910695	0.068120
539.600721	0.069940
540.290748	0.071520
540.980774	0.072780
541.670801	0.073660
542.360827	0.074090
543.050854	0.074060
543.740880	0.073600
544.430907	0.072830
545.120933	0.071950
545.810960	0.071220
546.500986	0.070920
547.191013	0.071260
547.881039	0.072410
548.571066	0.074370
549.261092	0.077060
549.951119	0.080290
550.641145	0.083810
551.331172	0.087360
552.021198	0.090700
552.711225	0.093630
553.401251	0.096030
554.091278	0.097800
554.781304	0.098910
555.471331	0.099350
556.161357	0.099180
556.851384	0.098480
557.541410	0.097370
558.231437	0.095980
558.921463	0.094420
559.611490	0.092760
560.301516	0.090980
560.991543	0.088970
561.681569	0.086550
562.371596	0.083510
563.061622	0.079650
563.751649	0.074890
564.441675	0.069230
565.131702	0.062850
565.821728	0.056060
566.511755	0.049270
567.201781	0.042920
567.891808	0.037420
568.581834	0.033100
569.271861	0.030170
569.961887	0.028690
570.651914	0.028590
571.341940	0.029690
572.031967	0.031750
572.721993	0.034510
573.412020	0.037720
574.102046	0.041170
574.792073	0.044730
575.482099	0.048320
576.172126	0.051880
576.862152	0.055390
577.552179	0.058840
578.242205	0.062220
578.932232	0.065500
579.622258	0.068670
580.312285	0.071740
581.002311	0.074730
581.692338	0.077710
582.382364	0.080740
583.072391	0.083890
583.762417	0.087210
584.452444	0.090670
585.142470	0.094200
585.832497	0.097620
586.522523	0.100710
587.212550	0.103160
587.902576	0.104710
588.592603	0.105100
589.282629	0.104190
589.972656	0.101960
590.662682	0.098510
591.352709	0.094080
592.042735	0.088990
592.732762	0.083580
593.422788	0.078180
594.112815	0.073050
594.802841	0.068370
595.492868	0.064220
596.182894	0.060640
596.872921	0.057670
597.562947	0.055390
598.252974	0.053930
598.943000	0.053530
599.633027	0.054500
600.323053	0.057170
601.013080	0.061820
601.703106	0.068610
602.393133	0.077560
603.083159	0.088450
603.773186	0.100910
604.463212	0.114430
605.153239	0.128510
605.843265	0.142640
606.533292	0.156410
607.223318	0.169450
607.913345	0.181380
608.603371	0.191760
609.293398	0.200050
609.983424	0.205620
610.673451	0.207850
611.363477	0.206270
612.053504	0.200720
612.743530	0.191400
613.433557	0.178950
614.123583	0.164340
614.813610	0.148690
615.503636	0.133150
616.193663	0.118670
616.883689	0.105970
617.573716	0.095410
618.263742	0.087120
618.953769	0.080950
619.643795	0.076560
620.333822	0.073380
621.023848	0.070660
621.713875	0.067400
622.403901	0.062530
623.093928	0.054930
623.783954	0.043700
624.473981	0.028350
625.164007	0.008950
625.854034	-0.013810
626.544060	-0.038640
627.234087	-0.063820
627.924113	-0.087430
628.614140	-0.107600
629.304166	-0.122780
629.994193	-0.131900
630.684219	-0.134530
631.374246	-0.130950
632.064272	-0.122140
632.754299	-0.109780
633.444325	-0.096110
634.134352	-0.083760
634.824378	-0.075470
635.514405	-0.073860
636.204431	-0.081030
636.894458	-0.098280
637.584484	-0.125830
638.274511	-0.162730
638.964537	-0.206870
639.654564	-0.255180
640.344590	-0.304060
641.034617	-0.349800
641.724643	-0.389190
642.414670	-0.419840
643.104696	-0.440530
643.794723	-0.451160
644.484749	-0.452660
645.174776	-0.446620
645.864802	-0.434950
646.554829	-0.419560
647.244855	-0.402110
647.934882	-0.383860
648.624908	-0.365710
649.314935	-0.348190
650.004961	-0.331550
650.694988	-0.315840
651.385014	-0.300950
652.075041	-0.286650
652.765067	-0.272650
653.455094	-0.258680
654.145120	-0.244500
654.835147	-0.229940
655.525173	-0.215000
656.215200	-0.199770
656.905226	-0.184470
657.595253	-0.169350
658.285279	-0.154640
658.975305	-0.140490
659.665332	-0.126890
660.355358	-0.113650
661.045385	-0.100370
661.735411	-0.086530
662.425438	-0.071550
663.115464	-0.054890
663.805491	-0.036200
664.495517	-0.015400
665.185544	0.007280
665.875570	0.031280
666.565597	0.055800
667.255623	0.079900
667.945650	0.102680
668.635676	0.123380
669.325703	0.141470
670.015729	0.156710
670.705756	0.169080
671.395782	0.178790
672.085809	0.186140
672.775835	0.191490
673.465862	0.195200
674.155888	0.197610
674.845915	0.199050
675.535941	0.199820
676.225968	0.200180
676.915994	0.200370
677.606021	0.200530
678.296047	0.200760
678.986074	0.201110
679.676100	0.201560
680.366127	0.202070
681.056153	0.202580
681.746180	0.203020
682.436206	0.203270
683.126233	0.203180
683.816259	0.202530
684.506286	0.201060
685.196312	0.198460
685.886339	0.194450
686.576365	0.188820
687.266392	0.181400
687.956418	0.172160
688.646445	0.161120
689.336471	0.148390
690.026498	0.134110
690.716524	0.118480
691.406551	0.101740
692.096577	0.084210
692.786604	0.066280
693.476630	0.048400
694.166657	0.031030
694.856683	0.014590
695.546710	-0.000640
696.236736	-0.014610
696.926763	-0.027520
697.616789	-0.039840
698.306816	-0.052230
698.996842	-0.065510
699.686869	-0.080500
700.376895	-0.097990
701.066922	-0.118690
701.756948	-0.143180
702.446975	-0.171920
703.137001	-0.205150
703.827028	-0.242840
704.517054	-0.284550
705.207081	-0.329400
705.897107	-0.375970
706.587134	-0.422440
707.277160	-0.466700
707.967187	-0.506570
708.657213	-0.540070
709.347240	-0.565590
710.037266	-0.582070
710.727293	-0.588960
711.417319	-0.586270
712.107346	-0.574460
712.797372	-0.554300
713.487399	-0.526760
714.177425	-0.492900
714.867452	-0.453830
715.557478	-0.410640
716.247505	-0.364470
716.937531	-0.316550
717.627558	-0.268220
718.317584	-0.220960
719.007611	-0.176280
719.697637	-0.135650
720.387664	-0.100250
721.077690	-0.070850
721.767717	-0.047680
722.457743	-0.030390
723.147770	-0.018190
723.837796	-0.009980
724.527823	-0.004640
725.217849	-0.001180
725.907876	0.001100
726.597902	0.002540
727.287929	0.003310
727.977955	0.003420
728.667982	0.002960
729.358008	0.002230
730.048035	0.001710
730.738061	0.002060
731.428088	0.004000
732.118114	0.008060
732.808141	0.014480
733.498167	0.023050
734.188194	0.033190
734.878220	0.043960
735.568247	0.054310
736.258273	0.063260
736.948300	0.070120
737.638326	0.074560
738.328353	0.076680
739.018379	0.076930
739.708406	0.076000
740.398432	0.074670
741.088459	0.073710
741.778485	0.073750
742.468512	0.075220
743.158538	0.078330
743.848565	0.083020
744.538591	0.089020
745.228618	0.095900
745.918644	0.103160
746.608671	0.110310
747.298697	0.117000
747.988724	0.123020
748.678750	0.128300
749.368777	0.132910
750.058803	0.136960
750.748830	0.140560
751.438856	0.143770
752.128883	0.146580
752.818909	0.148930
753.508936	0.150700
754.198962	0.151750
754.888989	0.151890
755.579015	0.150910
756.269042	0.148600
756.959068	0.144780
757.649095	0.139370
758.339121	0.132430
759.029148	0.124220
759.719174	0.115100
760.409201	0.105580
761.099227	0.096160
761.789254	0.087280
762.479280	0.079240
763.169307	0.072150
763.859333	0.065890
764.549360	0.060200
765.239386	0.054740
765.929413	0.049160
766.619439	0.043210
767.309466	0.036860
767.999492	0.030300
768.689519	0.023950
769.379545	0.018340
770.069572	0.014030
770.759598	0.011440
771.449625	0.010750
772.139651	0.011890
772.829678	0.014550
773.519704	0.018300
774.209731	0.022730
774.899757	0.027510
775.589784	0.032460
776.279810	0.037550
776.969837	0.042780
777.659863	0.048180
778.349890	0.053670
779.039916	0.059090
779.729943	0.064250
780.419969	0.068890
781.109996	0.072860
781.800022	0.076030
782.490049	0.078420
783.180075	0.080050
783.870102	0.081020
784.560128	0.081390
785.250155	0.081240
785.940181	0.080650
786.630208	0.079730
787.320234	0.078650
788.010261	0.077670
788.700287	0.077050
789.390314	0.077100
790.080340	0.078050
790.770367	0.080040
791.460393	0.083080
792.150420	0.087040
792.840446	0.091630
