0.000000	0.109330
0.689998	0.114260
1.379997	0.116660
2.069995	0.116430
2.759993	0.113730
3.449991	0.109020
4.139990	0.102990
4.829988	0.096480
5.519986	0.090310
6.209984	0.085170
6.899983	0.081430
7.589981	0.079100
8.279979	0.077800
8.969977	0.076910
9.659976	0.075750
10.349974	0.073750
11.039972	0.070650
11.729971	0.066580
12.419969	0.062010
13.109967	0.057590
13.799965	0.054000
14.489964	0.051720
15.179962	0.050950
15.869960	0.051550
16.559958	0.053150
17.249957	0.055280
17.939955	0.057510
18.629953	0.059590
19.319951	0.061480
20.009950	0.063350
20.699948	0.065540
21.389946	0.068500
22.079945	0.072650
22.769943	0.078350
23.459941	0.085760
24.149939	0.094750
24.839938	0.104890
25.529936	0.115450
26.219934	0.125510
26.909932	0.134110
27.599931	0.140430
28.289929	0.143970
28.979927	0.144610
29.669925	0.142600
30.359924	0.138510
31.049922	0.133070
31.739920	0.127010
32.429919	0.120910
33.119917	0.115140
33.809915	0.109800
34.499913	0.104790
35.189912	0.099820
35.879910	0.094570
36.569908	0.088760
37.259906	0.082280
37.949905	0.075200
38.639903	0.067820
39.329901	0.060620
40.019899	0.054190
40.709898	0.049180
41.399896	0.046130
42.089894	0.045460
42.779893	0.047350
43.469891	0.051680
44.159889	0.058040
44.849887	0.065730
45.539886	0.073890
46.229884	0.081550
46.919882	0.087830
47.609880	0.092100
48.299879	0.094050
48.989877	0.093820
49.679875	0.091920
50.369873	0.089110
51.059872	0.086250
51.749870	0.084080
52.439868	0.083060
53.129867	0.083250
53.819865	0.084350
54.509863	0.085750
55.199861	0.086690
55.889860	0.086440
56.579858	0.084380
57.269856	0.080090
57.959854	0.073440
58.649853	0.064530
59.339851	0.053730
60.029849	0.041630
60.719847	0.029010
61.409846	0.016770
62.099844	0.005790
62.789842	-0.003110
63.479841	-0.009330
64.169839	-0.012530
64.859837	-0.012660
65.549835	-0.009920
66.239834	-0.004770
66.929832	0.002170
67.619830	0.010160
68.309828	0.018470
68.999827	0.026370
69.689825	0.033300
70.379823	0.038860
71.069821	0.042940
71.759820	0.045720
72.449818	0.047610
73.139816	0.049200
73.829814	0.051150
74.519813	0.054060
75.209811	0.058410
75.899809	0.064420
76.589808	0.072090
77.279806	0.081170
77.969804	0.091230
78.659802	0.101660
79.349801	0.111760
80.039799	0.120790
80.729797	0.128000
81.419795	0.132710
82.109794	0.134350
82.799792	0.132550
83.489790	0.127200
84.179788	0.118470
84.869787	0.106870
85.559785	0.093170
86.249783	0.078340
86.939782	0.063450
87.629780	0.049490
88.319778	0.037250
89.009776	0.027230
89.699775	0.019640
90.389773	0.014380
91.079771	0.011150
91.769769	0.009590
92.459768	0.009300
93.149766	0.009950
93.839764	0.011280
94.529762	0.013100
95.219761	0.015240
95.909759	0.017490
96.599757	0.019610
97.289756	0.021290
97.979754	0.022150
98.669752	0.021790
99.359750	0.019870
100.049749	0.016170
100.739747	0.010610
101.429745	0.003350
102.119743	-0.005230
102.809742	-0.014560
103.499740	-0.023900
104.189738	-0.032400
104.879736	-0.039190
105.569735	-0.043450
106.259733	-0.044480
106.949731	-0.041790
107.639730	-0.035090
108.329728	-0.024350
109.019726	-0.009740
109.709724	0.008370
110.399723	0.029550
111.089721	0.053230
111.779719	0.078740
112.469717	0.105350
113.159716	0.132200
113.849714	0.158350
114.539712	0.182760
115.229710	0.204420
115.919709	0.222360
116.609707	0.235800
117.299705	0.244220
117.989704	0.247430
118.679702	0.245550
119.369700	0.238990
120.059698	0.228330
120.749697	0.214220
121.439695	0.197260
122.129693	0.177880
122.819691	0.156400
123.509690	0.133060
124.199688	0.108130
124.889686	0.082110
125.579684	0.055770
126.269683	0.030190
126.959681	0.006670
127.649679	-0.013440
128.339678	-0.029000
129.029676	-0.039230
129.719674	-0.043900
130.409672	-0.043360
131.099671	-0.038460
131.789669	-0.030390
132.479667	-0.020470
133.169665	-0.009970
133.859664	0.000080
134.549662	0.008980
135.239660	0.016370
135.929658	0.022230
136.619657	0.026750
137.309655	0.030360
137.999653	0.033560
138.689652	0.036920
139.379650	0.041060
140.069648	0.046510
140.759646	0.053750
141.449645	0.063070
142.139643	0.074550
142.829641	0.087920
143.519639	0.102610
144.209638	0.117750
144.899636	0.132210
145.589634	0.144820
146.279632	0.154540
146.969631	0.160650
147.659629	0.162970
148.349627	0.161930
149.039626	0.158540
149.729624	0.154240
150.419622	0.150570
151.109620	0.148900
151.799619	0.150070
152.489617	0.154170
153.179615	0.160490
153.869613	0.167610
154.559612	0.173680
155.249610	0.176810
155.939608	0.175460
156.629606	0.168870
157.319605	0.157220
158.009603	0.141590
158.699601	0.123770
159.389600	0.105790
160.079598	0.089410
160.769596	0.075690
161.459594	0.064720
162.149593	0.055520
162.839591	0.046220
163.529589	0.034320
164.219587	0.017070
164.909586	-0.008100
165.599584	-0.043300
166.289582	-0.089800
166.979580	-0.147930
167.669579	-0.216970
168.359577	-0.295220
169.049575	-0.380210
169.739574	-0.468960
170.429572	-0.558350
171.119570	-0.645460
171.809568	-0.727850
172.499567	-0.803660
173.189565	-0.871620
173.879563	-0.930760
174.569561	-0.980190
175.259560	-1.018690
175.949558	-1.044500
176.639556	-1.055240
177.329554	-1.048150
178.019553	-1.020490
178.709551	-0.970200
179.399549	-0.896500
180.089548	-0.800420
180.779546	-0.685000
181.469544	-0.555060
182.159542	-0.416680
182.849541	-0.276350
183.539539	-0.140080
184.229537	-0.012720
184.919535	0.102400
185.609534	0.203590
186.299532	0.290360
186.989530	0.362970
187.679528	0.421950
188.369527	0.467630
189.059525	0.500030
189.749523	0.518890
190.439522	0.523890
191.129520	0.514950
191.819518	0.492560
192.509516	0.457890
193.199515	0.412900
193.889513	0.360180
194.579511	0.302690
195.269509	0.243410
195.959508	0.184990
196.649506	0.129420
197.339504	0.077860
198.029502	0.030610
198.719501	-0.012720
199.409499	-0.052970
200.099497	-0.091010
200.789495	-0.127440
201.479494	-0.162340
202.169492	-0.195220
202.859490	-0.225120
203.549489	-0.250890
204.239487	-0.271520
204.929485	-0.286480
205.619483	-0.295950
206.309482	-0.300830
206.999480	-0.302650
207.689478	-0.303310
208.379476	-0.304670
209.069475	-0.308310
209.759473	-0.315250
210.449471	-0.325900
211.139469	-0.340050
211.829468	-0.357050
212.519466	-0.375890
213.209464	-0.395370
213.899463	-0.414160
214.589461	-0.430820
215.279459	-0.443840
215.969457	-0.451690
216.659456	-0.452900
217.349454	-0.446250
218.039452	-0.430930
218.729450	-0.406740
219.419449	-0.374140
220.109447	-0.334170
220.799445	-0.288370
221.489443	-0.238520
222.179442	-0.186550
222.869440	-0.134340
223.559438	-0.083670
224.249437	-0.036140
224.939435	0.006880
225.629433	0.044400
226.319431	0.075820
227.009430	0.100930
227.699428	0.119830
228.389426	0.132760
229.079424	0.140000
229.769423	0.141790
230.459421	0.138390
231.149419	0.130240
231.839417	0.118090
232.529416	0.103190
233.219414	0.087190
233.909412	0.072040
234.599411	0.059730
235.289409	0.051960
235.979407	0.049870
236.669405	0.053860
237.359404	0.063420
238.049402	0.077250
238.739400	0.093350
239.429398	0.109330
240.119397	0.122760
240.809395	0.131580
241.499393	0.134420
242.189391	0.130950
242.879390	0.121890
243.569388	0.108910
244.259386	0.094320
244.949385	0.080560
245.639383	0.069730
246.329381	0.063110
247.019379	0.060980
247.709378	0.062580
248.399376	0.066420
249.089374	0.070710
249.779372	0.073810
250.469371	0.074630
251.159369	0.072830
251.849367	0.068760
252.539365	0.063280
253.229364	0.057440
253.919362	0.052200
254.609360	0.048270
255.299359	0.046060
255.989357	0.045770
256.679355	0.047520
257.369353	0.051540
258.059352	0.058260
258.749350	0.068310
259.439348	0.082430
260.129346	0.101320
260.819345	0.125410
261.509343	0.154650
262.199341	0.188320
262.889339	0.224960
263.579338	0.262390
264.269336	0.297790
264.959334	0.328030
265.649333	0.349920
266.339331	0.360640
267.029329	0.358140
267.719327	0.341440
268.409326	0.310920
269.099324	0.268300
269.789322	0.216560
270.479320	0.159480
271.169319	0.101270
271.859317	0.045900
272.549315	-0.003280
273.239313	-0.043980
273.929312	-0.075030
274.619310	-0.096400
275.309308	-0.108910
275.999307	-0.113930
276.689305	-0.113070
277.379303	-0.107850
278.069301	-0.099520
278.759300	-0.088980
279.449298	-0.076810
280.139296	-0.063320
280.829294	-0.048730
281.519293	-0.033250
282.209291	-0.017220
282.899289	-0.001130
283.589287	0.014350
284.279286	0.028500
284.969284	0.040510
285.659282	0.049690
286.349281	0.055530
287.039279	0.057780
287.729277	0.056490
288.419275	0.052010
289.109274	0.044870
289.799272	0.035780
290.489270	0.025490
291.179268	0.014690
291.869267	0.004010
292.559265	-0.006050
293.249263	-0.015090
293.939261	-0.022820
294.629260	-0.028980
295.319258	-0.033450
296.009256	-0.036210
296.699255	-0.037390
297.389253	-0.037370
298.079251	-0.036750
298.769249	-0.036340
299.459248	-0.037120
300.149246	-0.040050
300.839244	-0.046030
301.529242	-0.055630
302.219241	-0.069010
302.909239	-0.085740
303.599237	-0.104750
304.289235	-0.124240
304.979234	-0.141760
305.669232	-0.154340
306.359230	-0.158800
307.049229	-0.152150
307.739227	-0.132140
308.429225	-0.097780
309.119223	-0.049710
309.809222	0.009570
310.499220	0.076010
311.189218	0.144420
311.879216	0.209270
312.569215	0.265470
313.259213	0.309100
313.949211	0.337770
314.639209	0.350730
315.329208	0.348660
316.019206	0.333250
316.709204	0.306840
317.399203	0.272030
318.089201	0.231410
318.779199	0.187490
319.469197	0.142610
320.159196	0.098930
320.849194	0.058420
321.539192	0.022860
322.229190	-0.006300
322.919189	-0.027960
323.609187	-0.041500
324.299185	-0.046850
324.989183	-0.044510
325.679182	-0.035590
326.369180	-0.021600
327.059178	-0.004340
327.749176	0.014360
328.439175	0.032910
329.129173	0.050050
329.819171	0.065010
330.509170	0.077460
331.199168	0.087420
331.889166	0.095140
332.579164	0.100990
333.269163	0.105320
333.959161	0.108430
334.649159	0.110570
335.339157	0.111940
336.029156	0.112750
336.719154	0.113170
337.409152	0.113360
338.099150	0.113400
338.789149	0.113280
339.479147	0.112840
340.169145	0.111810
340.859144	0.109880
341.549142	0.106760
342.239140	0.102330
342.929138	0.096690
343.619137	0.090220
344.309135	0.083500
344.999133	0.077340
345.689131	0.072540
346.379130	0.069920
347.069128	0.070090
347.759126	0.073450
348.449124	0.080100
349.139123	0.089730
349.829121	0.101600
350.519119	0.114500
351.209118	0.126760
351.899116	0.136360
352.589114	0.141160
353.279112	0.139180
353.969111	0.128950
354.659109	0.109870
355.349107	0.082400
356.039105	0.048130
356.729104	0.009640
357.419102	-0.029840
358.109100	-0.066950
358.799098	-0.098590
359.489097	-0.122460
360.179095	-0.137270
360.869093	-0.142800
361.559092	-0.139770
362.249090	-0.129540
362.939088	-0.113770
363.629086	-0.094060
364.319085	-0.071750
365.009083	-0.047790
365.699081	-0.022710
366.389079	0.003260
367.079078	0.030100
367.769076	0.057770
368.459074	0.086150
369.149072	0.114890
369.839071	0.143340
370.529069	0.170460
371.219067	0.194840
371.909066	0.214760
372.599064	0.228300
373.289062	0.233660
373.979060	0.229410
374.669059	0.214900
375.359057	0.190550
376.049055	0.157930
376.739053	0.119730
377.429052	0.079410
378.119050	0.040740
378.809048	0.007280
379.499046	-0.018160
380.189045	-0.033800
380.879043	-0.039020
381.569041	-0.034270
382.259040	-0.020830
382.949038	-0.000470
383.639036	0.024830
384.329034	0.053200
385.019033	0.082890
385.709031	0.112360
386.399029	0.140180
387.089027	0.165030
387.779026	0.185700
388.469024	0.201180
389.159022	0.210860
389.849020	0.214690
390.539019	0.213320
391.229017	0.207950
391.919015	0.200200
392.609014	0.191640
393.299012	0.183480
393.989010	0.176260
394.679008	0.169750
395.369007	0.163080
396.059005	0.155000
396.749003	0.144310
397.439001	0.130140
398.129000	0.112220
398.818998	0.090950
399.508996	0.067320
400.198994	0.042710
400.888993	0.018690
401.578991	-0.003240
402.268989	-0.021840
402.958988	-0.036240
403.648986	-0.046100
404.338984	-0.051740
405.028982	-0.054290
405.718981	-0.055730
406.408979	-0.058950
407.098977	-0.067520
407.788975	-0.085290
408.478974	-0.115890
409.168972	-0.162140
409.858970	-0.225470
410.548968	-0.305680
411.238967	-0.400860
411.928965	-0.507610
412.618963	-0.621450
413.308962	-0.737200
413.998960	-0.849300
414.688958	-0.952020
415.378956	-1.039540
416.068955	-1.106030
416.758953	-1.145900
417.448951	-1.154260
418.138949	-1.127570
418.828948	-1.064500
419.518946	-0.966570
420.208944	-0.838560
420.898942	-0.688270
421.588941	-0.525740
422.278939	-0.361930
422.968937	-0.207190
423.658936	-0.069850
424.348934	0.044790
425.038932	0.134870
425.728930	0.201550
426.418929	0.248270
427.108927	0.279570
427.798925	0.299930
428.488923	0.312890
429.178922	0.320510
429.868920	0.323280
430.558918	0.320530
431.248916	0.310980
431.938915	0.293530
432.628913	0.267790
433.318911	0.234470
434.008910	0.195350
434.698908	0.152940
435.388906	0.109950
436.078904	0.068740
436.768903	0.030890
437.458901	-0.002960
438.148899	-0.033080
438.838897	-0.060280
439.528896	-0.085590
440.218894	-0.109880
440.908892	-0.133610
441.598890	-0.156770
442.288889	-0.178950
442.978887	-0.199520
443.668885	-0.217880
444.358884	-0.233700
445.048882	-0.247150
445.738880	-0.258940
446.428878	-0.270380
447.118877	-0.283200
447.808875	-0.299250
448.498873	-0.320130
449.188871	-0.346770
449.878870	-0.378960
450.568868	-0.415070
451.258866	-0.451990
451.948864	-0.485410
452.638863	-0.510380
453.328861	-0.522240
454.018859	-0.517630
454.708858	-0.495320
455.398856	-0.456810
456.088854	-0.406140
456.778852	-0.349280
457.468851	-0.292920
458.158849	-0.243080
458.848847	-0.203960
459.538845	-0.177220
460.228844	-0.161900
460.918842	-0.154930
461.608840	-0.152050
462.298838	-0.148760
462.988837	-0.141150
463.678835	-0.126340
464.368833	-0.102590
465.058831	-0.069140
465.748830	-0.026020
466.438828	0.026140
467.128826	0.086230
467.818825	0.152510
468.508823	0.222590
469.198821	0.293420
469.888819	0.361390
470.578818	0.422600
471.268816	0.473280
471.958814	0.510110
472.648812	0.530640
473.338811	0.533460
474.028809	0.518270
474.718807	0.485860
475.408805	0.437950
476.098804	0.377010
476.788802	0.306110
477.478800	0.228670
478.168799	0.148340
478.858797	0.068740
479.548795	-0.006660
480.238793	-0.074830
480.928792	-0.133180
481.618790	-0.179760
482.308788	-0.213300
482.998786	-0.233260
483.688785	-0.239810
484.378783	-0.233850
485.068781	-0.216940
485.758779	-0.191220
486.448778	-0.159240
487.138776	-0.123790
487.828774	-0.087570
488.518773	-0.053010
489.208771	-0.022010
489.898769	0.004130
490.588767	0.024780
491.278766	0.039790
491.968764	0.049400
492.658762	0.054010
493.348760	0.054080
494.038759	0.050010
494.728757	0.042170
495.418755	0.030970
496.108753	0.016960
496.798752	0.000940
497.488750	-0.015960
498.178748	-0.032250
498.868747	-0.046130
499.558745	-0.055660
500.248743	-0.058920
500.938741	-0.054330
501.628740	-0.040920
502.318738	-0.018570
503.008736	0.011770
503.698734	0.048110
504.388733	0.087590
505.078731	0.126810
505.768729	0.162360
506.458727	0.191320
507.148726	0.211690
507.838724	0.222660
508.528722	0.224570
509.218721	0.218790
509.908719	0.207290
510.598717	0.192310
511.288715	0.175960
511.978714	0.159960
512.668712	0.145550
513.358710	0.133480
514.048708	0.124050
514.738707	0.117270
515.428705	0.112920
516.118703	0.110720
516.808701	0.110310
517.498700	0.111340
518.188698	0.113490
518.878696	0.116410
519.568695	0.119750
520.258693	0.123110
520.948691	0.126090
521.638689	0.128260
522.328688	0.129200
523.018686	0.128570
523.708684	0.126140
524.398682	0.121820
525.088681	0.115700
525.778679	0.108020
526.468677	0.099180
527.158675	0.089670
527.848674	0.080010
528.538672	0.070670
529.228670	0.062020
529.918669	0.054260
530.608667	0.047380
531.298665	0.041220
531.988663	0.035490
532.678662	0.029930
533.368660	0.024330
534.058658	0.018650
534.748656	0.012970
535.438655	0.007470
536.128653	0.002290
536.818651	-0.002640
537.508649	-0.007610
538.198648	-0.013210
538.888646	-0.020260
539.578644	-0.029650
540.268643	-0.042160
540.958641	-0.058260
541.648639	-0.077980
542.338637	-0.100810
543.028636	-0.125770
543.718634	-0.151420
544.408632	-0.176040
545.098630	-0.197750
545.788629	-0.214600
546.478627	-0.224690
547.168625	-0.226330
547.858623	-0.218080
548.548622	-0.198960
549.238620	-0.168620
549.928618	-0.127490
550.618617	-0.076920
551.308615	-0.019170
551.998613	0.042660
552.688611	0.104970
553.378610	0.163990
554.068608	0.216160
554.758606	0.258600
555.448604	0.289300
556.138603	0.307270
556.828601	0.312510
557.518599	0.305800
558.208597	0.288550
558.898596	0.262560
559.588594	0.229840
560.278592	0.192520
560.968591	0.152780
561.658589	0.112810
562.348587	0.074760
563.038585	0.040670
563.728584	0.012380
564.418582	-0.008650
565.108580	-0.021470
565.798578	-0.025770
566.488577	-0.021860
567.178575	-0.010750
567.868573	0.006080
568.558571	0.026850
569.248570	0.049690
569.938568	0.072830
570.628566	0.094790
571.318565	0.114420
572.008563	0.130890
572.698561	0.143610
573.388559	0.152240
574.078558	0.156590
574.768556	0.156630
575.458554	0.152580
576.148552	0.144910
576.838551	0.134430
577.528549	0.122300
578.218547	0.109960
578.908545	0.099050
579.598544	0.091170
580.288542	0.087730
580.978540	0.089690
581.668539	0.097480
582.358537	0.110930
583.048535	0.129290
583.738533	0.151400
584.428532	0.175900
585.118530	0.201380
585.808528	0.226620
586.498526	0.250690
587.188525	0.272990
587.878523	0.293260
588.568521	0.311440
589.258519	0.327590
589.948518	0.341660
590.638516	0.353320
591.328514	0.361710
592.018512	0.365280
592.708511	0.361760
593.398509	0.348280
594.088507	0.321700
594.778506	0.279240
595.468504	0.219100
596.158502	0.141150
596.848500	0.047360
597.538499	-0.058130
598.228497	-0.169460
598.918495	-0.279690
599.608493	-0.381840
600.298492	-0.469780
600.988490	-0.538890
601.678488	-0.586430
602.368486	-0.611470
603.058485	-0.614590
603.748483	-0.597430
604.438481	-0.562220
605.128480	-0.511530
605.818478	-0.448070
606.508476	-0.374710
607.198474	-0.294520
607.888473	-0.210810
608.578471	-0.127010
609.268469	-0.046540
609.958467	0.027530
610.648466	0.092830
611.338464	0.147830
612.028462	0.192020
612.718460	0.225840
613.408459	0.250490
614.098457	0.267640
614.788455	0.279120
615.478454	0.286660
616.168452	0.291740
616.858450	0.295440
617.548448	0.298520
618.238447	0.301370
618.928445	0.304140
619.618443	0.306780
620.308441	0.309120
620.998440	0.310930
621.688438	0.311940
622.378436	0.311870
623.068434	0.310400
623.758433	0.307180
624.448431	0.301870
625.138429	0.294180
625.828428	0.284040
626.518426	0.271700
627.208424	0.257960
627.898422	0.244180
628.588421	0.232270
629.278419	0.224440
629.968417	0.222810
630.658415	0.228920
631.348414	0.243220
632.038412	0.264620
632.728410	0.290330
633.418408	0.315900
634.108407	0.335680
634.798405	0.343480
635.488403	0.333630
636.178402	0.301920
636.868400	0.246590
637.558398	0.168930
638.248396	0.073430
638.938395	-0.032730
639.628393	-0.140680
640.318391	-0.241150
641.008389	-0.326030
641.698388	-0.389570
642.388386	-0.429260
643.078384	-0.445960
643.768382	-0.443630
644.458381	-0.428450
645.148379	-0.407780
645.838377	-0.389040
646.528376	-0.378730
647.218374	-0.381670
647.908372	-0.400600
648.598370	-0.435990
649.288369	-0.486270
649.978367	-0.548200
650.668365	-0.617530
651.358363	-0.689700
652.048362	-0.760400
652.738360	-0.826090
653.428358	-0.884110
654.118356	-0.932610
654.808355	-0.970270
655.498353	-0.995850
656.188351	-1.007890
656.878350	-1.004470
657.568348	-0.983270
658.258346	-0.941840
658.948344	-0.878130
659.638343	-0.791170
660.328341	-0.681710
661.018339	-0.552730
661.708337	-0.409480
662.398336	-0.259120
663.088334	-0.109830
663.778332	0.030300
664.468330	0.154460
665.158329	0.257970
665.848327	0.338680
666.538325	0.396830
667.228324	0.434470
667.918322	0.454730
668.608320	0.460990
669.298318	0.456370
669.988317	0.443440
670.678315	0.424090
671.368313	0.399700
672.058311	0.371230
672.748310	0.339440
673.438308	0.304950
674.128306	0.268310
674.818304	0.230070
675.508303	0.190750
676.198301	0.150890
676.888299	0.111020
677.578298	0.071690
678.268296	0.033450
678.958294	-0.003190
679.648292	-0.037790
680.338291	-0.069950
681.028289	-0.099430
681.718287	-0.126120
682.408285	-0.150050
683.098284	-0.171460
683.788282	-0.190710
684.478280	-0.208340
685.168278	-0.224960
685.858277	-0.241170
686.548275	-0.257480
687.238273	-0.274180
687.928272	-0.291240
688.618270	-0.308310
689.308268	-0.324730
689.998266	-0.339620
690.688265	-0.351990
691.378263	-0.360880
692.068261	-0.365390
692.758259	-0.364790
693.448258	-0.358560
694.138256	-0.346440
694.828254	-0.328500
695.518252	-0.305190
696.208251	-0.277420
696.898249	-0.246500
697.588247	-0.214050
698.278246	-0.181830
698.968244	-0.151480
699.658242	-0.124320
700.348240	-0.101220
701.038239	-0.082550
701.728237	-0.068350
702.418235	-0.058450
703.108233	-0.052670
703.798232	-0.050960
704.488230	-0.053300
705.178228	-0.059610
705.868226	-0.069420
706.558225	-0.081680
707.248223	-0.094610
707.938221	-0.105770
708.628220	-0.112350
709.318218	-0.111690
710.008216	-0.101800
710.698214	-0.081880
711.388213	-0.052650
712.078211	-0.016310
712.768209	0.023800
713.458207	0.063820
714.148206	0.100060
714.838204	0.129660
715.528202	0.151030
716.218200	0.163920
716.908199	0.169220
717.598197	0.168600
718.288195	0.163970
718.978194	0.157120
719.668192	0.149430
720.358190	0.141770
721.048188	0.134560
721.738187	0.127890
722.428185	0.121640
723.118183	0.115570
723.808181	0.109430
724.498180	0.102960
725.188178	0.095950
725.878176	0.088260
726.568174	0.079900
727.258173	0.070990
727.948171	0.061810
728.638169	0.052780
729.328167	0.044350
730.018166	0.037010
730.708164	0.031170
731.398162	0.027110
732.088161	0.025030
732.778159	0.024940
733.468157	0.026750
734.158155	0.030210
734.848154	0.034990
735.538152	0.040690
736.228150	0.046950
736.918148	0.053410
737.608147	0.059850
738.298145	0.066120
738.988143	0.072110
739.678141	0.077700
740.368140	0.082690
741.058138	0.086790
741.748136	0.089630
742.438135	0.090870
743.128133	0.090260
743.818131	0.087720
744.508129	0.083430
745.198128	0.077740
745.888126	0.071220
746.578124	0.064480
747.268122	0.058170
747.958121	0.052880
748.648119	0.049100
749.338117	0.047170
750.028115	0.047300
750.718114	0.049540
751.408112	0.053730
752.098110	0.059550
752.788109	0.066420
753.478107	0.073570
754.168105	0.080060
754.858103	0.084860
755.548102	0.086980
756.238100	0.085680
756.928098	0.080590
757.618096	0.071890
758.308095	0.060320
758.998093	0.047190
759.688091	0.034170
760.378089	0.023050
761.068088	0.015450
761.758086	0.012520
762.448084	0.014770
763.138083	0.021900
763.828081	0.032950
764.518079	0.046380
765.208077	0.060300
765.898076	0.072820
766.588074	0.082210
767.278072	0.087160
767.968070	0.086920
768.658069	0.081300
769.348067	0.070720
770.038065	0.056060
770.728063	0.038530
771.418062	0.019500
772.108060	0.000320
772.798058	-0.017840
773.488057	-0.034060
774.178055	-0.047640
774.868053	-0.058100
775.558051	-0.065070
776.248050	-0.068180
776.938048	-0.067100
777.628046	-0.061600
778.318044	-0.051720
779.008043	-0.037980
779.698041	-0.021510
780.388039	-0.004080
781.078037	0.012080
781.768036	0.024660
782.458034	0.031600
783.148032	0.031590
783.838031	0.024320
784.528029	0.010560
785.218027	-0.007870
785.908025	-0.028470
786.598024	-0.048250
787.288022	-0.064170
787.978020	-0.073380
788.668018	-0.073520
789.358017	-0.062920
790.048015	-0.040870
790.738013	-0.007660
791.428011	0.035260
792.118010	0.085470
792.808008	0.139740
793.498006	0.194440
794.188005	0.245960
794.878003	0.291110
795.568001	0.327420
796.257999	0.353260
796.947998	0.367830
797.637996	0.371090
798.327994	0.363560
799.017992	0.346260
799.707991	0.320610
800.397989	0.288370
801.087987	0.251620
801.777985	0.212650
802.467984	0.173810
803.157982	0.137250
803.847980	0.104690
804.537979	0.077270
805.227977	0.055390
805.917975	0.038780
806.607973	0.026640
807.297972	0.017850
807.987970	0.011240
808.677968	0.005750
809.367966	0.000640
810.057965	-0.004590
810.747963	-0.010140
811.437961	-0.016020
812.127959	-0.022220
812.817958	-0.028700
813.507956	-0.035460
814.197954	-0.042510
814.887953	-0.049750
815.577951	-0.056900
816.267949	-0.063400
816.957947	-0.068340
817.647946	-0.070510
818.337944	-0.068510
819.027942	-0.060970
819.717940	-0.046810
820.407939	-0.025500
821.097937	0.002730
821.787935	0.036840
822.477933	0.075040
823.167932	0.114990
823.857930	0.154100
824.547928	0.189880
825.237927	0.220180
825.927925	0.243460
826.617923	0.258780
827.307921	0.265900
827.997920	0.265080
828.687918	0.257010
829.377916	0.242610
830.067914	0.222900
830.757913	0.198870
831.447911	0.171400
832.137909	0.141250
832.827907	0.109140
833.517906	0.075800
834.207904	0.042060
834.897902	0.008950
835.587901	-0.022280
836.277899	-0.050230
836.967897	-0.073410
837.657895	-0.090420
838.347894	-0.100160
839.037892	-0.101950
839.727890	-0.095710
840.417888	-0.082000
841.107887	-0.061950
841.797885	-0.037220
842.487883	-0.009790
843.177881	0.018260
843.867880	0.044930
844.557878	0.068440
845.247876	0.087430
845.937875	0.100970
846.627873	0.108620
847.317871	0.110450
848.007869	0.107000
848.697868	0.099220
849.387866	0.088420
850.077864	0.076120
850.767862	0.063950
851.457861	0.053430
852.147859	0.045860
852.837857	0.042110
853.527855	0.042550
854.217854	0.047070
854.907852	0.055200
855.597850	0.066200
856.287848	0.079370
856.977847	0.094090
857.667845	0.109960
858.357843	0.126720
859.047842	0.144140
859.737840	0.161930
860.427838	0.179570
861.117836	0.196370
861.807835	0.211500
862.497833	0.224180
863.187831	0.233820
863.877829	0.240190
864.567828	0.243420
865.257826	0.243980
865.947824	0.242530
866.637822	0.239790
867.327821	0.236370
868.017819	0.232710
868.707817	0.228980
869.397816	0.225130
870.087814	0.220840
870.777812	0.215510
871.467810	0.208240
872.157809	0.197850
872.847807	0.182950
873.537805	0.162220
874.227803	0.134670
874.917802	0.100060
875.607800	0.059170
876.297798	0.013940
876.987796	-0.032640
877.677795	-0.076960
878.367793	-0.115270
879.057791	-0.144390
879.747790	-0.162170
880.437788	-0.167860
881.127786	-0.162140
881.817784	-0.147040
882.507783	-0.125590
883.197781	-0.101560
883.887779	-0.079070
884.577777	-0.062360
885.267776	-0.055480
885.957774	-0.062010
886.647772	-0.084650
887.337770	-0.124830
888.027769	-0.182350
888.717767	-0.255180
889.407765	-0.339540
890.097764	-0.430370
890.787762	-0.521990
891.477760	-0.608980
892.167758	-0.686990
892.857757	-0.753220
893.547755	-0.806660
894.237753	-0.847880
894.927751	-0.878540
895.617750	-0.900840
896.307748	-0.916760
896.997746	-0.927590
897.687744	-0.933410
898.377743	-0.932870
899.067741	-0.923220
899.757739	-0.900630
900.447738	-0.860790
901.137736	-0.799810
901.827734	-0.715180
902.517732	-0.606680
903.207731	-0.476860
903.897729	-0.331030
904.587727	-0.176690
905.277725	-0.022430
905.967724	0.123300
906.657722	0.253420
907.347720	0.362970
908.037718	0.449520
908.727717	0.512940
909.417715	0.554870
910.107713	0.578030
910.797712	0.585520
911.487710	0.580290
912.177708	0.564830
912.867706	0.541020
913.557705	0.510170
914.247703	0.473070
914.937701	0.430140
915.627699	0.381480
916.317698	0.327070
917.007696	0.266840
917.697694	0.200900
918.387692	0.129680
919.077691	0.054160
919.767689	-0.024030
920.457687	-0.102630
921.147686	-0.178820
921.837684	-0.249490
922.527682	-0.311630
923.217680	-0.362680
923.907679	-0.400900
924.597677	-0.425640
925.287675	-0.437410
925.977673	-0.437860
926.667672	-0.429540
927.357670	-0.415540
928.047668	-0.399090
928.737666	-0.383150
929.427665	-0.370060
930.117663	-0.361330
930.807661	-0.357520
931.497660	-0.358360
932.187658	-0.362760
932.877656	-0.369120
933.567654	-0.375410
934.257653	-0.379430
934.947651	-0.378960
935.637649	-0.372020
936.327647	-0.357170
937.017646	-0.333760
937.707644	-0.302310
938.397642	-0.264630
939.087640	-0.223790
939.777639	-0.183710
940.467637	-0.148550
941.157635	-0.121830
941.847634	-0.105660
942.537632	-0.100160
943.227630	-0.103340
943.917628	-0.111470
944.607627	-0.119860
945.297625	-0.123850
945.987623	-0.119750
946.677621	-0.105500
947.367620	-0.080970
948.057618	-0.047810
948.747616	-0.008930
949.437614	0.032060
950.127613	0.071580
950.817611	0.106490
951.507609	0.134480
952.197608	0.154200
952.887606	0.165230
953.577604	0.168010
954.267602	0.163660
954.957601	0.153790
955.647599	0.140200
956.337597	0.124670
957.027595	0.108710
957.717594	0.093340
958.407592	0.079140
959.097590	0.066250
959.787588	0.054540
960.477587	0.043830
961.167585	0.034070
961.857583	0.025400
962.547582	0.018180
963.237580	0.012930
963.927578	0.010200
964.617576	0.010440
965.307575	0.013930
965.997573	0.020710
966.687571	0.030580
967.377569	0.043040
968.067568	0.057370
968.757566	0.072630
969.447564	0.087770
970.137562	0.101690
970.827561	0.113420
971.517559	0.122260
972.207557	0.127870
972.897556	0.130300
973.587554	0.129980
974.277552	0.127560
974.967550	0.123770
975.657549	0.119220
976.347547	0.114360
977.037545	0.109400
977.727543	0.104320
978.417542	0.099020
979.107540	0.093290
979.797538	0.087000
980.487536	0.080030
981.177535	0.072400
981.867533	0.064240
982.557531	0.055830
983.247529	0.047610
983.937528	0.040160
984.627526	0.034170
985.317524	0.030360
986.007523	0.029350
986.697521	0.031580
987.387519	0.037200
988.077517	0.046050
988.767516	0.057650
989.457514	0.071280
990.147512	0.086040
990.837510	0.100950
991.527509	0.114990
992.217507	0.127190
992.907505	0.136620
993.597503	0.142450
994.287502	0.143990
994.977500	0.140750
995.667498	0.132590
996.357497	0.119730
997.047495	0.102840
997.737493	0.082950
998.427491	0.061350
999.117490	0.039380
999.807488	0.018220
1000.497486	-0.001240
1001.187484	-0.018550
1001.877483	-0.033550
1002.567481	-0.046320
1003.257479	-0.056960
1003.947477	-0.065410
1004.637476	-0.071420
1005.327474	-0.074530
1006.017472	-0.074240
1006.707471	-0.070150
1007.397469	-0.062230
1008.087467	-0.050850
1008.777465	-0.036880
1009.467464	-0.021580
1010.157462	-0.006440
1010.847460	0.007030
1011.537458	0.017520
1012.227457	0.024060
1012.917455	0.026210
1013.607453	0.024140
1014.297451	0.018640
1014.987450	0.011060
1015.677448	0.003190
1016.367446	-0.002950
1017.057445	-0.005470
1017.747443	-0.002810
1018.437441	0.005880
1019.127439	0.020650
1019.817438	0.040630
1020.507436	0.064210
1021.197434	0.089260
1021.887432	0.113470
1022.577431	0.134740
1023.267429	0.151470
1023.957427	0.162710
1024.647425	0.168220
1025.337424	0.168390
1026.027422	0.164010
1026.717420	0.156030
1027.407419	0.145410
1028.097417	0.132930
1028.787415	0.119140
1029.477413	0.104360
1030.167412	0.088770
1030.857410	0.072470
1031.547408	0.055590
1032.237406	0.038340
1032.927405	0.021050
1033.617403	0.004200
1034.307401	-0.011650
1034.997399	-0.025890
1035.687398	-0.037870
1036.377396	-0.047050
1037.067394	-0.052980
1037.757393	-0.055440
1038.447391	-0.054400
1039.137389	-0.050060
1039.827387	-0.042810
1040.517386	-0.033150
1041.207384	-0.021640
1041.897382	-0.008780
1042.587380	0.004990
1043.277379	0.019430
1043.967377	0.034350
1044.657375	0.049670
1045.347373	0.065320
1046.037372	0.081190
1046.727370	0.097040
1047.417368	0.112550
1048.107367	0.127290
1048.797365	0.140800
1049.487363	0.152680
1050.177361	0.162590
1050.867360	0.170350
1051.557358	0.175860
1052.247356	0.179070
1052.937354	0.179950
1053.627353	0.178410
1054.317351	0.174310
1055.007349	0.167520
1055.697347	0.158020
1056.387346	0.146030
1057.077344	0.132040
1057.767342	0.116920
1058.457341	0.101780
1059.147339	0.087910
1059.837337	0.076540
1060.527335	0.068640
1061.217334	0.064760
1061.907332	0.064860
