0.000000	-0.204150
0.690005	-0.158760
1.380011	-0.114930
2.070016	-0.074310
2.760021	-0.038350
3.450026	-0.008190
4.140032	0.015460
4.830037	0.032390
5.520042	0.042860
6.210048	0.047500
6.900053	0.047220
7.590058	0.043050
8.280064	0.035950
8.970069	0.026750
9.660074	0.016100
10.350079	0.004480
11.040085	-0.007730
11.730090	-0.020200
12.420095	-0.032530
13.110101	-0.044250
13.800106	-0.054790
14.490111	-0.063510
15.180117	-0.069710
15.870122	-0.072750
16.560127	-0.072090
17.250132	-0.067350
17.940138	-0.058350
18.630143	-0.045100
19.320148	-0.027840
20.010154	-0.006930
20.700159	0.017130
21.390164	0.043730
22.080169	0.072140
22.770175	0.101490
23.460180	0.130790
24.150185	0.158900
24.840191	0.184630
25.530196	0.206790
26.220201	0.224300
26.910207	0.236300
27.600212	0.242270
28.290217	0.242030
28.980222	0.235800
29.670228	0.224150
30.360233	0.207930
31.050238	0.188160
31.740244	0.165950
32.430249	0.142380
33.120254	0.118450
33.810259	0.095100
34.500265	0.073120
35.190270	0.053310
35.880275	0.036430
36.570281	0.023260
37.260286	0.014570
37.950291	0.011090
38.640297	0.013360
39.330302	0.021630
40.020307	0.035790
40.710312	0.055310
41.400318	0.079260
42.090323	0.106410
42.780328	0.135360
43.470334	0.164720
44.160339	0.193250
44.850344	0.219940
45.540350	0.244060
46.230355	0.265150
46.920360	0.282900
47.610365	0.297120
48.300371	0.307630
48.990376	0.314280
49.680381	0.316950
50.370387	0.315600
51.060392	0.310300
51.750397	0.301310
52.440402	0.289100
53.130408	0.274290
53.820413	0.257630
54.510418	0.240000
55.200424	0.222260
55.890429	0.205330
56.580434	0.190050
57.270440	0.177150
57.960445	0.167160
58.650450	0.160310
59.340455	0.156370
60.030461	0.154570
60.720466	0.153540
61.410471	0.151380
62.100477	0.145810
62.790482	0.134410
63.480487	0.115020
64.170492	0.086050
64.860498	0.046780
65.550503	-0.002410
66.240508	-0.060090
66.930514	-0.123910
67.620519	-0.190910
68.310524	-0.257870
69.000530	-0.321720
69.690535	-0.379790
70.380540	-0.430020
71.070545	-0.471060
71.760551	-0.502250
72.450556	-0.523570
73.140561	-0.535600
73.830567	-0.539380
74.520572	-0.536380
75.210577	-0.528360
75.900583	-0.517230
76.590588	-0.504920
77.280593	-0.493170
77.970598	-0.483350
78.660604	-0.476380
79.350609	-0.472590
80.040614	-0.471780
80.730620	-0.473240
81.420625	-0.475920
82.110630	-0.478540
82.800635	-0.479810
83.490641	-0.478530
84.180646	-0.473770
84.870651	-0.464920
85.560657	-0.451750
86.250662	-0.434370
86.940667	-0.413080
87.630673	-0.388290
88.320678	-0.360290
89.010683	-0.329180
89.700688	-0.294840
90.390694	-0.256990
91.080699	-0.215400
91.770704	-0.170090
92.460710	-0.121600
93.150715	-0.071070
93.840720	-0.020220
94.530726	0.028780
95.220731	0.073700
95.910736	0.112460
96.600741	0.143540
97.290747	0.166100
97.980752	0.180110
98.670757	0.186250
99.360763	0.185760
100.050768	0.180250
100.740773	0.171480
101.430778	0.161160
102.120784	0.150790
102.810789	0.141540
103.500794	0.134130
104.190800	0.128870
104.880805	0.125620
105.570810	0.123860
106.260816	0.122860
106.950821	0.121790
107.640826	0.119880
108.330831	0.116630
109.020837	0.111840
109.710842	0.105720
110.400847	0.098770
111.090853	0.091730
111.780858	0.085390
112.470863	0.080430
113.160868	0.077320
113.850874	0.076200
114.540879	0.076900
115.230884	0.079020
115.920890	0.081960
116.610895	0.085110
117.300900	0.087860
117.990906	0.089720
118.680911	0.090350
119.370916	0.089530
120.060921	0.087210
120.750927	0.083460
121.440932	0.078470
122.130937	0.072510
122.820943	0.065970
123.510948	0.059270
124.200953	0.052920
124.890959	0.047440
125.580964	0.043340
126.270969	0.041070
126.960974	0.040970
127.650980	0.043220
128.340985	0.047820
129.030990	0.054630
129.720996	0.063380
130.411001	0.073690
131.101006	0.085110
131.791011	0.097100
132.481017	0.109080
133.171022	0.120380
133.861027	0.130330
134.551033	0.138310
135.241038	0.143820
135.931043	0.146550
136.621049	0.146470
137.311054	0.143830
138.001059	0.139080
138.691064	0.132890
139.381070	0.125970
140.071075	0.119030
140.761080	0.112650
141.451086	0.107220
142.141091	0.102840
142.831096	0.099330
143.521101	0.096210
144.211107	0.092790
144.901112	0.088270
145.591117	0.081920
146.281123	0.073280
146.971128	0.062260
147.661133	0.049260
148.351139	0.035150
149.041144	0.021170
149.731149	0.008770
150.421154	-0.000620
151.111160	-0.005810
151.801165	-0.006010
152.491170	-0.000930
153.181176	0.009210
153.871181	0.023730
154.561186	0.041620
155.251192	0.061640
155.941197	0.082510
156.631202	0.102950
157.321207	0.121820
158.011213	0.138130
158.701218	0.151080
159.391223	0.160050
160.081229	0.164640
160.771234	0.164640
161.461239	0.160080
162.151244	0.151210
162.841250	0.138530
163.531255	0.122740
164.221260	0.104800
164.911266	0.085760
165.601271	0.066770
166.291276	0.048960
166.981282	0.033330
167.671287	0.020670
168.361292	0.011500
169.051297	0.006040
169.741303	0.004200
170.431308	0.005660
171.121313	0.009900
171.811319	0.016280
172.501324	0.024120
173.191329	0.032790
173.881335	0.041720
174.571340	0.050480
175.261345	0.058790
175.951350	0.066540
176.641356	0.073760
177.331361	0.080630
178.021366	0.087390
178.711372	0.094330
179.401377	0.101700
180.091382	0.109660
180.781387	0.118230
181.471393	0.127310
182.161398	0.136630
182.851403	0.145800
183.541409	0.154310
184.231414	0.161590
184.921419	0.167050
185.611425	0.170130
186.301430	0.170320
186.991435	0.167230
187.681440	0.160590
188.371446	0.150250
189.061451	0.136220
189.751456	0.118620
190.441462	0.097710
191.131467	0.073880
191.821472	0.047730
192.511477	0.020060
193.201483	-0.008110
193.891488	-0.035590
194.581493	-0.061010
195.271499	-0.083050
195.961504	-0.100450
196.651509	-0.112270
197.341515	-0.117890
198.031520	-0.117120
198.721525	-0.110200
199.411530	-0.097730
200.101536	-0.080610
200.791541	-0.059910
201.481546	-0.036780
202.171552	-0.012320
202.861557	0.012440
203.551562	0.036650
204.241568	0.059520
204.931573	0.080340
205.621578	0.098430
206.311583	0.113020
207.001589	0.123340
207.691594	0.128610
208.381599	0.128170
209.071605	0.121590
209.761610	0.108780
210.451615	0.090030
211.141620	0.065970
211.831626	0.037470
212.521631	0.005560
213.211636	-0.028800
213.901642	-0.064760
214.591647	-0.101590
215.281652	-0.138720
215.971658	-0.175630
216.661663	-0.211820
217.351668	-0.246720
218.041673	-0.279740
218.731679	-0.310220
219.421684	-0.337530
220.111689	-0.361050
220.801695	-0.380180
221.491700	-0.394350
222.181705	-0.403030
222.871710	-0.405710
223.561716	-0.401990
224.251721	-0.391610
224.941726	-0.374620
225.631732	-0.351410
226.321737	-0.322800
227.011742	-0.290030
227.701748	-0.254700
228.391753	-0.218600
229.081758	-0.183580
229.771763	-0.151280
230.461769	-0.123000
231.151774	-0.099480
231.841779	-0.080900
232.531785	-0.066810
233.221790	-0.056280
233.911795	-0.048030
234.601801	-0.040670
235.291806	-0.032880
235.981811	-0.023630
236.671816	-0.012280
237.361822	0.001250
238.051827	0.016610
238.741832	0.032940
239.431838	0.049070
240.121843	0.063630
240.811848	0.075180
241.501853	0.082450
242.191859	0.084400
242.881864	0.080460
243.571869	0.070520
244.261875	0.055050
244.951880	0.035040
245.641885	0.011910
246.331891	-0.012630
247.021896	-0.036820
247.711901	-0.059010
248.401906	-0.077870
249.091912	-0.092550
249.781917	-0.102730
250.471922	-0.108500
251.161928	-0.110360
251.851933	-0.108910
252.541938	-0.104800
253.231944	-0.098530
253.921949	-0.090400
254.611954	-0.080560
255.301959	-0.069050
255.991965	-0.055910
256.681970	-0.041210
257.371975	-0.025140
258.061981	-0.007970
258.751986	0.009970
259.441991	0.028380
260.131996	0.046930
260.822002	0.065350
261.512007	0.083350
262.202012	0.100650
262.892018	0.116900
263.582023	0.131750
264.272028	0.144870
264.962034	0.156010
265.652039	0.165080
266.342044	0.172180
267.032049	0.177580
267.722055	0.181710
268.412060	0.185070
269.102065	0.188120
269.792071	0.191240
270.482076	0.194600
271.172081	0.198250
271.862086	0.202010
272.552092	0.205610
273.242097	0.208700
273.932102	0.210930
274.622108	0.212010
275.312113	0.211730
276.002118	0.210000
276.692124	0.206830
277.382129	0.202340
278.072134	0.196700
278.762139	0.190120
279.452145	0.182820
280.142150	0.175040
280.832155	0.167000
281.522161	0.158960
282.212166	0.151200
282.902171	0.144090
283.592177	0.138070
284.282182	0.133640
284.972187	0.131360
285.662192	0.131730
286.352198	0.135130
287.042203	0.141690
287.732208	0.151190
288.422214	0.162970
289.112219	0.175990
289.802224	0.188850
290.492229	0.200000
291.182235	0.207900
291.872240	0.211300
292.562245	0.209430
293.252251	0.202070
293.942256	0.189530
294.632261	0.172550
295.322267	0.152020
296.012272	0.128780
296.702277	0.103440
297.392282	0.076300
298.082288	0.047420
298.772293	0.016790
299.462298	-0.015450
300.152304	-0.048840
300.842309	-0.082520
301.532314	-0.115220
302.222319	-0.145500
302.912325	-0.171910
303.602330	-0.193270
304.292335	-0.208910
304.982341	-0.218740
305.672346	-0.223340
306.362351	-0.223850
307.052357	-0.221870
307.742362	-0.219290
308.432367	-0.218010
309.122372	-0.219810
309.812378	-0.226120
310.502383	-0.237920
311.192388	-0.255680
311.882394	-0.279270
312.572399	-0.308110
313.262404	-0.341160
313.952410	-0.377080
314.642415	-0.414290
315.332420	-0.451150
316.022425	-0.486020
316.712431	-0.517330
317.402436	-0.543700
318.092441	-0.563940
318.782447	-0.577100
319.472452	-0.582510
320.162457	-0.579790
320.852462	-0.568830
321.542468	-0.549900
322.232473	-0.523600
322.922478	-0.490910
323.612484	-0.453160
324.302489	-0.411920
324.992494	-0.368850
325.682500	-0.325530
326.372505	-0.283250
327.062510	-0.242890
327.752515	-0.204880
328.442521	-0.169240
329.132526	-0.135720
329.822531	-0.103990
330.512537	-0.073710
331.202542	-0.044700
331.892547	-0.016880
332.582553	0.009730
333.272558	0.035070
333.962563	0.059080
334.652568	0.081690
335.342574	0.102900
336.032579	0.122650
336.722584	0.140890
337.412590	0.157500
338.102595	0.172280
338.792600	0.185010
339.482605	0.195460
340.172611	0.203410
340.862616	0.208780
341.552621	0.211630
342.242627	0.212160
342.932632	0.210750
343.622637	0.207860
344.312643	0.203950
345.002648	0.199420
345.692653	0.194550
346.382658	0.189420
347.072664	0.184030
347.762669	0.178260
348.452674	0.172010
349.142680	0.165260
349.832685	0.158120
350.522690	0.150800
351.212695	0.143570
351.902701	0.136700
352.592706	0.130400
353.282711	0.124740
353.972717	0.119660
354.662722	0.115040
355.352727	0.110720
356.042733	0.106530
356.732738	0.102350
357.422743	0.098090
358.112748	0.093670
358.802754	0.088990
359.492759	0.083950
360.182764	0.078480
360.872770	0.072510
361.562775	0.066050
362.252780	0.059180
362.942786	0.052060
363.632791	0.044920
364.322796	0.038040
365.012801	0.031740
365.702807	0.026330
366.392812	0.022070
367.082817	0.019090
367.772823	0.017430
368.462828	0.016960
369.152833	0.017440
369.842838	0.018540
370.532844	0.019930
371.222849	0.021330
371.912854	0.022570
372.602860	0.023620
373.292865	0.024610
373.982870	0.025750
374.672876	0.027270
375.362881	0.029350
376.052886	0.032030
376.742891	0.035180
377.432897	0.038510
378.122902	0.041660
378.812907	0.044320
379.502913	0.046310
380.192918	0.047720
380.882923	0.048910
381.572928	0.050440
382.262934	0.052980
382.952939	0.057100
383.642944	0.063200
384.332950	0.071350
385.022955	0.081330
385.712960	0.092660
386.402966	0.104720
387.092971	0.116830
387.782976	0.128350
388.472981	0.138690
389.162987	0.147390
389.852992	0.154020
390.542997	0.158250
391.233003	0.159780
391.923008	0.158450
392.613013	0.154200
393.303019	0.147130
393.993024	0.137490
394.683029	0.125700
395.373034	0.112260
396.063040	0.097740
396.753045	0.082770
397.443050	0.067980
398.133056	0.053970
398.823061	0.041330
399.513066	0.030510
400.203071	0.021860
400.893077	0.015550
401.583082	0.011570
402.273087	0.009740
402.963093	0.009720
403.653098	0.011100
404.343103	0.013460
405.033109	0.016390
405.723114	0.019590
406.413119	0.022890
407.103124	0.026220
407.793130	0.029650
408.483135	0.033330
409.173140	0.037450
409.863146	0.042200
410.553151	0.047720
411.243156	0.054040
411.933162	0.061100
412.623167	0.068700
413.313172	0.076550
414.003177	0.084320
414.693183	0.091650
415.383188	0.098240
416.073193	0.103860
416.763199	0.108400
417.453204	0.111870
418.143209	0.114390
418.833214	0.116150
419.523220	0.117390
420.213225	0.118310
420.903230	0.119080
421.593236	0.119790
422.283241	0.120470
422.973246	0.121120
423.663252	0.121710
424.353257	0.122270
425.043262	0.122870
425.733267	0.123660
426.423273	0.124840
427.113278	0.126640
427.803283	0.129280
428.493289	0.132920
429.183294	0.137640
429.873299	0.143410
430.563304	0.150030
431.253310	0.157100
431.943315	0.163990
432.633320	0.169870
433.323326	0.173710
434.013331	0.174400
434.703336	0.170890
435.393342	0.162380
436.083347	0.148480
436.773352	0.129350
437.463357	0.105770
438.153363	0.079060
438.843368	0.050890
439.533373	0.023060
440.223379	-0.002750
440.913384	-0.025190
441.603389	-0.043460
442.293395	-0.057150
442.983400	-0.066280
443.673405	-0.071050
444.363410	-0.071670
445.053416	-0.068250
445.743421	-0.060720
446.433426	-0.048880
447.123432	-0.032530
447.813437	-0.011600
448.503442	0.013750
449.193447	0.043070
449.883453	0.075620
450.573458	0.110460
451.263463	0.146480
451.953469	0.182430
452.643474	0.216890
453.333479	0.248190
454.023485	0.274300
454.713490	0.292810
455.403495	0.301030
456.093500	0.296260
456.783506	0.276140
457.473511	0.239180
458.163516	0.185140
458.853522	0.115380
459.543527	0.032850
460.233532	-0.058090
460.923537	-0.152220
461.613543	-0.244030
462.303548	-0.328450
462.993553	-0.401390
463.683559	-0.460200
464.373564	-0.503730
465.063569	-0.532280
465.753575	-0.547270
466.443580	-0.550810
467.133585	-0.545310
467.823590	-0.533050
468.513596	-0.515950
469.203601	-0.495490
469.893606	-0.472640
470.583612	-0.448000
471.273617	-0.421910
471.963622	-0.394560
472.653628	-0.366090
473.343633	-0.336660
474.033638	-0.306490
474.723643	-0.275870
475.413649	-0.245200
476.103654	-0.214930
476.793659	-0.185610
477.483665	-0.157800
478.173670	-0.132110
478.863675	-0.109070
479.553680	-0.089150
480.243686	-0.072730
480.933691	-0.060040
481.623696	-0.051150
482.313702	-0.045980
483.003707	-0.044280
483.693712	-0.045610
484.383718	-0.049350
485.073723	-0.054760
485.763728	-0.061000
486.453733	-0.067240
487.143739	-0.072730
487.833744	-0.076870
488.523749	-0.079250
489.213755	-0.079660
489.903760	-0.077990
490.593765	-0.074250
491.283771	-0.068450
491.973776	-0.060560
492.663781	-0.050570
493.353786	-0.038450
494.043792	-0.024220
494.733797	-0.008020
495.423802	0.009890
496.113808	0.029170
496.803813	0.049310
497.493818	0.069760
498.183823	0.089930
498.873829	0.109180
499.563834	0.126910
500.253839	0.142550
500.943845	0.155660
501.633850	0.165970
502.323855	0.173430
503.013861	0.178290
503.703866	0.181050
504.393871	0.182390
505.083876	0.183070
505.773882	0.183790
506.463887	0.185040
507.153892	0.187000
507.843898	0.189590
508.533903	0.192490
509.223908	0.195220
509.913913	0.197360
510.603919	0.198550
511.293924	0.198630
511.983929	0.197590
512.673935	0.195570
513.363940	0.192780
514.053945	0.189470
514.743951	0.185830
515.433956	0.181950
516.123961	0.177820
516.813966	0.173270
517.503972	0.168000
518.193977	0.161630
518.883982	0.153810
519.573988	0.144370
520.263993	0.133430
520.953998	0.121550
521.644004	0.109750
522.334009	0.099330
523.024014	0.091790
523.714019	0.088470
524.404025	0.090300
525.094030	0.097610
525.784035	0.110020
526.474041	0.126350
527.164046	0.144760
527.854051	0.162850
528.544056	0.177840
529.234062	0.186800
529.924067	0.186930
530.614072	0.175780
531.304078	0.151610
531.994083	0.113600
532.684088	0.062050
533.374094	-0.001620
534.064099	-0.074980
534.754104	-0.154860
535.444109	-0.237720
536.134115	-0.320030
536.824120	-0.398590
537.514125	-0.470800
538.204131	-0.534690
538.894136	-0.588950
539.584141	-0.632810
540.274146	-0.665920
540.964152	-0.688250
541.654157	-0.699920
542.344162	-0.701200
543.034168	-0.692390
543.724173	-0.673910
544.414178	-0.646260
545.104184	-0.610190
545.794189	-0.566730
546.484194	-0.517360
547.174199	-0.463960
547.864205	-0.408770
548.554210	-0.354200
549.244215	-0.302560
549.934221	-0.255760
550.624226	-0.215130
551.314231	-0.181240
552.004237	-0.153980
552.694242	-0.132710
553.384247	-0.116470
554.074252	-0.104260
554.764258	-0.095220
555.454263	-0.088730
556.144268	-0.084390
556.834274	-0.081870
557.524279	-0.080810
558.214284	-0.080650
558.904289	-0.080570
559.594295	-0.079590
560.284300	-0.076660
560.974305	-0.070870
561.664311	-0.061650
562.354316	-0.048870
563.044321	-0.032850
563.734327	-0.014330
564.424332	0.005710
565.114337	0.026220
565.804342	0.046160
566.494348	0.064730
567.184353	0.081320
567.874358	0.095650
568.564364	0.107620
569.254369	0.117340
569.944374	0.124980
570.634380	0.130760
571.324385	0.134830
572.014390	0.137280
572.704395	0.138190
573.394401	0.137640
574.084406	0.135830
574.774411	0.133090
575.464417	0.129920
576.154422	0.126940
576.844427	0.124810
577.534432	0.124130
578.224438	0.125370
578.914443	0.128780
579.604448	0.134360
580.294454	0.141890
580.984459	0.150930
581.674464	0.160870
582.364470	0.170990
583.054475	0.180520
583.744480	0.188690
584.434485	0.194830
585.124491	0.198460
585.814496	0.199270
586.504501	0.197210
587.194507	0.192440
587.884512	0.185300
588.574517	0.176220
589.264522	0.165660
589.954528	0.154020
590.644533	0.141660
591.334538	0.128820
592.024544	0.115730
592.714549	0.102540
593.404554	0.089460
594.094560	0.076670
594.784565	0.064460
595.474570	0.053100
596.164575	0.042910
596.854581	0.034210
597.544586	0.027250
598.234591	0.022220
598.924597	0.019210
599.614602	0.018180
600.304607	0.018970
600.994613	0.021330
601.684618	0.024920
602.374623	0.029390
603.064628	0.034360
603.754634	0.039490
604.444639	0.044500
605.134644	0.049150
605.824650	0.053260
606.514655	0.056700
607.204660	0.059390
607.894665	0.061310
608.584671	0.062480
609.274676	0.062960
609.964681	0.062880
610.654687	0.062400
611.344692	0.061670
612.034697	0.060870
612.724703	0.060130
613.414708	0.059540
614.104713	0.059150
614.794718	0.058980
615.484724	0.059020
616.174729	0.059220
616.864734	0.059590
617.554740	0.060130
618.244745	0.060920
618.934750	0.062090
619.624755	0.063800
620.314761	0.066290
621.004766	0.069730
621.694771	0.074290
622.384777	0.079990
623.074782	0.086720
623.764787	0.094230
624.454793	0.102100
625.144798	0.109810
625.834803	0.116760
626.524808	0.122350
627.214814	0.126010
627.904819	0.127270
628.594824	0.125860
629.284830	0.121660
629.974835	0.114790
630.664840	0.105580
631.354846	0.094520
632.044851	0.082240
632.734856	0.069450
633.424861	0.056850
634.114867	0.045080
634.804872	0.034670
635.494877	0.025960
636.184883	0.019150
636.874888	0.014260
637.564893	0.011160
638.254898	0.009660
638.944904	0.009530
639.634909	0.010590
640.324914	0.012710
641.014920	0.015820
641.704925	0.019850
642.394930	0.024690
643.084936	0.030150
643.774941	0.035950
644.464946	0.041770
645.154951	0.047250
645.844957	0.052100
646.534962	0.056150
647.224967	0.059330
647.914973	0.061680
648.604978	0.063330
649.294983	0.064410
649.984989	0.065050
650.674994	0.065360
651.364999	0.065440
652.055004	0.065400
652.745010	0.065370
653.435015	0.065500
654.125020	0.066000
654.815026	0.067080
655.505031	0.068970
656.195036	0.071840
656.885041	0.075850
657.575047	0.081060
658.265052	0.087420
658.955057	0.094770
659.645063	0.102800
660.335068	0.111080
661.025073	0.119040
661.715079	0.126070
662.405084	0.131510
663.095089	0.134760
663.785094	0.135330
664.475100	0.132930
665.165105	0.127470
665.855110	0.119210
666.545116	0.108650
667.235121	0.096600
667.925126	0.084060
668.615131	0.072110
669.305137	0.061820
669.995142	0.054010
670.685147	0.049220
671.375153	0.047570
672.065158	0.048790
672.755163	0.052240
673.445169	0.057060
674.135174	0.062250
674.825179	0.066870
675.515184	0.070100
676.205190	0.071350
676.895195	0.070270
677.585200	0.066820
678.275206	0.061190
678.965211	0.053870
679.655216	0.045610
680.345222	0.037350
681.035227	0.030140
681.725232	0.025040
682.415237	0.022990
683.105243	0.024660
683.795248	0.030380
684.485253	0.040070
685.175259	0.053300
685.865264	0.069330
686.555269	0.087250
687.245274	0.106140
687.935280	0.125190
688.625285	0.143870
689.315290	0.161980
690.005296	0.179690
690.695301	0.197490
691.385306	0.216080
692.075312	0.236140
692.765317	0.258120
693.455322	0.282020
694.145327	0.307210
694.835333	0.332370
695.525338	0.355530
696.215343	0.374220
696.905349	0.385800
697.595354	0.387780
698.285359	0.378180
698.975364	0.355860
699.665370	0.320730
700.355375	0.273850
701.045380	0.217340
701.735386	0.154170
702.425391	0.087900
703.115396	0.022280
703.805402	-0.039030
704.495407	-0.092840
705.185412	-0.136630
705.875417	-0.168720
706.565423	-0.188440
707.255428	-0.196180
707.945433	-0.193360
708.635439	-0.182360
709.325444	-0.166370
710.015449	-0.149060
710.705455	-0.134320
711.395460	-0.125830
712.085465	-0.126650
712.775470	-0.138910
713.465476	-0.163490
714.155481	-0.199930
714.845486	-0.246400
715.535492	-0.299940
716.225497	-0.356800
716.915502	-0.412870
717.605507	-0.464220
718.295513	-0.507530
718.985518	-0.540460
719.675523	-0.561830
720.365529	-0.571570
721.055534	-0.570620
721.745539	-0.560570
722.435545	-0.543350
723.125550	-0.520980
723.815555	-0.495280
724.505560	-0.467800
725.195566	-0.439770
725.885571	-0.412130
726.575576	-0.385590
727.265582	-0.360630
727.955587	-0.337530
728.645592	-0.316320
729.335598	-0.296810
730.025603	-0.278570
730.715608	-0.260950
731.405613	-0.243160
732.095619	-0.224330
732.785624	-0.203600
733.475629	-0.180270
734.165635	-0.153830
734.855640	-0.124130
735.545645	-0.091400
736.235650	-0.056280
736.925656	-0.019730
737.615661	0.017040
738.305666	0.052860
738.995672	0.086650
739.685677	0.117690
740.375682	0.145600
741.065688	0.170360
741.755693	0.192200
742.445698	0.211460
743.135703	0.228480
743.825709	0.243490
744.515714	0.256600
745.205719	0.267800
745.895725	0.277010
746.585730	0.284140
747.275735	0.289080
747.965740	0.291810
748.655746	0.292330
749.345751	0.290680
750.035756	0.286920
750.725762	0.281150
751.415767	0.273460
752.105772	0.263950
752.795778	0.252810
753.485783	0.240290
754.175788	0.226730
754.865793	0.212560
755.555799	0.198260
756.245804	0.184310
756.935809	0.171110
757.625815	0.159000
758.315820	0.148160
759.005825	0.138710
759.695831	0.130740
760.385836	0.124300
761.075841	0.119480
761.765846	0.116360
762.455852	0.114950
763.145857	0.115090
763.835862	0.116430
764.525868	0.118350
765.215873	0.120020
765.905878	0.120440
766.595883	0.118610
767.285889	0.113660
767.975894	0.104930
768.665899	0.092080
769.355905	0.075110
770.045910	0.054320
770.735915	0.030220
771.425921	0.003390
772.115926	-0.025590
772.805931	-0.056240
773.495936	-0.088200
774.185942	-0.121150
774.875947	-0.154760
775.565952	-0.188600
776.255958	-0.222070
776.945963	-0.254440
777.635968	-0.284900
778.325973	-0.312700
779.015979	-0.337250
779.705984	-0.358240
780.395989	-0.375660
781.085995	-0.389780
781.776000	-0.401080
782.466005	-0.410130
783.156011	-0.417500
783.846016	-0.423650
784.536021	-0.428860
785.226026	-0.433220
785.916032	-0.436610
786.606037	-0.438770
787.296042	-0.439340
787.986048	-0.437960
788.676053	-0.434300
789.366058	-0.428110
790.056064	-0.419260
790.746069	-0.407670
791.436074	-0.393300
792.126079	-0.376160
792.816085	-0.356210
