0.000000	0.148650
0.690000	0.148240
1.380001	0.145930
2.070001	0.139810
2.760001	0.128330
3.450002	0.110640
4.140002	0.086920
4.830002	0.058490
5.520003	0.027730
6.210003	-0.002260
6.900003	-0.028220
7.590004	-0.047320
8.280004	-0.057840
8.970004	-0.059640
9.660005	-0.054380
10.350005	-0.045470
11.040005	-0.037550
11.730006	-0.035820
12.420006	-0.045180
13.110007	-0.069330
13.800007	-0.110250
14.490007	-0.167790
15.180008	-0.239810
15.870008	-0.322540
16.560008	-0.411180
17.250009	-0.500660
17.940009	-0.586220
18.630009	-0.663990
19.320010	-0.731200
20.010010	-0.786230
20.700010	-0.828360
21.390011	-0.857340
22.080011	-0.872940
22.770011	-0.874470
23.460012	-0.860670
24.150012	-0.829860
24.840012	-0.780440
25.530013	-0.711620
26.220013	-0.624130
26.910013	-0.520630
27.600014	-0.405740
28.290014	-0.285560
28.980014	-0.166760
29.670015	-0.055670
30.360015	0.042660
31.050015	0.124940
31.740016	0.189750
32.430016	0.237250
33.120016	0.268680
33.810017	0.285840
34.500017	0.290570
35.190017	0.284550
35.880018	0.269160
36.570018	0.245520
37.260018	0.214580
37.950019	0.177210
38.640019	0.134180
39.330020	0.086190
40.020020	0.033820
40.710020	-0.022470
41.400021	-0.082330
42.090021	-0.145380
42.780021	-0.211060
43.470022	-0.278480
44.160022	-0.346210
44.850022	-0.412200
45.540023	-0.473750
46.230023	-0.527670
46.920023	-0.570510
47.610024	-0.598980
48.300024	-0.610360
48.990024	-0.603030
49.680025	-0.576790
50.370025	-0.533130
51.060025	-0.475130
51.750026	-0.407150
52.440026	-0.334130
53.130026	-0.260900
53.820027	-0.191410
54.510027	-0.128220
55.200027	-0.072350
55.890028	-0.023520
56.580028	0.019290
57.270028	0.057270
57.960029	0.091110
58.650029	0.120770
59.340029	0.145440
60.030030	0.163840
60.720030	0.174650
61.410030	0.176950
62.100031	0.170490
62.790031	0.155830
63.480032	0.134190
64.170032	0.107230
64.860032	0.076770
65.550033	0.044550
66.240033	0.012080
66.930033	-0.019370
67.620034	-0.048860
68.310034	-0.075640
69.000034	-0.099150
69.690035	-0.119020
70.380035	-0.134960
71.070035	-0.146790
71.760036	-0.154300
72.450036	-0.157280
73.140036	-0.155500
73.830037	-0.148750
74.520037	-0.136870
75.210037	-0.119930
75.900038	-0.098240
76.590038	-0.072490
77.280038	-0.043740
77.970039	-0.013410
78.660039	0.016850
79.350039	0.045400
80.040040	0.070780
80.730040	0.092020
81.420040	0.108820
82.110041	0.121640
82.800041	0.131590
83.490041	0.140280
84.180042	0.149480
84.870042	0.160840
85.560042	0.175540
86.250043	0.194200
86.940043	0.216680
87.630044	0.242130
88.320044	0.269060
89.010044	0.295500
89.700045	0.319220
90.390045	0.338000
91.080045	0.349900
91.770046	0.353550
92.460046	0.348210
93.150046	0.333850
93.840047	0.311060
94.530047	0.280910
95.220047	0.244780
95.910048	0.204320
96.600048	0.161300
97.290048	0.117660
97.980049	0.075410
98.670049	0.036540
99.360049	0.002930
100.050050	-0.023860
100.740050	-0.042710
101.430050	-0.053080
102.120051	-0.055040
102.810051	-0.049290
103.500051	-0.037000
104.190052	-0.019730
104.880052	0.000820
105.570052	0.022910
106.260053	0.045000
106.950053	0.065730
107.640053	0.084030
108.330054	0.099070
109.020054	0.110220
109.710054	0.117050
110.400055	0.119300
111.090055	0.116940
111.780055	0.110180
112.470056	0.099540
113.160056	0.085860
113.850057	0.070280
114.540057	0.054180
115.230057	0.039070
115.920058	0.026430
116.610058	0.017570
117.300058	0.013460
117.990059	0.014580
118.680059	0.020850
119.370059	0.031590
120.060060	0.045660
120.750060	0.061570
121.440060	0.077740
122.130061	0.092800
122.820061	0.105740
123.510061	0.116060
124.200062	0.123710
124.890062	0.128980
125.580062	0.132230
126.270063	0.133650
126.960063	0.133130
127.650063	0.130270
128.340064	0.124490
129.030064	0.115360
129.720064	0.102840
130.410065	0.087510
131.100065	0.070600
131.790065	0.053870
132.480066	0.039300
133.170066	0.028720
133.860066	0.023470
134.550067	0.024130
135.240067	0.030480
135.930067	0.041530
136.620068	0.055790
137.310068	0.071500
138.000069	0.086960
138.690069	0.100740
139.380069	0.111780
140.070070	0.119460
140.760070	0.123540
141.450070	0.124070
142.140071	0.121250
142.830071	0.115380
143.520071	0.106800
144.210072	0.095880
144.900072	0.083020
145.590072	0.068700
146.280073	0.053470
146.970073	0.037950
147.660073	0.022840
148.350074	0.008860
149.040074	-0.003220
149.730074	-0.012680
150.420075	-0.018840
151.110075	-0.021110
151.800075	-0.019060
152.490076	-0.012510
153.180076	-0.001540
153.870076	0.013370
154.560077	0.031420
155.250077	0.051420
155.940077	0.071930
156.630078	0.091410
157.320078	0.108430
158.010078	0.121840
158.700079	0.130970
159.390079	0.135730
160.080079	0.136640
160.770080	0.134710
161.460080	0.131250
162.150081	0.127690
162.840081	0.125280
163.530081	0.124950
164.220082	0.127170
164.910082	0.131980
165.600082	0.139030
166.290083	0.147670
166.980083	0.157160
167.670083	0.166690
168.360084	0.175560
169.050084	0.183140
169.740084	0.188960
170.430085	0.192640
171.120085	0.193940
171.810085	0.192700
172.500086	0.188850
173.190086	0.182390
173.880086	0.173380
174.570087	0.161930
175.260087	0.148180
175.950087	0.132290
176.640088	0.114430
177.330088	0.094780
178.020088	0.073580
178.710089	0.051140
179.400089	0.027960
180.090089	0.004760
180.780090	-0.017520
181.470090	-0.037700
182.160090	-0.054490
182.850091	-0.066630
183.540091	-0.073120
184.230091	-0.073330
184.920092	-0.067160
185.610092	-0.055040
186.300092	-0.037920
186.990093	-0.017080
187.680093	0.005970
188.370094	0.029740
189.060094	0.052890
189.750094	0.074310
190.440095	0.093180
191.130095	0.108910
191.820095	0.121100
192.510096	0.129500
193.200096	0.133950
193.890096	0.134400
194.580097	0.130940
195.270097	0.123820
195.960097	0.113510
196.650098	0.100680
197.340098	0.086210
198.030098	0.071090
198.720099	0.056370
199.410099	0.043100
200.100099	0.032230
200.790100	0.024520
201.480100	0.020520
202.170100	0.020520
202.860101	0.024530
203.550101	0.032300
204.240101	0.043350
204.930102	0.057020
205.620102	0.072530
206.310102	0.089060
207.000103	0.105790
207.690103	0.122030
208.380103	0.137170
209.070104	0.150700
209.760104	0.162210
210.450104	0.171330
211.140105	0.177670
211.830105	0.180900
212.520106	0.180690
213.210106	0.176840
213.900106	0.169360
214.590107	0.158530
215.280107	0.144990
215.970107	0.129730
216.660108	0.114030
217.350108	0.099320
218.040108	0.086960
218.730109	0.078040
219.420109	0.073200
220.110109	0.072560
220.800110	0.075640
221.490110	0.081560
222.180110	0.089160
222.870111	0.097260
223.560111	0.104830
224.250111	0.111260
224.940112	0.116380
225.630112	0.120550
226.320112	0.124590
227.010113	0.129540
227.700113	0.136530
228.390113	0.146450
229.080114	0.159790
229.770114	0.176390
230.460114	0.195470
231.150115	0.215610
231.840115	0.234940
232.530115	0.251310
233.220116	0.262610
233.910116	0.267050
234.600116	0.263420
235.290117	0.251320
235.980117	0.231330
236.670118	0.204960
237.360118	0.174530
238.050118	0.142820
238.740119	0.112670
239.430119	0.086490
240.120119	0.065830
240.810120	0.051230
241.500120	0.042150
242.190120	0.037270
242.880121	0.034840
243.570121	0.033100
244.260121	0.030530
244.950122	0.025950
245.640122	0.018500
246.330122	0.007440
247.020123	-0.007990
247.710123	-0.028640
248.400123	-0.055300
249.090124	-0.088660
249.780124	-0.129090
250.470124	-0.176550
251.160125	-0.230620
251.850125	-0.290470
252.540125	-0.355010
253.230126	-0.422930
253.920126	-0.492740
254.610126	-0.562770
255.300127	-0.631190
255.990127	-0.696030
256.680127	-0.755150
257.370128	-0.806280
258.060128	-0.847060
258.750128	-0.875090
259.440129	-0.888020
260.130129	-0.883760
260.820129	-0.860770
261.510130	-0.818320
262.200130	-0.756820
262.890131	-0.677970
263.580131	-0.584760
264.270131	-0.481270
264.960132	-0.372290
265.650132	-0.262790
266.340132	-0.157430
267.030133	-0.060130
267.720133	0.026180
268.410133	0.099690
269.100134	0.159530
269.790134	0.205630
270.480134	0.238510
271.170135	0.258990
271.860135	0.268100
272.550135	0.266970
273.240136	0.256750
273.930136	0.238560
274.620136	0.213510
275.310137	0.182680
276.000137	0.147100
276.690137	0.107770
277.380138	0.065700
278.070138	0.021840
278.760138	-0.022830
279.450139	-0.067490
280.140139	-0.111410
280.830139	-0.154060
281.520140	-0.195110
282.210140	-0.234350
282.900140	-0.271640
283.590141	-0.306720
284.280141	-0.339120
284.970141	-0.368010
285.660142	-0.392140
286.350142	-0.409870
287.040143	-0.419260
287.730143	-0.418370
288.420143	-0.405630
289.110144	-0.380260
289.800144	-0.342700
290.490144	-0.294880
291.180145	-0.240160
291.870145	-0.183050
292.560145	-0.128440
293.250146	-0.080840
293.940146	-0.043410
294.630146	-0.017430
295.320147	-0.002030
296.010147	0.005540
296.700147	0.009150
297.390148	0.012950
298.080148	0.020340
298.770148	0.033290
299.460149	0.051970
300.150149	0.074920
300.840149	0.099440
301.530150	0.122260
302.220150	0.140280
302.910150	0.151120
303.600151	0.153490
304.290151	0.147340
304.980151	0.133750
305.670152	0.114730
306.360152	0.092890
307.050152	0.071040
307.740153	0.051860
308.430153	0.037520
309.120153	0.029330
309.810154	0.027570
310.500154	0.031400
311.190155	0.038980
311.880155	0.047810
312.570155	0.055130
313.260156	0.058460
313.950156	0.056030
314.640156	0.047100
315.330157	0.032090
316.020157	0.012480
316.710157	-0.009450
317.400158	-0.031020
318.090158	-0.049540
318.780158	-0.062750
319.470159	-0.069130
320.160159	-0.068070
320.850159	-0.059910
321.540160	-0.045790
322.230160	-0.027470
322.920160	-0.006990
323.610161	0.013550
324.300161	0.032320
324.990161	0.047820
325.680162	0.058980
326.370162	0.065220
327.060162	0.066380
327.750163	0.062700
328.440163	0.054820
329.130163	0.043690
329.820164	0.030560
330.510164	0.016860
331.200164	0.004090
331.890165	-0.006410
332.580165	-0.013510
333.270165	-0.016540
333.960166	-0.015230
334.650166	-0.009780
335.340166	-0.000680
336.030167	0.011380
336.720167	0.025660
337.410168	0.041430
338.100168	0.058000
338.790168	0.074730
339.480169	0.090970
340.170169	0.106010
340.860169	0.119160
341.550170	0.129740
342.240170	0.137180
342.930170	0.141100
343.620171	0.141440
344.310171	0.138460
345.000171	0.132790
345.690172	0.125390
346.380172	0.117420
347.070172	0.110110
347.760173	0.104530
348.450173	0.101390
349.140173	0.100880
349.830174	0.102570
350.520174	0.105470
351.210174	0.108190
351.900175	0.109200
352.590175	0.107180
353.280175	0.101240
353.970176	0.091170
354.660176	0.077460
355.350176	0.061230
356.040177	0.044010
356.730177	0.027520
357.420177	0.013420
358.110178	0.003130
358.800178	-0.002270
359.490178	-0.002050
360.180179	0.004160
360.870179	0.016270
361.560180	0.033720
362.250180	0.055280
362.940180	0.079050
363.630181	0.102490
364.320181	0.122670
365.010181	0.136700
365.700182	0.142290
366.390182	0.138240
367.080182	0.124800
367.770183	0.103770
368.460183	0.078230
369.150183	0.052060
369.840184	0.029230
370.530184	0.013090
371.220184	0.005880
371.910185	0.008330
372.600185	0.019810
373.290185	0.038490
373.980186	0.061870
374.670186	0.087270
375.360186	0.112280
376.050187	0.135110
376.740187	0.154740
377.430187	0.170880
378.120188	0.183810
378.810188	0.194250
379.500188	0.203100
380.190189	0.211270
380.880189	0.219560
381.570189	0.228510
382.260190	0.238370
382.950190	0.249050
383.640190	0.260110
384.330191	0.270820
385.020191	0.280230
385.710191	0.287280
386.400192	0.290860
387.090192	0.289930
387.780193	0.283550
388.470193	0.270990
389.160193	0.251700
389.850194	0.225420
390.540194	0.192230
391.230194	0.152590
391.920195	0.107400
392.610195	0.057970
393.300195	0.006000
393.990196	-0.046540
394.680196	-0.097490
395.370196	-0.144650
396.060197	-0.185840
396.750197	-0.219040
397.440197	-0.242410
398.130198	-0.254470
398.820198	-0.254140
399.510198	-0.240990
400.200199	-0.215330
400.890199	-0.178410
401.580199	-0.132400
402.270200	-0.080300
402.960200	-0.025720
403.650200	0.027530
404.340201	0.075890
405.030201	0.116510
405.720201	0.147540
406.410202	0.168360
407.100202	0.179500
407.790202	0.182450
408.480203	0.179320
409.170203	0.172460
409.860203	0.164120
410.550204	0.156180
411.240204	0.150050
411.930205	0.146560
412.620205	0.146060
413.310205	0.148470
414.000206	0.153370
414.690206	0.160040
415.380206	0.167500
416.070207	0.174560
416.760207	0.179870
417.450207	0.182020
418.140208	0.179680
418.830208	0.171860
419.520208	0.158070
420.210209	0.138490
420.900209	0.114050
421.590209	0.086360
422.280210	0.057500
422.970210	0.029770
423.660210	0.005360
424.350211	-0.013970
425.040211	-0.027050
425.730211	-0.033410
426.420212	-0.033240
427.110212	-0.027310
427.800212	-0.016790
428.490213	-0.003070
429.180213	0.012370
429.870213	0.028200
430.560214	0.043320
431.250214	0.057020
431.940214	0.069060
432.630215	0.079670
433.320215	0.089540
434.010215	0.099570
434.700216	0.110710
435.390216	0.123660
436.080217	0.138640
436.770217	0.155280
437.460217	0.172590
438.150218	0.189160
438.840218	0.203390
439.530218	0.213790
440.220219	0.219280
440.910219	0.219380
441.600219	0.214230
442.290220	0.204560
442.980220	0.191550
443.670220	0.176550
444.360221	0.160930
445.050221	0.145850
445.740221	0.132140
446.430222	0.120200
447.120222	0.110040
447.810222	0.101250
448.500223	0.093190
449.190223	0.085130
449.880223	0.076420
450.570224	0.066640
451.260224	0.055720
451.950224	0.043940
452.640225	0.031820
453.330225	0.020050
454.020225	0.009330
454.710226	0.000310
455.400226	-0.006430
456.090226	-0.010360
456.780227	-0.010930
457.470227	-0.007570
458.160227	0.000320
458.850228	0.013180
459.540228	0.031250
460.230228	0.054340
460.920229	0.081700
461.610229	0.112030
462.300230	0.143510
462.990230	0.174010
463.680230	0.201320
464.370231	0.223550
465.060231	0.239330
465.750231	0.248020
466.440232	0.249730
467.130232	0.245220
467.820232	0.235690
468.510233	0.222550
469.200233	0.207300
469.890233	0.191450
470.580234	0.176550
471.270234	0.164100
471.960234	0.155550
472.650235	0.152070
473.340235	0.154260
474.030235	0.161900
474.720236	0.173740
475.410236	0.187590
476.100236	0.200540
476.790237	0.209470
477.480237	0.211570
478.170237	0.204890
478.860238	0.188690
479.550238	0.163570
480.240238	0.131270
480.930239	0.094380
481.620239	0.055780
482.310239	0.018200
483.000240	-0.016120
483.690240	-0.045770
484.380240	-0.070070
485.070241	-0.089140
485.760241	-0.103650
486.450242	-0.114660
487.140242	-0.123360
487.830242	-0.130930
488.520243	-0.138310
489.210243	-0.146140
489.900243	-0.154760
490.590244	-0.164350
491.280244	-0.175090
491.970244	-0.187400
492.660245	-0.202120
493.350245	-0.220490
494.040245	-0.243970
494.730246	-0.273890
495.420246	-0.311010
496.110246	-0.355160
496.800247	-0.405000
497.490247	-0.458160
498.180247	-0.511460
498.870248	-0.561420
499.560248	-0.604730
500.250248	-0.638610
500.940249	-0.661020
501.630249	-0.670660
502.320249	-0.666820
503.010250	-0.649180
503.700250	-0.617750
504.390250	-0.572790
505.080251	-0.515000
505.770251	-0.445690
506.460251	-0.367030
507.150252	-0.282060
507.840252	-0.194620
508.530252	-0.109040
509.220253	-0.029600
509.910253	0.040000
510.600254	0.097180
511.290254	0.140700
511.980254	0.170750
512.670255	0.188720
513.360255	0.196770
514.050255	0.197360
514.740256	0.192750
515.430256	0.184630
516.120256	0.173940
516.810257	0.160850
517.500257	0.144860
518.190257	0.125090
518.880258	0.100470
519.570258	0.070120
520.260258	0.033490
520.950259	-0.009410
521.640259	-0.058050
522.330259	-0.111300
523.020260	-0.167660
523.710260	-0.225360
524.400260	-0.282600
525.090261	-0.337670
525.780261	-0.389100
526.470261	-0.435610
527.160262	-0.476080
527.850262	-0.509390
528.540262	-0.534360
529.230263	-0.549680
529.920263	-0.554020
530.610263	-0.546260
531.300264	-0.525770
531.990264	-0.492740
532.680264	-0.448390
533.370265	-0.395010
534.060265	-0.335860
534.750265	-0.274760
535.440266	-0.215690
536.130266	-0.162210
536.820267	-0.117090
537.510267	-0.081950
538.200267	-0.057240
538.890268	-0.042370
539.580268	-0.035940
540.270268	-0.036180
540.960269	-0.041190
541.650269	-0.049230
542.340269	-0.058850
543.030270	-0.068880
543.720270	-0.078510
544.410270	-0.087220
545.100271	-0.094880
545.790271	-0.101710
546.480271	-0.108330
547.170272	-0.115590
547.860272	-0.124360
548.550272	-0.135190
549.240273	-0.147960
549.930273	-0.161650
550.620273	-0.174220
551.310274	-0.182790
552.000274	-0.184010
552.690274	-0.174620
553.380275	-0.152060
554.070275	-0.115070
554.760275	-0.063990
555.450276	-0.000950
556.140276	0.070320
556.830276	0.144950
557.520277	0.217440
558.210277	0.282400
558.900277	0.335150
559.590278	0.372220
560.280278	0.391670
560.970279	0.393240
561.660279	0.378180
562.350279	0.349040
563.040280	0.309180
563.730280	0.262370
564.420280	0.212240
565.110281	0.161970
565.800281	0.114060
566.490281	0.070310
567.180282	0.031920
567.870282	-0.000300
568.560282	-0.025720
569.250283	-0.043700
569.940283	-0.053640
570.630283	-0.055060
571.320284	-0.047770
572.010284	-0.032130
572.700284	-0.009130
573.390285	0.019560
574.080285	0.051790
574.770285	0.085140
575.460286	0.117270
576.150286	0.146220
576.840286	0.170580
577.530287	0.189520
578.220287	0.202770
578.910287	0.210410
579.600288	0.212860
580.290288	0.210710
580.980288	0.204790
581.670289	0.196180
582.360289	0.186180
583.050289	0.176240
583.740290	0.167810
584.430290	0.162080
585.120291	0.159790
585.810291	0.161060
586.500291	0.165350
587.190292	0.171530
587.880292	0.178090
588.570292	0.183350
589.260293	0.185750
589.950293	0.184070
590.640293	0.177620
591.330294	0.166220
592.020294	0.150300
592.710294	0.130670
593.400295	0.108510
594.090295	0.085110
594.780295	0.061870
595.470296	0.040110
596.160296	0.021130
596.850296	0.006100
597.540297	-0.004000
598.230297	-0.008380
598.920297	-0.006560
599.610298	0.001560
600.300298	0.015640
600.990298	0.034900
601.680299	0.058060
602.370299	0.083440
603.060299	0.109070
603.750300	0.132860
604.440300	0.152840
605.130300	0.167370
605.820301	0.175420
606.510301	0.176660
607.200301	0.171490
607.890302	0.160920
608.580302	0.146400
609.270302	0.129600
609.960303	0.112190
610.650303	0.095710
611.340304	0.081470
612.030304	0.070520
612.720304	0.063600
613.410305	0.061120
614.100305	0.063080
614.790305	0.069030
615.480306	0.078100
616.170306	0.089040
616.860306	0.100290
617.550307	0.110160
618.240307	0.117010
618.930307	0.119470
619.620308	0.116580
620.310308	0.108020
621.000308	0.094170
621.690309	0.076160
622.380309	0.055780
623.070309	0.035330
623.760310	0.017320
624.450310	0.004130
625.140310	-0.002360
625.830311	-0.001020
626.520311	0.008310
627.210311	0.024840
627.900312	0.046950
628.590312	0.072460
629.280312	0.099020
629.970313	0.124390
630.660313	0.146790
631.350313	0.165000
632.040314	0.178430
632.730314	0.187020
633.420314	0.191020
634.110315	0.190800
634.800315	0.186640
635.490316	0.178610
636.180316	0.166510
636.870316	0.149960
637.560317	0.128560
638.250317	0.102080
638.940317	0.070720
639.630318	0.035210
640.320318	-0.003060
641.010318	-0.042120
641.700319	-0.079490
642.390319	-0.112480
643.080319	-0.138410
643.770320	-0.154990
644.460320	-0.160580
645.150320	-0.154390
645.840321	-0.136590
646.530321	-0.108290
647.220321	-0.071430
647.910322	-0.028480
648.600322	0.017810
649.290322	0.064670
649.980323	0.109570
650.670323	0.150370
651.360323	0.185450
652.050324	0.213700
652.740324	0.234580
653.430324	0.248050
654.120325	0.254500
654.810325	0.254630
655.500325	0.249330
656.190326	0.239500
656.880326	0.225960
657.570326	0.209330
658.260327	0.190110
658.950327	0.168660
659.640328	0.145390
660.330328	0.120810
661.020328	0.095640
661.710329	0.070780
662.400329	0.047320
663.090329	0.026390
663.780330	0.009020
664.470330	-0.003880
665.160330	-0.011780
665.850331	-0.014410
666.540331	-0.011860
667.230331	-0.004520
667.920332	0.006990
668.610332	0.021890
669.300332	0.039360
669.990333	0.058470
670.680333	0.078290
671.370333	0.097880
672.060334	0.116300
672.750334	0.132720
673.440334	0.146410
674.130335	0.156780
674.820335	0.163440
675.510335	0.166090
676.200336	0.164510
676.890336	0.158550
677.580336	0.148150
678.270337	0.133440
678.960337	0.114820
679.650337	0.093080
680.340338	0.069420
681.030338	0.045380
681.720338	0.022680
682.410339	0.003040
683.100339	-0.012060
683.790339	-0.021450
684.480340	-0.024410
685.170340	-0.020660
685.860341	-0.010360
686.550341	0.005870
687.240341	0.027020
687.930342	0.051720
688.620342	0.078320
689.310342	0.105060
690.000343	0.130250
690.690343	0.152510
691.380343	0.170830
692.070344	0.184740
692.760344	0.194210
693.450344	0.199540
694.140345	0.201240
694.830345	0.199890
695.520345	0.196030
696.210346	0.190190
696.900346	0.182870
697.590346	0.174670
698.280347	0.166260
698.970347	0.158430
699.660347	0.151940
700.350348	0.147470
701.040348	0.145410
701.730348	0.145750
702.420349	0.148080
703.110349	0.151610
703.800349	0.155320
704.490350	0.158130
705.180350	0.159160
705.870350	0.157820
706.560351	0.153900
707.250351	0.147550
707.940351	0.139160
708.630352	0.129190
709.320352	0.118080
710.010353	0.106140
710.700353	0.093630
711.390353	0.080820
712.080354	0.068160
712.770354	0.056320
713.460354	0.046290
714.150355	0.039190
714.840355	0.036120
715.530355	0.037900
716.220356	0.044880
716.910356	0.056760
717.600356	0.072670
718.290357	0.091270
718.980357	0.111020
719.670357	0.130370
720.360358	0.147970
721.050358	0.162660
721.740358	0.173480
722.430359	0.179520
723.120359	0.179850
723.810359	0.173550
724.500360	0.159770
725.190360	0.137930
725.880360	0.107900
726.570361	0.070110
727.260361	0.025500
727.950361	-0.024570
728.640362	-0.078640
729.330362	-0.135300
730.020362	-0.193400
730.710363	-0.252070
731.400363	-0.310690
732.090363	-0.368710
732.780364	-0.425530
733.470364	-0.480350
734.160364	-0.532190
734.850365	-0.579830
735.540365	-0.621940
736.230366	-0.657080
736.920366	-0.683810
737.610366	-0.700680
738.300367	-0.706360
738.990367	-0.699660
739.680367	-0.679730
740.370368	-0.646150
741.060368	-0.599100
741.750368	-0.539490
742.440369	-0.468920
743.130369	-0.389730
743.820369	-0.304780
744.510370	-0.217310
745.200370	-0.130730
745.890370	-0.048410
746.580371	0.026470
747.270371	0.091180
747.960371	0.143500
748.650372	0.181980
749.340372	0.206020
750.030372	0.215970
750.720373	0.213130
751.410373	0.199630
752.100373	0.178200
752.790374	0.151860
753.480374	0.123530
754.170374	0.095740
754.860375	0.070310
755.550375	0.048270
756.240375	0.029840
756.930376	0.014460
757.620376	0.001020
758.310376	-0.012040
759.000377	-0.026530
759.690377	-0.044370
760.380378	-0.067440
761.070378	-0.097410
761.760378	-0.135560
762.450379	-0.182530
763.140379	-0.238150
763.830379	-0.301310
764.520380	-0.369910
765.210380	-0.440940
765.900380	-0.510710
766.590381	-0.575170
767.280381	-0.630340
767.970381	-0.672780
768.660382	-0.700010
769.350382	-0.710890
770.040382	-0.705710
770.730383	-0.686150
771.420383	-0.654870
772.110383	-0.614970
772.800384	-0.569340
773.490384	-0.520050
774.180384	-0.467910
774.870385	-0.412440
775.560385	-0.352130
776.250385	-0.285140
776.940386	-0.210030
777.630386	-0.126670
778.320386	-0.036770
779.010387	0.055940
779.700387	0.146080
780.390387	0.227290
781.080388	0.293340
781.770388	0.339120
782.460388	0.361500
783.150389	0.359810
783.840389	0.335790
784.530390	0.293240
785.220390	0.237340
785.910390	0.173870
786.600391	0.108490
787.290391	0.046090
787.980391	-0.009470
788.670392	-0.055640
789.360392	-0.091000
790.050392	-0.115160
790.740393	-0.128510
791.430393	-0.131950
792.120393	-0.126780
792.810394	-0.114530
