0.000000	0.065640
0.690003	0.059270
1.380005	0.049460
2.070008	0.037340
2.760011	0.024100
3.450013	0.010910
4.140016	-0.001120
4.830019	-0.011020
5.520021	-0.017980
6.210024	-0.021430
6.900026	-0.021100
7.590029	-0.017040
8.280032	-0.009690
8.970034	0.000180
9.660037	0.011590
10.350040	0.023440
11.040042	0.034660
11.730045	0.044420
12.420048	0.052180
13.110050	0.057770
13.800053	0.061320
14.490056	0.063190
15.180058	0.063880
15.870061	0.063830
16.560063	0.063450
17.250066	0.063050
17.940069	0.062850
18.630071	0.063060
19.320074	0.063840
20.010077	0.065350
20.700079	0.067690
21.390082	0.070820
22.080085	0.074540
22.770087	0.078460
23.460090	0.082070
24.150093	0.084820
24.840095	0.086270
25.530098	0.086160
26.220100	0.084480
26.910103	0.081460
27.600106	0.077470
28.290108	0.072900
28.980111	0.068120
29.670114	0.063340
30.360116	0.058660
31.050119	0.054070
31.740122	0.049540
32.430124	0.045090
33.120127	0.040770
33.810130	0.036690
34.500132	0.032970
35.190135	0.029740
35.880137	0.027060
36.570140	0.024950
37.260143	0.023410
37.950145	0.022400
38.640148	0.021890
39.330151	0.021840
40.020153	0.022190
40.710156	0.022870
41.400159	0.023750
42.090161	0.024700
42.780164	0.025580
43.470167	0.026320
44.160169	0.026940
44.850172	0.027600
45.540175	0.028590
46.230177	0.030320
46.920180	0.033280
47.610182	0.038000
48.300185	0.044960
48.990188	0.054500
49.680190	0.066840
50.370193	0.081920
51.060196	0.099470
51.750198	0.118960
52.440201	0.139600
53.130204	0.160440
53.820206	0.180320
54.510209	0.198050
55.200212	0.212390
55.890214	0.222210
56.580217	0.226600
57.270219	0.224970
57.960222	0.217150
58.650225	0.203450
59.340227	0.184660
60.030230	0.161960
60.720233	0.136750
61.410235	0.110520
62.100238	0.084630
62.790241	0.060180
63.480243	0.037950
64.170246	0.018380
64.860249	0.001600
65.550251	-0.012470
66.240254	-0.024070
66.930256	-0.033420
67.620259	-0.040710
68.310262	-0.045970
69.000264	-0.049050
69.690267	-0.049640
70.380270	-0.047350
71.070272	-0.041880
71.760275	-0.033160
72.450278	-0.021500
73.140280	-0.007610
73.830283	0.007490
74.520286	0.022650
75.210288	0.036790
75.900291	0.049060
76.590294	0.059040
77.280296	0.066730
77.970299	0.072520
78.660301	0.077100
79.350304	0.081380
80.040307	0.086340
80.730309	0.092950
81.420312	0.102050
82.110315	0.114210
82.800317	0.129620
83.490320	0.148020
84.180323	0.168670
84.870325	0.190410
85.560328	0.211730
86.250331	0.231000
86.940333	0.246500
87.630336	0.256700
88.320338	0.260310
89.010341	0.256420
89.700344	0.244720
90.390346	0.225540
91.080349	0.199960
91.770352	0.169740
92.460354	0.137180
93.150357	0.104770
93.840360	0.074830
94.530362	0.049170
95.220365	0.028890
95.910368	0.014290
96.600370	0.005070
97.290373	0.000500
97.980375	-0.000250
98.670378	0.002020
99.360381	0.006630
100.050383	0.012950
100.740386	0.020300
101.430389	0.027790
102.120391	0.034350
102.810394	0.038680
103.500397	0.039410
104.190399	0.035240
104.880402	0.025100
105.570405	0.008330
106.260407	-0.015290
106.950410	-0.045480
107.640412	-0.081590
108.330415	-0.122700
109.020418	-0.167880
109.710420	-0.216370
110.400423	-0.267660
111.090426	-0.321560
111.780428	-0.378080
112.470431	-0.437300
113.160434	-0.499200
113.850436	-0.563510
114.540439	-0.629610
115.230442	-0.696450
115.920444	-0.762550
116.610447	-0.825960
117.300450	-0.884260
117.990452	-0.934640
118.680455	-0.974020
119.370457	-0.999260
120.060460	-1.007400
120.750463	-0.996080
121.440465	-0.963750
122.130468	-0.909890
122.820471	-0.835120
123.510473	-0.741040
124.200476	-0.630100
124.890479	-0.505280
125.580481	-0.369960
126.270484	-0.227780
126.960487	-0.082660
127.650489	0.061200
128.340492	0.199330
129.030494	0.327040
129.720497	0.439690
130.410500	0.533010
131.100502	0.603530
131.790505	0.648900
132.480508	0.668190
133.170510	0.662040
133.860513	0.632590
134.550516	0.583350
135.240518	0.518840
135.930521	0.444080
136.620524	0.364120
137.310526	0.283490
138.000529	0.205750
138.690531	0.133250
139.380534	0.067070
140.070537	0.007220
140.760539	-0.047030
141.450542	-0.096700
142.140545	-0.142680
142.830547	-0.185420
143.520550	-0.224760
144.210553	-0.259940
144.900555	-0.289830
145.590558	-0.313130
146.280561	-0.328820
146.970563	-0.336360
147.660566	-0.336010
148.350569	-0.328780
149.040571	-0.316420
149.730574	-0.301130
150.420576	-0.285250
151.110579	-0.270920
151.800582	-0.259840
152.490584	-0.253170
153.180587	-0.251490
153.870590	-0.254900
154.560592	-0.263140
155.250595	-0.275740
155.940598	-0.291990
156.630600	-0.311020
157.320603	-0.331730
158.010606	-0.352780
158.700608	-0.372510
159.390611	-0.389070
160.080613	-0.400470
160.770616	-0.404790
161.460619	-0.400380
162.150621	-0.386100
162.840624	-0.361560
163.530627	-0.327220
164.220629	-0.284490
164.910632	-0.235560
165.600635	-0.183220
166.290637	-0.130440
166.980640	-0.079990
167.670643	-0.034120
168.360645	0.005620
169.050648	0.038360
169.740650	0.063670
170.430653	0.081360
171.120656	0.091300
171.810658	0.093490
172.500661	0.088180
173.190664	0.076180
173.880666	0.059080
174.570669	0.039280
175.260672	0.019830
175.950674	0.004020
176.640677	-0.005090
177.330680	-0.005200
178.020682	0.004850
178.710685	0.024850
179.400687	0.053150
180.090690	0.086850
180.780693	0.122090
181.470695	0.154590
182.160698	0.180230
182.850701	0.195690
183.540703	0.198990
184.230706	0.189920
184.920709	0.170090
185.610711	0.142770
186.300714	0.112250
186.990717	0.083130
187.680719	0.059460
188.370722	0.043980
189.060725	0.037700
189.750727	0.039870
190.440730	0.048300
191.130732	0.060010
191.820735	0.071980
192.510738	0.081820
193.200740	0.088190
193.890743	0.090890
194.580746	0.090620
195.270748	0.088560
195.960751	0.085900
196.650754	0.083470
197.340756	0.081600
198.030759	0.080240
198.720762	0.079160
199.410764	0.078370
200.100767	0.078250
200.790769	0.079730
201.480772	0.084130
202.170775	0.092810
202.860777	0.106840
203.550780	0.126560
204.240783	0.151330
204.930785	0.179430
205.620788	0.208190
206.310791	0.234350
207.000793	0.254510
207.690796	0.265640
208.380799	0.265620
209.070801	0.253570
209.760804	0.230030
210.450806	0.196880
211.140809	0.157080
211.830812	0.114200
212.520814	0.071930
213.210817	0.033540
213.900820	0.001570
214.590822	-0.022480
215.280825	-0.038140
215.970828	-0.045870
216.660830	-0.046850
217.350833	-0.042710
218.040836	-0.035180
218.730838	-0.025870
219.420841	-0.016050
220.110844	-0.006510
220.800846	0.002420
221.490849	0.010830
222.180851	0.019010
222.870854	0.027290
223.560857	0.035900
224.250859	0.044790
224.940862	0.053670
225.630865	0.062040
226.320867	0.069290
227.010870	0.074840
227.700873	0.078270
228.390875	0.079390
229.080878	0.078190
229.770881	0.074900
230.460883	0.069810
231.150886	0.063300
231.840888	0.055720
232.530891	0.047420
233.220894	0.038710
233.910896	0.029890
234.600899	0.021310
235.290902	0.013300
235.980904	0.006210
236.670907	0.000320
237.360910	-0.004150
238.050912	-0.007180
238.740915	-0.008900
239.430918	-0.009680
240.120920	-0.010010
240.810923	-0.010540
241.500925	-0.011930
242.190928	-0.014790
242.880931	-0.019540
243.570933	-0.026340
244.260936	-0.034950
244.950939	-0.044710
245.640941	-0.054430
246.330944	-0.062460
247.020947	-0.066780
247.710949	-0.065190
248.400952	-0.055680
249.090955	-0.036750
249.780957	-0.007820
250.470960	0.030500
251.160962	0.076330
251.850965	0.126590
252.540968	0.177370
253.230970	0.224440
253.920973	0.263850
254.610976	0.292440
255.300978	0.308230
255.990981	0.310550
256.680984	0.300020
257.370986	0.278270
258.060989	0.247630
258.750992	0.210730
259.440994	0.170120
260.130997	0.128060
260.821000	0.086370
261.511002	0.046350
262.201005	0.008970
262.891007	-0.025020
263.581010	-0.054920
264.271013	-0.079950
264.961015	-0.099250
265.651018	-0.112020
266.341021	-0.117720
267.031023	-0.116300
267.721026	-0.108340
268.411029	-0.095060
269.101031	-0.078170
269.791034	-0.059550
270.481037	-0.040930
271.171039	-0.023540
271.861042	-0.007970
272.551044	0.005870
273.241047	0.018590
273.931050	0.031000
274.621052	0.043800
275.311055	0.057340
276.001058	0.071560
276.691060	0.085990
277.381063	0.099950
278.071066	0.112750
278.761068	0.123840
279.451071	0.132900
280.141074	0.139820
280.831076	0.144580
281.521079	0.147150
282.211081	0.147420
282.901084	0.145210
283.591087	0.140340
284.281089	0.132780
284.971092	0.122750
285.661095	0.110750
286.351097	0.097610
287.041100	0.084350
287.731103	0.072090
288.421105	0.061890
289.111108	0.054590
289.801111	0.050750
290.491113	0.050480
291.181116	0.053420
291.871119	0.058720
292.561121	0.065100
293.251124	0.071070
293.941126	0.075090
294.631129	0.075940
295.321132	0.072920
296.011134	0.066050
296.701137	0.056050
297.391140	0.044200
298.081142	0.032010
298.771145	0.020900
299.461148	0.011880
300.151150	0.005310
300.841153	0.000960
301.531156	-0.001850
302.221158	-0.004000
302.911161	-0.006240
303.601163	-0.008900
304.291166	-0.011770
304.981169	-0.014010
305.671171	-0.014350
306.361174	-0.011250
307.051177	-0.003230
307.741179	0.010900
308.431182	0.031700
309.121185	0.058990
309.811187	0.091720
310.501190	0.128000
311.191193	0.165210
311.881195	0.200220
312.571198	0.229620
313.261200	0.250150
313.951203	0.259050
314.641206	0.254510
315.331208	0.235990
316.021211	0.204490
316.711214	0.162550
317.401216	0.113960
318.091219	0.063330
318.781222	0.015410
319.471224	-0.025560
320.161227	-0.056460
320.851230	-0.075500
321.541232	-0.082290
322.231235	-0.077640
322.921237	-0.063140
323.611240	-0.040860
324.301243	-0.012920
324.991245	0.018630
325.681248	0.051970
326.371251	0.085450
327.061253	0.117580
327.751256	0.147010
328.441259	0.172570
329.131261	0.193330
329.821264	0.208720
330.511267	0.218650
331.201269	0.223530
331.891272	0.224160
332.581275	0.221560
333.271277	0.216660
333.961280	0.210070
334.651282	0.201930
335.341285	0.191910
336.031288	0.179430
336.721290	0.163960
337.411293	0.145380
338.101296	0.124210
338.791298	0.101620
339.481301	0.079260
340.171304	0.058890
340.861306	0.041970
341.551309	0.029320
342.241312	0.020970
342.931314	0.016180
343.621317	0.013760
344.311319	0.012270
345.001322	0.010380
345.691325	0.006950
346.381327	0.000950
347.071330	-0.008660
347.761333	-0.023200
348.451335	-0.044320
349.141338	-0.073950
349.831341	-0.114050
350.521343	-0.166190
351.211346	-0.231150
351.901349	-0.308680
352.591351	-0.397360
353.281354	-0.494720
353.971356	-0.597350
354.661359	-0.701150
355.351362	-0.801480
356.041364	-0.893310
356.731367	-0.971320
357.421370	-1.030180
358.111372	-1.064860
358.801375	-1.071210
359.491378	-1.046550
360.181380	-0.990260
360.871383	-0.904310
361.561386	-0.793360
362.251388	-0.664570
362.941391	-0.526890
363.631394	-0.390000
364.321396	-0.263060
365.011399	-0.153450
365.701401	-0.065840
366.391404	-0.001690
367.081407	0.040640
367.771409	0.065280
368.461412	0.077930
369.151415	0.084710
369.841417	0.091120
370.531420	0.101220
371.221423	0.117170
371.911425	0.139140
372.601428	0.165630
373.291431	0.194010
373.981433	0.221200
374.671436	0.244300
375.361438	0.261070
376.051441	0.270150
376.741444	0.271070
377.431446	0.264060
378.121449	0.249800
378.811452	0.229180
379.501454	0.203100
380.191457	0.172410
380.881460	0.137920
381.571462	0.100460
382.261465	0.060910
382.951468	0.020240
383.641470	-0.020440
384.331473	-0.060030
385.021475	-0.097440
385.711478	-0.131820
386.401481	-0.162660
387.091483	-0.189930
387.781486	-0.214100
388.471489	-0.236150
389.161491	-0.257380
389.851494	-0.279180
390.541497	-0.302680
391.231499	-0.328460
391.921502	-0.356310
392.611505	-0.385080
393.301507	-0.412770
393.991510	-0.436800
394.681512	-0.454510
395.371515	-0.463660
396.061518	-0.463030
396.751520	-0.452770
397.441523	-0.434500
398.131526	-0.411110
398.821528	-0.386160
399.511531	-0.363120
400.201534	-0.344710
400.891536	-0.332310
401.581539	-0.325800
402.271542	-0.323780
402.961544	-0.323920
403.651547	-0.323540
404.341550	-0.319980
405.031552	-0.310860
405.721555	-0.294150
406.411557	-0.268160
407.101560	-0.231460
407.791563	-0.182980
408.481565	-0.122200
409.171568	-0.049360
409.861571	0.034210
410.551573	0.126010
411.241576	0.222240
411.931579	0.318120
412.621581	0.408260
413.311584	0.487270
414.001587	0.550330
414.691589	0.593760
415.381592	0.615330
416.071594	0.614350
416.761597	0.591560
417.451600	0.548850
418.141602	0.488920
418.831605	0.415000
419.521608	0.330630
420.211610	0.239560
420.901613	0.145680
421.591616	0.052990
422.281618	-0.034490
422.971621	-0.112920
423.661624	-0.178820
424.351626	-0.229410
425.041629	-0.262910
425.731631	-0.278760
426.421634	-0.277790
427.111637	-0.262190
427.801639	-0.235250
428.491642	-0.200990
429.181645	-0.163710
429.871647	-0.127390
430.561650	-0.095340
431.251653	-0.069860
431.941655	-0.052210
432.631658	-0.042640
433.321661	-0.040690
434.011663	-0.045420
434.701666	-0.055740
435.391669	-0.070560
436.081671	-0.088870
436.771674	-0.109670
437.461676	-0.131760
438.151679	-0.153570
438.841682	-0.173030
439.531684	-0.187560
440.221687	-0.194400
440.911690	-0.190960
441.601692	-0.175460
442.291695	-0.147310
442.981698	-0.107440
443.671700	-0.058180
444.361703	-0.002930
445.051706	0.054550
445.741708	0.110640
446.431711	0.162470
447.121713	0.208140
447.811716	0.246660
448.501719	0.277770
449.191721	0.301590
449.881724	0.318370
450.571727	0.328360
451.261729	0.331710
451.951732	0.328640
452.641735	0.319520
453.331737	0.304990
454.021740	0.286010
454.711743	0.263800
455.401745	0.239750
456.091748	0.215240
456.781750	0.191510
457.471753	0.169550
458.161756	0.149990
458.851758	0.133140
459.541761	0.119020
460.231764	0.107460
460.921766	0.098150
461.611769	0.090800
462.301772	0.085130
462.991774	0.080910
463.681777	0.078000
464.371780	0.076260
465.061782	0.075620
465.751785	0.075950
466.441787	0.077150
467.131790	0.079050
467.821793	0.081450
468.511795	0.084090
469.201798	0.086680
469.891801	0.088900
470.581803	0.090430
471.271806	0.090970
471.961809	0.090300
472.651811	0.088260
473.341814	0.084810
474.031817	0.080010
474.721819	0.074030
475.411822	0.067110
476.101825	0.059520
476.791827	0.051550
477.481830	0.043450
478.171832	0.035410
478.861835	0.027550
479.551838	0.019890
480.241840	0.012360
480.931843	0.004830
481.621846	-0.002880
482.311848	-0.010910
483.001851	-0.019420
483.691854	-0.028430
484.381856	-0.037800
485.071859	-0.047250
485.761862	-0.056220
486.451864	-0.063960
487.141867	-0.069500
487.831869	-0.071740
488.521872	-0.069580
489.211875	-0.062080
489.901877	-0.048680
490.591880	-0.029400
491.281883	-0.004920
491.971885	0.023280
492.661888	0.053160
493.351891	0.082210
494.041893	0.107840
494.731896	0.127680
495.421899	0.139910
496.111901	0.143450
496.801904	0.138040
497.491906	0.124170
498.181909	0.103010
498.871912	0.076190
499.561914	0.045650
500.251917	0.013460
500.941920	-0.018310
501.631922	-0.047770
502.321925	-0.073220
503.011928	-0.093260
503.701930	-0.106800
504.391933	-0.113100
505.081936	-0.111690
505.771938	-0.102480
506.461941	-0.085700
507.151944	-0.062030
507.841946	-0.032570
508.531949	0.001140
509.221951	0.037240
509.911954	0.073640
510.601957	0.108300
511.291959	0.139410
511.981962	0.165540
512.671965	0.185770
513.361967	0.199670
514.051970	0.207260
514.741973	0.208960
515.431975	0.205490
516.121978	0.197850
516.811981	0.187220
517.501983	0.174920
518.191986	0.162340
518.881988	0.150860
519.571991	0.141700
520.261994	0.135840
520.951996	0.133950
521.641999	0.136320
522.332002	0.142940
523.022004	0.153510
523.712007	0.167550
524.402010	0.184480
525.092012	0.203650
525.782015	0.224440
526.472018	0.246220
527.162020	0.268440
527.852023	0.290620
528.542025	0.312390
529.232028	0.333510
529.922031	0.353790
530.612033	0.372950
531.302036	0.390400
531.992039	0.404930
532.682041	0.414360
533.372044	0.415430
534.062047	0.403840
534.752049	0.374790
535.442052	0.323850
536.132055	0.248150
536.822057	0.147560
537.512060	0.025520
538.202062	-0.110820
538.892065	-0.251430
539.582068	-0.384900
540.272070	-0.500400
540.962073	-0.589540
541.652076	-0.647600
542.342078	-0.673810
543.032081	-0.670860
543.722084	-0.643700
544.412086	-0.598210
545.102089	-0.540060
545.792092	-0.473980
546.482094	-0.403560
547.172097	-0.331380
547.862100	-0.259290
548.552102	-0.188770
549.242105	-0.121160
549.932107	-0.057710
550.622110	0.000390
551.312113	0.052210
552.002115	0.097120
552.692118	0.134920
553.382121	0.165830
554.072123	0.190490
554.762126	0.209810
555.452129	0.224890
556.142131	0.236870
556.832134	0.246850
557.522137	0.255760
558.212139	0.264300
558.902142	0.272920
559.592144	0.281760
560.282147	0.290690
560.972150	0.299330
561.662152	0.307210
562.352155	0.313820
563.042158	0.318770
563.732160	0.321770
564.422163	0.322720
565.112166	0.321640
565.802168	0.318600
566.492171	0.313760
567.182174	0.307400
567.872176	0.300000
568.562179	0.292350
569.252181	0.285580
569.942184	0.281050
570.632187	0.280110
571.322189	0.283700
572.012192	0.291990
572.702195	0.303910
573.392197	0.317050
574.082200	0.327640
574.772203	0.330930
575.462205	0.321820
576.152208	0.295690
576.842211	0.249390
577.532213	0.182110
578.222216	0.095930
578.912219	-0.004060
579.602221	-0.110320
580.292224	-0.213840
580.982226	-0.305540
581.672229	-0.377760
582.362232	-0.425400
583.052234	-0.446720
583.742237	-0.443480
584.432240	-0.420590
585.122242	-0.385320
585.812245	-0.346300
586.502248	-0.312380
587.192250	-0.291490
587.882253	-0.289610
588.572256	-0.310000
589.262258	-0.352810
589.952261	-0.415170
590.642263	-0.491810
591.332266	-0.576060
592.022269	-0.661110
592.712271	-0.741080
593.402274	-0.811840
594.092277	-0.871240
594.782279	-0.918850
595.472282	-0.955390
596.162285	-0.981890
596.852287	-0.998930
597.542290	-1.006030
598.232293	-1.001420
598.922295	-0.982080
599.612298	-0.944170
600.302300	-0.883840
600.992303	-0.798150
601.682306	-0.686100
602.372308	-0.549420
603.062311	-0.392940
603.752314	-0.224320
604.442316	-0.053190
605.132319	0.110160
605.822322	0.256310
606.512324	0.377990
607.202327	0.470930
607.892330	0.534050
608.582332	0.569060
609.272335	0.579730
609.962337	0.570840
610.652340	0.547380
611.342343	0.513860
612.032345	0.473980
612.722348	0.430510
613.412351	0.385420
614.102353	0.340050
614.792356	0.295310
615.482359	0.251860
616.172361	0.210190
616.862364	0.170670
617.552367	0.133560
618.242369	0.098970
618.932372	0.066830
619.622375	0.036910
620.312377	0.008840
621.002380	-0.017850
621.692382	-0.043650
622.382385	-0.069000
623.072388	-0.094220
623.762390	-0.119510
624.452393	-0.144930
625.142396	-0.170360
625.832398	-0.195580
626.522401	-0.220260
627.212404	-0.244030
627.902406	-0.266550
628.592409	-0.287590
629.282412	-0.307090
629.972414	-0.325180
630.662417	-0.342110
631.352419	-0.358120
632.042422	-0.373340
632.732425	-0.387550
633.422427	-0.400080
634.112430	-0.409770
634.802433	-0.414990
635.492435	-0.413820
636.182438	-0.404330
636.872441	-0.384970
637.562443	-0.354970
638.252446	-0.314690
638.942449	-0.265860
639.632451	-0.211520
640.322454	-0.155690
641.012456	-0.102830
641.702459	-0.057180
642.392462	-0.022160
643.082464	0.000060
643.772467	0.008770
644.462470	0.004520
645.152472	-0.011100
645.842475	-0.035840
646.532478	-0.067070
647.222480	-0.102010
647.912483	-0.137860
648.602486	-0.171860
649.292488	-0.201300
649.982491	-0.223600
650.672494	-0.236490
651.362496	-0.238200
652.052499	-0.227690
652.742501	-0.204910
653.432504	-0.170860
654.122507	-0.127520
654.812509	-0.077670
655.502512	-0.024450
656.192515	0.029040
656.882517	0.080130
657.572520	0.126760
658.262523	0.167610
658.952525	0.201940
659.642528	0.229440
660.332531	0.250100
661.022533	0.264020
661.712536	0.271430
662.402538	0.272690
663.092541	0.268340
663.782544	0.259090
664.472546	0.245800
665.162549	0.229440
665.852552	0.210990
666.542554	0.191310
667.232557	0.171150
667.922560	0.151080
668.612562	0.131530
669.302565	0.112820
669.992568	0.095260
670.682570	0.079150
671.372573	0.064900
672.062575	0.052940
672.752578	0.043720
673.442581	0.037620
674.132583	0.034870
674.822586	0.035480
675.512589	0.039170
676.202591	0.045440
676.892594	0.053640
677.582597	0.062990
678.272599	0.072760
678.962602	0.082240
679.652605	0.090830
680.342607	0.098010
681.032610	0.103340
681.722612	0.106460
682.412615	0.107130
683.102618	0.105240
683.792620	0.100860
684.482623	0.094240
685.172626	0.085870
685.862628	0.076380
686.552631	0.066540
687.242634	0.057170
687.932636	0.049100
688.622639	0.043020
689.312642	0.039440
690.002644	0.038660
690.692647	0.040680
691.382650	0.045220
692.072652	0.051680
692.762655	0.059230
693.452657	0.066820
694.142660	0.073310
694.832663	0.077540
695.522665	0.078490
696.212668	0.075400
696.902671	0.067920
697.592673	0.056150
698.282676	0.040730
698.972679	0.022770
699.662681	0.003780
700.352684	-0.014450
701.042687	-0.030150
701.732689	-0.041670
702.422692	-0.047820
703.112694	-0.047990
703.802697	-0.042290
704.492700	-0.031540
705.182702	-0.017180
705.872705	-0.001050
706.562708	0.014890
707.252710	0.028850
707.942713	0.039410
708.632716	0.045720
709.322718	0.047560
710.012721	0.045260
710.702724	0.039640
711.392726	0.031790
712.082729	0.022940
712.772731	0.014260
713.462734	0.006700
714.152737	0.000940
714.842739	-0.002680
715.532742	-0.004160
716.222745	-0.003790
716.912747	-0.002060
717.602750	0.000470
718.292753	0.003210
718.982755	0.005630
719.672758	0.007290
720.362761	0.007830
721.052763	0.006990
721.742766	0.004550
722.432768	0.000380
723.122771	-0.005560
723.812774	-0.013190
724.502776	-0.022210
725.192779	-0.032140
725.882782	-0.042260
726.572784	-0.051640
727.262787	-0.059180
727.952790	-0.063710
728.642792	-0.064000
729.332795	-0.058930
730.022798	-0.047550
730.712800	-0.029250
731.402803	-0.003940
732.092806	0.027890
732.782808	0.065040
733.472811	0.105640
734.162813	0.147280
734.852816	0.187270
735.542819	0.222970
736.232821	0.252110
736.922824	0.273070
737.612827	0.285120
738.302829	0.288360
738.992832	0.283700
739.682835	0.272590
740.372837	0.256780
741.062840	0.238050
741.752843	0.218030
742.442845	0.198010
743.132848	0.178910
743.822850	0.161230
744.512853	0.145090
745.202856	0.130310
745.892858	0.116460
746.582861	0.103040
747.272864	0.089520
747.962866	0.075540
748.652869	0.060990
749.342872	0.046080
750.032874	0.031390
750.722877	0.017830
751.412880	0.006540
752.102882	-0.001270
752.792885	-0.004500
753.482887	-0.002490
754.172890	0.004970
754.862893	0.017400
755.552895	0.033730
756.242898	0.052420
756.932901	0.071750
757.622903	0.090040
758.312906	0.105950
759.002909	0.118610
759.692911	0.127690
760.382914	0.133310
761.072917	0.135890
761.762919	0.135970
762.452922	0.134040
763.142925	0.130440
763.832927	0.125330
764.522930	0.118710
765.212932	0.110480
765.902935	0.100590
766.592938	0.089080
767.282940	0.076120
767.972943	0.062070
768.662946	0.047410
769.352948	0.032690
770.042951	0.018450
770.732954	0.005190
771.422956	-0.006740
772.112959	-0.017100
772.802962	-0.025740
773.492964	-0.032610
774.182967	-0.037670
774.872969	-0.040990
775.562972	-0.042640
776.252975	-0.042810
776.942977	-0.041710
777.632980	-0.039600
778.322983	-0.036720
779.012985	-0.033240
779.702988	-0.029210
780.392991	-0.024490
781.082993	-0.018810
781.772996	-0.011760
782.462999	-0.002860
783.153001	0.008340
783.843004	0.022030
784.533006	0.038110
785.223009	0.056040
785.913012	0.074850
786.603014	0.093260
787.293017	0.109880
787.983020	0.123450
788.673022	0.133120
789.363025	0.138640
790.053028	0.140360
790.743030	0.139190
791.433033	0.136340
792.123036	0.133090
792.813038	0.130510
793.503041	0.129270
794.193043	0.129570
794.883046	0.131170
795.573049	0.133560
796.263051	0.136160
796.953054	0.138560
797.643057	0.140600
798.333059	0.142450
799.023062	0.144500
799.713065	0.147180
800.403067	0.150810
801.093070	0.155450
801.783073	0.160900
802.473075	0.166800
803.163078	0.172730
803.853081	0.178430
804.543083	0.183780
805.233086	0.188880
805.923088	0.193820
806.613091	0.198610
807.303094	0.202980
807.993096	0.206400
808.683099	0.208150
809.373102	0.207550
810.063104	0.204130
810.753107	0.197800
811.443110	0.188870
812.133112	0.177890
812.823115	0.165510
813.513118	0.152250
814.203120	0.138380
814.893123	0.123950
815.583125	0.108870
816.273128	0.093080
816.963131	0.076690
817.653133	0.059990
818.343136	0.043520
819.033139	0.027950
819.723141	0.013960
820.413144	0.002170
821.103147	-0.006970
821.793149	-0.013340
822.483152	-0.017150
823.173155	-0.019070
823.863157	-0.020230
824.553160	-0.022210
825.243162	-0.026870
825.933165	-0.036180
826.623168	-0.052000
827.313170	-0.075800
828.003173	-0.108510
828.693176	-0.150420
829.383178	-0.201230
830.073181	-0.260140
830.763184	-0.326080
831.453186	-0.397890
832.143189	-0.474490
832.833192	-0.555010
833.523194	-0.638750
834.213197	-0.725030
834.903200	-0.812950
835.593202	-0.901010
836.283205	-0.986680
836.973207	-1.066190
837.663210	-1.134440
838.353213	-1.185310
839.043215	-1.212300
839.733218	-1.209460
840.423221	-1.172430
841.113223	-1.099310
841.803226	-0.991260
842.493229	-0.852610
843.183231	-0.690510
843.873234	-0.514060
844.563237	-0.333200
845.253239	-0.157540
845.943242	0.004730
846.633244	0.147680
847.323247	0.267860
848.013250	0.364340
848.703252	0.438170
849.393255	0.491760
850.083258	0.528140
850.773260	0.550300
851.463263	0.560790
852.153266	0.561520
852.843268	0.553770
853.533271	0.538360
854.223274	0.515830
854.913276	0.486630
855.603279	0.451170
856.293281	0.409900
856.983284	0.363200
857.673287	0.311430
858.363289	0.254840
859.053292	0.193750
859.743295	0.128670
860.433297	0.060490
861.123300	-0.009350
861.813303	-0.078850
862.503305	-0.145470
863.193308	-0.206490
863.883311	-0.259310
864.573313	-0.301930
865.263316	-0.333260
865.953318	-0.353350
866.643321	-0.363340
867.333324	-0.365270
868.023326	-0.361660
868.713329	-0.355130
869.403332	-0.347970
870.093334	-0.341910
870.783337	-0.338040
871.473340	-0.336840
872.163342	-0.338210
872.853345	-0.341620
873.543348	-0.346080
874.233350	-0.350220
874.923353	-0.352360
875.613356	-0.350740
876.303358	-0.343840
876.993361	-0.330810
877.683363	-0.311880
878.373366	-0.288470
879.063369	-0.263030
879.753371	-0.238600
880.443374	-0.218010
881.133377	-0.203210
881.823379	-0.194730
882.513382	-0.191480
883.203385	-0.191100
883.893387	-0.190470
884.583390	-0.186490
885.273393	-0.176690
885.963395	-0.159690
886.653398	-0.135380
887.343400	-0.104770
888.033403	-0.069810
888.723406	-0.032970
889.413408	0.003020
890.103411	0.035530
890.793414	0.062180
891.483416	0.081140
892.173419	0.091290
892.863422	0.092370
893.553424	0.085110
894.243427	0.071180
894.933430	0.053020
895.623432	0.033450
896.313435	0.015270
897.003437	0.000770
897.693440	-0.008640
898.383443	-0.012570
899.073445	-0.011610
899.763448	-0.007020
900.453451	-0.000460
901.143453	0.006460
901.833456	0.012350
902.523459	0.016270
903.213461	0.017690
903.903464	0.016520
904.593467	0.012980
905.283469	0.007660
905.973472	0.001410
906.663475	-0.004620
907.353477	-0.009090
908.043480	-0.010550
908.733482	-0.007620
909.423485	0.000730
910.113488	0.015050
910.803490	0.035170
911.493493	0.060170
912.183496	0.088460
912.873498	0.117960
913.563501	0.146320
914.253504	0.171260
914.943506	0.190880
915.633509	0.203880
916.323512	0.209750
917.013514	0.208790
917.703517	0.202020
918.393519	0.190970
919.083522	0.177350
919.773525	0.162790
920.463527	0.148580
921.153530	0.135520
921.843533	0.123940
922.533535	0.113790
923.223538	0.104840
923.913541	0.096860
924.603543	0.089790
925.293546	0.083790
925.983549	0.079180
926.673551	0.076360
927.363554	0.075660
928.053556	0.077170
928.743559	0.080720
929.433562	0.085770
930.123564	0.091530
930.813567	0.097010
931.503570	0.101220
932.193572	0.103300
932.883575	0.102650
933.573578	0.099070
934.263580	0.092720
934.953583	0.084100
935.643586	0.073930
936.333588	0.062980
937.023591	0.051960
937.713593	0.041450
938.403596	0.031890
939.093599	0.023630
939.783601	0.017030
940.473604	0.012520
941.163607	0.010590
941.853609	0.011770
942.543612	0.016480
943.233615	0.024890
943.923617	0.036800
944.613620	0.051580
945.303623	0.068200
945.993625	0.085310
946.683628	0.101360
947.373631	0.114800
948.063633	0.124210
948.753636	0.128510
949.443638	0.127030
950.133641	0.119640
950.823644	0.106760
951.513646	0.089350
952.203649	0.068750
952.893652	0.046640
953.583654	0.024780
954.273657	0.004910
954.963660	-0.011430
955.653662	-0.023070
956.343665	-0.029250
957.033668	-0.029760
957.723670	-0.024860
958.413673	-0.015300
959.103675	-0.002160
959.793678	0.013310
960.483681	0.029810
961.173683	0.046150
961.863686	0.061340
962.553689	0.074640
963.243691	0.085600
963.933694	0.094010
964.623697	0.099880
965.313699	0.103430
966.003702	0.104970
966.693705	0.104920
967.383707	0.103680
968.073710	0.101660
968.763712	0.099150
969.453715	0.096370
970.143718	0.093440
970.833720	0.090370
971.523723	0.087090
972.213726	0.083480
972.903728	0.079410
973.593731	0.074730
974.283734	0.069340
974.973736	0.063170
975.663739	0.056260
976.353742	0.048750
977.043744	0.040910
977.733747	0.033080
978.423750	0.025660
979.113752	0.019010
979.803755	0.013370
980.493757	0.008770
981.183760	0.005000
981.873763	0.001650
982.563765	-0.001850
983.253768	-0.006050
983.943771	-0.011370
984.633773	-0.017870
985.323776	-0.025210
986.013779	-0.032650
986.703781	-0.039050
987.393784	-0.043120
988.083787	-0.043580
988.773789	-0.039430
989.463792	-0.030110
990.153794	-0.015640
990.843797	0.003330
991.533800	0.025680
992.223802	0.049940
992.913805	0.074550
993.603808	0.098100
994.293810	0.119450
994.983813	0.137910
995.673816	0.153170
996.363818	0.165220
997.053821	0.174270
997.743824	0.180580
998.433826	0.184310
999.123829	0.185520
999.813831	0.184130
1000.503834	0.179940
1001.193837	0.172780
1001.883839	0.162540
1002.573842	0.149330
1003.263845	0.133520
1003.953847	0.115810
1004.643850	0.097200
1005.333853	0.078980
1006.023855	0.062570
1006.713858	0.049400
1007.403861	0.040760
1008.093863	0.037600
1008.783866	0.040420
1009.473868	0.049230
1010.163871	0.063530
1010.853874	0.082400
1011.543876	0.104640
1012.233879	0.128840
1012.923882	0.153540
1013.613884	0.177250
1014.303887	0.198500
1014.993890	0.215810
1015.683892	0.227790
1016.373895	0.233150
1017.063898	0.230880
1017.753900	0.220440
1018.443903	0.201890
1019.133906	0.176040
1019.823908	0.144460
1020.513911	0.109320
1021.203913	0.073140
1021.893916	0.038460
1022.583919	0.007530
1023.273921	-0.017950
1023.963924	-0.036980
1024.653927	-0.049220
1025.343929	-0.054900
1026.033932	-0.054670
1026.723935	-0.049420
1027.413937	-0.040210
1028.103940	-0.028230
1028.793943	-0.014820
1029.483945	-0.001500
1030.173948	0.010080
1030.863950	0.018200
1031.553953	0.021420
1032.243956	0.018800
1032.933958	0.010240
1033.623961	-0.003380
1034.313964	-0.020300
1035.003966	-0.038120
1035.693969	-0.054290
1036.383972	-0.066570
1037.073974	-0.073500
1037.763977	-0.074530
1038.453980	-0.070000
1039.143982	-0.060880
1039.833985	-0.048410
1040.523987	-0.033730
1041.213990	-0.017640
1041.903993	-0.000580
1042.593995	0.017390
1043.283998	0.036340
1043.974001	0.056300
1044.664003	0.077190
1045.354006	0.098690
1046.044009	0.120290
1046.734011	0.141380
1047.424014	0.161380
1048.114017	0.179780
1048.804019	0.196280
1049.494022	0.210700
1050.184025	0.222980
1050.874027	0.233030
1051.564030	0.240610
1052.254032	0.245280
1052.944035	0.246380
1053.634038	0.243140
1054.324040	0.234910
1055.014043	0.221320
1055.704046	0.202500
1056.394048	0.179130
1057.084051	0.152380
1057.774054	0.123770
1058.464056	0.094920
1059.154059	0.067390
1059.844062	0.042490
1060.534064	0.021210
1061.224067	0.004240
1061.914069	-0.008030
