0.000000	0.216710
0.690009	0.214930
1.380018	0.206920
2.070027	0.192920
2.760036	0.173450
3.450045	0.149520
4.140054	0.122630
4.830062	0.094700
5.520071	0.067910
6.210080	0.044370
6.900089	0.025830
7.590098	0.013460
8.280107	0.007620
8.970116	0.007910
9.660125	0.013230
10.350134	0.022100
11.040143	0.032880
11.730152	0.044120
12.420161	0.054740
13.110169	0.064130
13.800178	0.072130
14.490187	0.078910
15.180196	0.084800
15.870205	0.090130
16.560214	0.095040
17.250223	0.099390
17.940232	0.102780
18.630241	0.104560
19.320250	0.104010
20.010259	0.100530
20.700268	0.093830
21.390277	0.084150
22.080285	0.072240
22.770294	0.059380
23.460303	0.047130
24.150312	0.037100
24.840321	0.030610
25.530330	0.028470
26.220339	0.030710
26.910348	0.036590
27.600357	0.044720
28.290366	0.053310
28.980375	0.060590
29.670384	0.065200
30.360393	0.066500
31.050401	0.064740
31.740410	0.060970
32.430419	0.056750
33.120428	0.053710
33.810437	0.053140
34.500446	0.055690
35.190455	0.061200
35.880464	0.068840
36.570473	0.077370
37.260482	0.085460
37.950491	0.092040
38.640500	0.096500
39.330508	0.098770
40.020517	0.099210
40.710526	0.098510
41.400535	0.097400
42.090544	0.096520
42.780553	0.096250
43.470562	0.096670
44.160571	0.097550
44.850580	0.098440
45.540589	0.098830
46.230598	0.098220
46.920607	0.096340
47.610616	0.093190
48.300624	0.089100
48.990633	0.084610
49.680642	0.080300
50.370651	0.076540
51.060660	0.073220
51.750669	0.069700
52.440678	0.064830
53.130687	0.057260
53.820696	0.045800
54.510705	0.029910
55.200714	0.009980
55.890723	-0.012570
56.580731	-0.035500
57.270740	-0.056190
57.960749	-0.072230
58.650758	-0.082020
59.340767	-0.085270
60.030776	-0.083170
60.720785	-0.078420
61.410794	-0.074850
62.100803	-0.076870
62.790812	-0.088770
63.480821	-0.113910
64.170830	-0.154070
64.860839	-0.209020
65.550847	-0.276350
66.240856	-0.351840
66.930865	-0.430010
67.620874	-0.504990
68.310883	-0.571400
69.000892	-0.625030
69.690901	-0.663250
70.380910	-0.685050
71.070919	-0.690760
71.760928	-0.681660
72.450937	-0.659490
73.140946	-0.626150
73.830954	-0.583460
74.520963	-0.533110
75.210972	-0.476620
75.900981	-0.415420
76.590990	-0.350810
77.280999	-0.283960
77.971008	-0.215940
78.661017	-0.147700
79.351026	-0.080260
80.041035	-0.014760
80.731044	0.047430
81.421053	0.104640
82.111062	0.155040
82.801070	0.196780
83.491079	0.228280
84.181088	0.248510
84.871097	0.257130
85.561106	0.254620
86.251115	0.242160
86.941124	0.221490
87.631133	0.194650
88.321142	0.163680
89.011151	0.130440
89.701160	0.096470
90.391169	0.062900
91.081178	0.030510
91.771186	-0.000200
92.461195	-0.028910
93.151204	-0.055370
93.841213	-0.079400
94.531222	-0.100860
95.221231	-0.119670
95.911240	-0.135910
96.601249	-0.149740
97.291258	-0.161460
97.981267	-0.171380
98.671276	-0.179710
99.361285	-0.186440
100.051293	-0.191240
100.741302	-0.193450
101.431311	-0.192170
102.121320	-0.186480
102.811329	-0.175730
103.501338	-0.159810
104.191347	-0.139410
104.881356	-0.116110
105.571365	-0.092350
106.261374	-0.071220
106.951383	-0.056050
107.641392	-0.050040
108.331401	-0.055780
109.021409	-0.074890
109.711418	-0.107740
110.401427	-0.153340
111.091436	-0.209360
111.781445	-0.272280
112.471454	-0.337710
113.161463	-0.400750
113.851472	-0.456450
114.541481	-0.500350
115.231490	-0.528930
115.921499	-0.540060
116.611508	-0.533300
117.301516	-0.509890
117.991525	-0.472640
118.681534	-0.425440
119.371543	-0.372630
120.061552	-0.318370
120.751561	-0.266010
121.441570	-0.217760
122.131579	-0.174650
122.821588	-0.136740
123.511597	-0.103550
124.201606	-0.074520
124.891615	-0.049300
125.581624	-0.027920
126.271632	-0.010550
126.961641	0.002660
127.651650	0.012060
128.341659	0.018530
129.031668	0.023570
129.721677	0.029080
130.411686	0.036980
131.101695	0.048800
131.791704	0.065350
132.481713	0.086580
133.171722	0.111510
133.861731	0.138440
134.551740	0.165240
135.241748	0.189710
135.931757	0.209900
136.621766	0.224410
137.311775	0.232510
138.001784	0.234160
138.691793	0.229910
139.381802	0.220670
140.071811	0.207520
140.761820	0.191540
141.451829	0.173670
142.141838	0.154720
142.831847	0.135380
143.521855	0.116320
144.211864	0.098140
144.901873	0.081420
145.591882	0.066570
146.281891	0.053810
146.971900	0.043130
147.661909	0.034370
148.351918	0.027330
149.041927	0.021990
149.731936	0.018610
150.421945	0.017720
151.111954	0.020050
151.801963	0.026210
152.491971	0.036450
153.181980	0.050400
153.871989	0.067000
154.561998	0.084590
155.252007	0.101220
155.942016	0.115000
156.632025	0.124460
157.322034	0.128780
158.012043	0.127850
158.702052	0.122210
159.392061	0.112820
160.082070	0.100900
160.772078	0.087660
161.462087	0.074240
162.152096	0.061640
162.842105	0.050670
163.532114	0.041980
164.222123	0.036030
164.912132	0.033030
165.602141	0.032890
166.292150	0.035230
166.982159	0.039430
167.672168	0.044750
168.362177	0.050440
169.052186	0.055910
169.742194	0.060770
170.432203	0.064890
171.122212	0.068310
171.812221	0.071160
172.502230	0.073600
173.192239	0.075760
173.882248	0.077710
174.572257	0.079520
175.262266	0.081280
175.952275	0.083130
176.642284	0.085210
177.332293	0.087640
178.022301	0.090490
178.712310	0.093710
179.402319	0.097160
180.092328	0.100670
180.782337	0.104040
181.472346	0.107220
182.162355	0.110290
182.852364	0.113500
183.542373	0.117260
184.232382	0.121970
184.922391	0.127990
185.612400	0.135430
186.302409	0.144100
186.992417	0.153440
187.682426	0.162580
188.372435	0.170410
189.062444	0.175780
189.752453	0.177620
190.442462	0.175180
191.132471	0.168020
191.822480	0.156180
192.512489	0.140090
193.202498	0.120570
193.892507	0.098780
194.582516	0.076130
195.272525	0.054210
195.962533	0.034600
196.652542	0.018730
197.342551	0.007630
198.032560	0.001830
198.722569	0.001230
199.412578	0.005210
200.102587	0.012790
200.792596	0.022810
201.482605	0.034200
202.172614	0.046070
202.862623	0.057760
203.552632	0.068720
204.242640	0.078460
204.932649	0.086420
205.622658	0.091910
206.312667	0.094240
207.002676	0.092760
207.692685	0.087010
208.382694	0.076860
209.072703	0.062530
209.762712	0.044590
210.452721	0.023840
211.142730	0.001250
211.832739	-0.022190
212.522748	-0.045560
213.212756	-0.068010
213.902765	-0.088760
214.592774	-0.107020
215.282783	-0.121940
215.972792	-0.132480
216.662801	-0.137460
217.352810	-0.135680
218.042819	-0.126080
218.732828	-0.108060
219.422837	-0.081720
220.112846	-0.048030
220.802855	-0.008810
221.492863	0.033430
222.182872	0.075950
222.872881	0.116040
223.562890	0.151520
224.252899	0.180900
224.942908	0.203440
225.632917	0.219030
226.322926	0.227920
227.012935	0.230500
227.702944	0.227060
228.392953	0.217670
229.082962	0.202220
229.772971	0.180580
230.462979	0.152710
231.152988	0.118970
231.842997	0.080250
232.533006	0.038020
233.223015	-0.005640
233.913024	-0.048260
234.603033	-0.087120
235.293042	-0.119600
235.983051	-0.143420
236.673060	-0.156940
237.363069	-0.159310
238.053078	-0.150610
238.743087	-0.131860
239.433095	-0.104910
240.123104	-0.072240
240.813113	-0.036670
241.503122	-0.000950
242.193131	0.032590
242.883140	0.062350
243.573149	0.087600
244.263158	0.108510
244.953167	0.125940
245.643176	0.141200
246.333185	0.155680
247.023194	0.170540
247.713202	0.186440
248.403211	0.203470
249.093220	0.221200
249.783229	0.238730
250.473238	0.255010
251.163247	0.268980
251.853256	0.279770
252.543265	0.286790
253.233274	0.289730
253.923283	0.288430
254.613292	0.282740
255.303301	0.272380
255.993310	0.256930
256.683318	0.235880
257.373327	0.208840
258.063336	0.175850
258.753345	0.137540
259.443354	0.095280
260.133363	0.051060
260.823372	0.007230
261.513381	-0.033880
262.203390	-0.070380
262.893399	-0.100980
263.583408	-0.125190
264.273417	-0.143180
264.963425	-0.155630
265.653434	-0.163460
266.343443	-0.167690
267.033452	-0.169270
267.723461	-0.169000
268.413470	-0.167460
269.103479	-0.164970
269.793488	-0.161510
270.483497	-0.156650
271.173506	-0.149600
271.863515	-0.139240
272.553524	-0.124350
273.243533	-0.103900
273.933541	-0.077340
274.623550	-0.044900
275.313559	-0.007660
276.003568	0.032450
276.693577	0.073020
277.383586	0.111460
278.073595	0.145550
278.763604	0.173800
279.453613	0.195650
280.143622	0.211450
280.833631	0.222200
281.523640	0.229210
282.213648	0.233670
282.903657	0.236400
283.593666	0.237690
284.283675	0.237320
284.973684	0.234760
285.663693	0.229360
286.353702	0.220560
287.043711	0.208050
287.733720	0.191820
288.423729	0.172150
289.113738	0.149570
289.803747	0.124700
290.493756	0.098250
291.183764	0.070870
291.873773	0.043170
292.563782	0.015650
293.253791	-0.011270
293.943800	-0.037260
294.633809	-0.062060
295.323818	-0.085410
296.013827	-0.107130
296.703836	-0.127070
297.393845	-0.145190
298.083854	-0.161600
298.773863	-0.176640
299.463872	-0.190940
300.153880	-0.205420
300.843889	-0.221250
301.533898	-0.239740
302.223907	-0.262250
302.913916	-0.289900
303.603925	-0.323440
304.293934	-0.363020
304.983943	-0.408020
305.673952	-0.456990
306.363961	-0.507690
307.053970	-0.557270
307.743979	-0.602520
308.433987	-0.640250
309.123996	-0.667610
309.814005	-0.682400
310.504014	-0.683230
311.194023	-0.669590
311.884032	-0.641810
312.574041	-0.600980
313.264050	-0.548820
313.954059	-0.487590
314.644068	-0.419890
315.334077	-0.348490
316.024086	-0.276020
316.714095	-0.204720
317.404103	-0.136150
318.094112	-0.071180
318.784121	-0.010060
319.474130	0.047270
320.164139	0.100800
320.854148	0.150030
321.544157	0.193830
322.234166	0.230470
322.924175	0.257950
323.614184	0.274430
324.304193	0.278790
324.994202	0.270950
325.684210	0.252030
326.374219	0.224240
327.064228	0.190570
327.754237	0.154300
328.444246	0.118540
329.134255	0.085780
329.824264	0.057710
330.514273	0.035010
331.204282	0.017550
331.894291	0.004520
332.584300	-0.005190
333.274309	-0.012680
333.964318	-0.018730
334.654326	-0.023570
335.344335	-0.026920
336.034344	-0.028030
336.724353	-0.025990
337.414362	-0.020010
338.104371	-0.009690
338.794380	0.004710
339.484389	0.022300
340.174398	0.041530
340.864407	0.060470
341.554416	0.077030
342.244425	0.089200
342.934434	0.095250
343.624442	0.093800
344.314451	0.083890
345.004460	0.064980
345.694469	0.036900
346.384478	-0.000120
347.074487	-0.045440
347.764496	-0.097990
348.454505	-0.156220
349.144514	-0.218130
349.834523	-0.281320
350.524532	-0.343000
351.214541	-0.400170
351.904549	-0.449770
352.594558	-0.488930
353.284567	-0.515300
353.974576	-0.527370
354.664585	-0.524860
355.354594	-0.508950
356.044603	-0.482260
356.734612	-0.448640
357.424621	-0.412640
358.114630	-0.378690
358.804639	-0.350370
359.494648	-0.329630
360.184657	-0.316430
360.874665	-0.308700
361.564674	-0.302760
362.254683	-0.294110
362.944692	-0.278470
363.634701	-0.252720
364.324710	-0.215720
365.014719	-0.168660
365.704728	-0.114850
366.394737	-0.059140
367.084746	-0.006840
367.774755	0.037260
368.464764	0.069900
369.154772	0.089830
369.844781	0.097970
370.534790	0.097040
371.224799	0.090900
371.914808	0.083710
372.604817	0.079130
373.294826	0.079640
373.984835	0.086230
374.674844	0.098350
375.364853	0.114130
376.054862	0.130940
376.744871	0.145980
377.434880	0.156830
378.124888	0.161950
378.814897	0.160840
379.504906	0.154060
380.194915	0.142980
380.884924	0.129420
381.574933	0.115320
382.264942	0.102310
382.954951	0.091580
383.644960	0.083700
384.334969	0.078760
385.024978	0.076420
385.714987	0.076110
386.404995	0.077210
387.095004	0.079180
387.785013	0.081620
388.475022	0.084360
389.165031	0.087470
389.855040	0.091230
390.545049	0.096140
391.235058	0.102790
391.925067	0.111800
392.615076	0.123600
393.305085	0.138290
393.995094	0.155520
394.685103	0.174380
395.375111	0.193530
396.065120	0.211270
396.755129	0.225850
397.445138	0.235670
398.135147	0.239570
398.825156	0.236920
399.515165	0.227680
400.205174	0.212340
400.895183	0.191800
401.585192	0.167180
402.275201	0.139720
402.965210	0.110600
403.655219	0.080980
404.345227	0.051900
405.035236	0.024360
405.725245	-0.000740
406.415254	-0.022610
407.105263	-0.040620
407.795272	-0.054330
408.485281	-0.063580
409.175290	-0.068400
409.865299	-0.069030
410.555308	-0.065860
411.245317	-0.059300
411.935326	-0.049820
412.625334	-0.037870
413.315343	-0.023940
414.005352	-0.008540
414.695361	0.007730
415.385370	0.024240
416.075379	0.040240
416.765388	0.054940
417.455397	0.067550
418.145406	0.077360
418.835415	0.083810
419.525424	0.086610
420.215433	0.085810
420.905442	0.081880
421.595450	0.075660
422.285459	0.068330
422.975468	0.061250
423.665477	0.055750
424.355486	0.052950
425.045495	0.053550
425.735504	0.057750
426.425513	0.065170
427.115522	0.074950
427.805531	0.085830
428.495540	0.096420
429.185549	0.105340
429.875557	0.111440
430.565566	0.113970
431.255575	0.112610
431.945584	0.107470
432.635593	0.099080
433.325602	0.088220
434.015611	0.075840
434.705620	0.062930
435.395629	0.050400
436.085638	0.038940
436.775647	0.028990
437.465656	0.020680
438.155665	0.013820
438.845673	0.008020
439.535682	0.002790
440.225691	-0.002300
440.915700	-0.007530
441.605709	-0.012910
442.295718	-0.018190
442.985727	-0.022900
443.675736	-0.026490
444.365745	-0.028420
445.055754	-0.028270
445.745763	-0.025820
446.435772	-0.021090
447.125781	-0.014320
447.815789	-0.005930
448.505798	0.003540
449.195807	0.013520
449.885816	0.023470
450.575825	0.032920
451.265834	0.041470
451.955843	0.048840
452.645852	0.054840
453.335861	0.059390
454.025870	0.062530
454.715879	0.064480
455.405888	0.065700
456.095896	0.066840
456.785905	0.068710
457.475914	0.072120
458.165923	0.077700
458.855932	0.085700
459.545941	0.095830
460.235950	0.107210
460.925959	0.118440
461.615968	0.127740
462.305977	0.133250
462.995986	0.133230
463.685995	0.126380
464.376004	0.112020
465.066012	0.090290
465.756021	0.062190
466.446030	0.029540
467.136039	-0.005120
467.826048	-0.038840
468.516057	-0.068580
469.206066	-0.091630
469.896075	-0.105970
470.586084	-0.110520
471.276093	-0.105190
471.966102	-0.090820
472.656111	-0.068920
473.346119	-0.041390
474.036128	-0.010210
474.726137	0.022650
475.416146	0.055440
476.106155	0.086500
476.796164	0.114350
477.486173	0.137620
478.176182	0.155170
478.866191	0.166220
479.556200	0.170460
480.246209	0.168180
480.936218	0.160250
481.626227	0.148050
482.316235	0.133230
483.006244	0.117500
483.696253	0.102370
484.386262	0.088970
485.076271	0.078040
485.766280	0.069900
486.456289	0.064610
487.146298	0.062130
487.836307	0.062410
488.526316	0.065460
489.216325	0.071290
489.906334	0.079780
490.596342	0.090620
491.286351	0.103170
491.976360	0.116460
492.666369	0.129300
493.356378	0.140370
494.046387	0.148430
494.736396	0.152480
495.426405	0.151870
496.116414	0.146370
496.806423	0.136210
497.496432	0.122000
498.186441	0.104730
498.876450	0.085580
499.566458	0.065880
500.256467	0.046960
500.946476	0.030020
501.636485	0.016050
502.326494	0.005700
503.016503	-0.000690
503.706512	-0.003220
504.396521	-0.002290
505.086530	0.001460
505.776539	0.007180
506.466548	0.014090
507.156557	0.021470
507.846566	0.028850
508.536574	0.036040
509.226583	0.043090
509.916592	0.050280
510.606601	0.058010
511.296610	0.066660
511.986619	0.076550
512.676628	0.087800
513.366637	0.100350
514.056646	0.113940
514.746655	0.128180
515.436664	0.142530
516.126673	0.156400
516.816681	0.169180
517.506690	0.180200
518.196699	0.188770
518.886708	0.194190
519.576717	0.195760
520.266726	0.192850
520.956735	0.185020
521.646744	0.172080
522.336753	0.154290
523.026762	0.132360
523.716771	0.107530
524.406780	0.081460
525.096789	0.056100
525.786797	0.033470
526.476806	0.015320
527.166815	0.002900
527.856824	-0.003240
528.546833	-0.003360
529.236842	0.001590
529.926851	0.010150
530.616860	0.020650
531.306869	0.031450
531.996878	0.041180
532.686887	0.048810
533.376896	0.053570
534.066904	0.054790
534.756913	0.051750
535.446922	0.043540
536.136931	0.029150
536.826940	0.007560
537.516949	-0.021860
538.206958	-0.059170
538.896967	-0.103590
539.586976	-0.153500
540.276985	-0.206670
540.966994	-0.260670
541.657003	-0.313310
542.347012	-0.363030
543.037020	-0.409060
543.727029	-0.451350
544.417038	-0.490270
545.107047	-0.526170
545.797056	-0.558960
546.487065	-0.587900
547.177074	-0.611560
547.867083	-0.628040
548.557092	-0.635370
549.247101	-0.631890
549.937110	-0.616560
550.627119	-0.589190
551.317128	-0.550360
552.007136	-0.501350
552.697145	-0.443980
553.387154	-0.380460
554.077163	-0.313310
554.767172	-0.245310
555.457181	-0.179440
556.147190	-0.118760
556.837199	-0.066170
557.527208	-0.024130
558.217217	0.005690
558.907226	0.022700
559.597235	0.027490
560.287243	0.021850
560.977252	0.008540
561.667261	-0.009010
562.357270	-0.027240
563.047279	-0.042820
563.737288	-0.053120
564.427297	-0.056540
565.117306	-0.052590
565.807315	-0.041860
566.497324	-0.025800
567.187333	-0.006350
567.877342	0.014420
568.567351	0.034680
569.257359	0.053050
569.947368	0.068690
570.637377	0.081310
571.327386	0.091030
572.017395	0.098290
572.707404	0.103690
573.397413	0.107920
574.087422	0.111710
574.777431	0.115760
575.467440	0.120710
576.157449	0.127020
576.847458	0.134930
577.537466	0.144270
578.227475	0.154480
578.917484	0.164500
579.607493	0.172890
580.297502	0.177900
580.987511	0.177650
581.677520	0.170360
582.367529	0.154550
583.057538	0.129170
583.747547	0.093780
584.437556	0.048520
585.127565	-0.005820
585.817574	-0.067950
586.507582	-0.136110
587.197591	-0.208220
587.887600	-0.281970
588.577609	-0.354930
589.267618	-0.424600
589.957627	-0.488450
590.647636	-0.543980
591.337645	-0.588750
592.027654	-0.620570
592.717663	-0.637670
593.407672	-0.638950
594.097681	-0.624270
594.787689	-0.594560
595.477698	-0.551820
596.167707	-0.498950
596.857716	-0.439310
597.547725	-0.376320
598.237734	-0.313060
598.927743	-0.252010
599.617752	-0.195080
600.307761	-0.143720
600.997770	-0.099200
601.687779	-0.062750
602.377788	-0.035540
603.067797	-0.018570
603.757805	-0.012310
604.447814	-0.016450
605.137823	-0.029690
605.827832	-0.049770
606.517841	-0.073610
607.207850	-0.097640
607.897859	-0.118110
608.587868	-0.131390
609.277877	-0.134330
609.967886	-0.124550
610.657895	-0.100810
611.347904	-0.063310
612.037913	-0.013850
612.727921	0.044150
613.417930	0.106080
614.107939	0.166730
614.797948	0.221090
615.487957	0.265140
616.177966	0.296380
616.867975	0.313970
617.557984	0.318610
618.247993	0.312110
618.938002	0.296840
619.628011	0.275300
620.318020	0.249800
621.008028	0.222280
621.698037	0.194360
622.388046	0.167370
623.078055	0.142410
623.768064	0.120370
624.458073	0.101910
625.148082	0.087410
625.838091	0.076870
626.528100	0.069950
627.218109	0.065980
627.908118	0.064140
628.598127	0.063560
629.288136	0.063510
629.978144	0.063530
630.668153	0.063540
631.358162	0.063770
632.048171	0.064750
632.738180	0.067110
633.428189	0.071420
634.118198	0.078000
634.808207	0.086770
635.498216	0.097180
636.188225	0.108270
636.878234	0.118760
637.568243	0.127270
638.258251	0.132480
638.948260	0.133340
639.638269	0.129220
640.328278	0.119900
641.018287	0.105650
641.708296	0.087060
642.398305	0.064970
643.088314	0.040340
643.778323	0.014130
644.468332	-0.012750
645.158341	-0.039490
645.848350	-0.065250
646.538359	-0.089140
647.228367	-0.110100
647.918376	-0.126800
648.608385	-0.137740
649.298394	-0.141270
649.988403	-0.135890
650.678412	-0.120490
651.368421	-0.094700
652.058430	-0.059090
652.748439	-0.015310
653.438448	0.033990
654.128457	0.085440
654.818466	0.135300
655.508475	0.179940
656.198483	0.216270
656.888492	0.242090
657.578501	0.256240
658.268510	0.258650
658.958519	0.250230
659.648528	0.232660
660.338537	0.208200
661.028546	0.179370
661.718555	0.148750
662.408564	0.118720
663.098573	0.091330
663.788582	0.068100
664.478590	0.050020
665.168599	0.037510
665.858608	0.030530
666.548617	0.028660
667.238626	0.031230
667.928635	0.037380
668.618644	0.046170
669.308653	0.056560
669.998662	0.067440
670.688671	0.077660
671.378680	0.086050
672.068689	0.091500
672.758698	0.093060
673.448706	0.090090
674.138715	0.082390
674.828724	0.070300
675.518733	0.054810
676.208742	0.037470
676.898751	0.020280
677.588760	0.005420
678.278769	-0.005060
678.968778	-0.009610
679.658787	-0.007440
680.348796	0.001300
681.038805	0.015470
681.728813	0.033170
682.418822	0.051940
683.108831	0.069280
683.798840	0.083000
684.488849	0.091580
685.178858	0.094420
685.868867	0.091900
686.558876	0.085240
687.248885	0.076300
687.938894	0.067200
688.628903	0.059960
689.318912	0.056180
690.008921	0.056810
690.698929	0.062010
691.388938	0.071190
692.078947	0.083210
692.768956	0.096560
693.458965	0.109660
694.148974	0.121090
694.838983	0.129800
695.528992	0.135210
696.219001	0.137200
696.909010	0.136060
697.599019	0.132330
698.289028	0.126680
698.979036	0.119760
699.669045	0.112070
700.359054	0.103920
701.049063	0.095370
701.739072	0.086330
702.429081	0.076610
703.119090	0.066030
703.809099	0.054540
704.499108	0.042300
705.189117	0.029670
705.879126	0.017230
706.569135	0.005690
707.259144	-0.004200
707.949152	-0.011770
708.639161	-0.016400
709.329170	-0.017640
710.019179	-0.015140
710.709188	-0.008660
711.399197	0.001930
712.089206	0.016660
712.779215	0.035480
713.469224	0.058120
714.159233	0.084100
714.849242	0.112680
715.539251	0.142870
716.229260	0.173410
716.919268	0.202860
717.609277	0.229670
718.299286	0.252320
718.989295	0.269380
719.679304	0.279640
720.369313	0.282220
721.059322	0.276570
721.749331	0.262580
722.439340	0.240560
723.129349	0.211240
723.819358	0.175760
724.509367	0.135610
725.199375	0.092630
725.889384	0.048890
726.579393	0.006640
727.269402	-0.031810
727.959411	-0.064310
728.649420	-0.088990
729.339429	-0.104480
730.029438	-0.110160
730.719447	-0.106250
731.409456	-0.093850
732.099465	-0.074910
732.789474	-0.051960
733.479483	-0.027820
734.169491	-0.005290
734.859500	0.013260
735.549509	0.026060
736.239518	0.032130
736.929527	0.031220
737.619536	0.023790
738.309545	0.010840
738.999554	-0.006260
739.689563	-0.025960
740.379572	-0.046610
741.069581	-0.066600
741.759590	-0.084440
742.449598	-0.098790
743.139607	-0.108570
743.829616	-0.112930
744.519625	-0.111350
745.209634	-0.103620
745.899643	-0.089840
746.589652	-0.070440
747.279661	-0.046080
747.969670	-0.017630
748.659679	0.013900
749.349688	0.047450
750.039697	0.081930
750.729706	0.116250
751.419714	0.149340
752.109723	0.180150
752.799732	0.207650
753.489741	0.230860
754.179750	0.248930
754.869759	0.261150
755.559768	0.267110
756.249777	0.266700
756.939786	0.260180
757.629795	0.248100
758.319804	0.231260
759.009813	0.210610
759.699822	0.187100
760.389830	0.161590
761.079839	0.134820
761.769848	0.107360
762.459857	0.079610
763.149866	0.051920
763.839875	0.024650
764.529884	-0.001730
765.219893	-0.026570
765.909902	-0.048910
766.599911	-0.067500
767.289920	-0.080920
767.979929	-0.087690
768.669937	-0.086600
769.359946	-0.076900
770.049955	-0.058690
770.739964	-0.032980
771.429973	-0.001770
772.119982	0.032210
772.809991	0.065820
773.500000	0.095960
774.190009	0.120040
774.880018	0.136230
775.570027	0.143680
776.260036	0.142370
776.950045	0.132960
777.640053	0.116400
778.330062	0.093740
779.020071	0.065820
779.710080	0.033270
780.400089	-0.003500
781.090098	-0.044250
781.780107	-0.088690
782.470116	-0.136500
783.160125	-0.187230
783.850134	-0.240340
784.540143	-0.295200
785.230152	-0.351110
785.920160	-0.407310
786.610169	-0.462890
787.300178	-0.516730
787.990187	-0.567510
788.680196	-0.613650
789.370205	-0.653450
790.060214	-0.685180
790.750223	-0.707270
791.440232	-0.718410
792.130241	-0.717670
792.820250	-0.704550
793.510259	-0.678970
794.200268	-0.641170
794.890276	-0.591710
795.580285	-0.531330
796.270294	-0.461010
796.960303	-0.381940
797.650312	-0.295680
798.340321	-0.204260
799.030330	-0.110310
799.720339	-0.017170
800.410348	0.071260
801.100357	0.150810
801.790366	0.217380
802.480375	0.267530
803.170383	0.298950
803.860392	0.310840
804.550401	0.304010
805.240410	0.280830
805.930419	0.244880
806.620428	0.200570
807.310437	0.152580
808.000446	0.105420
808.690455	0.063000
809.380464	0.028300
810.070473	0.003190
810.760482	-0.011680
811.450491	-0.016820
812.140499	-0.013710
812.830508	-0.004480
813.520517	0.008380
814.210526	0.022470
814.900535	0.035680
815.590544	0.046510
816.280553	0.054080
816.970562	0.058160
817.660571	0.059010
818.350580	0.057160
819.040589	0.053210
819.730598	0.047610
820.420607	0.040550
821.110615	0.031890
821.800624	0.021190
822.490633	0.007800
823.180642	-0.009030
823.870651	-0.030070
824.560660	-0.055950
825.250669	-0.087150
825.940678	-0.123930
826.630687	-0.166250
827.320696	-0.213740
828.010705	-0.265590
828.700714	-0.320470
829.390722	-0.376550
830.080731	-0.431430
830.770740	-0.482330
831.460749	-0.526250
832.150758	-0.560280
832.840767	-0.581980
833.530776	-0.589630
834.220785	-0.582500
834.910794	-0.560920
835.600803	-0.526190
836.290812	-0.480400
836.980821	-0.426140
837.670830	-0.366230
838.360838	-0.303520
839.050847	-0.240680
839.740856	-0.180100
840.430865	-0.123770
841.120874	-0.073180
841.810883	-0.029250
842.500892	0.007660
843.190901	0.037710
843.880910	0.061370
844.570919	0.079220
845.260928	0.091730
845.950937	0.099130
846.640945	0.101400
847.330954	0.098340
848.020963	0.089740
848.710972	0.075660
849.400981	0.056520
850.090990	0.033240
850.780999	0.007250
851.471008	-0.019620
852.161017	-0.045250
852.851026	-0.067430
853.541035	-0.084050
854.231044	-0.093420
854.921053	-0.094470
855.611061	-0.087000
856.301070	-0.071800
856.991079	-0.050530
857.681088	-0.025540
858.371097	0.000550
859.061106	0.025320
859.751115	0.046970
860.441124	0.064580
861.131133	0.078090
861.821142	0.088170
862.511151	0.095840
863.201160	0.102050
863.891169	0.107390
864.581177	0.111960
865.271186	0.115340
865.961195	0.116890
866.651204	0.115990
867.341213	0.112380
868.031222	0.106380
868.721231	0.099010
869.411240	0.091860
870.101249	0.086880
870.791258	0.086020
871.481267	0.090870
872.171276	0.102290
872.861284	0.120230
873.551293	0.143670
874.241302	0.170740
874.931311	0.198930
875.621320	0.225440
876.311329	0.247520
877.001338	0.262770
877.691347	0.269430
878.381356	0.266520
879.071365	0.254010
879.761374	0.232790
880.451383	0.204590
881.141392	0.171770
881.831400	0.137080
882.521409	0.103290
883.211418	0.072900
883.901427	0.047820
884.591436	0.029250
885.281445	0.017570
885.971454	0.012480
886.661463	0.013130
887.351472	0.018290
888.041481	0.026520
888.731490	0.036290
889.421499	0.046090
890.111507	0.054450
890.801516	0.060070
891.491525	0.061930
892.181534	0.059440
892.871543	0.052540
893.561552	0.041750
894.251561	0.028140
894.941570	0.013070
895.631579	-0.001960
896.321588	-0.015670
897.011597	-0.027080
897.701606	-0.035560
898.391615	-0.040800
899.081623	-0.042650
899.771632	-0.040950
900.461641	-0.035560
901.151650	-0.026350
901.841659	-0.013380
902.531668	0.002930
903.221677	0.021700
903.911686	0.041610
904.601695	0.061090
905.291704	0.078600
905.981713	0.092920
906.671722	0.103430
907.361730	0.110130
908.051739	0.113620
908.741748	0.114860
909.431757	0.114880
910.121766	0.114620
910.811775	0.114710
911.501784	0.115490
912.191793	0.117070
912.881802	0.119410
913.571811	0.122420
914.261820	0.126030
914.951829	0.130110
915.641838	0.134480
916.331846	0.138810
917.021855	0.142680
917.711864	0.145520
918.401873	0.146820
919.091882	0.146160
919.781891	0.143400
920.471900	0.138730
921.161909	0.132650
921.851918	0.125900
922.541927	0.119290
923.231936	0.113530
923.921945	0.109050
924.611954	0.105870
925.301962	0.103630
925.991971	0.101570
926.681980	0.098780
927.371989	0.094300
928.061998	0.087430
928.752007	0.077830
929.442016	0.065730
930.132025	0.051860
930.822034	0.037450
931.512043	0.024000
932.202052	0.013020
932.892061	0.005760
933.582069	0.002900
934.272078	0.004420
934.962087	0.009470
935.652096	0.016550
936.342105	0.023660
937.032114	0.028650
937.722123	0.029560
938.412132	0.024950
939.102141	0.014120
939.792150	-0.002720
940.482159	-0.024500
941.172168	-0.049340
941.862177	-0.074780
942.552185	-0.098130
943.242194	-0.116740
943.932203	-0.128380
944.622212	-0.131520
945.312221	-0.125570
946.002230	-0.110890
946.692239	-0.088770
947.382248	-0.061160
948.072257	-0.030380
948.762266	0.001280
949.452275	0.031890
950.142284	0.060110
950.832292	0.085230
951.522301	0.107160
952.212310	0.126160
952.902319	0.142590
953.592328	0.156620
954.282337	0.167990
954.972346	0.176000
955.662355	0.179570
956.352364	0.177430
957.042373	0.168500
957.732382	0.152140
958.422391	0.128500
959.112400	0.098610
959.802408	0.064400
960.492417	0.028550
961.182426	-0.005790
961.872435	-0.035440
962.562444	-0.057460
963.252453	-0.069580
963.942462	-0.070460
964.632471	-0.059800
965.322480	-0.038370
966.012489	-0.007920
966.702498	0.029040
967.392507	0.069600
968.082516	0.110730
968.772524	0.149600
969.462533	0.183870
970.152542	0.211880
970.842551	0.232680
971.532560	0.246010
972.222569	0.252210
972.912578	0.252040
973.602587	0.246510
974.292596	0.236770
974.982605	0.223900
975.672614	0.208850
976.362623	0.192330
977.052631	0.174770
977.742640	0.156310
978.432649	0.136910
979.122658	0.116440
979.812667	0.094900
980.502676	0.072580
981.192685	0.050140
981.882694	0.028670
982.572703	0.009560
983.262712	-0.005690
983.952721	-0.015790
984.642730	-0.019860
985.332739	-0.017660
986.022747	-0.009730
986.712756	0.002630
987.402765	0.017630
988.092774	0.033130
988.782783	0.047110
989.472792	0.057990
990.162801	0.064900
990.852810	0.067850
991.542819	0.067690
992.232828	0.065900
992.922837	0.064290
993.612846	0.064610
994.302854	0.068210
994.992863	0.075880
995.682872	0.087720
996.372881	0.103220
997.062890	0.121400
997.752899	0.141010
998.442908	0.160670
999.132917	0.179050
999.822926	0.194950
1000.512935	0.207370
1001.202944	0.215530
1001.892953	0.218910
1002.582962	0.217190
1003.272970	0.210260
1003.962979	0.198120
1004.652988	0.180890
1005.342997	0.158710
1006.033006	0.131760
1006.723015	0.100330
1007.413024	0.064920
1008.103033	0.026280
1008.793042	-0.014440
1009.483051	-0.055730
1010.173060	-0.095770
1010.863069	-0.132570
1011.553077	-0.164210
1012.243086	-0.189010
1012.933095	-0.205720
1013.623104	-0.213630
1014.313113	-0.212560
1015.003122	-0.202790
1015.693131	-0.185070
1016.383140	-0.160490
1017.073149	-0.130520
1017.763158	-0.097020
1018.453167	-0.062230
1019.143176	-0.028760
1019.833185	0.000580
1020.523193	0.023060
1021.213202	0.036450
1021.903211	0.039350
1022.593220	0.031550
1023.283229	0.014080
1023.973238	-0.010860
1024.663247	-0.040450
1025.353256	-0.071700
1026.043265	-0.102210
1026.733274	-0.130660
1027.423283	-0.157070
1028.113292	-0.182760
1028.803301	-0.210010
1029.493309	-0.241510
1030.183318	-0.279700
1030.873327	-0.326160
1031.563336	-0.381160
1032.253345	-0.443430
1032.943354	-0.510140
1033.633363	-0.577180
1034.323372	-0.639590
1035.013381	-0.692120
1035.703390	-0.729780
1036.393399	-0.748410
1037.083408	-0.745110
1037.773416	-0.718490
1038.463425	-0.668850
1039.153434	-0.598180
1039.843443	-0.510090
1040.533452	-0.409500
1041.223461	-0.302300
1041.913470	-0.194780
1042.603479	-0.093040
1043.293488	-0.002340
1043.983497	0.073370
1044.673506	0.131820
1045.363515	0.172440
1046.053524	0.196160
1046.743532	0.205040
1047.433541	0.201820
1048.123550	0.189470
1048.813559	0.170840
1049.503568	0.148460
1050.193577	0.124500
1050.883586	0.100750
1051.573595	0.078690
1052.263604	0.059600
1052.953613	0.044550
1053.643622	0.034400
1054.333631	0.029770
1055.023639	0.030980
1055.713648	0.037950
1056.403657	0.050200
1057.093666	0.066820
1057.783675	0.086480
1058.473684	0.107520
1059.163693	0.128100
1059.853702	0.146270
1060.543711	0.160210
1061.233720	0.168370
1061.923729	0.169590
1062.613738	0.163240
1063.303747	0.149170
1063.993755	0.127740
1064.683764	0.099640
1065.373773	0.065810
1066.063782	0.027230
1066.753791	-0.015170
1067.443800	-0.060650
1068.133809	-0.108590
1068.823818	-0.158450
1069.513827	-0.209680
1070.203836	-0.261590
1070.893845	-0.313210
1071.583854	-0.363290
1072.273863	-0.410260
1072.963871	-0.452380
1073.653880	-0.487820
1074.343889	-0.514950
1075.033898	-0.532500
1075.723907	-0.539860
1076.413916	-0.537250
1077.103925	-0.525800
1077.793934	-0.507570
1078.483943	-0.485340
1079.173952	-0.462230
1079.863961	-0.441270
1080.553970	-0.424920
1081.243978	-0.414680
1081.933987	-0.410790
1082.623996	-0.412260
1083.314005	-0.416970
1084.004014	-0.421980
1084.694023	-0.423920
1085.384032	-0.419390
1086.074041	-0.405390
1086.764050	-0.379670
1087.454059	-0.341060
1088.144068	-0.289670
1088.834077	-0.227030
1089.524086	-0.155940
1090.214094	-0.080250
1090.904103	-0.004320
1091.594112	0.067530
1092.284121	0.131720
1092.974130	0.185750
1093.664139	0.228590
1094.354148	0.260560
1095.044157	0.283100
1095.734166	0.298260
1096.424175	0.308210
1097.114184	0.314750
1097.804193	0.319130
1098.494201	0.321890
1099.184210	0.323060
1099.874219	0.322340
1100.564228	0.319380
1101.254237	0.313960
1101.944246	0.306130
1102.634255	0.296200
1103.324264	0.284690
1104.014273	0.272180
1104.704282	0.259240
1105.394291	0.246340
1106.084300	0.233780
1106.774309	0.221780
1107.464317	0.210430
1108.154326	0.199800
1108.844335	0.189890
1109.534344	0.180650
1110.224353	0.171890
1110.914362	0.163280
1111.604371	0.154320
1112.294380	0.144370
1112.984389	0.132720
1113.674398	0.118730
1114.364407	0.101980
1115.054416	0.082370
1115.744424	0.060220
1116.434433	0.036330
1117.124442	0.011940
1117.814451	-0.011400
1118.504460	-0.032040
1119.194469	-0.048380
1119.884478	-0.059170
1120.574487	-0.063660
1121.264496	-0.061710
1121.954505	-0.053760
1122.644514	-0.040750
1123.334523	-0.023910
1124.024532	-0.004550
1124.714540	0.016100
1125.404549	0.037000
1126.094558	0.057280
1126.784567	0.076200
1127.474576	0.093070
1128.164585	0.107280
1128.854594	0.118270
1129.544603	0.125630
1130.234612	0.129220
1130.924621	0.129260
1131.614630	0.126270
1132.304639	0.121090
1132.994648	0.114710
1133.684656	0.108090
1134.374665	0.102040
1135.064674	0.097080
1135.754683	0.093460
1136.444692	0.091140
1137.134701	0.089920
1137.824710	0.089490
1138.514719	0.089550
1139.204728	0.089830
1139.894737	0.090130
1140.584746	0.090330
1141.274755	0.090370
1141.964763	0.090240
1142.654772	0.089960
1143.344781	0.089630
1144.034790	0.089390
1144.724799	0.089410
1145.414808	0.089920
1146.104817	0.091150
1146.794826	0.093330
1147.484835	0.096660
1148.174844	0.101290
1148.864853	0.107280
1149.554862	0.114610
1150.244871	0.123140
1150.934879	0.132640
1151.624888	0.142770
1152.314897	0.153080
1153.004906	0.163070
1153.694915	0.172190
1154.384924	0.179920
1155.074933	0.185770
1155.764942	0.189370
1156.454951	0.190490
1157.144960	0.189080
1157.834969	0.185270
1158.524978	0.179290
1159.214986	0.171490
1159.904995	0.162150
1160.595004	0.151520
1161.285013	0.139690
1161.975022	0.126630
1162.665031	0.112250
1163.355040	0.096400
1164.045049	0.079020
1164.735058	0.060160
1165.425067	0.039990
1166.115076	0.018840
1166.805085	-0.002870
1167.495094	-0.024640
1168.185102	-0.045870
1168.875111	-0.065890
1169.565120	-0.083960
1170.255129	-0.099260
1170.945138	-0.110940
1171.635147	-0.118210
1172.325156	-0.120390
1173.015165	-0.117100
1173.705174	-0.108310
1174.395183	-0.094400
1175.085192	-0.076140
1175.775201	-0.054560
1176.465210	-0.030860
1177.155218	-0.006190
1177.845227	0.018400
1178.535236	0.042140
1179.225245	0.064390
1179.915254	0.084660
1180.605263	0.102500
1181.295272	0.117410
1181.985281	0.128850
1182.675290	0.136300
1183.365299	0.139390
1184.055308	0.138070
1184.745317	0.132710
1185.435325	0.124150
1186.125334	0.113630
1186.815343	0.102610
1187.505352	0.092510
1188.195361	0.084530
1188.885370	0.079400
1189.575379	0.077340
1190.265388	0.078120
1190.955397	0.081150
1191.645406	0.085640
1192.335415	0.090770
1193.025424	0.095810
1193.715433	0.100140
1194.405441	0.103290
1195.095450	0.104900
1195.785459	0.104710
1196.475468	0.102560
1197.165477	0.098380
1197.855486	0.092290
1198.545495	0.084550
1199.235504	0.075600
1199.925513	0.066040
1200.615522	0.056490
1201.305531	0.047590
1201.995540	0.039870
1202.685548	0.033650
1203.375557	0.029080
1204.065566	0.026070
1204.755575	0.024370
1205.445584	0.023630
1206.135593	0.023460
1206.825602	0.023520
1207.515611	0.023600
1208.205620	0.023640
1208.895629	0.023750
1209.585638	0.024240
1210.275647	0.025490
1210.965656	0.027910
1211.655664	0.031840
1212.345673	0.037430
1213.035682	0.044550
1213.725691	0.052770
1214.415700	0.061360
1215.105709	0.069410
1215.795718	0.075910
1216.485727	0.080000
1217.175736	0.081050
1217.865745	0.078850
1218.555754	0.073520
1219.245763	0.065540
1219.935771	0.055530
1220.625780	0.044120
1221.315789	0.031790
1222.005798	0.018780
1222.695807	0.005120
1223.385816	-0.009250
1224.075825	-0.024410
1224.765834	-0.040190
1225.455843	-0.056150
1226.145852	-0.071510
1226.835861	-0.085230
1227.525870	-0.096030
