0.000000	-0.514560
0.690021	-0.418580
1.380042	-0.306450
2.070063	-0.182950
2.760084	-0.053990
3.450106	0.073800
4.140127	0.193710
4.830148	0.299630
5.520169	0.386730
6.210190	0.452050
6.900211	0.494690
7.590232	0.515640
8.280253	0.517410
8.970274	0.503510
9.660296	0.477820
10.350317	0.444050
11.040338	0.405300
11.730359	0.363910
12.420380	0.321530
13.110401	0.279250
13.800422	0.237890
14.490443	0.198020
15.180464	0.160010
15.870486	0.123960
16.560507	0.089700
17.250528	0.056790
17.940549	0.024730
18.630570	-0.006980
19.320591	-0.038660
20.010612	-0.070370
20.700633	-0.101940
21.390654	-0.132980
22.080676	-0.162930
22.770697	-0.191110
23.460718	-0.216830
24.150739	-0.239480
24.840760	-0.258760
25.530781	-0.274750
26.220802	-0.287920
26.910823	-0.298940
27.600844	-0.308240
28.290866	-0.315570
28.980887	-0.319710
29.670908	-0.318410
30.360929	-0.308810
31.050950	-0.287960
31.740971	-0.253700
32.430992	-0.205460
33.121013	-0.144920
33.811034	-0.075990
34.501056	-0.004060
35.191077	0.065270
35.881098	0.127440
36.571119	0.179660
37.261140	0.220940
37.951161	0.251300
38.641182	0.271090
39.331203	0.280500
40.021224	0.279710
40.711246	0.269220
41.401267	0.250230
42.091288	0.224740
42.781309	0.195270
43.471330	0.164330
44.161351	0.133880
44.851372	0.105110
45.541393	0.078470
46.231414	0.053990
46.921436	0.031510
47.611457	0.010820
48.301478	-0.008410
48.991499	-0.026760
49.681520	-0.044890
50.371541	-0.063260
51.061562	-0.081870
51.751583	-0.099940
52.441604	-0.115990
53.131626	-0.128050
53.821647	-0.134120
54.511668	-0.132540
55.201689	-0.122460
55.891710	-0.104190
56.581731	-0.079400
57.271752	-0.050810
57.961773	-0.021750
58.651794	0.004430
59.341816	0.024900
60.031837	0.037590
60.721858	0.041310
61.411879	0.035820
62.101900	0.021970
62.791921	0.001790
63.481942	-0.021630
64.171963	-0.044510
64.861984	-0.062960
65.552006	-0.073660
66.242027	-0.074490
66.932048	-0.064930
67.622069	-0.046100
68.312090	-0.020430
69.002111	0.009020
69.692132	0.039400
70.382153	0.068580
71.072174	0.095400
71.762195	0.119530
72.452217	0.140940
73.142238	0.159510
73.832259	0.174750
74.522280	0.185780
75.212301	0.191550
75.902322	0.191060
76.592343	0.183640
77.282364	0.169090
77.972385	0.147740
78.662407	0.120410
79.352428	0.088380
80.042449	0.053270
80.732470	0.016900
81.422491	-0.018810
82.112512	-0.052070
82.802533	-0.081340
83.492554	-0.105470
84.182575	-0.123800
84.872597	-0.136120
85.562618	-0.142640
86.252639	-0.143900
86.942660	-0.140710
87.632681	-0.133980
88.322702	-0.124670
89.012723	-0.113560
89.702744	-0.101250
90.392765	-0.088130
91.082787	-0.074460
91.772808	-0.060500
92.462829	-0.046480
93.152850	-0.032620
93.842871	-0.018980
94.532892	-0.005480
95.222913	0.008060
95.912934	0.021840
96.602955	0.035840
97.292977	0.049780
97.982998	0.063070
98.673019	0.074920
99.363040	0.084460
100.053061	0.090880
100.743082	0.093490
101.433103	0.091820
102.123124	0.085580
102.813145	0.074690
103.503167	0.059250
104.193188	0.039670
104.883209	0.016740
105.573230	-0.008210
106.263251	-0.033330
106.953272	-0.056330
107.643293	-0.074800
108.333314	-0.086630
109.023335	-0.090360
109.713357	-0.085520
110.403378	-0.072630
111.093399	-0.053090
111.783420	-0.028810
112.473441	-0.001880
113.163462	0.025660
113.853483	0.051970
114.543504	0.075460
115.233525	0.094850
115.923547	0.109220
116.613568	0.118130
117.303589	0.121500
117.993610	0.119540
118.683631	0.112580
119.373652	0.100970
120.063673	0.085100
120.753694	0.065380
121.443715	0.042410
122.133737	0.016980
122.823758	-0.009920
123.513779	-0.037130
124.203800	-0.063430
124.893821	-0.087660
125.583842	-0.108770
126.273863	-0.125850
126.963884	-0.138180
127.653905	-0.145250
128.343927	-0.146900
129.033948	-0.143290
129.723969	-0.134960
130.413990	-0.122780
131.104011	-0.107860
131.794032	-0.091470
132.484053	-0.074960
133.174074	-0.059600
133.864095	-0.046440
134.554117	-0.036150
135.244138	-0.028890
135.934159	-0.024340
136.624180	-0.021750
137.314201	-0.020040
138.004222	-0.018010
138.694243	-0.014490
139.384264	-0.008510
140.074285	0.000530
140.764307	0.012760
141.454328	0.027690
142.144349	0.044270
142.834370	0.060990
143.524391	0.076070
144.214412	0.087830
144.904433	0.094990
145.594454	0.096860
146.284475	0.093350
146.974497	0.084890
147.664518	0.072210
148.354539	0.056200
149.044560	0.037830
149.734581	0.018160
150.424602	-0.001640
151.114623	-0.020330
151.804644	-0.036610
152.494665	-0.049240
153.184687	-0.057170
153.874708	-0.059660
154.564729	-0.056430
155.254750	-0.047690
155.944771	-0.034210
156.634792	-0.017210
157.324813	0.001790
158.014834	0.021140
158.704855	0.039270
159.394877	0.054860
160.084898	0.066900
160.774919	0.074740
161.464940	0.078060
162.154961	0.076820
162.844982	0.071270
163.535003	0.062020
164.225024	0.049990
164.915045	0.036420
165.605067	0.022700
166.295088	0.010090
166.985109	-0.000490
167.675130	-0.008680
168.365151	-0.014760
169.055172	-0.019490
169.745193	-0.023910
170.435214	-0.029030
171.125235	-0.035670
171.815257	-0.044340
172.505278	-0.055180
173.195299	-0.067930
173.885320	-0.081910
174.575341	-0.095980
175.265362	-0.108590
175.955383	-0.117980
176.645404	-0.122490
177.335425	-0.120900
178.025447	-0.112660
178.715468	-0.098000
179.405489	-0.077820
180.095510	-0.053400
180.785531	-0.026110
181.475552	0.002770
182.165573	0.032110
182.855594	0.060830
183.545615	0.087820
184.235637	0.111930
184.925658	0.132050
185.615679	0.147220
186.305700	0.156760
186.995721	0.160340
187.685742	0.158130
188.375763	0.150720
189.065784	0.139000
189.755805	0.123980
190.445827	0.106490
191.135848	0.087060
191.825869	0.065860
192.515890	0.042750
193.205911	0.017440
193.895932	-0.010430
194.585953	-0.041230
195.275974	-0.075050
195.965995	-0.111370
196.656017	-0.148730
197.346038	-0.184690
198.036059	-0.216080
198.726080	-0.239690
199.416101	-0.253000
200.106122	-0.254690
200.796143	-0.244710
201.486164	-0.224070
202.176185	-0.194450
202.866207	-0.157720
203.556228	-0.115760
204.246249	-0.070220
204.936270	-0.022580
205.626291	0.025830
206.316312	0.073650
207.006333	0.119260
207.696354	0.160820
208.386375	0.196270
209.076397	0.223600
209.766418	0.241250
210.456439	0.248490
211.146460	0.245770
211.836481	0.234790
212.526502	0.218030
213.216523	0.198150
213.906544	0.177340
214.596565	0.156990
215.286586	0.137660
215.976608	0.119460
216.666629	0.102470
217.356650	0.087080
218.046671	0.074160
218.736692	0.064980
219.426713	0.061000
220.116734	0.063490
220.806755	0.073170
221.496776	0.089860
222.186798	0.112340
222.876819	0.138470
223.566840	0.165480
224.256861	0.190280
224.946882	0.209920
225.636903	0.221750
226.326924	0.223480
227.016945	0.213050
227.706966	0.188690
228.396988	0.149020
229.087009	0.093560
229.777030	0.023080
230.467051	-0.060200
231.157072	-0.152730
231.847093	-0.249990
232.537114	-0.347040
233.227135	-0.438890
233.917156	-0.520800
234.607178	-0.588640
235.297199	-0.639110
235.987220	-0.669830
236.677241	-0.679410
237.367262	-0.667340
238.057283	-0.633810
238.747304	-0.579690
239.437325	-0.506620
240.127346	-0.417260
240.817368	-0.315410
241.507389	-0.205970
242.197410	-0.094430
242.887431	0.013650
243.577452	0.113380
244.267473	0.200910
244.957494	0.273740
245.647515	0.330680
246.337536	0.371710
247.027558	0.397770
247.717579	0.410620
248.407600	0.412550
249.097621	0.406060
249.787642	0.393510
250.477663	0.376760
251.167684	0.357000
251.857705	0.334700
252.547726	0.309860
253.237748	0.282170
253.927769	0.251230
254.617790	0.216720
255.307811	0.178340
255.997832	0.135990
256.687853	0.089740
257.377874	0.040000
258.067895	-0.012530
258.757916	-0.066840
259.447938	-0.121640
260.137959	-0.175410
260.827980	-0.226450
261.518001	-0.272960
262.208022	-0.313210
262.898043	-0.345630
263.588064	-0.368960
264.278085	-0.382250
264.968106	-0.384820
265.658128	-0.376200
266.348149	-0.356120
267.038170	-0.324810
267.728191	-0.283470
268.418212	-0.234780
269.108233	-0.182840
269.798254	-0.132420
270.488275	-0.087820
271.178296	-0.051820
271.868318	-0.024970
272.558339	-0.005620
273.248360	0.009230
273.938381	0.023030
274.628402	0.038640
275.318423	0.057720
276.008444	0.080390
276.698465	0.105240
277.388486	0.129790
278.078508	0.151150
278.768529	0.166720
279.458550	0.174730
280.148571	0.174500
280.838592	0.166450
281.528613	0.151840
282.218634	0.132450
282.908655	0.110240
283.598676	0.087130
284.288698	0.064830
284.978719	0.044830
285.668740	0.028420
286.358761	0.016650
287.048782	0.010390
287.738803	0.010090
288.428824	0.015500
289.118845	0.025490
289.808866	0.038210
290.498888	0.051390
291.188909	0.062880
291.878930	0.071110
292.568951	0.075330
293.258972	0.075520
293.948993	0.072290
294.639014	0.066600
295.329035	0.059630
296.019056	0.052480
296.709078	0.046050
297.399099	0.040970
298.089120	0.037530
298.779141	0.035650
299.469162	0.034770
300.159183	0.033740
300.849204	0.030880
301.539225	0.024270
302.229246	0.012180
302.919268	-0.006420
303.609289	-0.031670
304.299310	-0.062700
304.989331	-0.097830
305.679352	-0.134810
306.369373	-0.170890
307.059394	-0.202950
307.749415	-0.227640
308.439436	-0.241590
309.129458	-0.241760
309.819479	-0.226010
310.509500	-0.193710
311.199521	-0.146300
311.889542	-0.087380
312.579563	-0.022150
313.269584	0.043620
313.959605	0.104650
314.649626	0.157000
315.339648	0.198480
316.029669	0.228380
316.719690	0.246960
317.409711	0.255060
318.099732	0.253760
318.789753	0.244310
319.479774	0.228070
320.169795	0.206460
320.859816	0.180910
321.549838	0.152830
322.239859	0.123550
322.929880	0.094210
323.619901	0.065700
324.309922	0.038560
324.999943	0.012940
325.689964	-0.011340
326.379985	-0.034670
327.070006	-0.057370
327.760028	-0.079660
328.450049	-0.101580
329.140070	-0.123020
329.830091	-0.143570
330.520112	-0.162420
331.210133	-0.178310
331.900154	-0.189660
332.590175	-0.194970
333.280196	-0.193190
333.970218	-0.184080
334.660239	-0.168210
335.350260	-0.146770
336.040281	-0.121190
336.730302	-0.092840
337.420323	-0.062820
338.110344	-0.032030
338.800365	-0.001210
339.490386	0.028860
340.180408	0.057350
340.870429	0.083330
341.560450	0.105870
342.250471	0.124170
342.940492	0.137610
343.630513	0.145780
344.320534	0.148600
345.010555	0.146240
345.700576	0.139090
346.390598	0.127690
347.080619	0.112600
347.770640	0.094370
348.460661	0.073550
349.150682	0.050830
349.840703	0.027120
350.530724	0.003740
351.220745	-0.017700
351.910766	-0.035480
352.600787	-0.048030
353.290809	-0.054290
353.980830	-0.054050
354.670851	-0.047970
355.360872	-0.037530
356.050893	-0.024670
356.740914	-0.011500
357.430935	0.000080
358.120956	0.008600
358.810977	0.013160
359.500999	0.013490
360.191020	0.009930
360.881041	0.003350
361.571062	-0.005010
362.261083	-0.013850
362.951104	-0.021910
363.641125	-0.028210
364.331146	-0.032030
365.021167	-0.033000
365.711189	-0.031150
366.401210	-0.026940
367.091231	-0.021270
367.781252	-0.015310
368.471273	-0.010330
369.161294	-0.007390
369.851315	-0.007260
370.541336	-0.010310
371.231357	-0.016560
371.921379	-0.025770
372.611400	-0.037430
373.301421	-0.050790
373.991442	-0.064970
374.681463	-0.078980
375.371484	-0.091750
376.061505	-0.102250
376.751526	-0.109580
377.441547	-0.112960
378.131569	-0.111830
378.821590	-0.105900
379.511611	-0.095100
380.201632	-0.079530
380.891653	-0.059470
381.581674	-0.035350
382.271695	-0.007840
382.961716	0.022170
383.651737	0.053480
384.341759	0.084580
385.031780	0.113720
385.721801	0.139210
386.411822	0.159510
387.101843	0.173520
387.791864	0.180650
388.481885	0.180780
389.171906	0.174080
389.861927	0.160970
390.551949	0.142110
391.241970	0.118440
391.931991	0.091360
392.622012	0.062700
393.312033	0.034540
394.002054	0.008870
394.692075	-0.012770
395.382096	-0.029610
396.072117	-0.041640
396.762139	-0.049410
397.452160	-0.053700
398.142181	-0.055130
398.832202	-0.053900
399.522223	-0.049800
400.212244	-0.042260
400.902265	-0.030750
401.592286	-0.015130
402.282307	0.004030
402.972329	0.025310
403.662350	0.046450
404.352371	0.064660
405.042392	0.077010
405.732413	0.080870
406.422434	0.074310
407.112455	0.056460
407.802476	0.027860
408.492497	-0.009340
409.182519	-0.051580
409.872540	-0.094300
410.562561	-0.132730
411.252582	-0.162780
411.942603	-0.181670
412.632624	-0.188240
413.322645	-0.182860
414.012666	-0.167160
414.702687	-0.143680
415.392709	-0.115470
416.082730	-0.085720
416.772751	-0.057290
417.462772	-0.032290
418.152793	-0.011870
418.842814	0.003830
419.532835	0.015370
420.222856	0.023540
420.912877	0.029060
421.602899	0.032390
422.292920	0.033740
422.982941	0.033340
423.672962	0.031640
424.362983	0.029470
425.053004	0.027830
425.743025	0.027800
426.433046	0.030120
427.123067	0.035070
427.813089	0.042360
428.503110	0.051120
429.193131	0.060070
429.883152	0.067670
430.573173	0.072270
431.263194	0.072330
431.953215	0.066530
432.643236	0.053980
433.333257	0.034290
434.023279	0.007730
434.713300	-0.024550
435.403321	-0.060440
436.093342	-0.096860
436.783363	-0.130140
437.473384	-0.156530
438.163405	-0.172870
438.853426	-0.177080
439.543447	-0.168440
440.233469	-0.147560
440.923490	-0.116060
441.613511	-0.076220
442.303532	-0.030560
442.993553	0.018440
443.683574	0.068500
444.373595	0.117430
445.063616	0.163040
445.753637	0.203090
446.443659	0.235320
447.133680	0.257670
447.823701	0.268490
448.513722	0.266810
449.203743	0.252540
449.893764	0.226490
450.583785	0.190310
451.273806	0.146440
451.963827	0.097990
452.653849	0.048490
453.343870	0.001440
454.033891	-0.040120
454.723912	-0.074030
455.413933	-0.099050
456.103954	-0.114650
456.793975	-0.120620
457.483996	-0.116790
458.174017	-0.103050
458.864039	-0.079520
459.554060	-0.046950
460.244081	-0.006770
460.934102	0.038860
461.624123	0.087330
462.314144	0.135900
463.004165	0.181990
463.694186	0.223330
464.384207	0.257830
465.074229	0.283390
465.764250	0.297780
466.454271	0.298620
467.144292	0.283760
467.834313	0.251840
468.524334	0.202810
469.214355	0.138080
469.904376	0.060210
470.594397	-0.027490
471.284419	-0.121520
471.974440	-0.218320
472.664461	-0.314260
473.354482	-0.405510
474.044503	-0.488150
474.734524	-0.558420
475.424545	-0.613070
476.114566	-0.649650
476.804587	-0.666570
477.494609	-0.663100
478.184630	-0.639390
478.874651	-0.596440
479.564672	-0.536130
480.254693	-0.461130
480.944714	-0.374770
481.634735	-0.280750
482.324756	-0.182920
483.014777	-0.084930
483.704799	0.009930
484.394820	0.098900
485.084841	0.179700
485.774862	0.250470
486.464883	0.309770
487.154904	0.356510
487.844925	0.389980
488.534946	0.409890
489.224967	0.416320
489.914988	0.409700
490.605010	0.390830
491.295031	0.360900
491.985052	0.321460
492.675073	0.274540
493.365094	0.222540
494.055115	0.168140
494.745136	0.114000
495.435157	0.062580
496.125178	0.015870
496.815200	-0.024810
497.505221	-0.058810
498.195242	-0.086080
498.885263	-0.106990
499.575284	-0.122220
500.265305	-0.132700
500.955326	-0.139540
501.645347	-0.144050
502.335368	-0.147700
503.025390	-0.151970
503.715411	-0.158060
504.405432	-0.166440
505.095453	-0.176570
505.785474	-0.186650
506.475495	-0.193690
507.165516	-0.194000
507.855537	-0.183860
508.545558	-0.160470
509.235580	-0.122700
509.925601	-0.071680
510.615622	-0.011020
511.305643	0.053620
511.995664	0.115420
512.685685	0.167480
513.375706	0.204030
514.065727	0.221340
514.755748	0.218260
515.445770	0.195990
516.135791	0.157550
516.825812	0.107070
517.515833	0.049180
518.205854	-0.011280
518.895875	-0.069480
519.585896	-0.120570
520.275917	-0.160080
520.965938	-0.184550
521.655960	-0.192330
522.345981	-0.184020
523.036002	-0.162250
523.726023	-0.130900
524.416044	-0.094100
525.106065	-0.055330
525.796086	-0.016970
526.486107	0.019550
527.176128	0.053370
527.866150	0.083670
528.556171	0.109470
529.246192	0.129540
529.936213	0.142530
530.626234	0.147350
531.316255	0.143560
532.006276	0.131520
532.696297	0.112420
533.386318	0.087990
534.076340	0.060210
534.766361	0.031050
535.456382	0.002300
536.146403	-0.024370
536.836424	-0.047500
537.526445	-0.065660
538.216466	-0.077580
538.906487	-0.082140
539.596508	-0.078580
540.286530	-0.066730
540.976551	-0.047280
541.666572	-0.021920
542.356593	0.006720
543.046614	0.035480
543.736635	0.061150
544.426656	0.081050
545.116677	0.093510
545.806698	0.098020
546.496720	0.095190
547.186741	0.086500
547.876762	0.073860
548.566783	0.059200
549.256804	0.044080
549.946825	0.029560
550.636846	0.016250
551.326867	0.004400
552.016888	-0.005900
552.706910	-0.014630
553.396931	-0.021700
554.086952	-0.026940
554.776973	-0.029990
555.466994	-0.030390
556.157015	-0.027660
556.847036	-0.021510
557.537057	-0.011930
558.227078	0.000600
558.917100	0.015210
559.607121	0.030610
560.297142	0.045370
560.987163	0.058180
561.677184	0.068070
562.367205	0.074670
563.057226	0.078070
563.747247	0.078670
564.437268	0.076760
565.127290	0.072160
565.817311	0.064080
566.507332	0.051380
567.197353	0.032970
567.887374	0.008490
568.577395	-0.021230
569.267416	-0.054070
569.957437	-0.086870
570.647458	-0.116050
571.337480	-0.138320
572.027501	-0.151260
572.717522	-0.153790
573.407543	-0.146240
574.097564	-0.130060
574.787585	-0.107420
575.477606	-0.080760
576.167627	-0.052310
576.857648	-0.023950
577.547670	0.002850
578.237691	0.026960
578.927712	0.047410
579.617733	0.063360
580.307754	0.074150
580.997775	0.079350
581.687796	0.078940
582.377817	0.073390
583.067838	0.063670
583.757860	0.051110
584.447881	0.037240
585.137902	0.023500
585.827923	0.011080
586.517944	0.000840
587.207965	-0.006680
587.897986	-0.011230
588.588007	-0.012690
589.278028	-0.011060
589.968050	-0.006470
590.658071	0.000800
591.348092	0.010230
592.038113	0.021080
592.728134	0.032390
593.418155	0.043110
594.108176	0.052260
594.798197	0.059120
595.488218	0.063370
596.178240	0.065110
596.868261	0.064800
597.558282	0.063100
598.248303	0.060660
598.938324	0.057910
599.628345	0.054950
600.318366	0.051540
601.008387	0.047130
601.698408	0.041080
602.388430	0.032800
603.078451	0.021930
603.768472	0.008540
604.458493	-0.006850
605.148514	-0.023350
605.838535	-0.039790
606.528556	-0.054950
607.218577	-0.067710
607.908598	-0.077180
608.598620	-0.082770
609.288641	-0.084220
609.978662	-0.081560
610.668683	-0.075160
611.358704	-0.065670
612.048725	-0.054020
612.738746	-0.041320
613.428767	-0.028730
614.118788	-0.017370
614.808810	-0.008140
615.498831	-0.001720
616.188852	0.001430
616.878873	0.001150
617.568894	-0.002470
618.258915	-0.009030
618.948936	-0.017750
619.638957	-0.027570
620.328978	-0.037310
621.019000	-0.045870
621.709021	-0.052420
622.399042	-0.056490
623.089063	-0.057950
623.779084	-0.056900
624.469105	-0.053530
625.159126	-0.047980
625.849147	-0.040390
626.539168	-0.030810
627.229190	-0.019330
627.919211	-0.006140
628.609232	0.008390
629.299253	0.023640
629.989274	0.038580
630.679295	0.051950
631.369316	0.062270
632.059337	0.068190
632.749358	0.068730
633.439379	0.063510
634.129401	0.052880
634.819422	0.037790
635.509443	0.019640
636.199464	0.000060
636.889485	-0.019320
637.579506	-0.037040
638.269527	-0.051750
638.959548	-0.062320
639.649569	-0.067910
640.339591	-0.068060
641.029612	-0.062820
641.719633	-0.052810
642.409654	-0.039160
643.099675	-0.023250
643.789696	-0.006540
644.479717	0.009690
645.169738	0.024450
645.859759	0.037070
646.549781	0.047200
647.239802	0.054710
647.929823	0.059670
648.619844	0.062240
649.309865	0.062590
649.999886	0.060830
650.689907	0.056990
651.379928	0.051050
652.069949	0.043030
652.759971	0.033020
653.449992	0.021280
654.140013	0.008220
654.830034	-0.005540
655.520055	-0.019210
656.210076	-0.031710
656.900097	-0.041750
657.590118	-0.047940
658.280139	-0.048970
658.970161	-0.044020
659.660182	-0.032930
660.350203	-0.016450
661.040224	0.003740
661.730245	0.025290
662.420266	0.045440
663.110287	0.061530
663.800308	0.071410
664.490329	0.073810
665.180351	0.068570
665.870372	0.056600
666.560393	0.039570
667.250414	0.019540
667.940435	-0.001540
668.630456	-0.022200
669.320477	-0.041590
670.010498	-0.059550
670.700519	-0.076360
671.390541	-0.092520
672.080562	-0.108510
672.770583	-0.124520
673.460604	-0.140330
674.150625	-0.155130
674.840646	-0.167630
675.530667	-0.176140
676.220688	-0.178910
676.910709	-0.174460
677.600731	-0.161880
678.290752	-0.141010
678.980773	-0.112480
679.670794	-0.077650
680.360815	-0.038490
681.050836	0.002660
681.740857	0.043440
682.430878	0.081850
683.120899	0.116690
683.810921	0.147690
684.500942	0.175330
685.190963	0.200330
685.880984	0.223150
686.571005	0.243640
687.261026	0.261100
687.951047	0.274540
688.641068	0.283120
689.331089	0.286310
690.021111	0.283900
690.711132	0.275820
691.401153	0.262040
692.091174	0.242400
692.781195	0.216700
693.471216	0.184850
694.161237	0.147050
694.851258	0.104100
695.541279	0.057340
696.231301	0.008560
696.921322	-0.039810
697.611343	-0.084760
698.301364	-0.122940
698.991385	-0.151360
699.681406	-0.167740
700.371427	-0.171030
701.061448	-0.161820
701.751469	-0.141960
702.441491	-0.114000
703.131512	-0.080900
703.821533	-0.045750
704.511554	-0.011530
705.201575	0.019100
705.891596	0.044090
706.581617	0.061980
707.271638	0.071810
707.961659	0.072840
708.651681	0.064380
709.341702	0.045650
710.031723	0.015900
710.721744	-0.025180
711.411765	-0.077070
712.101786	-0.137780
712.791807	-0.203750
713.481828	-0.270130
714.171849	-0.331550
714.861871	-0.383090
715.551892	-0.421090
716.241913	-0.443590
716.931934	-0.450130
717.621955	-0.441380
718.311976	-0.418640
719.001997	-0.383590
719.692018	-0.337990
720.382039	-0.283650
721.072061	-0.222450
721.762082	-0.156450
722.452103	-0.087970
723.142124	-0.019530
723.832145	0.046180
724.522166	0.106610
725.212187	0.159410
725.902208	0.202620
726.592229	0.234740
727.282251	0.254830
727.972272	0.262540
728.662293	0.258190
729.352314	0.242780
730.042335	0.217790
730.732356	0.185070
731.422377	0.146650
732.112398	0.104740
732.802419	0.061690
733.492441	0.019960
734.182462	-0.018060
734.872483	-0.050340
735.562504	-0.075540
736.252525	-0.093270
736.942546	-0.104090
737.632567	-0.109370
738.322588	-0.110850
739.012609	-0.110140
739.702631	-0.108140
740.392652	-0.104710
741.082673	-0.098580
741.772694	-0.087780
742.462715	-0.070300
743.152736	-0.045060
743.842757	-0.012640
744.532778	0.024520
745.222799	0.062640
745.912821	0.097480
746.602842	0.125460
747.292863	0.144460
747.982884	0.153960
748.672905	0.154670
749.362926	0.147820
750.052947	0.134530
750.742968	0.115500
751.432989	0.090960
752.123011	0.061090
752.813032	0.026450
753.503053	-0.011710
754.193074	-0.051360
754.883095	-0.089760
755.573116	-0.123850
756.263137	-0.150630
756.953158	-0.167580
757.643179	-0.173090
758.333201	-0.166780
759.023222	-0.149630
759.713243	-0.123770
760.403264	-0.092090
761.093285	-0.057660
761.783306	-0.023190
762.473327	0.009220
763.163348	0.038240
763.853369	0.063090
764.543391	0.083380
765.233412	0.098840
765.923433	0.109210
766.613454	0.114210
767.303475	0.113660
767.993496	0.107610
768.683517	0.096380
769.373538	0.080600
770.063559	0.061060
770.753580	0.038680
771.443602	0.014390
772.133623	-0.010790
772.823644	-0.035780
773.513665	-0.059400
774.203686	-0.080440
774.893707	-0.097700
775.583728	-0.110140
776.273749	-0.116930
776.963770	-0.117590
777.653792	-0.112000
778.343813	-0.100490
779.033834	-0.083780
779.723855	-0.062880
780.413876	-0.039010
781.103897	-0.013430
781.793918	0.012560
782.483939	0.037780
783.173960	0.060990
783.863982	0.081040
784.554003	0.096910
785.244024	0.107840
785.934045	0.113480
786.624066	0.114010
787.314087	0.110110
788.004108	0.102840
788.694129	0.093460
789.384150	0.083150
790.074172	0.072800
790.764193	0.062910
791.454214	0.053560
792.144235	0.044480
792.834256	0.035220
