0.000000	0.659200
0.690048	0.607230
1.380097	0.547130
2.070145	0.478190
2.760194	0.399220
3.450242	0.309110
4.140291	0.207160
4.830339	0.093470
5.520387	-0.030880
6.210436	-0.163850
6.900484	-0.302560
7.590533	-0.443360
8.280581	-0.581940
8.970630	-0.713400
9.660678	-0.832460
10.350727	-0.933690
11.040775	-1.011990
11.730823	-1.063310
12.420872	-1.085270
13.110920	-1.077440
13.800969	-1.041200
14.491017	-0.979260
15.181066	-0.895090
15.871114	-0.792440
16.561162	-0.675090
17.251211	-0.546820
17.941259	-0.411400
18.631308	-0.272640
19.321356	-0.134320
20.011405	0.000020
20.701453	0.127110
21.391502	0.244200
22.081550	0.348980
22.771598	0.439590
23.461647	0.514510
24.151695	0.572580
24.841744	0.613000
25.531792	0.635410
26.221841	0.640000
26.911889	0.627530
27.601937	0.599400
28.291986	0.557650
28.982034	0.504920
29.672083	0.444400
30.362131	0.379640
31.052180	0.314320
31.742228	0.251950
32.432277	0.195550
33.122325	0.147420
33.812373	0.108890
34.502422	0.080330
35.192470	0.061210
35.882519	0.050300
36.572567	0.045920
37.262616	0.046180
37.952664	0.049110
38.642712	0.052720
39.332761	0.054990
40.022809	0.053950
40.712858	0.047680
41.402906	0.034570
42.092955	0.013570
42.783003	-0.015510
43.473052	-0.051820
44.163100	-0.093440
44.853148	-0.137690
45.543197	-0.181530
46.233245	-0.221980
46.923294	-0.256370
47.613342	-0.282620
48.303391	-0.299300
48.993439	-0.305800
49.683487	-0.302430
50.373536	-0.290380
51.063584	-0.271560
51.753633	-0.248290
52.443681	-0.222850
53.133730	-0.197060
53.823778	-0.172110
54.513827	-0.148550
55.203875	-0.126330
55.893923	-0.105200
56.583972	-0.084980
57.274020	-0.065600
57.964069	-0.047100
58.654117	-0.029630
59.344166	-0.013270
60.034214	0.001920
60.724262	0.015920
61.414311	0.028760
62.104359	0.040530
62.794408	0.051390
63.484456	0.061520
64.174505	0.071050
64.864553	0.079950
65.554602	0.088050
66.244650	0.095090
66.934698	0.100840
67.624747	0.105180
68.314795	0.108210
69.004844	0.110330
69.694892	0.112220
70.384941	0.114690
71.074989	0.118490
71.765037	0.123960
72.455086	0.130800
73.145134	0.137950
73.835183	0.143750
74.525231	0.146190
75.215280	0.143390
75.905328	0.133960
76.595377	0.117300
77.285425	0.093800
77.975473	0.064750
78.665522	0.032230
79.355570	-0.001120
80.045619	-0.032490
80.735667	-0.059190
81.425716	-0.079020
82.115764	-0.090530
82.805812	-0.093130
83.495861	-0.087160
84.185909	-0.073840
84.875958	-0.055120
85.566006	-0.033340
86.256055	-0.010930
86.946103	0.010060
87.636152	0.028200
88.326200	0.042730
89.016248	0.053550
89.706297	0.061000
90.396345	0.065600
91.086394	0.067920
91.776442	0.068350
92.466491	0.067040
93.156539	0.063910
93.846587	0.058780
94.536636	0.051500
95.226684	0.042100
95.916733	0.030910
96.606781	0.018460
97.296830	0.005450
97.986878	-0.007370
98.676927	-0.019210
99.366975	-0.029380
100.057023	-0.037310
100.747072	-0.042620
101.437120	-0.045160
102.127169	-0.044980
102.817217	-0.042320
103.507266	-0.037540
104.197314	-0.031100
104.887362	-0.023440
105.577411	-0.015060
106.267459	-0.006440
106.957508	0.001950
107.647556	0.009610
108.337605	0.016110
109.027653	0.021050
109.717702	0.024240
110.407750	0.025670
111.097798	0.025550
111.787847	0.024240
112.477895	0.022180
113.167944	0.019780
113.857992	0.017410
114.548041	0.015410
115.238089	0.014030
115.928137	0.013450
116.618186	0.013810
117.308234	0.015130
117.998283	0.017410
118.688331	0.020610
119.378380	0.024670
120.068428	0.029400
120.758477	0.034490
121.448525	0.039500
122.138573	0.043910
122.828622	0.047170
123.518670	0.048810
124.208719	0.048590
124.898767	0.046460
125.588816	0.042620
126.278864	0.037460
126.968912	0.031430
127.658961	0.024980
128.349009	0.018450
129.039058	0.012050
129.729106	0.005810
130.419155	-0.000340
131.109203	-0.006590
131.799251	-0.013150
132.489300	-0.020220
133.179348	-0.027900
133.869397	-0.036160
134.559445	-0.044770
135.249494	-0.053290
135.939542	-0.061110
136.629591	-0.067550
137.319639	-0.071930
138.009687	-0.073660
138.699736	-0.072380
139.389784	-0.068010
140.079833	-0.060810
140.769881	-0.051320
141.459930	-0.040270
142.149978	-0.028470
142.840026	-0.016620
143.530075	-0.005220
144.220123	0.005450
144.910172	0.015380
145.600220	0.024720
146.290269	0.033650
146.980317	0.042320
147.670366	0.050740
148.360414	0.058700
149.050462	0.065780
149.740511	0.071390
150.430559	0.074770
151.120608	0.075180
151.810656	0.071960
152.500705	0.064670
153.190753	0.053190
153.880801	0.037800
154.570850	0.019140
155.260898	-0.001740
155.950947	-0.023570
156.640995	-0.044850
157.331044	-0.064030
158.021092	-0.079680
158.711141	-0.090690
159.401189	-0.096450
160.091237	-0.096860
160.781286	-0.092320
161.471334	-0.083520
162.161383	-0.071380
162.851431	-0.056810
163.541480	-0.040670
164.231528	-0.023610
164.921576	-0.006070
165.611625	0.011680
166.301673	0.029580
166.991722	0.047520
167.681770	0.065280
168.371819	0.082540
169.061867	0.098830
169.751916	0.113650
170.441964	0.126570
171.132012	0.137320
171.822061	0.146030
172.512109	0.153190
173.202158	0.159610
173.892206	0.166130
174.582255	0.173380
175.272303	0.181590
175.962351	0.190560
176.652400	0.199840
177.342448	0.208860
178.032497	0.216980
178.722545	0.223580
179.412594	0.228010
180.102642	0.229470
180.792691	0.227080
181.482739	0.220020
182.172787	0.207590
182.862836	0.189410
183.552884	0.165520
184.242933	0.136410
184.932981	0.102950
185.623030	0.066230
186.313078	0.027430
187.003126	-0.012290
187.693175	-0.051890
188.383223	-0.090430
189.073272	-0.127040
189.763320	-0.161000
190.453369	-0.191740
191.143417	-0.218920
191.833466	-0.242440
192.523514	-0.262380
193.213562	-0.278910
193.903611	-0.292190
194.593659	-0.302350
195.283708	-0.309430
195.973756	-0.313440
196.663805	-0.314380
197.353853	-0.312230
198.043901	-0.307020
198.733950	-0.298810
199.423998	-0.287660
200.114047	-0.273690
200.804095	-0.257010
201.494144	-0.237780
202.184192	-0.216220
202.874241	-0.192650
203.564289	-0.167410
204.254337	-0.140860
204.944386	-0.113360
205.634434	-0.085260
206.324483	-0.056920
207.014531	-0.028790
207.704580	-0.001450
208.394628	0.024360
209.084676	0.047740
209.774725	0.067610
210.464773	0.082960
211.154822	0.093030
211.844870	0.097510
212.534919	0.096700
213.224967	0.091530
213.915016	0.083400
214.605064	0.073970
215.295112	0.065050
215.985161	0.058360
216.675209	0.055560
217.365258	0.058130
218.055306	0.067440
218.745355	0.084620
219.435403	0.110490
220.125451	0.145450
220.815500	0.189400
221.505548	0.241610
222.195597	0.300590
222.885645	0.364000
223.575694	0.428730
224.265742	0.490930
224.955791	0.546230
225.645839	0.590080
226.335887	0.618060
227.025936	0.626090
227.715984	0.610710
228.406033	0.569250
229.096081	0.500130
229.786130	0.403240
230.476178	0.280590
231.166226	0.136860
231.856275	-0.020580
232.546323	-0.182440
233.236372	-0.338670
233.926420	-0.480000
234.616469	-0.599230
235.306517	-0.691780
235.996566	-0.755590
236.686614	-0.790660
237.376662	-0.798550
238.066711	-0.781820
238.756759	-0.743690
239.446808	-0.687720
240.136856	-0.617510
240.826905	-0.536600
241.516953	-0.448280
242.207001	-0.355540
242.897050	-0.260990
243.587098	-0.166890
244.277147	-0.075070
244.967195	0.012950
245.657244	0.096000
246.347292	0.173040
247.037341	0.243210
247.727389	0.305700
248.417437	0.359790
249.107486	0.404750
249.797534	0.439900
250.487583	0.464600
251.177631	0.478320
251.867680	0.480740
252.557728	0.471890
253.247776	0.452210
253.937825	0.422610
254.627873	0.384490
255.317922	0.339670
256.007970	0.290320
256.698019	0.238880
257.388067	0.187940
258.078116	0.140020
258.768164	0.097400
259.458212	0.061960
260.148261	0.035030
260.838309	0.017310
261.528358	0.008830
262.218406	0.008850
262.908455	0.015840
263.598503	0.027440
264.288551	0.040520
264.978600	0.051360
265.668648	0.056080
266.358697	0.051330
267.048745	0.035100
267.738794	0.007360
268.428842	-0.029890
269.118890	-0.073020
269.808939	-0.117680
270.498987	-0.159740
271.189036	-0.195990
271.879084	-0.224500
272.569133	-0.244490
273.259181	-0.256110
273.949230	-0.260090
274.639278	-0.257510
275.329326	-0.249660
276.019375	-0.237820
276.709423	-0.223220
277.399472	-0.207010
278.089520	-0.190180
278.779569	-0.173550
279.469617	-0.157780
280.159665	-0.143350
280.849714	-0.130500
281.539762	-0.119220
282.229811	-0.109290
282.919859	-0.100320
283.609908	-0.091790
284.299956	-0.083130
284.990005	-0.073780
285.680053	-0.063310
286.370101	-0.051450
287.060150	-0.038220
287.750198	-0.023930
288.440247	-0.009110
289.130295	0.005660
289.820344	0.019790
290.510392	0.032880
291.200440	0.044710
291.890489	0.055220
292.580537	0.064500
293.270586	0.072710
293.960634	0.080000
294.650683	0.086410
295.340731	0.091860
296.030780	0.096220
296.720828	0.099340
297.410876	0.101150
298.100925	0.101660
298.790973	0.100990
299.481022	0.099330
300.171070	0.096880
300.861119	0.093830
301.551167	0.090360
302.241215	0.086590
302.931264	0.082660
303.621312	0.078670
304.311361	0.074680
305.001409	0.070790
305.691458	0.067060
306.381506	0.063490
307.071555	0.060110
307.761603	0.056890
308.451651	0.053770
309.141700	0.050780
309.831748	0.048010
310.521797	0.045620
311.211845	0.043800
311.901894	0.042660
312.591942	0.042250
313.281990	0.042440
313.972039	0.043050
314.662087	0.043850
315.352136	0.044600
316.042184	0.045120
316.732233	0.045340
317.422281	0.045190
318.112330	0.044630
318.802378	0.043610
319.492426	0.042020
320.182475	0.039710
320.872523	0.036490
321.562572	0.032250
322.252620	0.026970
322.942669	0.020750
323.632717	0.013840
324.322765	0.006600
325.012814	-0.000610
325.702862	-0.007400
326.392911	-0.013460
327.082959	-0.018550
327.773008	-0.022500
328.463056	-0.025320
329.153105	-0.027140
329.843153	-0.028260
330.533201	-0.029120
331.223250	-0.030200
331.913298	-0.031940
332.603347	-0.034530
333.293395	-0.037860
333.983444	-0.041480
334.673492	-0.044720
335.363540	-0.046830
336.053589	-0.047240
336.743637	-0.045620
337.433686	-0.041890
338.123734	-0.036170
338.813783	-0.028670
339.503831	-0.019680
340.193880	-0.009550
340.883928	0.001310
341.573976	0.012430
342.264025	0.023290
342.954073	0.033290
343.644122	0.041770
344.334170	0.048130
345.024219	0.051900
345.714267	0.052890
346.404315	0.051250
347.094364	0.047490
347.784412	0.042340
348.474461	0.036660
349.164509	0.031300
349.854558	0.027020
350.544606	0.024370
351.234655	0.023690
351.924703	0.024980
352.614751	0.027930
353.304800	0.031960
353.994848	0.036290
354.684897	0.040180
355.374945	0.043010
356.064994	0.044420
356.755042	0.044290
357.445090	0.042730
358.135139	0.039930
358.825187	0.036100
359.515236	0.031450
360.205284	0.026100
360.895333	0.020160
361.585381	0.013760
362.275430	0.007050
362.965478	0.000180
363.655526	-0.006660
364.345575	-0.013310
365.035623	-0.019810
365.725672	-0.026370
366.415720	-0.033310
367.105769	-0.040960
367.795817	-0.049440
368.485865	-0.058520
369.175914	-0.067540
369.865962	-0.075600
370.556011	-0.081640
371.246059	-0.084580
371.936108	-0.083440
372.626156	-0.077480
373.316205	-0.066380
374.006253	-0.050310
374.696301	-0.030100
375.386350	-0.007080
376.076398	0.017020
376.766447	0.040340
377.456495	0.061110
378.146544	0.077820
378.836592	0.089340
379.526640	0.095120
380.216689	0.095140
380.906737	0.089950
381.596786	0.080510
382.286834	0.068080
382.976883	0.053910
383.666931	0.039120
384.356980	0.024500
385.047028	0.010460
385.737076	-0.002850
386.427125	-0.015460
387.117173	-0.027360
387.807222	-0.038500
388.497270	-0.048700
389.187319	-0.057700
389.877367	-0.065120
390.567415	-0.070610
391.257464	-0.073890
391.947512	-0.074840
392.637561	-0.073500
393.327609	-0.070100
394.017658	-0.064940
394.707706	-0.058310
395.397754	-0.050390
396.087803	-0.041210
396.777851	-0.030730
397.467900	-0.018840
398.157948	-0.005590
398.847997	0.008800
399.538045	0.023980
400.228094	0.039420
400.918142	0.054570
401.608190	0.068900
402.298239	0.081930
402.988287	0.093180
403.678336	0.102240
404.368384	0.108760
405.058433	0.112500
405.748481	0.113320
406.438529	0.111190
407.128578	0.106260
407.818626	0.098890
408.508675	0.089710
409.198723	0.079670
409.888772	0.070050
410.578820	0.062280
411.268869	0.057770
411.958917	0.057650
412.648965	0.062590
413.339014	0.072750
414.029062	0.087670
414.719111	0.106330
415.409159	0.127200
416.099208	0.148410
416.789256	0.167890
417.479304	0.183600
418.169353	0.193710
418.859401	0.196650
419.549450	0.191230
420.239498	0.176770
420.929547	0.153370
421.619595	0.121950
422.309644	0.084390
422.999692	0.043360
423.689740	0.002070
424.379789	-0.036220
425.069837	-0.068640
425.759886	-0.093200
426.449934	-0.109110
427.139983	-0.116760
427.830031	-0.117490
428.520079	-0.113160
429.210128	-0.105730
429.900176	-0.096980
430.590225	-0.088400
431.280273	-0.081160
431.970322	-0.076120
432.660370	-0.073790
433.350419	-0.074320
434.040467	-0.077530
434.730515	-0.082980
435.420564	-0.090010
436.110612	-0.097850
436.800661	-0.105690
437.490709	-0.112700
438.180758	-0.118100
438.870806	-0.121180
439.560854	-0.121450
440.250903	-0.118690
440.940951	-0.113070
441.631000	-0.105140
442.321048	-0.095740
443.011097	-0.085840
443.701145	-0.076340
444.391194	-0.067930
445.081242	-0.060980
445.771290	-0.055510
446.461339	-0.051330
447.151387	-0.048050
447.841436	-0.045170
448.531484	-0.042350
449.221533	-0.039430
449.911581	-0.036460
450.601629	-0.033660
451.291678	-0.031360
451.981726	-0.029930
452.671775	-0.029630
453.361823	-0.030620
454.051872	-0.032960
454.741920	-0.036560
455.431969	-0.041170
456.122017	-0.046450
456.812065	-0.052040
457.502114	-0.057540
458.192162	-0.062450
458.882211	-0.066290
459.572259	-0.068520
460.262308	-0.068610
460.952356	-0.066070
461.642404	-0.060600
462.332453	-0.052140
463.022501	-0.040940
463.712550	-0.027510
464.402598	-0.012550
465.092647	0.003260
465.782695	0.019360
466.472744	0.035540
467.162792	0.051780
467.852840	0.068190
468.542889	0.084890
469.232937	0.101900
469.922986	0.119080
470.613034	0.136250
471.303083	0.153260
471.993131	0.170000
472.683179	0.186400
473.373228	0.202340
474.063276	0.217580
474.753325	0.231760
475.443373	0.244360
476.133422	0.254780
476.823470	0.262380
477.513519	0.266540
478.203567	0.266710
478.893615	0.262390
479.583664	0.253170
480.273712	0.238750
480.963761	0.219040
481.653809	0.194100
482.343858	0.164250
483.033906	0.129980
483.723954	0.092000
484.414003	0.051090
485.104051	0.008100
485.794100	-0.035980
486.484148	-0.079980
487.174197	-0.122260
487.864245	-0.160720
488.554294	-0.192930
489.244342	-0.216470
489.934390	-0.229360
490.624439	-0.230470
491.314487	-0.219760
492.004536	-0.198270
492.694584	-0.167980
493.384633	-0.131590
494.074681	-0.092120
494.764729	-0.052550
495.454778	-0.015410
496.144826	0.017350
496.834875	0.044560
497.524923	0.065750
498.214972	0.081060
498.905020	0.091280
499.595069	0.097640
500.285117	0.101560
500.975165	0.104260
501.665214	0.106510
502.355262	0.108320
503.045311	0.109030
503.735359	0.107510
504.425408	0.102410
505.115456	0.092380
505.805504	0.076320
506.495553	0.053630
507.185601	0.024380
507.875650	-0.010560
508.565698	-0.049540
509.255747	-0.090270
509.945795	-0.130150
510.635844	-0.166620
511.325892	-0.197410
512.015940	-0.220660
512.705989	-0.235100
513.396037	-0.240040
514.086086	-0.235470
514.776134	-0.222010
515.466183	-0.200860
516.156231	-0.173720
516.846279	-0.142630
517.536328	-0.109750
518.226376	-0.077170
518.916425	-0.046690
519.606473	-0.019740
520.296522	0.002780
520.986570	0.020470
521.676618	0.033400
522.366667	0.041870
523.056715	0.046430
523.746764	0.047640
524.436812	0.045990
525.126861	0.041830
525.816909	0.035410
526.506958	0.026920
527.197006	0.016550
527.887054	0.004570
528.577103	-0.008620
529.267151	-0.022450
529.957200	-0.036240
530.647248	-0.049280
531.337297	-0.060830
532.027345	-0.070210
532.717393	-0.076760
533.407442	-0.079830
534.097490	-0.078700
534.787539	-0.072700
535.477587	-0.061330
536.167636	-0.044340
536.857684	-0.021860
537.547733	0.005350
538.237781	0.035920
538.927829	0.068010
539.617878	0.099520
540.307926	0.128440
540.997975	0.153180
541.688023	0.172680
542.378072	0.186410
543.068120	0.194250
543.758168	0.196400
544.448217	0.193320
545.138265	0.185710
545.828314	0.174460
546.518362	0.160560
547.208411	0.145050
547.898459	0.128900
548.588508	0.112900
549.278556	0.097680
549.968604	0.083640
550.658653	0.070980
551.348701	0.059730
552.038750	0.049810
552.728798	0.041000
553.418847	0.033070
554.108895	0.025800
554.798943	0.019030
555.488992	0.012650
556.179040	0.006650
556.869089	0.001030
557.559137	-0.004230
558.249186	-0.009190
558.939234	-0.013910
559.629283	-0.018460
560.319331	-0.022900
561.009379	-0.027340
561.699428	-0.031850
562.389476	-0.036500
563.079525	-0.041320
563.769573	-0.046300
564.459622	-0.051280
565.149670	-0.056050
565.839718	-0.060370
566.529767	-0.064030
567.219815	-0.066840
567.909864	-0.068660
568.599912	-0.069410
569.289961	-0.069000
569.980009	-0.067370
570.670058	-0.064410
571.360106	-0.060120
572.050154	-0.054590
572.740203	-0.047980
573.430251	-0.040530
574.120300	-0.032470
574.810348	-0.023950
575.500397	-0.014980
576.190445	-0.005600
576.880493	0.004140
577.570542	0.014070
578.260590	0.023960
578.950639	0.033460
579.640687	0.042250
580.330736	0.050020
581.020784	0.056600
581.710833	0.061830
582.400881	0.065640
583.090929	0.068000
583.780978	0.068840
584.471026	0.068150
585.161075	0.066040
585.851123	0.062750
586.541172	0.058670
587.231220	0.054370
587.921268	0.050410
588.611317	0.047280
589.301365	0.045260
589.991414	0.044400
590.681462	0.044550
591.371511	0.045430
592.061559	0.046700
592.751608	0.048030
593.441656	0.049150
594.131704	0.049800
594.821753	0.049720
595.511801	0.048650
596.201850	0.046360
596.891898	0.042600
597.581947	0.037220
598.271995	0.030250
598.962043	0.021900
599.652092	0.012610
600.342140	0.003020
601.032189	-0.006200
601.722237	-0.014420
602.412286	-0.021130
603.102334	-0.026030
603.792383	-0.029100
604.482431	-0.030540
605.172479	-0.030760
605.862528	-0.030330
606.552576	-0.029860
607.242625	-0.029760
607.932673	-0.030190
608.622722	-0.031060
609.312770	-0.032010
610.002818	-0.032540
610.692867	-0.032140
611.382915	-0.030310
612.072964	-0.026710
612.763012	-0.021190
613.453061	-0.013910
614.143109	-0.005240
614.833158	0.004260
615.523206	0.013880
616.213254	0.022950
616.903303	0.030810
617.593351	0.036910
618.283400	0.040800
618.973448	0.042240
619.663497	0.041190
620.353545	0.037850
621.043593	0.032640
621.733642	0.026160
622.423690	0.019160
623.113739	0.012360
623.803787	0.006350
624.493836	0.001490
625.183884	-0.002030
625.873933	-0.004260
626.563981	-0.005340
627.254029	-0.005400
627.944078	-0.004580
628.634126	-0.003020
629.324175	-0.000860
630.014223	0.001660
630.704272	0.004210
631.394320	0.006360
632.084368	0.007660
632.774417	0.007760
633.464465	0.006410
634.154514	0.003520
634.844562	-0.000770
635.534611	-0.006230
636.224659	-0.012540
636.914708	-0.019330
637.604756	-0.026230
638.294804	-0.032890
638.984853	-0.039000
639.674901	-0.044330
640.364950	-0.048750
641.054998	-0.052200
641.745047	-0.054660
642.435095	-0.056160
643.125143	-0.056740
643.815192	-0.056480
644.505240	-0.055510
645.195289	-0.053950
645.885337	-0.051860
646.575386	-0.049170
647.265434	-0.045730
647.955483	-0.041350
648.645531	-0.035890
649.335579	-0.029320
650.025628	-0.021770
650.715676	-0.013480
651.405725	-0.004750
652.095773	0.004100
652.785822	0.012800
653.475870	0.021270
654.165918	0.029460
654.855967	0.037460
655.546015	0.045530
656.236064	0.054030
656.926112	0.063540
657.616161	0.074770
658.306209	0.088480
658.996257	0.105160
659.686306	0.124890
660.376354	0.147200
661.066403	0.171060
661.756451	0.195060
662.446500	0.217670
663.136548	0.237500
663.826597	0.253320
664.516645	0.263990
665.206693	0.268500
665.896742	0.266010
666.586790	0.256150
667.276839	0.239380
667.966887	0.217230
668.656936	0.192160
669.346984	0.167030
670.037032	0.144260
670.727081	0.125270
671.417129	0.110210
672.107178	0.098060
672.797226	0.087150
673.487275	0.075600
674.177323	0.061840
674.867372	0.044880
675.557420	0.024560
676.247468	0.001610
676.937517	-0.022440
677.627565	-0.045600
678.317614	-0.066030
679.007662	-0.082520
679.697711	-0.094800
680.387759	-0.103440
681.077807	-0.109510
681.767856	-0.114160
682.457904	-0.118350
683.147953	-0.122810
683.838001	-0.128090
684.528050	-0.134600
685.218098	-0.142630
685.908147	-0.152290
686.598195	-0.163550
687.288243	-0.176180
687.978292	-0.189880
688.668340	-0.204390
689.358389	-0.219430
690.048437	-0.234790
690.738486	-0.250250
691.428534	-0.265490
692.118582	-0.280100
692.808631	-0.293510
693.498679	-0.305090
694.188728	-0.314120
694.878776	-0.319900
695.568825	-0.321700
696.258873	-0.318870
696.948922	-0.310830
697.638970	-0.297230
698.329018	-0.277890
699.019067	-0.252920
699.709115	-0.222640
700.399164	-0.187510
701.089212	-0.148060
701.779261	-0.104860
702.469309	-0.058480
703.159357	-0.009510
703.849406	0.041440
704.539454	0.093660
705.229503	0.146350
705.919551	0.198620
706.609600	0.249480
707.299648	0.297850
707.989697	0.342790
708.679745	0.383530
709.369793	0.419670
710.059842	0.451160
710.749890	0.478310
711.439939	0.501580
712.129987	0.521380
712.820036	0.537770
713.510084	0.550240
714.200132	0.557670
714.890181	0.558230
715.580229	0.549480
716.270278	0.528630
716.960326	0.492910
717.650375	0.439940
718.340423	0.368250
719.030472	0.277910
719.720520	0.171120
720.410568	0.052530
721.100617	-0.070800
721.790665	-0.190050
722.480714	-0.295680
723.170762	-0.379060
723.860811	-0.433890
724.550859	-0.457170
725.240907	-0.449520
725.930956	-0.414840
726.621004	-0.359380
727.311053	-0.290650
728.001101	-0.216270
728.691150	-0.143240
729.381198	-0.077400
730.071247	-0.023350
730.761295	0.015680
731.451343	0.037960
732.141392	0.043370
732.831440	0.033620
733.521489	0.012040
734.211537	-0.016990
734.901586	-0.048890
735.591634	-0.079650
736.281682	-0.106330
736.971731	-0.127260
737.661779	-0.141860
738.351828	-0.150320
739.041876	-0.153310
739.731925	-0.151880
740.421973	-0.147130
741.112022	-0.140040
741.802070	-0.131390
742.492118	-0.121710
743.182167	-0.111320
743.872215	-0.100370
744.562264	-0.088930
745.252312	-0.076950
745.942361	-0.064310
746.632409	-0.050870
747.322457	-0.036550
748.012506	-0.021430
748.702554	-0.005800
749.392603	0.009790
750.082651	0.024700
750.772700	0.038260
751.462748	0.049990
752.152797	0.059680
752.842845	0.067360
753.532893	0.073190
754.222942	0.077340
754.912990	0.079860
755.603039	0.080750
756.293087	0.079990
756.983136	0.077580
757.673184	0.073630
758.363232	0.068300
759.053281	0.061790
759.743329	0.054350
760.433378	0.046300
761.123426	0.037930
761.813475	0.029490
762.503523	0.021190
763.193572	0.013250
763.883620	0.005930
764.573668	-0.000470
765.263717	-0.005570
765.953765	-0.009080
766.643814	-0.010800
767.333862	-0.010670
768.023911	-0.008860
768.713959	-0.005650
769.404007	-0.001430
770.094056	0.003370
770.784104	0.008370
771.474153	0.013300
772.164201	0.017840
772.854250	0.021660
773.544298	0.024400
774.234347	0.025770
774.924395	0.025700
775.614443	0.024410
776.304492	0.022450
776.994540	0.020420
777.684589	0.018900
778.374637	0.018310
779.064686	0.018890
779.754734	0.020720
780.444782	0.023730
781.134831	0.027670
781.824879	0.032180
782.514928	0.036840
783.204976	0.041300
783.895025	0.045440
784.585073	0.049260
785.275121	0.052850
785.965170	0.056190
786.655218	0.059050
787.345267	0.061020
788.035315	0.061570
788.725364	0.060130
789.415412	0.056250
790.105461	0.049680
790.795509	0.040500
791.485557	0.029080
792.175606	0.016060
792.865654	0.002280
793.555703	-0.011220
794.245751	-0.023280
794.935800	-0.032910
795.625848	-0.039370
796.315896	-0.042260
797.005945	-0.041630
797.695993	-0.037960
798.386042	-0.032020
799.076090	-0.024760
799.766139	-0.017250
800.456187	-0.010530
801.146236	-0.005370
801.836284	-0.002160
802.526332	-0.000900
803.216381	-0.001230
803.906429	-0.002520
804.596478	-0.004140
805.286526	-0.005520
805.976575	-0.006310
806.666623	-0.006350
807.356671	-0.005620
808.046720	-0.004260
808.736768	-0.002440
809.426817	-0.000370
810.116865	0.001790
810.806914	0.003920
811.496962	0.006010
812.187011	0.008180
812.877059	0.010630
813.567107	0.013420
814.257156	0.016600
814.947204	0.020080
815.637253	0.023660
816.327301	0.027050
817.017350	0.029940
817.707398	0.032030
818.397446	0.033160
819.087495	0.033220
819.777543	0.032220
820.467592	0.030270
821.157640	0.027530
821.847689	0.024160
822.537737	0.020270
823.227786	0.015890
823.917834	0.011030
824.607882	0.005760
825.297931	0.000230
825.987979	-0.005280
826.678028	-0.010450
827.368076	-0.015000
828.058125	-0.018780
828.748173	-0.021740
829.438221	-0.023740
830.128270	-0.024570
830.818318	-0.024040
831.508367	-0.022030
832.198415	-0.018700
832.888464	-0.014560
833.578512	-0.010440
834.268561	-0.007300
834.958609	-0.006070
835.648657	-0.007500
836.338706	-0.012050
837.028754	-0.019760
837.718803	-0.030150
838.408851	-0.042200
839.098900	-0.054490
839.788948	-0.065510
840.478996	-0.074000
841.169045	-0.079100
841.859093	-0.080500
842.549142	-0.078340
843.239190	-0.072980
843.929239	-0.064900
844.619287	-0.054680
845.309336	-0.042950
845.999384	-0.030300
846.689432	-0.017300
847.379481	-0.004510
848.069529	0.007590
848.759578	0.018550
849.449626	0.028000
850.139675	0.035750
850.829723	0.041750
851.519771	0.046090
852.209820	0.049000
852.899868	0.050690
853.589917	0.051330
854.279965	0.051090
854.970014	0.050070
855.660062	0.048330
856.350111	0.045990
857.040159	0.043240
857.730207	0.040370
858.420256	0.037810
859.110304	0.036060
859.800353	0.035580
860.490401	0.036660
861.180450	0.039320
861.870498	0.043260
862.560546	0.047950
863.250595	0.052780
863.940643	0.057140
864.630692	0.060500
865.320740	0.062430
866.010789	0.062580
866.700837	0.060560
867.390886	0.056040
868.080934	0.048730
868.770982	0.038540
869.461031	0.025670
870.151079	0.010660
870.841128	-0.005740
871.531176	-0.022760
872.221225	-0.039680
872.911273	-0.055990
873.601321	-0.071270
874.291370	-0.085110
874.981418	-0.097010
875.671467	-0.106410
876.361515	-0.112810
877.051564	-0.116080
877.741612	-0.116530
878.431661	-0.114910
879.121709	-0.112120
879.811757	-0.109000
880.501806	-0.106070
881.191854	-0.103320
881.881903	-0.100440
882.571951	-0.096860
883.262000	-0.091950
883.952048	-0.085200
884.642096	-0.076290
885.332145	-0.065150
886.022193	-0.051950
886.712242	-0.036910
887.402290	-0.020330
888.092339	-0.002460
888.782387	0.016510
889.472436	0.036350
890.162484	0.056740
890.852532	0.077370
891.542581	0.097960
892.232629	0.118440
892.922678	0.139010
893.612726	0.160200
894.302775	0.182700
894.992823	0.207260
895.682871	0.234490
896.372920	0.264740
897.062968	0.297890
897.753017	0.333270
898.443065	0.369490
899.133114	0.404410
899.823162	0.435180
900.513211	0.458370
901.203259	0.470110
901.893307	0.466560
902.583356	0.444350
903.273404	0.401340
903.963453	0.337410
904.653501	0.254900
905.343550	0.158410
906.033598	0.054210
906.723646	-0.050760
907.413695	-0.149980
908.103743	-0.238240
908.793792	-0.312210
909.483840	-0.370700
910.173889	-0.414420
910.863937	-0.445390
911.553985	-0.465960
912.244034	-0.477910
912.934082	-0.482090
913.624131	-0.478540
914.314179	-0.466850
915.004228	-0.446800
915.694276	-0.418710
916.384325	-0.383530
917.074373	-0.342750
917.764421	-0.298140
918.454470	-0.251610
919.144518	-0.204930
919.834567	-0.159680
920.524615	-0.117200
921.214664	-0.078620
921.904712	-0.044880
922.594760	-0.016680
923.284809	0.005540
923.974857	0.021560
924.664906	0.031480
925.354954	0.035690
926.045003	0.034980
926.735051	0.030360
927.425100	0.023050
928.115148	0.014350
928.805196	0.005470
929.495245	-0.002500
930.185293	-0.008620
930.875342	-0.012120
931.565390	-0.012480
932.255439	-0.009510
932.945487	-0.003400
933.635535	0.005370
934.325584	0.016080
935.015632	0.027990
935.705681	0.040470
936.395729	0.053180
937.085778	0.066060
937.775826	0.079150
938.465875	0.092520
939.155923	0.106070
939.845971	0.119540
940.536020	0.132440
941.226068	0.144200
941.916117	0.154240
942.606165	0.162070
943.296214	0.167330
943.986262	0.169750
944.676310	0.169190
945.366359	0.165510
946.056407	0.158600
946.746456	0.148370
947.436504	0.134990
948.126553	0.118990
948.816601	0.101290
949.506650	0.083110
950.196698	0.065800
950.886746	0.050590
951.576795	0.038470
952.266843	0.030150
952.956892	0.026010
953.646940	0.026170
954.336989	0.030450
955.027037	0.038350
955.717085	0.049100
956.407134	0.061610
957.097182	0.074710
957.787231	0.087170
958.477279	0.097870
959.167328	0.106050
959.857376	0.111400
960.547425	0.114200
961.237473	0.115270
961.927521	0.115870
962.617570	0.117430
963.307618	0.121300
963.997667	0.128380
964.687715	0.139070
965.377764	0.153080
966.067812	0.169450
966.757860	0.186580
967.447909	0.202360
968.137957	0.214390
968.828006	0.220270
969.518054	0.217970
970.208103	0.206010
970.898151	0.183640
971.588200	0.151000
972.278248	0.109160
972.968296	0.060200
973.658345	0.007200
974.348393	-0.046080
975.038442	-0.095690
975.728490	-0.138200
976.418539	-0.171260
977.108587	-0.193890
977.798635	-0.206530
978.488684	-0.210810
979.178732	-0.209140
979.868781	-0.204180
980.558829	-0.198580
981.248878	-0.194650
981.938926	-0.194150
982.628975	-0.198170
983.319023	-0.207040
984.009071	-0.220220
984.699120	-0.236360
985.389168	-0.253490
986.079217	-0.269380
986.769265	-0.281850
987.459314	-0.289140
988.149362	-0.290120
988.839410	-0.284320
989.529459	-0.272010
990.219507	-0.254110
990.909556	-0.231980
991.599604	-0.207200
992.289653	-0.181270
992.979701	-0.155360
993.669750	-0.130230
994.359798	-0.106220
995.049846	-0.083290
995.739895	-0.061130
996.429943	-0.039340
997.119992	-0.017350
997.810040	0.005540
998.500089	0.029950
999.190137	0.056260
999.880185	0.084350
1000.570234	0.113360
1001.260282	0.141790
1001.950331	0.167690
1002.640379	0.189090
1003.330428	0.204260
1004.020476	0.211920
1004.710525	0.211210
1005.400573	0.201840
1006.090621	0.184190
1006.780670	0.159500
1007.470718	0.129890
1008.160767	0.098360
1008.850815	0.068290
1009.540864	0.043040
1010.230912	0.025450
1010.920960	0.017470
1011.611009	0.019850
1012.301057	0.031920
1012.991106	0.051730
1013.681154	0.076360
1014.371203	0.102430
1015.061251	0.126800
1015.751300	0.147030
1016.441348	0.161590
1017.131396	0.169750
1017.821445	0.171390
1018.511493	0.166750
1019.201542	0.156340
1019.891590	0.140790
1020.581639	0.120920
1021.271687	0.097790
1021.961735	0.072590
1022.651784	0.046550
1023.341832	0.020800
1024.031881	-0.003730
1024.721929	-0.026450
1025.411978	-0.046900
1026.102026	-0.064670
1026.792075	-0.079390
1027.482123	-0.090730
1028.172171	-0.098470
1028.862220	-0.102550
1029.552268	-0.103100
1030.242317	-0.100330
1030.932365	-0.094510
1031.622414	-0.086040
1032.312462	-0.075400
1033.002510	-0.063180
1033.692559	-0.050000
1034.382607	-0.036350
1035.072656	-0.022570
1035.762704	-0.008870
1036.452753	0.004560
1037.142801	0.017380
1037.832849	0.029000
1038.522898	0.038430
1039.212946	0.044580
1039.902995	0.046490
1040.593043	0.043670
1041.283092	0.036430
1041.973140	0.025940
1042.663189	0.013890
1043.353237	0.002290
1044.043285	-0.007090
1044.733334	-0.013080
1045.423382	-0.015380
1046.113431	-0.014550
1046.803479	-0.011770
1047.493528	-0.008400
1048.183576	-0.005620
1048.873624	-0.004120
1049.563673	-0.004080
1050.253721	-0.005350
1050.943770	-0.007640
1051.633818	-0.010560
1052.323867	-0.013630
1053.013915	-0.016280
1053.703964	-0.017910
1054.394012	-0.018050
1055.084060	-0.016460
1055.774109	-0.013180
1056.464157	-0.008540
1057.154206	-0.003090
1057.844254	0.002590
1058.534303	0.008000
1059.224351	0.012780
1059.914399	0.016740
1060.604448	0.019850
1061.294496	0.022270
1061.984545	0.024220
1062.674593	0.025990
1063.364642	0.027950
1064.054690	0.030420
1064.744739	0.033600
1065.434787	0.037550
1066.124835	0.042170
1066.814884	0.047190
1067.504932	0.052300
1068.194981	0.057230
1068.885029	0.061730
1069.575078	0.065540
1070.265126	0.068380
1070.955174	0.069960
1071.645223	0.070000
1072.335271	0.068430
1073.025320	0.065500
1073.715368	0.061770
1074.405417	0.058020
1075.095465	0.055050
1075.785514	0.053430
1076.475562	0.053360
1077.165610	0.054550
1077.855659	0.056350
1078.545707	0.057800
1079.235756	0.057850
1079.925804	0.055630
1080.615853	0.050600
1081.305901	0.042630
1081.995949	0.032040
1082.685998	0.019460
1083.376046	0.005770
1084.066095	-0.008030
1084.756143	-0.020910
1085.446192	-0.031960
1086.136240	-0.040610
1086.826289	-0.046620
1087.516337	-0.050170
1088.206385	-0.051630
1088.896434	-0.051460
1089.586482	-0.050000
1090.276531	-0.047450
1090.966579	-0.043840
1091.656628	-0.039210
1092.346676	-0.033600
1093.036724	-0.027310
1093.726773	-0.020840
1094.416821	-0.014950
1095.106870	-0.010590
1095.796918	-0.008740
1096.486967	-0.010270
1097.177015	-0.015850
1097.867064	-0.025850
1098.557112	-0.040100
1099.247160	-0.057690
1099.937209	-0.076980
1100.627257	-0.095720
1101.317306	-0.111460
1102.007354	-0.122020
1102.697403	-0.125950
1103.387451	-0.122760
1104.077499	-0.112900
1104.767548	-0.097570
1105.457596	-0.078430
1106.147645	-0.057400
1106.837693	-0.036470
1107.527742	-0.017430
1108.217790	-0.001780
1108.907839	0.009440
1109.597887	0.015770
1110.287935	0.017300
1110.977984	0.014710
1111.668032	0.009090
1112.358081	0.001830
1113.048129	-0.005600
1113.738178	-0.011710
1114.428226	-0.015170
1115.118274	-0.014840
1115.808323	-0.009920
1116.498371	-0.000040
1117.188420	0.014590
1117.878468	0.033150
1118.568517	0.054210
1119.258565	0.075920
1119.948614	0.096210
1120.638662	0.113090
1121.328710	0.124960
1122.018759	0.130770
1122.708807	0.130160
1123.398856	0.123410
1124.088904	0.111430
1124.778953	0.095780
1125.469001	0.078550
1126.159049	0.062100
1126.849098	0.048810
1127.539146	0.040520
1128.229195	0.038290
1128.919243	0.042300
1129.609292	0.052150
1130.299340	0.067180
1130.989389	0.086760
1131.679437	0.110310
1132.369485	0.137150
1133.059534	0.166310
1133.749582	0.196520
1134.439631	0.226260
1135.129679	0.253900
1135.819728	0.277810
1136.509776	0.296310
1137.199824	0.307570
1137.889873	0.309610
1138.579921	0.300250
1139.269970	0.277390
1139.960018	0.239280
1140.650067	0.184990
1141.340115	0.114890
1142.030164	0.031170
1142.720212	-0.061940
1143.410260	-0.158700
1144.100309	-0.252880
1144.790357	-0.339050
1145.480406	-0.413380
1146.170454	-0.474000
1146.860503	-0.520470
1147.550551	-0.552900
1148.240599	-0.571350
1148.930648	-0.575710
1149.620696	-0.565960
1150.310745	-0.542480
1151.000793	-0.506270
1151.690842	-0.458970
1152.380890	-0.402590
1153.070939	-0.339390
1153.760987	-0.271630
1154.451035	-0.201560
1155.141084	-0.131300
1155.831132	-0.062820
1156.521181	0.002120
1157.211229	0.062100
1157.901278	0.116070
1158.591326	0.163400
1159.281374	0.203880
1159.971423	0.237700
1160.661471	0.265320
1161.351520	0.287330
1162.041568	0.304290
1162.731617	0.316720
1163.421665	0.325040
1164.111714	0.329570
1164.801762	0.330550
1165.491810	0.328140
1166.181859	0.322370
1166.871907	0.313150
1167.561956	0.300290
1168.252004	0.283490
1168.942053	0.262260
1169.632101	0.235940
1170.322149	0.203780
1171.012198	0.165170
1171.702246	0.119680
1172.392295	0.067400
1173.082343	0.009040
1173.772392	-0.054010
1174.462440	-0.119770
1175.152488	-0.185700
1175.842537	-0.249100
1176.532585	-0.307380
1177.222634	-0.358330
1177.912682	-0.400240
1178.602731	-0.431900
1179.292779	-0.452460
1179.982828	-0.461490
1180.672876	-0.458980
1181.362924	-0.445350
1182.052973	-0.421340
1182.743021	-0.387840
1183.433070	-0.345760
1184.123118	-0.296010
1184.813167	-0.239540
1185.503215	-0.177500
1186.193263	-0.111390
1186.883312	-0.042980
1187.573360	0.025770
1188.263409	0.092980
1188.953457	0.156890
1189.643506	0.216090
1190.333554	0.269610
1191.023603	0.316910
1191.713651	0.358000
1192.403699	0.393350
1193.093748	0.423880
1193.783796	0.450720
1194.473845	0.475060
1195.163893	0.497850
1195.853942	0.519660
1196.543990	0.540660
1197.234038	0.560590
1197.924087	0.578960
1198.614135	0.595110
1199.304184	0.608240
1199.994232	0.617370
1200.684281	0.621410
1201.374329	0.619100
1202.064378	0.609170
1202.754426	0.590480
1203.444474	0.562220
1204.134523	0.524010
1204.824571	0.475910
1205.514620	0.418260
1206.204668	0.351640
1206.894717	0.276910
1207.584765	0.195520
1208.274813	0.109730
1208.964862	0.022520
1209.654910	-0.063030
1210.344959	-0.144540
1211.035007	-0.220680
1211.725056	-0.291150
1212.415104	-0.356020
1213.105153	-0.415120
1213.795201	-0.467880
1214.485249	-0.513750
1215.175298	-0.552680
1215.865346	-0.585560
1216.555395	-0.614120
1217.245443	-0.640610
1217.935492	-0.667170
1218.625540	-0.695590
1219.315588	-0.726920
1220.005637	-0.761220
1220.695685	-0.797360
1221.385734	-0.832850
1222.075782	-0.863810
1222.765831	-0.885000
1223.455879	-0.890090
1224.145928	-0.872160
1224.835976	-0.824690
1225.526024	-0.742850
1226.216073	-0.625140
1226.906121	-0.475020
1227.596170	-0.301230
