0.000000	0.128320
0.690009	0.023110
1.380017	-0.106330
2.070026	-0.257070
2.760034	-0.423580
3.450043	-0.598250
4.140051	-0.771940
4.830060	-0.934910
5.520069	-1.077910
6.210077	-1.193140
6.900086	-1.275000
7.590094	-1.320430
8.280103	-1.328870
8.970112	-1.301770
9.660120	-1.242040
10.350129	-1.153410
11.040137	-1.040040
11.730146	-0.906210
12.420154	-0.756300
13.110163	-0.594780
13.800172	-0.426350
14.490180	-0.255950
15.180189	-0.088530
15.870197	0.071200
16.560206	0.219130
17.250214	0.351990
17.940223	0.467380
18.630232	0.563830
19.320240	0.640620
20.010249	0.697780
20.700257	0.735970
21.390266	0.756360
22.080275	0.760370
22.770283	0.749370
23.460292	0.724510
24.150300	0.686720
24.840309	0.637040
25.530317	0.576980
26.220326	0.508860
26.910335	0.435850
27.600343	0.361750
28.290352	0.290480
28.980360	0.225520
29.670369	0.169520
30.360377	0.124090
31.050386	0.089780
31.740395	0.066250
32.430403	0.052550
33.120412	0.047360
33.810420	0.049130
34.500429	0.056280
35.190438	0.067210
35.880446	0.080270
36.570455	0.093650
37.260463	0.105170
37.950472	0.112380
38.640480	0.112640
39.330489	0.103380
40.020498	0.082670
40.710506	0.049680
41.400515	0.005060
42.090523	-0.049000
42.780532	-0.109000
43.470540	-0.170590
44.160549	-0.229270
44.850558	-0.280990
45.540566	-0.322600
46.230575	-0.351980
46.920583	-0.368160
47.610592	-0.371310
48.300601	-0.362510
48.990609	-0.343530
49.680618	-0.316650
50.370626	-0.284370
51.060635	-0.249240
51.750643	-0.213560
52.440652	-0.179230
53.130661	-0.147480
53.820669	-0.118850
54.510678	-0.093230
55.200686	-0.070040
55.890695	-0.048620
56.580704	-0.028460
57.270712	-0.009400
57.960721	0.008410
58.650729	0.024730
59.340738	0.039450
60.030746	0.052680
60.720755	0.064770
61.410764	0.076070
62.100772	0.086730
62.790781	0.096690
63.480789	0.105760
64.170798	0.113670
64.860806	0.120180
65.550815	0.124980
66.240824	0.127780
66.930832	0.128400
67.620841	0.126800
68.310849	0.123320
69.000858	0.118680
69.690867	0.113830
70.380875	0.109610
71.070884	0.106490
71.760892	0.104310
72.450901	0.102210
73.140909	0.098750
73.830918	0.092300
74.520927	0.081540
75.210935	0.065750
75.900944	0.045190
76.590952	0.021120
77.280961	-0.004430
77.970969	-0.029020
78.660978	-0.050130
79.350987	-0.065620
80.040995	-0.073940
80.731004	-0.074260
81.421012	-0.066620
82.111021	-0.051900
82.801030	-0.031750
83.491038	-0.008290
84.181047	0.016200
84.871055	0.039670
85.561064	0.060480
86.251072	0.077510
86.941081	0.090150
87.631090	0.098190
88.321098	0.101780
89.011107	0.101320
89.701115	0.097340
90.391124	0.090360
91.081132	0.080800
91.771141	0.069030
92.461150	0.055380
93.151158	0.040250
93.841167	0.024220
94.531175	0.008010
95.221184	-0.007560
95.911193	-0.021630
96.601201	-0.033400
97.291210	-0.042260
97.981218	-0.047840
98.671227	-0.050070
99.361235	-0.049210
100.051244	-0.045750
100.741253	-0.040320
101.431261	-0.033560
102.121270	-0.025950
102.811278	-0.017850
103.501287	-0.009510
104.191295	-0.001070
104.881304	0.007310
105.571313	0.015350
106.261321	0.022690
106.951330	0.028830
107.641338	0.033250
108.331347	0.035570
109.021356	0.035640
109.711364	0.033650
110.401373	0.030070
111.091381	0.025650
111.781390	0.021220
112.471398	0.017560
113.161407	0.015310
113.851416	0.014810
114.541424	0.016090
115.231433	0.018860
115.921441	0.022660
116.611450	0.026910
117.301458	0.031020
117.991467	0.034450
118.681476	0.036750
119.371484	0.037610
120.061493	0.036860
120.751501	0.034510
121.441510	0.030750
122.131519	0.025890
122.821527	0.020370
123.511536	0.014580
124.201544	0.008880
124.891553	0.003450
125.581561	-0.001610
126.271570	-0.006300
126.961579	-0.010700
127.651587	-0.014960
128.341596	-0.019310
129.031604	-0.024040
129.721613	-0.029420
130.411621	-0.035640
131.101630	-0.042670
131.791639	-0.050150
132.481647	-0.057480
133.171656	-0.063900
133.861664	-0.068600
134.551673	-0.070940
135.241682	-0.070490
135.931690	-0.067060
136.621699	-0.060720
137.311707	-0.051700
138.001716	-0.040340
138.691724	-0.027030
139.381733	-0.012250
140.071742	0.003480
140.761750	0.019650
141.451759	0.035770
142.141767	0.051310
142.831776	0.065740
143.521785	0.078590
144.211793	0.089300
144.901802	0.097290
145.591810	0.102000
146.281819	0.102900
146.971827	0.099480
147.661836	0.091400
148.351845	0.078530
149.041853	0.061030
149.731862	0.039380
150.421870	0.014410
151.111879	-0.012710
151.801887	-0.040590
152.491896	-0.067600
153.181905	-0.091970
153.871913	-0.111910
154.561922	-0.125770
155.251930	-0.132290
155.941939	-0.130830
156.631948	-0.121460
157.321956	-0.105010
158.011965	-0.082810
158.701973	-0.056510
159.391982	-0.027730
160.081990	0.002030
160.771999	0.031640
161.462008	0.060330
162.152016	0.087530
162.842025	0.112770
163.532033	0.135580
164.222042	0.155400
164.912050	0.171670
165.602059	0.183990
166.292068	0.192220
166.982076	0.196510
167.672085	0.197220
168.362093	0.194850
169.052102	0.189990
169.742111	0.183220
170.432119	0.175160
171.122128	0.166520
171.812136	0.158020
172.502145	0.150360
173.192153	0.144020
173.882162	0.139080
174.572171	0.135110
175.262179	0.131130
175.952188	0.125840
176.642196	0.117880
177.332205	0.106210
178.022213	0.090280
178.712222	0.070040
179.402231	0.045930
180.092239	0.018700
180.782248	-0.010670
181.472256	-0.041110
182.162265	-0.071430
182.852274	-0.100470
183.542282	-0.127120
184.232291	-0.150390
184.922299	-0.169460
185.612308	-0.183810
186.302316	-0.193250
186.992325	-0.198080
187.682334	-0.199120
188.372342	-0.197590
189.062351	-0.194960
189.752359	-0.192700
190.442368	-0.192060
191.132376	-0.193850
191.822385	-0.198400
192.512394	-0.205590
193.202402	-0.215010
193.892411	-0.226020
194.582419	-0.237830
195.272428	-0.249470
195.962437	-0.259820
196.652445	-0.267740
197.342454	-0.272150
198.032462	-0.272240
198.722471	-0.267540
199.412479	-0.257910
200.102488	-0.243460
200.792497	-0.224470
201.482505	-0.201230
202.172514	-0.174040
202.862522	-0.143230
203.552531	-0.109140
204.242539	-0.072220
204.932548	-0.032980
205.622557	0.007950
206.312565	0.049830
207.002574	0.091880
207.692582	0.133280
208.382591	0.173320
209.072600	0.211400
209.762608	0.247210
210.452617	0.280760
211.142625	0.312370
211.832634	0.342680
212.522642	0.372530
213.212651	0.402880
213.902660	0.434670
214.592668	0.468580
215.282677	0.504870
215.972685	0.543220
216.662694	0.582640
217.352702	0.621520
218.042711	0.657740
218.732720	0.688740
219.422728	0.711650
220.112737	0.723310
220.802745	0.720350
221.492754	0.699230
222.182763	0.656460
222.872771	0.588990
223.562780	0.494720
224.252788	0.373350
224.942797	0.227080
225.632805	0.060960
226.322814	-0.117320
227.012823	-0.298410
227.702831	-0.472480
228.392840	-0.630640
229.082848	-0.765920
229.772857	-0.873680
230.462866	-0.951590
231.152874	-0.999110
231.842883	-1.017100
232.532891	-1.007460
233.222900	-0.972890
233.912908	-0.916820
234.602917	-0.843210
235.292926	-0.756430
235.982934	-0.660980
236.672943	-0.561110
237.362951	-0.460620
238.052960	-0.362660
238.742968	-0.269570
239.432977	-0.182970
240.122986	-0.103760
240.812994	-0.032440
241.503003	0.030850
242.193011	0.086110
242.883020	0.133450
243.573029	0.173040
244.263037	0.205150
244.953046	0.230230
245.643054	0.249010
246.333063	0.262440
247.023071	0.271750
247.713080	0.278280
248.403089	0.283400
249.093097	0.288290
249.783106	0.293880
250.473114	0.300710
251.163123	0.308850
251.853131	0.317900
252.543140	0.327050
253.233149	0.335250
253.923157	0.341480
254.613166	0.345020
255.303174	0.345520
255.993183	0.343040
256.683192	0.337900
257.373200	0.330680
258.063209	0.322060
258.753217	0.312830
259.443226	0.303650
260.133234	0.294780
260.823243	0.285810
261.513252	0.275560
262.203260	0.262120
262.893269	0.243240
263.583277	0.216720
264.273286	0.180950
264.963294	0.135330
265.653303	0.080640
266.343312	0.019060
267.033320	-0.046030
267.723329	-0.110640
268.413337	-0.170810
269.103346	-0.223240
269.793355	-0.265660
270.483363	-0.296970
271.173372	-0.317160
271.863380	-0.327040
272.553389	-0.327980
273.243397	-0.321690
273.933406	-0.309960
274.623415	-0.294460
275.313423	-0.276640
276.003432	-0.257680
276.693440	-0.238540
277.383449	-0.219960
278.073457	-0.202470
278.763466	-0.186500
279.453475	-0.172290
280.143483	-0.159900
280.833492	-0.149110
281.523500	-0.139510
282.213509	-0.130490
282.903518	-0.121440
283.593526	-0.111700
284.283535	-0.100640
284.973543	-0.087610
285.663552	-0.072040
286.353560	-0.053590
287.043569	-0.032350
287.733578	-0.009020
288.423586	0.015130
289.113595	0.038590
289.803603	0.059890
290.493612	0.077900
291.183620	0.091990
291.873629	0.101950
292.563638	0.107980
293.253646	0.110450
293.943655	0.109890
294.633663	0.106920
295.323672	0.102260
296.013681	0.096640
296.703689	0.090750
297.393698	0.085170
298.083706	0.080270
298.773715	0.076160
299.463723	0.072710
300.153732	0.069680
300.843741	0.066780
301.533749	0.063820
302.223758	0.060760
302.913766	0.057720
303.603775	0.054840
304.293783	0.052290
304.983792	0.050190
305.673801	0.048580
306.363809	0.047570
307.053818	0.047310
307.743826	0.048010
308.433835	0.049880
309.123844	0.052960
309.813852	0.057030
310.503861	0.061610
311.193869	0.066010
311.883878	0.069460
312.573886	0.071340
313.263895	0.071300
313.953904	0.069330
314.643912	0.065780
315.333921	0.061190
316.023929	0.056210
316.713938	0.051400
317.403947	0.047110
318.093955	0.043430
318.783964	0.040130
319.473972	0.036770
320.163981	0.032800
320.853989	0.027720
321.543998	0.021280
322.234007	0.013510
322.924015	0.004760
323.614024	-0.004390
324.304032	-0.013280
324.994041	-0.021360
325.684049	-0.028340
326.374058	-0.034280
327.064067	-0.039500
327.754075	-0.044400
328.444084	-0.049350
329.134092	-0.054510
329.824101	-0.059790
330.514110	-0.064890
331.204118	-0.069340
331.894127	-0.072580
332.584135	-0.074030
333.274144	-0.073160
333.964152	-0.069570
334.654161	-0.063040
335.344170	-0.053650
336.034178	-0.041720
336.724187	-0.027720
337.414195	-0.012230
338.104204	0.004170
338.794212	0.020950
339.484221	0.037580
340.174230	0.053450
340.864238	0.067920
341.554247	0.080310
342.244255	0.089970
342.934264	0.096390
343.624273	0.099280
344.314281	0.098670
345.004290	0.094840
345.694298	0.088330
346.384307	0.079810
347.074315	0.070060
347.764324	0.059810
348.454333	0.049730
349.144341	0.040320
349.834350	0.031890
350.524358	0.024520
351.214367	0.018100
351.904375	0.012380
352.594384	0.007150
353.284393	0.002290
353.974401	-0.002150
354.664410	-0.006010
355.354418	-0.009070
356.044427	-0.011250
356.734436	-0.012530
357.424444	-0.013010
358.114453	-0.012800
358.804461	-0.011990
359.494470	-0.010650
360.184478	-0.008860
360.874487	-0.006660
361.564496	-0.004200
362.254504	-0.001780
362.944513	0.000080
363.634521	0.000650
364.324530	-0.000940
365.014538	-0.005500
365.704547	-0.013540
366.394556	-0.025010
367.084564	-0.039150
367.774573	-0.054570
368.464581	-0.069350
369.154590	-0.081330
369.844599	-0.088490
370.534607	-0.089270
371.224616	-0.082920
371.914624	-0.069540
372.604633	-0.050200
373.294641	-0.026730
373.984650	-0.001480
374.674659	0.023060
375.364667	0.044650
376.054676	0.061510
376.744684	0.072600
377.434693	0.077680
378.124701	0.077230
378.814710	0.072330
379.504719	0.064330
380.194727	0.054580
380.884736	0.044130
381.574744	0.033670
382.264753	0.023440
382.954762	0.013390
383.644770	0.003360
384.334779	-0.006860
385.024787	-0.017410
385.714796	-0.028330
386.404804	-0.039630
387.094813	-0.051150
387.784822	-0.062540
388.474830	-0.073220
389.164839	-0.082390
389.854847	-0.089110
390.544856	-0.092530
391.234864	-0.091950
391.924873	-0.086970
392.614882	-0.077480
393.304890	-0.063630
393.994899	-0.045770
394.684907	-0.024450
395.374916	-0.000330
396.064925	0.025770
396.754933	0.052950
397.444942	0.080240
398.134950	0.106700
398.824959	0.131450
399.514967	0.153710
400.204976	0.172780
400.894985	0.187970
401.584993	0.198600
402.275002	0.204040
402.965010	0.203820
403.655019	0.197790
404.345028	0.186320
405.035036	0.170440
405.725045	0.151860
406.415053	0.132740
407.105062	0.115340
407.795070	0.101590
408.485079	0.092690
409.175088	0.088850
409.865096	0.089320
410.555105	0.092690
411.245113	0.097300
411.935122	0.101630
412.625130	0.104500
413.315139	0.105130
414.005148	0.102850
414.695156	0.096930
415.385165	0.086450
416.075173	0.070450
416.765182	0.048270
417.455191	0.019940
418.145199	-0.013510
418.835208	-0.049990
419.525216	-0.086530
420.215225	-0.119930
420.905233	-0.147360
421.595242	-0.166980
422.285251	-0.178060
422.975259	-0.181020
423.665268	-0.177010
424.355276	-0.167530
425.045285	-0.154050
425.735293	-0.137820
426.425302	-0.119780
427.115311	-0.100610
427.805319	-0.080870
428.495328	-0.061120
429.185336	-0.042070
429.875345	-0.024530
430.565354	-0.009330
431.255362	0.002770
431.945371	0.011200
432.635379	0.015760
433.325388	0.016540
434.015396	0.013930
434.705405	0.008620
435.395414	0.001410
436.085422	-0.006860
436.775431	-0.015420
437.465439	-0.023740
438.155448	-0.031520
438.845456	-0.038710
439.535465	-0.045400
440.225474	-0.051760
440.915482	-0.057860
441.605491	-0.063710
442.295499	-0.069150
442.985508	-0.073910
443.675517	-0.077670
444.365525	-0.080130
445.055534	-0.081040
445.745542	-0.080250
446.435551	-0.077670
447.125559	-0.073380
447.815568	-0.067550
448.505577	-0.060590
449.195585	-0.053080
449.885594	-0.045790
450.575602	-0.039510
451.265611	-0.034950
451.955619	-0.032610
452.645628	-0.032730
453.335637	-0.035310
454.025645	-0.040120
454.715654	-0.046730
455.405662	-0.054540
456.095671	-0.062800
456.785680	-0.070670
457.475688	-0.077220
458.165697	-0.081500
458.855705	-0.082630
459.545714	-0.079930
460.235722	-0.073000
460.925731	-0.061780
461.615740	-0.046510
462.305748	-0.027690
462.995757	-0.005890
463.685765	0.018340
464.375774	0.044580
465.065782	0.072520
465.755791	0.101990
466.445800	0.132840
467.135808	0.164800
467.825817	0.197430
468.515825	0.230040
469.205834	0.261740
469.895843	0.291480
470.585851	0.318080
471.275860	0.340350
471.965868	0.357120
472.655877	0.367290
473.345885	0.369880
474.035894	0.364140
474.725903	0.349550
475.415911	0.325900
476.105920	0.293220
476.795928	0.251830
477.485937	0.202410
478.175945	0.146130
478.865954	0.084710
479.555963	0.020530
480.245971	-0.043550
480.935980	-0.104530
481.625988	-0.159640
482.315997	-0.206740
483.006006	-0.244450
483.696014	-0.272090
484.386023	-0.289490
485.076031	-0.296730
485.766040	-0.294130
486.456048	-0.282240
487.146057	-0.261880
487.836066	-0.234160
488.526074	-0.200440
489.216083	-0.162300
489.906091	-0.121430
490.596100	-0.079670
491.286109	-0.038850
491.976117	-0.000610
492.666126	0.033830
493.356134	0.063860
494.046143	0.089340
494.736151	0.110540
495.426160	0.127970
496.116169	0.142300
496.806177	0.154420
497.496186	0.165390
498.186194	0.176300
498.876203	0.187890
499.566211	0.200200
500.256220	0.212340
500.946229	0.222540
501.636237	0.228450
502.326246	0.227650
503.016254	0.218120
503.706263	0.198640
504.396272	0.168990
505.086280	0.129930
505.776289	0.083110
506.466297	0.030800
507.156306	-0.024370
507.846314	-0.079720
508.536323	-0.132700
509.226332	-0.181060
509.916340	-0.222880
510.606349	-0.256570
511.296357	-0.280860
511.986366	-0.294910
512.676374	-0.298370
513.366383	-0.291490
514.056392	-0.275090
514.746400	-0.250540
515.436409	-0.219610
516.126417	-0.184260
516.816426	-0.146540
517.506435	-0.108420
518.196443	-0.071740
518.886452	-0.038090
519.576460	-0.008750
520.266469	0.015410
520.956477	0.033960
521.646486	0.046910
522.336495	0.054630
523.026503	0.057820
523.716512	0.057360
524.406520	0.054180
525.096529	0.049130
525.786537	0.042840
526.476546	0.035670
527.166555	0.027770
527.856563	0.019120
528.546572	0.009750
529.236580	-0.000230
529.926589	-0.010630
530.616598	-0.021160
531.306606	-0.031530
531.996615	-0.041410
532.686623	-0.050420
533.376632	-0.058100
534.066640	-0.063800
534.756649	-0.066720
535.446658	-0.065970
536.136666	-0.060750
536.826675	-0.050460
537.516683	-0.035040
538.206692	-0.015060
538.896700	0.008250
539.586709	0.033240
540.276718	0.058320
540.966726	0.082100
541.656735	0.103600
542.346743	0.122170
543.036752	0.137370
543.726761	0.148840
544.416769	0.156300
545.106778	0.159700
545.796786	0.159210
546.486795	0.155270
547.176803	0.148490
547.866812	0.139570
548.556821	0.129180
549.246829	0.117930
549.936838	0.106340
550.626846	0.094800
551.316855	0.083530
552.006863	0.072620
552.696872	0.062080
553.386881	0.051870
554.076889	0.041980
554.766898	0.032500
555.456906	0.023580
556.146915	0.015390
556.836924	0.008060
557.526932	0.001670
558.216941	-0.003770
558.906949	-0.008330
559.596958	-0.012170
560.286966	-0.015530
560.976975	-0.018700
561.666984	-0.021990
562.356992	-0.025640
563.047001	-0.029750
563.737009	-0.034270
564.427018	-0.038980
565.117026	-0.043620
565.807035	-0.047950
566.497044	-0.051790
567.187052	-0.055010
567.877061	-0.057460
568.567069	-0.059010
569.257078	-0.059430
569.947087	-0.058500
570.637095	-0.056090
571.327104	-0.052190
572.017112	-0.046920
572.707121	-0.040460
573.397129	-0.033000
574.087138	-0.024590
574.777147	-0.015240
575.467155	-0.004990
576.157164	0.006020
576.847172	0.017420
577.537181	0.028690
578.227190	0.039090
578.917198	0.047850
579.607207	0.054280
580.297215	0.057850
580.987224	0.058350
581.677232	0.055930
582.367241	0.051080
583.057250	0.044550
583.747258	0.037190
584.437267	0.029770
585.127275	0.023010
585.817284	0.017550
586.507292	0.013920
587.197301	0.012530
587.887310	0.013650
588.577318	0.017310
589.267327	0.023250
589.957335	0.031000
590.647344	0.039880
591.337353	0.049140
592.027361	0.058040
592.717370	0.065900
593.407378	0.072180
594.097387	0.076500
594.787395	0.078590
595.477404	0.078250
596.167413	0.075410
596.857421	0.070070
597.547430	0.062400
598.237438	0.052760
598.927447	0.041730
599.617455	0.030060
600.307464	0.018580
600.997473	0.008060
601.687481	-0.000860
602.377490	-0.007780
603.067498	-0.012620
603.757507	-0.015670
604.447516	-0.017540
605.137524	-0.019060
605.827533	-0.021120
606.517541	-0.024410
607.207550	-0.029230
607.897558	-0.035400
608.587567	-0.042310
609.277576	-0.049020
609.967584	-0.054550
610.657593	-0.058090
611.347601	-0.059170
612.037610	-0.057690
612.727618	-0.053810
613.417627	-0.047930
614.107636	-0.040550
614.797644	-0.032150
615.487653	-0.023260
616.177661	-0.014320
616.867670	-0.005640
617.557679	0.002540
618.247687	0.010110
618.937696	0.017070
619.627704	0.023400
620.317713	0.029060
621.007721	0.033900
621.697730	0.037630
622.387739	0.039890
623.077747	0.040330
623.767756	0.038690
624.457764	0.034980
625.147773	0.029470
625.837781	0.022720
626.527790	0.015500
627.217799	0.008650
627.907807	0.002900
628.597816	-0.001320
629.287824	-0.004000
629.977833	-0.005590
630.667842	-0.006800
631.357850	-0.008500
632.047859	-0.011350
632.737867	-0.015700
633.427876	-0.021480
634.117884	-0.028270
634.807893	-0.035390
635.497902	-0.042050
636.187910	-0.047500
636.877919	-0.051210
637.567927	-0.052920
638.257936	-0.052690
638.947944	-0.050880
639.637953	-0.048030
640.327962	-0.044780
641.017970	-0.041640
641.707979	-0.039000
642.397987	-0.036990
643.087996	-0.035570
643.778005	-0.034550
644.468013	-0.033690
645.158022	-0.032710
645.848030	-0.031250
646.538039	-0.028950
647.228047	-0.025400
647.918056	-0.020240
648.608065	-0.013200
649.298073	-0.004090
649.988082	0.007200
650.678090	0.020720
651.368099	0.036480
652.058107	0.054430
652.748116	0.074480
653.438125	0.096510
654.128133	0.120350
654.818142	0.145900
655.508150	0.173030
656.198159	0.201490
656.888168	0.230780
657.578176	0.259940
658.268185	0.287510
658.958193	0.311530
659.648202	0.329820
660.338210	0.340150
661.028219	0.340550
661.718228	0.329540
662.408236	0.306280
663.098245	0.270850
663.788253	0.224510
664.478262	0.169960
665.168271	0.111320
665.858279	0.053610
666.548288	0.001700
667.238296	-0.040660
667.928305	-0.071590
668.618313	-0.091260
669.308322	-0.101470
669.998331	-0.104820
670.688339	-0.104030
671.378348	-0.101560
672.068356	-0.099340
672.758365	-0.098660
673.448373	-0.099970
674.138382	-0.102810
674.828391	-0.105910
675.518399	-0.107690
676.208408	-0.106790
676.898416	-0.102580
677.588425	-0.095300
678.278434	-0.085780
678.968442	-0.074850
679.658451	-0.063040
680.348459	-0.050560
681.038468	-0.037570
681.728476	-0.024380
682.418485	-0.011560
683.108494	0.000040
683.798502	0.009510
684.488511	0.016080
685.178519	0.019060
685.868528	0.017940
686.558536	0.012360
687.248545	0.002160
687.938554	-0.012610
688.628562	-0.031590
689.318571	-0.054170
690.008579	-0.079480
690.698588	-0.106470
691.388597	-0.134090
692.078605	-0.161420
692.768614	-0.187660
693.458622	-0.212130
694.148631	-0.234260
694.838639	-0.253490
695.528648	-0.269330
696.218657	-0.281330
696.908665	-0.289120
697.598674	-0.292410
698.288682	-0.290960
698.978691	-0.284550
699.668699	-0.272950
700.358708	-0.255810
701.048717	-0.232720
701.738725	-0.203200
702.428734	-0.166780
703.118742	-0.123100
703.808751	-0.071960
704.498760	-0.013380
705.188768	0.052300
705.878777	0.124370
706.568785	0.201540
707.258794	0.281970
707.948802	0.363230
708.638811	0.442460
709.328820	0.516510
710.018828	0.582250
710.708837	0.636710
711.398845	0.677260
712.088854	0.701580
712.778862	0.707720
713.468871	0.693890
714.158880	0.658480
714.848888	0.599970
715.538897	0.517350
716.228905	0.410610
716.918914	0.281390
717.608923	0.133800
718.298931	-0.025160
718.988940	-0.185700
719.678948	-0.336060
720.368957	-0.463960
721.058965	-0.558490
721.748974	-0.612050
722.438983	-0.621630
723.128991	-0.589120
723.819000	-0.520370
724.509008	-0.423820
725.199017	-0.308980
725.889025	-0.185330
726.579034	-0.061700
727.269043	0.053830
727.959051	0.154120
728.649060	0.233360
729.339068	0.287440
730.029077	0.314350
730.719086	0.314340
731.409094	0.289930
732.099103	0.245650
732.789111	0.187600
733.479120	0.122530
734.169128	0.057000
734.859137	-0.003480
735.549146	-0.055080
736.239154	-0.095750
736.929163	-0.125190
737.619171	-0.144380
738.309180	-0.155080
738.999188	-0.159430
739.689197	-0.159470
740.379206	-0.156870
741.069214	-0.152800
741.759223	-0.147950
742.449231	-0.142690
743.139240	-0.137170
743.829249	-0.131460
744.519257	-0.125550
745.209266	-0.119320
745.899274	-0.112510
746.589283	-0.104730
747.279291	-0.095570
747.969300	-0.084720
748.659309	-0.072040
749.349317	-0.057580
750.039326	-0.041610
750.729334	-0.024540
751.419343	-0.006940
752.109352	0.010490
752.799360	0.027040
753.489369	0.042100
754.179377	0.055260
754.869386	0.066320
755.559394	0.075350
756.249403	0.082510
756.939412	0.088040
757.629420	0.092140
758.319429	0.094900
759.009437	0.096310
759.699446	0.096220
760.389454	0.094400
761.079463	0.090580
761.769472	0.084550
762.459480	0.076230
763.149489	0.065730
763.839497	0.053390
764.529506	0.039820
765.219515	0.025920
765.909523	0.012660
766.599532	0.000990
767.289540	-0.008400
767.979549	-0.015060
768.669557	-0.019000
769.359566	-0.020480
770.049575	-0.019980
770.739583	-0.018030
771.429592	-0.015100
772.119600	-0.011460
772.809609	-0.007220
773.499617	-0.002300
774.189626	0.003450
774.879635	0.010100
775.569643	0.017590
776.259652	0.025650
776.949660	0.033930
777.639669	0.042050
778.329678	0.049680
779.019686	0.056500
779.709695	0.062120
780.399703	0.066010
781.089712	0.067600
781.779720	0.066540
782.469729	0.062920
783.159738	0.057290
783.849746	0.050620
784.539755	0.044070
785.229763	0.038790
785.919772	0.035560
786.609780	0.034750
787.299789	0.036180
787.989798	0.039290
788.679806	0.043310
789.369815	0.047450
790.059823	0.051170
790.749832	0.054180
791.439841	0.056440
792.129849	0.058120
792.819858	0.059470
793.509866	0.060780
794.199875	0.062240
794.889883	0.063870
795.579892	0.065410
796.269901	0.066400
796.959909	0.066200
797.649918	0.064200
798.339926	0.059940
799.029935	0.053120
799.719943	0.043650
800.409952	0.031700
801.099961	0.017630
801.789969	0.002050
802.479978	-0.014300
803.169986	-0.030560
803.859995	-0.045920
804.550004	-0.059700
805.240012	-0.071370
805.930021	-0.080590
806.620029	-0.087110
807.310038	-0.090750
808.000046	-0.091300
808.690055	-0.088590
809.380064	-0.082590
810.070072	-0.073380
810.760081	-0.061230
811.450089	-0.046690
812.140098	-0.030540
812.830106	-0.013660
813.520115	0.002940
814.210124	0.018290
814.900132	0.031590
815.590141	0.042270
816.280149	0.049980
816.970158	0.054700
817.660167	0.056640
818.350175	0.056260
819.040184	0.054200
819.730192	0.051180
820.420201	0.047890
821.110209	0.044830
821.800218	0.042280
822.490227	0.040280
823.180235	0.038750
823.870244	0.037450
824.560252	0.036130
825.250261	0.034490
825.940269	0.032210
826.630278	0.029070
827.320287	0.025020
828.010295	0.020160
828.700304	0.014880
829.390312	0.009680
830.080321	0.005090
830.770330	0.001470
831.460338	-0.001020
832.150347	-0.002640
832.840355	-0.003940
833.530364	-0.005720
834.220372	-0.008780
834.910381	-0.013670
835.600390	-0.020460
836.290398	-0.028810
836.980407	-0.037960
837.670415	-0.046940
838.360424	-0.054690
839.050432	-0.060310
839.740441	-0.063100
840.430450	-0.062640
841.120458	-0.058880
841.810467	-0.052120
842.500475	-0.042900
843.190484	-0.031930
843.880493	-0.020060
844.570501	-0.008050
845.260510	0.003360
845.950518	0.013580
846.640527	0.022180
847.330535	0.028780
848.020544	0.033090
848.710553	0.034920
849.400561	0.034320
850.090570	0.031600
850.780578	0.027390
851.470587	0.022540
852.160596	0.017980
852.850604	0.014450
853.540613	0.012420
854.230621	0.012030
854.920630	0.013230
855.610638	0.015860
856.300647	0.019770
856.990656	0.024870
857.680664	0.031130
858.370673	0.038470
859.060681	0.046770
859.750690	0.055850
860.440698	0.065440
861.130707	0.075150
861.820716	0.084430
862.510724	0.092550
863.200733	0.098620
863.890741	0.101760
864.580750	0.101160
865.270759	0.096340
865.960767	0.087120
866.650776	0.073700
867.340784	0.056540
868.030793	0.036350
868.720801	0.013920
869.410810	-0.009890
870.100819	-0.034240
870.790827	-0.058200
871.480836	-0.080820
872.170844	-0.101130
872.860853	-0.118140
873.550861	-0.130950
874.240870	-0.138850
874.930879	-0.141550
875.620887	-0.139300
876.310896	-0.132990
877.000904	-0.123980
877.690913	-0.113820
878.380922	-0.103890
879.070930	-0.095100
879.760939	-0.087710
880.450947	-0.081480
881.140956	-0.075790
881.830964	-0.069890
882.520973	-0.063070
883.210982	-0.054770
883.900990	-0.044580
884.590999	-0.032140
885.281007	-0.017290
885.971016	0.000010
886.661024	0.019560
887.351033	0.040870
888.041042	0.063160
888.731050	0.085570
889.421059	0.107380
890.111067	0.128190
890.801076	0.148020
891.491085	0.167330
892.181093	0.186950
892.871102	0.207840
893.561110	0.230900
894.251119	0.256760
894.941127	0.285630
895.631136	0.317060
896.321145	0.349900
897.011153	0.382250
897.701162	0.411540
898.391170	0.434610
899.081179	0.447990
899.771187	0.448200
900.461196	0.432200
901.151205	0.397920
901.841213	0.344970
902.531222	0.275100
903.221230	0.192040
903.911239	0.100960
904.601248	0.007720
905.291256	-0.081980
905.981265	-0.163250
906.671273	-0.232520
907.361282	-0.287910
908.051290	-0.329410
908.741299	-0.358620
909.431308	-0.378070
910.121316	-0.390330
910.811325	-0.397110
911.501333	-0.399000
912.191342	-0.395720
912.881350	-0.386600
913.571359	-0.371240
914.261368	-0.349840
914.951376	-0.323320
915.641385	-0.293200
916.331393	-0.261340
917.021402	-0.229450
917.711411	-0.198880
918.401419	-0.170450
919.091428	-0.144390
919.781436	-0.120460
920.471445	-0.098200
921.161453	-0.077090
921.851462	-0.056710
922.541471	-0.036780
923.231479	-0.017250
923.921488	0.001700
924.611496	0.019660
925.301505	0.036140
925.991513	0.050570
926.681522	0.062440
927.371531	0.071410
928.061539	0.077240
928.751548	0.079710
929.441556	0.078650
930.131565	0.073940
930.821574	0.065660
931.511582	0.054150
932.201591	0.040030
932.891599	0.024030
933.581608	0.006920
934.271616	-0.010620
934.961625	-0.028050
935.651634	-0.044790
936.341642	-0.060140
937.031651	-0.073180
937.721659	-0.082760
938.411668	-0.087670
939.101677	-0.086870
939.791685	-0.079630
940.481694	-0.065770
941.171702	-0.045690
941.861711	-0.020360
942.551719	0.008770
943.241728	0.039900
943.931737	0.071180
944.621745	0.100770
945.311754	0.127090
946.001762	0.148830
946.691771	0.165060
947.381779	0.175320
948.071788	0.179670
948.761797	0.178790
949.451805	0.173880
950.141814	0.166620
950.831822	0.158810
951.521831	0.152110
952.211840	0.147730
952.901848	0.146240
953.591857	0.147500
954.281865	0.150760
954.971874	0.154880
955.661882	0.158580
956.351891	0.160620
957.041900	0.160130
957.731908	0.156770
958.421917	0.151000
959.111925	0.144120
959.801934	0.138000
960.491942	0.134550
961.181951	0.135080
961.871960	0.139890
962.561968	0.148230
963.251977	0.158520
963.941985	0.168880
964.631994	0.177500
965.322003	0.183050
966.012011	0.184670
966.702020	0.182010
967.392028	0.175110
968.082037	0.164120
968.772045	0.149070
969.462054	0.129820
970.152063	0.106150
970.842071	0.077920
971.532080	0.045430
972.222088	0.009610
972.912097	-0.027870
973.602105	-0.064790
974.292114	-0.098490
974.982123	-0.126430
975.672131	-0.146660
976.362140	-0.158100
977.052148	-0.160830
977.742157	-0.156190
978.432166	-0.146530
979.122174	-0.134740
979.812183	-0.123870
980.502191	-0.116630
981.192200	-0.114950
981.882208	-0.119810
982.572217	-0.131150
983.262226	-0.147880
983.952234	-0.168100
984.642243	-0.189460
985.332251	-0.209610
986.022260	-0.226490
986.712268	-0.238570
987.402277	-0.245030
988.092286	-0.245680
988.782294	-0.240950
989.472303	-0.231650
990.162311	-0.218660
990.852320	-0.202590
991.542329	-0.183640
992.232337	-0.161790
992.922346	-0.137090
993.612354	-0.109840
994.302363	-0.080840
994.992371	-0.051210
995.682380	-0.022140
996.372389	0.005210
997.062397	0.029870
997.752406	0.051290
998.442414	0.069310
999.132423	0.084230
999.822431	0.096720
1000.512440	0.107450
1001.202449	0.116870
1001.892457	0.124930
1002.582466	0.131110
1003.272474	0.134480
1003.962483	0.134000
1004.652492	0.128600
1005.342500	0.117480
1006.032509	0.100220
1006.722517	0.077100
1007.412526	0.049220
1008.102534	0.018450
1008.792543	-0.012680
1009.482552	-0.041420
1010.172560	-0.065000
1010.862569	-0.080950
1011.552577	-0.087270
1012.242586	-0.082680
1012.932594	-0.067020
1013.622603	-0.041380
1014.312612	-0.008180
1015.002620	0.029290
1015.692629	0.067510
1016.382637	0.103300
1017.072646	0.134340
1017.762655	0.159250
1018.452663	0.177370
1019.142672	0.188610
1019.832680	0.193130
1020.522689	0.191330
1021.212697	0.183720
1021.902706	0.171000
1022.592715	0.153910
1023.282723	0.133240
1023.972732	0.109830
1024.662740	0.084600
1025.352749	0.058520
1026.042758	0.032680
1026.732766	0.008250
1027.422775	-0.013680
1028.112783	-0.032140
1028.802792	-0.046460
1029.492800	-0.056320
1030.182809	-0.061760
1030.872818	-0.063100
1031.562826	-0.060870
1032.252835	-0.055630
1032.942843	-0.047920
1033.632852	-0.038250
1034.322860	-0.027060
1035.012869	-0.014790
1035.702878	-0.001900
1036.392886	0.011100
1037.082895	0.023610
1037.772903	0.034820
1038.462912	0.043730
1039.152921	0.049280
1039.842929	0.050540
1040.532938	0.046940
1041.222946	0.038540
1041.912955	0.026070
1042.602963	0.010850
1043.292972	-0.005350
1043.982981	-0.020710
1044.672989	-0.033540
1045.362998	-0.042600
1046.053006	-0.047290
1046.743015	-0.047610
1047.433023	-0.044160
1048.123032	-0.037910
1048.813041	-0.030010
1049.503049	-0.021630
1050.193058	-0.013830
1050.883066	-0.007510
1051.573075	-0.003400
1052.263084	-0.001880
1052.953092	-0.003020
1053.643101	-0.006480
1054.333109	-0.011610
1055.023118	-0.017660
1055.713126	-0.023840
1056.403135	-0.029420
1057.093144	-0.033810
1057.783152	-0.036610
1058.473161	-0.037440
1059.163169	-0.036060
1059.853178	-0.032350
1060.543186	-0.026320
1061.233195	-0.018090
1061.923204	-0.007960
1062.613212	0.003570
1063.303221	0.015880
1063.993229	0.028300
1064.683238	0.040190
1065.373247	0.051080
1066.063255	0.060690
1066.753264	0.068960
1067.443272	0.075950
1068.133281	0.081740
1068.823289	0.086430
1069.513298	0.090020
1070.203307	0.092420
1070.893315	0.093450
1071.583324	0.092900
1072.273332	0.090700
1072.963341	0.086950
1073.653349	0.081960
1074.343358	0.076230
1075.033367	0.070350
1075.723375	0.064820
1076.413384	0.059980
1077.103392	0.055890
1077.793401	0.052280
1078.483410	0.048610
1079.173418	0.044270
1079.863427	0.038730
1080.553435	0.031780
1081.243444	0.023490
1081.933452	0.014230
1082.623461	0.004620
1083.313470	-0.004630
1084.003478	-0.012760
1084.693487	-0.019100
1085.383495	-0.023170
1086.073504	-0.024840
1086.763512	-0.024310
1087.453521	-0.022030
1088.143530	-0.018570
1088.833538	-0.014500
1089.523547	-0.010230
1090.213555	-0.005910
1090.903564	-0.001480
1091.593573	0.003180
1092.283581	0.008060
1092.973590	0.012880
1093.663598	0.017070
1094.353607	0.019800
1095.043615	0.020160
1095.733624	0.017360
1096.423633	0.010840
1097.113641	0.000360
1097.803650	-0.013970
1098.493658	-0.031350
1099.183667	-0.050480
1099.873675	-0.069550
1100.563684	-0.086590
1101.253693	-0.099780
1101.943701	-0.107830
1102.633710	-0.110130
1103.323718	-0.106840
1104.013727	-0.098690
1104.703736	-0.086850
1105.393744	-0.072630
1106.083753	-0.057370
1106.773761	-0.042230
1107.463770	-0.028240
1108.153778	-0.016200
1108.843787	-0.006710
1109.533796	-0.000160
1110.223804	0.003360
1110.913813	0.004130
1111.603821	0.002750
1112.293830	0.000170
1112.983839	-0.002480
1113.673847	-0.003940
1114.363856	-0.002980
1115.053864	0.001390
1115.743873	0.009790
1116.433881	0.022270
1117.123890	0.038230
1117.813899	0.056540
1118.503907	0.075690
1119.193916	0.094000
1119.883924	0.109880
1120.573933	0.122040
1121.263941	0.129560
1121.953950	0.131970
1122.643959	0.129240
1123.333967	0.121670
1124.023976	0.109880
1124.713984	0.094850
1125.403993	0.077950
1126.094002	0.060850
1126.784010	0.045390
1127.474019	0.033340
1128.164027	0.026130
1128.854036	0.024710
1129.544044	0.029620
1130.234053	0.041010
1130.924062	0.058710
1131.614070	0.082260
1132.304079	0.110900
1132.994087	0.143580
1133.684096	0.179010
1134.374104	0.215730
1135.064113	0.252080
1135.754122	0.286280
1136.444130	0.316260
1137.134139	0.339630
1137.824147	0.353650
1138.514156	0.355450
1139.204165	0.342320
1139.894173	0.312270
1140.584182	0.264600
1141.274190	0.200390
1141.964199	0.122780
1142.654207	0.036640
1143.344216	-0.052360
1144.034225	-0.138960
1144.724233	-0.219140
1145.414242	-0.290680
1146.104250	-0.352870
1146.794259	-0.405960
1147.484267	-0.450320
1148.174276	-0.485990
1148.864285	-0.512580
1149.554293	-0.529490
1150.244302	-0.536130
1150.934310	-0.532140
1151.624319	-0.517500
1152.314328	-0.492520
1153.004336	-0.457740
1153.694345	-0.413980
1154.384353	-0.362250
1155.074362	-0.303880
1155.764370	-0.240420
1156.454379	-0.173580
1157.144388	-0.105170
1157.834396	-0.037000
1158.524405	0.029230
1159.214413	0.091990
1159.904422	0.149910
1160.594430	0.201850
1161.284439	0.246880
1161.974448	0.284350
1162.664456	0.313930
1163.354465	0.335670
1164.044473	0.349850
1164.734482	0.356870
1165.424491	0.357150
1166.114499	0.351010
1166.804508	0.338770
1167.494516	0.320860
1168.184525	0.297880
1168.874533	0.270610
1169.564542	0.239810
1170.254551	0.206160
1170.944559	0.170080
1171.634568	0.131680
1172.324576	0.090910
1173.014585	0.047660
1173.704593	0.002060
1174.394602	-0.045500
1175.084611	-0.094170
1175.774619	-0.142810
1176.464628	-0.190110
1177.154636	-0.234860
1177.844645	-0.276030
1178.534654	-0.312870
1179.224662	-0.344780
1179.914671	-0.371230
1180.604679	-0.391520
1181.294688	-0.404800
1181.984696	-0.410100
1182.674705	-0.406410
1183.364714	-0.392900
1184.054722	-0.369010
1184.744731	-0.334620
1185.434739	-0.290160
1186.124748	-0.236580
1186.814756	-0.175360
1187.504765	-0.108440
1188.194774	-0.038080
1188.884782	0.033240
1189.574791	0.103020
1190.264799	0.168890
1190.954808	0.228860
1191.644817	0.281550
1192.334825	0.326370
1193.024834	0.363560
1193.714842	0.394100
1194.404851	0.419490
1195.094859	0.441430
1195.784868	0.461540
1196.474877	0.481120
1197.164885	0.501030
1197.854894	0.521540
1198.544902	0.542370
1199.234911	0.562800
1199.924920	0.581810
1200.614928	0.598240
1201.304937	0.610860
1201.994945	0.618480
1202.684954	0.619920
1203.374962	0.613940
1204.064971	0.599300
1204.754980	0.574830
1205.444988	0.539460
1206.134997	0.492310
1206.825005	0.432890
1207.515014	0.361300
1208.205022	0.278570
1208.895031	0.186980
1209.585040	0.089870
1210.275048	-0.008860
1210.965057	-0.105730
1211.655065	-0.198240
1212.345074	-0.285210
1213.035083	-0.366350
1213.725091	-0.441580
1214.415100	-0.510560
1215.105108	-0.572670
1215.795117	-0.627380
1216.485125	-0.674780
1217.175134	-0.715770
1217.865143	-0.751930
1218.555151	-0.785190
1219.245160	-0.817250
1219.935168	-0.849150
1220.625177	-0.880800
1221.315185	-0.910670
1222.005194	-0.935610
1222.695203	-0.950820
1223.385211	-0.950130
1224.075220	-0.926740
1224.765228	-0.874300
1225.455237	-0.788490
1226.145246	-0.668640
1226.835254	-0.518720
1227.525263	-0.347210
