0.000000	0.021060
0.690001	0.002390
1.380002	-0.016050
2.070003	-0.032870
2.760004	-0.046860
3.450005	-0.057130
4.140006	-0.063210
4.830007	-0.064980
5.520008	-0.062700
6.210009	-0.056870
6.900010	-0.048300
7.590011	-0.037990
8.280012	-0.027030
8.970013	-0.016410
9.660014	-0.006870
10.350015	0.001180
11.040016	0.007590
11.730017	0.012370
12.420018	0.015550
13.110019	0.017170
13.800020	0.017310
14.490021	0.016150
15.180022	0.014000
15.870023	0.011290
16.560024	0.008530
17.250025	0.006240
17.940026	0.004940
18.630027	0.005130
19.320028	0.007130
20.010029	0.011130
20.700030	0.017180
21.390031	0.025270
22.080032	0.035310
22.770033	0.047120
23.460034	0.060390
24.150035	0.074650
24.840036	0.089160
25.530037	0.102910
26.220038	0.114650
26.910039	0.122790
27.600040	0.125440
28.290041	0.120750
28.980042	0.107340
29.670042	0.084870
30.360043	0.054430
31.050044	0.018530
31.740045	-0.019300
32.430046	-0.055240
33.120047	-0.085840
33.810048	-0.108640
34.500049	-0.122480
35.190050	-0.127490
35.880051	-0.124960
36.570052	-0.117040
37.260053	-0.106300
37.950054	-0.095350
38.640055	-0.086370
39.330056	-0.080660
40.020057	-0.078460
40.710058	-0.078960
41.400059	-0.080550
42.090060	-0.081260
42.780061	-0.079290
43.470062	-0.073420
44.160063	-0.063210
44.850064	-0.049010
45.540065	-0.031870
46.230066	-0.013420
46.920067	0.004330
47.610068	0.019270
48.300069	0.029330
48.990070	0.033020
49.680071	0.029790
50.370072	0.020340
51.060073	0.006410
51.750074	-0.009630
52.440075	-0.025460
53.130076	-0.039320
53.820077	-0.050320
54.510078	-0.058240
55.200079	-0.063220
55.890080	-0.065300
56.580081	-0.064140
57.270082	-0.058820
57.960083	-0.047900
58.650084	-0.029620
59.340085	-0.002310
60.030086	0.035240
60.720087	0.083310
61.410088	0.140990
62.100089	0.206090
62.790090	0.275230
63.480091	0.344170
64.170092	0.408290
64.860093	0.463110
65.550094	0.504680
66.240095	0.529790
66.930096	0.535920
67.620097	0.521250
68.310098	0.484870
69.000099	0.427260
69.690100	0.351040
70.380101	0.261380
71.070102	0.165640
71.760103	0.072220
72.450104	-0.010980
73.140105	-0.078120
73.830106	-0.126230
74.520107	-0.155160
75.210108	-0.166910
75.900109	-0.164610
76.590110	-0.151830
77.280111	-0.132100
77.970112	-0.108810
78.660113	-0.085220
79.350114	-0.064700
80.040115	-0.050620
80.730116	-0.046200
81.420117	-0.054030
82.110118	-0.075580
82.800119	-0.110630
83.490120	-0.157280
84.180121	-0.212220
84.870122	-0.271460
85.560123	-0.331100
86.250124	-0.387740
86.940125	-0.438710
87.630126	-0.481970
88.320126	-0.515940
89.010127	-0.539430
89.700128	-0.551570
90.390129	-0.551760
91.080130	-0.539570
91.770131	-0.514730
92.460132	-0.477150
93.150133	-0.427130
93.840134	-0.365570
94.530135	-0.294010
95.220136	-0.214550
95.910137	-0.129530
96.600138	-0.041310
97.290139	0.047940
97.980140	0.136190
98.670141	0.221330
99.360142	0.301050
100.050143	0.372750
100.740144	0.433860
101.430145	0.482240
102.120146	0.516370
102.810147	0.535620
103.500148	0.540220
104.190149	0.531040
104.880150	0.509380
105.570151	0.476810
106.260152	0.435000
106.950153	0.385640
107.640154	0.330370
108.330155	0.270780
109.020156	0.208390
109.710157	0.144700
110.400158	0.081210
111.090159	0.019500
111.780160	-0.038760
112.470161	-0.091980
113.160162	-0.138770
113.850163	-0.178140
114.540164	-0.209740
115.230165	-0.233860
115.920166	-0.251400
116.610167	-0.263650
117.300168	-0.272160
117.990169	-0.278370
118.680170	-0.283410
119.370171	-0.287740
120.060172	-0.290990
120.750173	-0.291920
121.440174	-0.288590
122.130175	-0.278780
122.820176	-0.260600
123.510177	-0.233130
124.200178	-0.196870
124.890179	-0.153760
125.580180	-0.106820
126.270181	-0.059580
126.960182	-0.015540
127.650183	0.022140
128.340184	0.050900
129.030185	0.069050
129.720186	0.076180
130.410187	0.073480
131.100188	0.063650
131.790189	0.050300
132.480190	0.037100
133.170191	0.026930
133.860192	0.021460
134.550193	0.021180
135.240194	0.025670
135.930195	0.033920
136.620196	0.044590
137.310197	0.056180
138.000198	0.067260
138.690199	0.076760
139.380200	0.084270
140.070201	0.090110
140.760202	0.095210
141.450203	0.100780
142.140204	0.107840
142.830205	0.116940
143.520206	0.127940
144.210207	0.139980
144.900208	0.151690
145.590209	0.161540
146.280210	0.168160
146.970211	0.170740
147.660211	0.169220
148.350212	0.164090
149.040213	0.156140
149.730214	0.146070
150.420215	0.134370
151.110216	0.121130
151.800217	0.106170
152.490218	0.089130
153.180219	0.069700
153.870220	0.047700
154.560221	0.023170
155.250222	-0.003550
155.940223	-0.031880
156.630224	-0.061090
157.320225	-0.090240
158.010226	-0.118170
158.700227	-0.143520
159.390228	-0.164780
160.080229	-0.180490
160.770230	-0.189470
161.460231	-0.191000
162.150232	-0.184940
162.840233	-0.171770
163.530234	-0.152610
164.220235	-0.129060
164.910236	-0.103080
165.600237	-0.076770
166.290238	-0.052060
166.980239	-0.030420
167.670240	-0.012650
168.360241	0.001130
169.050242	0.011360
169.740243	0.018800
170.430244	0.024150
171.120245	0.027910
171.810246	0.030320
172.500247	0.031440
173.190248	0.031300
173.880249	0.030080
174.570250	0.028180
175.260251	0.026130
175.950252	0.024520
176.640253	0.023840
177.330254	0.024440
178.020255	0.026420
178.710256	0.029570
179.400257	0.033430
180.090258	0.037360
180.780259	0.040660
181.470260	0.042750
182.160261	0.043370
182.850262	0.042560
183.540263	0.040640
184.230264	0.038100
184.920265	0.035430
185.610266	0.033050
186.300267	0.031220
186.990268	0.029910
187.680269	0.028900
188.370270	0.027780
189.060271	0.026140
189.750272	0.023690
190.440273	0.020370
191.130274	0.016370
191.820275	0.012060
192.510276	0.007910
193.200277	0.004360
193.890278	0.001610
194.580279	-0.000380
195.270280	-0.001990
195.960281	-0.003820
196.650282	-0.006430
197.340283	-0.010260
198.030284	-0.015380
198.720285	-0.021530
199.410286	-0.028150
200.100287	-0.034580
200.790288	-0.040120
201.480289	-0.044290
202.170290	-0.046870
202.860291	-0.047960
203.550292	-0.047880
204.240293	-0.047040
204.930294	-0.045800
205.620295	-0.044300
206.310295	-0.042490
207.000296	-0.040110
207.690297	-0.036840
208.380298	-0.032350
209.070299	-0.026380
209.760300	-0.018770
210.450301	-0.009560
211.140302	0.000980
211.830303	0.012360
212.520304	0.023770
213.210305	0.034170
213.900306	0.042480
214.590307	0.047780
215.280308	0.049420
215.970309	0.047220
216.660310	0.041480
217.350311	0.032850
218.040312	0.022270
218.730313	0.010830
219.420314	-0.000390
220.110315	-0.010410
220.800316	-0.018470
221.490317	-0.024060
222.180318	-0.027020
222.870319	-0.027470
223.560320	-0.025850
224.250321	-0.022770
224.940322	-0.018940
225.630323	-0.015070
226.320324	-0.011710
227.010325	-0.009170
227.700326	-0.007470
228.390327	-0.006400
229.080328	-0.005640
229.770329	-0.004880
230.460330	-0.003920
231.150331	-0.002660
231.840332	-0.001170
232.530333	0.000350
233.220334	0.001610
233.910335	0.002330
234.600336	0.002330
235.290337	0.001630
235.980338	0.000440
236.670339	-0.000920
237.360340	-0.002190
238.050341	-0.003320
238.740342	-0.004440
239.430343	-0.005820
240.120344	-0.007640
240.810345	-0.009920
241.500346	-0.012440
242.190347	-0.014850
242.880348	-0.016760
243.570349	-0.017830
244.260350	-0.017910
244.950351	-0.017000
245.640352	-0.015270
246.330353	-0.013050
247.020354	-0.010670
247.710355	-0.008450
248.400356	-0.006580
249.090357	-0.005130
249.780358	-0.004160
250.470359	-0.003690
251.160360	-0.003670
251.850361	-0.003990
252.540362	-0.004320
253.230363	-0.004190
253.920364	-0.003050
254.610365	-0.000510
255.300366	0.003500
255.990367	0.008760
256.680368	0.014650
257.370369	0.020450
258.060370	0.025500
258.750371	0.029270
259.440372	0.031520
260.130373	0.032360
260.820374	0.032150
261.510375	0.031400
262.200376	0.030600
262.890377	0.030060
263.580378	0.029880
264.270379	0.029900
264.960379	0.029810
265.650380	0.029300
266.340381	0.028080
267.030382	0.025980
267.720383	0.022920
268.410384	0.018870
269.100385	0.013760
269.790386	0.007450
270.480387	-0.000230
271.170388	-0.009290
271.860389	-0.019530
272.550390	-0.030440
273.240391	-0.041370
273.930392	-0.051770
274.620393	-0.061360
275.310394	-0.070180
276.000395	-0.078490
276.690396	-0.086460
277.380397	-0.093920
278.070398	-0.100220
278.760399	-0.104330
279.450400	-0.105120
280.140401	-0.101690
280.830402	-0.093710
281.520403	-0.081520
282.210404	-0.066080
282.900405	-0.048650
283.590406	-0.030540
284.280407	-0.012800
284.970408	0.003970
285.660409	0.019580
286.350410	0.033980
287.040411	0.046990
287.730412	0.058100
288.420413	0.066450
289.110414	0.071050
289.800415	0.071170
290.490416	0.066650
291.180417	0.057950
291.870418	0.046080
292.560419	0.032240
293.250420	0.017610
293.940421	0.003110
294.630422	-0.010580
295.320423	-0.022880
296.010424	-0.033100
296.700425	-0.040380
297.390426	-0.043650
298.080427	-0.041860
298.770428	-0.034220
299.460429	-0.020450
300.150430	-0.000930
300.840431	0.023420
301.530432	0.051180
302.220433	0.080780
302.910434	0.110580
303.600435	0.139010
304.290436	0.164530
304.980437	0.185630
305.670438	0.201020
306.360439	0.209840
307.050440	0.212020
307.740441	0.208160
308.430442	0.199360
309.120443	0.186820
309.810444	0.171470
310.500445	0.153940
311.190446	0.134710
311.880447	0.114480
312.570448	0.094310
313.260449	0.075530
313.950450	0.059380
314.640451	0.046670
315.330452	0.037520
316.020453	0.031360
316.710454	0.027180
317.400455	0.023900
318.090456	0.020650
318.780457	0.016730
319.470458	0.011450
320.160459	0.004050
320.850460	-0.006460
321.540461	-0.021120
322.230462	-0.040790
322.920463	-0.065900
323.610464	-0.096300
324.300464	-0.131200
324.990465	-0.169190
325.680466	-0.208350
326.370467	-0.246680
327.060468	-0.282300
327.750469	-0.313800
328.440470	-0.340140
329.130471	-0.360510
329.820472	-0.373960
330.510473	-0.379320
331.200474	-0.375290
331.890475	-0.360670
332.580476	-0.334790
333.270477	-0.297680
333.960478	-0.250120
334.650479	-0.193570
335.340480	-0.130010
336.030481	-0.061810
336.720482	0.008360
337.410483	0.077720
338.100484	0.143390
338.790485	0.202640
339.480486	0.253050
340.170487	0.292650
340.860488	0.320060
341.550489	0.334620
342.240490	0.336310
342.930491	0.325710
343.620492	0.303840
344.310493	0.271920
345.000494	0.231240
345.690495	0.183030
346.380496	0.128510
347.070497	0.068940
347.760498	0.005620
348.450499	-0.060040
349.140500	-0.126640
349.830501	-0.192670
350.520502	-0.256600
351.210503	-0.316750
351.900504	-0.371190
352.590505	-0.417740
353.280506	-0.453980
353.970507	-0.477300
354.660508	-0.485120
355.350509	-0.475130
356.040510	-0.445660
356.730511	-0.396170
357.420512	-0.327740
358.110513	-0.243500
358.800514	-0.148550
359.490515	-0.049390
360.180516	0.047060
360.870517	0.134430
361.560518	0.207850
362.250519	0.264380
362.940520	0.303010
363.630521	0.324420
364.320522	0.330520
365.010523	0.323960
365.700524	0.307580
366.390525	0.284030
367.080526	0.255490
367.770527	0.223690
368.460528	0.189940
369.150529	0.155160
369.840530	0.120100
370.530531	0.085540
371.220532	0.052390
371.910533	0.021810
372.600534	-0.004860
373.290535	-0.026310
373.980536	-0.041530
374.670537	-0.050170
375.360538	-0.052640
376.050539	-0.050160
376.740540	-0.044510
377.430541	-0.037630
378.120542	-0.031070
378.810543	-0.025620
379.500544	-0.021060
380.190545	-0.016270
380.880546	-0.009560
381.570547	0.000790
382.260548	0.015980
382.950548	0.036190
383.640549	0.060370
384.330550	0.086320
385.020551	0.111020
385.710552	0.131220
386.400553	0.144090
387.090554	0.147680
387.780555	0.141080
388.470556	0.124460
389.160557	0.098920
389.850558	0.066290
390.540559	0.028910
391.230560	-0.010490
391.920561	-0.049030
392.610562	-0.083860
393.300563	-0.112450
393.990564	-0.132870
394.680565	-0.143920
395.370566	-0.145330
396.060567	-0.137850
396.750568	-0.123060
397.440569	-0.103160
398.130570	-0.080550
398.820571	-0.057430
399.510572	-0.035530
400.200573	-0.016130
400.890574	-0.000080
401.580575	0.012110
402.270576	0.020150
402.960577	0.024130
403.650578	0.024550
404.340579	0.022230
405.030580	0.018150
405.720581	0.013250
406.410582	0.008300
407.100583	0.003810
407.790584	0.000200
408.480585	-0.002270
409.170586	-0.003380
409.860587	-0.003010
410.550588	-0.001230
411.240589	0.001720
411.930590	0.005410
412.620591	0.009390
413.310592	0.013190
414.000593	0.016520
414.690594	0.019250
415.380595	0.021390
416.070596	0.023020
416.760597	0.024230
417.450598	0.025070
418.140599	0.025590
418.830600	0.025840
419.520601	0.025880
420.210602	0.025740
420.900603	0.025440
421.590604	0.024950
422.280605	0.024260
422.970606	0.023390
423.660607	0.022430
424.350608	0.021500
425.040609	0.020660
425.730610	0.019900
426.420611	0.019030
427.110612	0.017740
427.800613	0.015590
428.490614	0.012180
429.180615	0.007250
429.870616	0.000750
430.560617	-0.007120
431.250618	-0.016000
431.940619	-0.025320
432.630620	-0.034420
433.320621	-0.042560
434.010622	-0.048900
434.700623	-0.052620
435.390624	-0.053040
436.080625	-0.049740
436.770626	-0.042680
437.460627	-0.032230
438.150628	-0.019210
438.840629	-0.004750
439.530630	0.009910
440.220631	0.023530
440.910632	0.035020
441.600632	0.043520
442.290633	0.048440
442.980634	0.049460
443.670635	0.046470
444.360636	0.039700
445.050637	0.029600
445.740638	0.016970
446.430639	0.002790
447.120640	-0.011770
447.810641	-0.025540
448.500642	-0.037410
449.190643	-0.046400
449.880644	-0.051680
450.570645	-0.052660
451.260646	-0.049010
451.950647	-0.040840
452.640648	-0.028710
453.330649	-0.013610
454.020650	0.003150
454.710651	0.020130
455.400652	0.035860
456.090653	0.049040
456.780654	0.058670
457.470655	0.064150
458.160656	0.065280
458.850657	0.062250
459.540658	0.055540
460.230659	0.045740
460.920660	0.033460
461.610661	0.019280
462.300662	0.003820
462.990663	-0.012250
463.680664	-0.028240
464.370665	-0.043380
465.060666	-0.056950
465.750667	-0.068230
466.440668	-0.076580
467.130669	-0.081510
467.820670	-0.082850
468.510671	-0.080730
469.200672	-0.075720
469.890673	-0.068690
470.580674	-0.060610
471.270675	-0.052410
471.960676	-0.044900
472.650677	-0.038750
473.340678	-0.034440
474.030679	-0.032190
474.720680	-0.031940
475.410681	-0.033250
476.100682	-0.035360
476.790683	-0.037290
477.480684	-0.038020
478.170685	-0.036730
478.860686	-0.032850
479.550687	-0.026170
480.240688	-0.016910
480.930689	-0.005610
481.620690	0.006870
482.310691	0.019610
483.000692	0.031620
483.690693	0.042060
484.380694	0.050290
485.070695	0.056000
485.760696	0.059180
486.450697	0.060080
487.140698	0.059140
487.830699	0.056930
488.520700	0.054020
489.210701	0.050970
489.900702	0.048280
490.590703	0.046460
491.280704	0.045980
491.970705	0.047160
492.660706	0.050090
493.350707	0.054460
494.040708	0.059620
494.730709	0.064630
495.420710	0.068420
496.110711	0.070040
496.800712	0.068710
497.490713	0.064040
498.180714	0.056010
498.870715	0.044990
499.560716	0.031660
500.250717	0.016840
500.940717	0.001310
501.630718	-0.014170
502.320719	-0.028970
503.010720	-0.042460
503.700721	-0.053990
504.390722	-0.062930
505.080723	-0.068710
505.770724	-0.070840
506.460725	-0.069020
507.150726	-0.063130
507.840727	-0.053370
508.530728	-0.040240
509.220729	-0.024590
509.910730	-0.007560
510.600731	0.009430
511.290732	0.024860
511.980733	0.037190
512.670734	0.045070
513.360735	0.047500
514.050736	0.043960
514.740737	0.034490
515.430738	0.019590
516.120739	0.000140
516.810740	-0.022530
517.500741	-0.046740
518.190742	-0.070460
518.880743	-0.091600
519.570744	-0.108260
520.260745	-0.119050
520.950746	-0.123380
521.640747	-0.121440
522.330748	-0.114130
523.020749	-0.102790
523.710750	-0.089020
524.400751	-0.074530
525.090752	-0.060900
525.780753	-0.049410
526.470754	-0.040800
527.160755	-0.035130
527.850756	-0.031570
528.540757	-0.028600
529.230758	-0.024390
529.920759	-0.017260
530.610760	-0.006240
531.300761	0.008680
531.990762	0.026570
532.680763	0.045840
533.370764	0.064770
534.060765	0.082080
534.750766	0.097430
535.440767	0.111440
536.130768	0.125410
536.820769	0.140740
537.510770	0.158300
538.200771	0.177990
538.890772	0.198680
539.580773	0.218510
540.270774	0.235470
540.960775	0.247830
541.650776	0.254600
542.340777	0.255650
543.030778	0.251520
543.720779	0.243040
544.410780	0.230870
545.100781	0.215240
545.790782	0.195860
546.480783	0.172090
547.170784	0.143200
547.860785	0.108850
548.550786	0.069520
549.240787	0.026950
549.930788	-0.015810
550.620789	-0.054840
551.310790	-0.086030
552.000791	-0.105920
552.690792	-0.112370
553.380793	-0.104920
554.070794	-0.084710
554.760795	-0.054290
555.450796	-0.017330
556.140797	0.021640
556.830798	0.057550
557.520799	0.085160
558.210800	0.099440
558.900801	0.096090
559.590801	0.072210
560.280802	0.027020
560.970803	-0.037620
561.660804	-0.117470
562.350805	-0.206650
563.040806	-0.298810
563.730807	-0.388200
564.420808	-0.470290
565.110809	-0.541710
565.800810	-0.599720
566.490811	-0.641790
567.180812	-0.665390
567.870813	-0.668030
568.560814	-0.647600
569.250815	-0.602800
569.940816	-0.533520
570.630817	-0.441280
571.320818	-0.329380
572.010819	-0.202940
572.700820	-0.068630
573.390821	0.065890
574.080822	0.192920
574.770823	0.305540
575.460824	0.398500
576.150825	0.468680
576.840826	0.515150
577.530827	0.538910
578.220828	0.542350
578.910829	0.528660
579.600830	0.501320
580.290831	0.463670
580.980832	0.418670
581.670833	0.368780
582.360834	0.316010
583.050835	0.261920
583.740836	0.207680
584.430837	0.154150
585.120838	0.101900
585.810839	0.051310
586.500840	0.002720
587.190841	-0.043480
587.880842	-0.086820
588.570843	-0.126780
589.260844	-0.162820
589.950845	-0.194400
590.640846	-0.221040
591.330847	-0.242320
592.020848	-0.258010
592.710849	-0.268050
593.400850	-0.272580
594.090851	-0.271860
594.780852	-0.266280
595.470853	-0.256470
596.160854	-0.243600
596.850855	-0.229330
597.540856	-0.215580
598.230857	-0.203860
598.920858	-0.194670
599.610859	-0.187200
600.300860	-0.179360
600.990861	-0.168310
601.680862	-0.151250
602.370863	-0.125980
603.060864	-0.091460
603.750865	-0.048040
604.440866	0.002580
605.130867	0.057680
605.820868	0.113970
606.510869	0.168070
607.200870	0.216820
607.890871	0.257570
608.580872	0.288330
609.270873	0.307890
609.960874	0.315910
610.650875	0.312900
611.340876	0.300100
612.030877	0.279280
612.720878	0.252370
613.410879	0.221180
614.100880	0.187150
614.790881	0.151370
615.480882	0.114680
616.170883	0.077840
616.860884	0.041670
617.550885	0.007170
618.240885	-0.024610
618.930886	-0.052780
619.620887	-0.076670
620.310888	-0.095990
621.000889	-0.110830
621.690890	-0.121570
622.380891	-0.128750
623.070892	-0.132930
623.760893	-0.134620
624.450894	-0.134330
625.140895	-0.132500
625.830896	-0.129550
626.520897	-0.125880
627.210898	-0.121890
627.900899	-0.118020
628.590900	-0.114640
629.280901	-0.112000
629.970902	-0.110100
630.660903	-0.108720
631.350904	-0.107410
632.040905	-0.105640
632.730906	-0.102810
633.420907	-0.098210
634.110908	-0.091040
634.800909	-0.080480
635.490910	-0.065900
636.180911	-0.047100
636.870912	-0.024510
637.560913	0.000940
638.250914	0.028050
638.940915	0.055770
639.630916	0.083330
640.320917	0.110260
641.010918	0.136040
641.700919	0.159920
642.390920	0.180730
643.080921	0.197150
643.770922	0.207880
644.460923	0.211970
645.150924	0.208910
645.840925	0.198660
646.530926	0.181610
647.220927	0.158500
647.910928	0.130390
648.600929	0.098530
649.290930	0.064390
649.980931	0.029550
650.670932	-0.004270
651.360933	-0.035420
652.050934	-0.062390
652.740935	-0.084040
653.430936	-0.099730
654.120937	-0.109350
654.810938	-0.113280
655.500939	-0.112200
656.190940	-0.107030
656.880941	-0.098730
657.570942	-0.088210
658.260943	-0.076230
658.950944	-0.063510
659.640945	-0.050690
660.330946	-0.038470
661.020947	-0.027610
661.710948	-0.018860
662.400949	-0.012750
663.090950	-0.009490
663.780951	-0.008860
664.470952	-0.010270
665.160953	-0.012900
665.850954	-0.015850
666.540955	-0.018260
667.230956	-0.019420
667.920957	-0.018880
668.610958	-0.016550
669.300959	-0.012740
669.990960	-0.008100
670.680961	-0.003540
671.370962	0.000030
672.060963	0.001770
672.750964	0.001010
673.440965	-0.002660
674.130966	-0.009290
674.820967	-0.018570
675.510968	-0.029680
676.200969	-0.041280
676.890970	-0.051600
677.580970	-0.058710
678.270971	-0.060850
678.960972	-0.056750
679.650973	-0.045980
680.340974	-0.028950
681.030975	-0.006870
681.720976	0.018560
682.410977	0.045480
683.100978	0.071980
683.790979	0.096360
684.480980	0.117200
685.170981	0.133380
685.860982	0.144120
686.550983	0.149040
687.240984	0.148000
687.930985	0.140980
688.620986	0.128050
689.310987	0.109380
690.000988	0.085220
690.690989	0.056120
691.380990	0.023010
692.070991	-0.012720
692.760992	-0.049360
693.450993	-0.085020
694.140994	-0.117910
694.830995	-0.146490
695.520996	-0.169580
696.210997	-0.186280
696.900998	-0.195990
697.590999	-0.198300
698.281000	-0.193170
698.971001	-0.180900
699.661002	-0.162190
700.351003	-0.138160
701.041004	-0.110280
701.731005	-0.080410
702.421006	-0.050650
703.111007	-0.023190
703.801008	0.000040
704.491009	0.017730
705.181010	0.029410
705.871011	0.035460
706.561012	0.037030
707.251013	0.035700
707.941014	0.033120
708.631015	0.030740
709.321016	0.029590
710.011017	0.030160
710.701018	0.032430
711.391019	0.035950
712.081020	0.040010
712.771021	0.043770
713.461022	0.046420
714.151023	0.047310
714.841024	0.046060
715.531025	0.042620
716.221026	0.037320
716.911027	0.030770
717.601028	0.023780
718.291029	0.017150
718.981030	0.011550
719.671031	0.007420
720.361032	0.004970
721.051033	0.004230
721.741034	0.005060
722.431035	0.007170
723.121036	0.010190
723.811037	0.013700
724.501038	0.017300
725.191039	0.020670
725.881040	0.023560
726.571041	0.025730
727.261042	0.026790
727.951043	0.026250
728.641044	0.023610
729.331045	0.018510
730.021046	0.010920
730.711047	0.001090
731.401048	-0.010380
732.091049	-0.022780
732.781050	-0.035300
733.471051	-0.047040
734.161052	-0.057060
734.851053	-0.064390
735.541054	-0.068090
736.231054	-0.067350
736.921055	-0.061680
737.611056	-0.050980
738.301057	-0.035710
738.991058	-0.016840
739.681059	0.004200
740.371060	0.025760
741.061061	0.046010
741.751062	0.063190
742.441063	0.075640
743.131064	0.081970
743.821065	0.081130
744.511066	0.072640
745.201067	0.056840
745.891068	0.035080
746.581069	0.009680
747.271070	-0.016200
747.961071	-0.039050
748.651072	-0.055440
749.341073	-0.062730
750.031074	-0.059490
750.721075	-0.045850
751.411076	-0.023530
752.101077	0.004380
752.791078	0.033820
753.481079	0.060480
754.171080	0.080540
754.861081	0.091410
755.551082	0.092030
756.241083	0.082910
756.931084	0.065850
757.621085	0.043420
758.311086	0.018470
759.001087	-0.006310
759.691088	-0.028780
760.381089	-0.047430
761.071090	-0.061470
761.761091	-0.070690
762.451092	-0.075240
763.141093	-0.075520
763.831094	-0.072180
764.521095	-0.066270
765.211096	-0.059260
765.901097	-0.052950
766.591098	-0.049150
767.281099	-0.049190
767.971100	-0.053560
768.661101	-0.061760
769.351102	-0.072440
770.041103	-0.083660
770.731104	-0.093320
771.421105	-0.099490
772.111106	-0.100660
772.801107	-0.095880
773.491108	-0.084870
774.181109	-0.068020
774.871110	-0.046320
775.561111	-0.021120
776.251112	0.006120
776.941113	0.034110
777.631114	0.061950
778.321115	0.089150
779.011116	0.115560
779.701117	0.141210
780.391118	0.166130
781.081119	0.190170
781.771120	0.212910
782.461121	0.233620
783.151122	0.251190
783.841123	0.264180
784.531124	0.271010
785.221125	0.270170
785.911126	0.260530
786.601127	0.241580
787.291128	0.213710
787.981129	0.178460
788.671130	0.138760
789.361131	0.098960
790.051132	0.064300
790.741133	0.039810
791.431134	0.028950
792.121135	0.032610
792.811136	0.048670
