0.000000	0.266980
0.690000	0.264850
1.380000	0.257550
2.070000	0.245550
2.760000	0.229550
3.450000	0.210560
4.140000	0.189660
4.830000	0.167850
5.520000	0.145980
6.210000	0.124700
6.900000	0.104540
7.590000	0.085810
8.280000	0.068640
8.970000	0.053040
9.660000	0.038870
10.350000	0.026000
11.040000	0.014190
11.730000	0.003330
12.420000	-0.006520
13.110000	-0.015220
13.800000	-0.022520
14.490000	-0.028110
15.180000	-0.031750
15.870000	-0.033290
16.560000	-0.032540
17.250000	-0.029340
17.940000	-0.023670
18.630000	-0.015820
19.320000	-0.006370
20.010000	0.003860
20.700000	0.013870
21.390000	0.022510
22.080000	0.028780
22.770000	0.031940
23.460000	0.031780
24.150000	0.028650
24.840000	0.023240
25.530000	0.016420
26.220000	0.009130
26.910000	0.002260
27.600000	-0.003300
28.290000	-0.006960
28.980000	-0.008270
29.670000	-0.006940
30.360000	-0.002770
31.050000	0.004350
31.740000	0.014490
32.430000	0.027490
33.120000	0.042930
33.810000	0.060120
34.500000	0.078270
35.190000	0.096550
35.880000	0.114130
36.570000	0.130250
37.260000	0.144210
37.950000	0.155390
38.640000	0.163450
39.330000	0.168330
40.020000	0.170230
40.710000	0.169520
41.400000	0.166690
42.090000	0.162330
42.780000	0.157000
43.470000	0.151190
44.160000	0.145210
44.850000	0.139290
45.540000	0.133570
46.230000	0.128040
46.920000	0.122680
47.610000	0.117310
48.300000	0.111630
48.990000	0.105320
49.680000	0.098020
50.370000	0.089420
51.060000	0.079330
51.750000	0.067780
52.440000	0.054900
53.130000	0.040870
53.820000	0.025850
54.510000	0.010020
55.200000	-0.006320
55.890000	-0.022800
56.580000	-0.038860
57.270000	-0.053870
57.960000	-0.067190
58.650000	-0.078220
59.340000	-0.086460
60.030000	-0.091610
60.720000	-0.093570
61.410000	-0.092450
62.100000	-0.088540
62.790000	-0.082460
63.480000	-0.074970
64.170000	-0.066840
64.860000	-0.058860
65.550000	-0.051670
66.240000	-0.045720
66.930000	-0.041270
67.620000	-0.038390
68.310000	-0.037000
69.000000	-0.037020
69.690000	-0.038270
70.380000	-0.040410
71.070000	-0.042990
71.760000	-0.045490
72.450000	-0.047490
73.140000	-0.048640
73.830000	-0.048730
74.520000	-0.047760
75.210000	-0.045790
75.900000	-0.043000
76.590000	-0.039550
77.280000	-0.035640
77.970000	-0.031580
78.660000	-0.027830
79.350000	-0.024960
80.040000	-0.023500
80.730000	-0.023860
81.420000	-0.026250
82.110000	-0.030600
82.800000	-0.036580
83.490000	-0.043710
84.180000	-0.051380
84.870000	-0.058810
85.560000	-0.065230
86.250000	-0.069990
86.940000	-0.072660
87.630000	-0.073010
88.320000	-0.070920
89.010000	-0.066360
89.700000	-0.059450
90.390000	-0.050460
91.080000	-0.039710
91.770000	-0.027620
92.460000	-0.014610
93.150000	-0.001160
93.840000	0.012170
94.530000	0.024860
95.220000	0.036450
95.910000	0.046580
96.600000	0.054990
97.290000	0.061380
97.980000	0.065480
98.670000	0.067070
99.360000	0.065980
100.050000	0.062030
100.740000	0.055020
101.430000	0.044810
102.120000	0.031330
102.810000	0.014680
103.500000	-0.004940
104.190000	-0.027200
104.880000	-0.051440
105.570000	-0.076810
106.260000	-0.102470
106.950000	-0.127620
107.640000	-0.151610
108.330000	-0.173940
109.020000	-0.194340
109.710000	-0.212610
110.400000	-0.228500
111.090000	-0.241770
111.780000	-0.252120
112.470000	-0.259220
113.160000	-0.262840
113.850000	-0.262800
114.540000	-0.258970
115.230000	-0.251290
115.920000	-0.239910
116.610000	-0.225080
117.300000	-0.207120
117.990000	-0.186500
118.680000	-0.163800
119.370000	-0.139670
120.060000	-0.114920
120.750000	-0.090620
121.440000	-0.067790
122.130000	-0.047200
122.820000	-0.029250
123.510000	-0.014040
124.200000	-0.001600
124.890000	0.008140
125.580000	0.015520
126.270000	0.021100
126.960000	0.025680
127.650000	0.030190
128.340000	0.035610
129.030000	0.042840
129.720000	0.052600
130.410000	0.065310
131.100000	0.081000
131.790000	0.099280
132.480000	0.119420
133.170000	0.140550
133.860000	0.161860
134.550000	0.182500
135.240000	0.201750
135.930000	0.219080
136.620000	0.234100
137.310000	0.246590
138.000000	0.256400
138.690000	0.263420
139.380000	0.267480
140.070000	0.268450
140.760000	0.266220
141.450000	0.260730
142.140000	0.252090
142.830000	0.240670
143.520000	0.227140
144.210000	0.212200
144.899999	0.196640
145.589999	0.181320
146.279999	0.167030
146.969999	0.154450
147.659999	0.144110
148.349999	0.136420
149.039999	0.131610
149.729999	0.129810
150.419999	0.131030
151.109999	0.135180
151.799999	0.142080
152.489999	0.151440
153.179999	0.162890
153.869999	0.175830
154.559999	0.189480
155.249999	0.202900
155.939999	0.215020
156.629999	0.224660
157.319999	0.230680
158.009999	0.232090
158.699999	0.228060
159.389999	0.218050
160.079999	0.201850
160.769999	0.179540
161.459999	0.151620
162.149999	0.119010
162.839999	0.083040
163.529999	0.045210
164.219999	0.006980
164.909999	-0.030420
165.599999	-0.066130
166.289999	-0.099560
166.979999	-0.130430
167.669999	-0.158680
168.359999	-0.184390
169.049999	-0.207750
169.739999	-0.229020
170.429999	-0.248500
171.119999	-0.266450
171.809999	-0.283100
172.499999	-0.298710
173.189999	-0.313450
173.879999	-0.327390
174.569999	-0.340470
175.259999	-0.352460
175.949999	-0.363010
176.639999	-0.371550
177.329999	-0.377420
178.019999	-0.379970
178.709999	-0.378670
179.399999	-0.373210
180.089999	-0.363470
180.779999	-0.349470
181.469999	-0.331370
182.159999	-0.309450
182.849999	-0.283970
183.539999	-0.255090
184.229999	-0.222930
184.919999	-0.187540
185.609999	-0.148910
186.299999	-0.107000
186.989999	-0.061880
187.679999	-0.013860
188.369999	0.036490
189.059999	0.088270
189.749999	0.140270
190.439999	0.190930
191.129999	0.238490
191.819999	0.281250
192.509999	0.317770
193.199999	0.346960
193.889999	0.368000
194.579999	0.380320
195.269999	0.383680
195.959999	0.378200
196.649999	0.364360
197.339999	0.342890
198.029999	0.314690
198.719999	0.280860
199.409999	0.242580
200.099999	0.201000
200.789999	0.157160
201.479999	0.111980
202.169999	0.066260
202.859999	0.020660
203.549999	-0.024330
204.239999	-0.068410
204.929999	-0.111400
205.619999	-0.153330
206.309999	-0.194350
206.999999	-0.234560
207.689999	-0.273910
208.379999	-0.312000
209.069999	-0.348260
209.759999	-0.381920
210.449999	-0.412050
211.139999	-0.437690
211.829999	-0.457980
212.519999	-0.472280
213.209999	-0.480250
213.899999	-0.481860
214.589999	-0.477330
215.279999	-0.467020
215.969999	-0.451330
216.659999	-0.430680
217.349999	-0.405340
218.039999	-0.375440
218.729999	-0.341090
219.419999	-0.302380
220.109999	-0.259460
220.799999	-0.212770
221.489999	-0.163220
222.179999	-0.111990
222.869999	-0.060360
223.559999	-0.009550
224.249999	0.039290
224.939999	0.085090
225.629999	0.126940
226.319999	0.164230
227.009999	0.196580
227.699999	0.223710
228.389999	0.245400
229.079999	0.261420
229.769999	0.271730
230.459999	0.276410
231.149999	0.275680
231.839999	0.269790
232.529999	0.259010
233.219999	0.243710
233.909999	0.224390
234.599999	0.201820
235.289999	0.177040
235.979999	0.151310
236.669999	0.125890
237.359999	0.101980
238.049999	0.080710
238.739999	0.062900
239.429999	0.049070
240.119999	0.039510
240.809999	0.034190
241.499999	0.032790
242.189999	0.034770
242.879999	0.039420
243.569999	0.045970
244.259999	0.053690
244.949999	0.061840
245.639999	0.069710
246.329999	0.076630
247.019999	0.081990
247.709999	0.085400
248.399999	0.086680
249.089999	0.085860
249.779999	0.083080
250.469999	0.078540
251.159999	0.072510
251.849999	0.065280
252.539999	0.057210
253.229999	0.048700
253.919999	0.040200
254.609999	0.032150
255.299999	0.024960
255.989999	0.018880
256.679999	0.014000
257.369999	0.010480
258.059999	0.008490
258.749999	0.008310
259.439999	0.010340
260.129999	0.015000
260.819999	0.022570
261.509999	0.033120
262.199999	0.046440
262.889999	0.061980
263.579999	0.079060
264.269999	0.096990
264.959999	0.115080
265.649999	0.132540
266.339999	0.148530
267.029999	0.162230
267.719999	0.172830
268.409999	0.179700
269.099999	0.182440
269.789999	0.180990
270.479999	0.175640
271.169999	0.167010
271.859999	0.155950
272.549999	0.143530
273.239999	0.130970
273.929999	0.119470
274.619999	0.110050
275.309999	0.103380
275.999999	0.099730
276.689999	0.098980
277.379999	0.100650
278.069999	0.104030
278.759999	0.108270
279.449999	0.112310
280.139999	0.115110
280.829999	0.115790
281.519999	0.113670
282.209999	0.108230
282.899999	0.099190
283.589999	0.086460
284.279999	0.070110
284.969999	0.050320
285.659999	0.027370
286.349999	0.001670
287.039999	-0.026320
287.729999	-0.056080
288.419999	-0.086950
289.109999	-0.118230
289.799999	-0.149150
290.489999	-0.178910
291.179999	-0.206800
291.869999	-0.232210
292.559999	-0.254550
293.249999	-0.273370
293.939999	-0.288310
294.629999	-0.299170
295.319999	-0.305850
296.009999	-0.308300
296.699999	-0.306760
297.389999	-0.301630
298.079999	-0.293410
298.769999	-0.282600
299.459999	-0.269660
300.149999	-0.255030
300.839999	-0.239130
301.529999	-0.222250
302.219999	-0.204700
302.909999	-0.186720
303.599999	-0.168520
304.289999	-0.150170
304.979999	-0.131690
305.669999	-0.113080
306.359999	-0.094350
307.049999	-0.075500
307.739999	-0.056520
308.429999	-0.037460
309.119999	-0.018340
309.809999	0.000730
310.499999	0.019690
311.189999	0.038420
311.879999	0.056850
312.569999	0.074940
313.259999	0.092730
313.949999	0.110280
314.639999	0.127580
315.329999	0.144490
316.019999	0.160700
316.709999	0.175880
317.399999	0.189750
318.089999	0.202020
318.779999	0.212410
319.469999	0.220690
320.159999	0.226720
320.849999	0.230420
321.539999	0.231830
322.229999	0.231020
322.919999	0.228120
323.609999	0.223310
324.299999	0.216720
324.989999	0.208420
325.679999	0.198540
326.369999	0.187100
327.059999	0.174060
327.749999	0.159340
328.439999	0.142900
329.129999	0.124800
329.819999	0.105190
330.509999	0.084390
331.199999	0.062760
331.889999	0.040670
332.579999	0.018540
333.269999	-0.003220
333.959999	-0.024180
334.649999	-0.043860
335.339999	-0.061790
336.029999	-0.077420
336.719999	-0.090140
337.409999	-0.099370
338.099999	-0.104640
338.789999	-0.105810
339.479999	-0.103030
340.169999	-0.096740
340.859999	-0.087700
341.549999	-0.076810
342.239999	-0.065050
342.929999	-0.053450
343.619999	-0.042980
344.309999	-0.034630
344.999999	-0.029150
345.689999	-0.027150
346.379999	-0.029020
347.069999	-0.034990
347.759999	-0.045160
348.449999	-0.059440
349.139999	-0.077480
349.829999	-0.098670
350.519999	-0.122330
351.209999	-0.147650
351.899999	-0.173670
352.589999	-0.199210
353.279999	-0.222920
353.969999	-0.243560
354.659999	-0.260120
355.349999	-0.271960
356.039999	-0.278920
356.729999	-0.281300
357.419999	-0.279780
358.109999	-0.275170
358.799999	-0.268210
359.489999	-0.259440
360.179999	-0.249170
360.869999	-0.237500
361.559999	-0.224390
362.249999	-0.209650
362.939999	-0.193000
363.629999	-0.174290
364.319999	-0.153590
365.009999	-0.131150
365.699999	-0.107470
366.389999	-0.083160
367.079999	-0.058840
367.769999	-0.034960
368.459999	-0.011850
369.149999	0.010270
369.839999	0.031300
370.529999	0.051110
371.219999	0.069590
371.909999	0.086710
372.599999	0.102370
373.289999	0.116460
373.979999	0.128940
374.669999	0.139760
375.359999	0.148920
376.049999	0.156460
376.739999	0.162480
377.429999	0.166980
378.119999	0.169900
378.809999	0.170950
379.499999	0.169890
380.189999	0.166510
380.879999	0.160710
381.569999	0.152500
382.259999	0.141870
382.949999	0.128890
383.639999	0.113810
384.329999	0.097070
385.019999	0.079230
385.709999	0.060980
386.399999	0.042980
387.089999	0.025800
387.779999	0.009960
388.469999	-0.004110
389.159999	-0.016100
389.849999	-0.025790
390.539999	-0.033090
391.229999	-0.037990
391.919999	-0.040580
392.609999	-0.040960
393.299999	-0.039230
393.989999	-0.035420
394.679999	-0.029440
395.369999	-0.021240
396.059999	-0.010830
396.749999	0.001670
397.439999	0.016010
398.129999	0.031800
398.819999	0.048600
399.509999	0.065840
400.199999	0.082810
400.889999	0.098670
401.579999	0.112450
402.269999	0.123390
402.959999	0.130970
403.649999	0.135010
404.339999	0.135570
405.029999	0.133010
405.719999	0.127860
406.409999	0.120860
407.099999	0.112800
407.789999	0.104380
408.479999	0.096290
409.169999	0.089180
409.859999	0.083650
410.549999	0.080210
411.239999	0.079400
411.929999	0.081630
412.619999	0.087200
413.309999	0.096220
413.999999	0.108590
414.689999	0.123980
415.379999	0.141800
416.069999	0.161310
416.759999	0.181720
417.449999	0.202140
418.139999	0.221600
418.829999	0.239040
419.519999	0.253280
420.209999	0.262950
420.899999	0.266520
421.589999	0.262460
422.279999	0.249520
422.969999	0.226960
423.659999	0.194610
424.349999	0.152990
425.039999	0.103320
425.729999	0.047410
426.419999	-0.012390
427.109999	-0.073460
427.799999	-0.132920
428.489999	-0.187960
429.179999	-0.236090
429.869999	-0.275370
430.559999	-0.304610
431.249999	-0.323280
431.939999	-0.331620
432.629999	-0.330530
433.319999	-0.321610
434.009999	-0.306880
434.699998	-0.288600
435.389998	-0.268950
436.079998	-0.249970
436.769998	-0.233530
437.459998	-0.221180
438.149998	-0.213800
438.839998	-0.211420
439.529998	-0.213220
440.219998	-0.217830
440.909998	-0.223750
441.599998	-0.229660
442.289998	-0.234700
442.979998	-0.238290
443.669998	-0.240160
444.359998	-0.240310
445.049998	-0.238900
445.739998	-0.236320
446.429998	-0.233160
447.119998	-0.229990
447.809998	-0.227170
448.499998	-0.224790
449.189998	-0.222640
449.879998	-0.220250
450.569998	-0.216860
451.259998	-0.211410
451.949998	-0.202860
452.639998	-0.190210
453.329998	-0.172670
454.019998	-0.149820
454.709998	-0.121930
455.399998	-0.090100
456.089998	-0.055870
456.779998	-0.020580
457.469998	0.014550
458.159998	0.048470
458.849998	0.080250
459.539998	0.109040
460.229998	0.134050
460.919998	0.154690
461.609998	0.170790
462.299998	0.182470
462.989998	0.190030
463.679998	0.193960
464.369998	0.194920
465.059998	0.193660
465.749998	0.190800
466.439998	0.186690
467.129998	0.181420
467.819998	0.174850
468.509998	0.166920
469.199998	0.157790
469.889998	0.147790
470.579998	0.137360
471.269998	0.126940
471.959998	0.116870
472.649998	0.107340
473.339998	0.098460
474.029998	0.090130
474.719998	0.082130
475.409998	0.074300
476.099998	0.066670
476.789998	0.059440
477.479998	0.053010
478.169998	0.047770
478.859998	0.044150
479.549998	0.042500
480.239998	0.043210
480.929998	0.046470
481.619998	0.052320
482.309998	0.060440
482.999998	0.070170
483.689998	0.080620
484.379998	0.090780
485.069998	0.099750
485.759998	0.106770
486.449998	0.111280
487.139998	0.113070
487.829998	0.112120
488.519998	0.108710
489.209998	0.103160
489.899998	0.095850
490.589998	0.087160
491.279998	0.077420
491.969998	0.066930
492.659998	0.055880
493.349998	0.044220
494.039998	0.031670
494.729998	0.017820
495.419998	0.002420
496.109998	-0.014620
496.799998	-0.033050
497.489998	-0.052300
498.179998	-0.071610
498.869998	-0.090120
499.559998	-0.107020
500.249998	-0.121510
500.939998	-0.133030
501.629998	-0.141330
502.319998	-0.146440
503.009998	-0.148730
503.699998	-0.148900
504.389998	-0.147740
505.079998	-0.145990
505.769998	-0.144230
506.459998	-0.142730
507.149998	-0.141390
507.839998	-0.139780
508.529998	-0.137320
509.219998	-0.133490
509.909998	-0.127840
510.599998	-0.120180
511.289998	-0.110450
511.979998	-0.098860
512.669998	-0.085790
513.359998	-0.071570
514.049998	-0.056620
514.739998	-0.041430
515.429998	-0.026610
516.119998	-0.012750
516.809998	-0.000250
517.499998	0.010720
518.189998	0.020270
518.879998	0.028830
519.569998	0.036910
520.259998	0.045170
520.949998	0.054180
521.639998	0.064400
522.329998	0.076030
523.019998	0.089030
523.709998	0.103060
524.399998	0.117510
525.089998	0.131560
525.779998	0.144400
526.469998	0.155400
527.159998	0.164250
527.849998	0.170840
528.539998	0.175070
529.229998	0.176820
529.919998	0.175940
530.609998	0.172320
531.299998	0.166020
531.989998	0.157400
532.679998	0.147100
533.369998	0.135870
534.059998	0.124400
534.749998	0.113370
535.439998	0.103410
536.129998	0.094960
536.819998	0.088230
537.509998	0.083140
538.199998	0.079380
538.889998	0.076520
539.579998	0.074200
540.269998	0.072110
540.959998	0.069930
541.649998	0.067350
542.339998	0.063930
543.029998	0.059090
543.719998	0.052140
544.409998	0.042530
545.099998	0.029990
545.789998	0.014590
546.479998	-0.003230
547.169998	-0.022800
547.859998	-0.043260
548.549998	-0.063710
549.239998	-0.083260
549.929998	-0.101090
550.619998	-0.116570
551.309998	-0.129310
551.999998	-0.139040
552.689998	-0.145790
553.379998	-0.149790
554.069998	-0.151500
554.759998	-0.151480
555.449998	-0.150230
556.139998	-0.148150
556.829998	-0.145620
557.519998	-0.142950
558.209998	-0.140330
558.899998	-0.137780
559.589998	-0.135400
560.279998	-0.133220
560.969998	-0.131260
561.659998	-0.129400
562.349998	-0.127430
563.039998	-0.125130
563.729998	-0.122310
564.419998	-0.118770
565.109998	-0.114350
565.799998	-0.108860
566.489998	-0.102180
567.179998	-0.094110
567.869998	-0.084610
568.559998	-0.073800
569.249998	-0.061980
569.939998	-0.049510
570.629998	-0.036780
571.319998	-0.024160
572.009998	-0.012040
572.699998	-0.000750
573.389998	0.009270
574.079998	0.017560
574.769998	0.023560
575.459998	0.026850
576.149998	0.027210
576.839998	0.024670
577.529998	0.019570
578.219998	0.012460
578.909998	0.004170
579.599998	-0.004400
580.289998	-0.012410
580.979998	-0.019110
581.669998	-0.023850
582.359998	-0.026090
583.049998	-0.025420
583.739998	-0.021430
584.429998	-0.013730
585.119998	-0.002090
585.809998	0.013450
586.499998	0.032510
587.189998	0.054300
587.879998	0.077650
588.569998	0.101270
589.259998	0.123780
589.949998	0.143830
590.639998	0.160150
591.329998	0.171740
592.019998	0.177990
592.709998	0.178640
593.399998	0.173620
594.089998	0.163150
594.779998	0.147760
595.469998	0.128260
596.159998	0.105840
596.849998	0.081930
597.539998	0.057830
598.229998	0.034470
598.919998	0.012540
599.609998	-0.007480
600.299998	-0.025330
600.989998	-0.040980
601.679998	-0.054550
602.369998	-0.066140
603.059998	-0.076020
603.749998	-0.084390
604.439998	-0.091430
605.129998	-0.097260
605.819998	-0.102040
606.509998	-0.105940
607.199998	-0.109210
607.889998	-0.111940
608.579998	-0.113980
609.269998	-0.115110
609.959998	-0.115070
610.649998	-0.113770
611.339998	-0.111150
612.029998	-0.107100
612.719998	-0.101540
613.409998	-0.094410
614.099998	-0.085790
614.789998	-0.075900
615.479998	-0.064980
616.169998	-0.053150
616.859998	-0.040440
617.549998	-0.026710
618.239998	-0.011700
618.929998	0.004870
619.619998	0.023330
620.309998	0.043960
620.999998	0.066970
621.689998	0.092320
622.379998	0.119740
623.069998	0.148680
623.759998	0.178340
624.449998	0.207780
625.139998	0.236100
625.829998	0.262600
626.519998	0.286640
627.209998	0.307640
627.899998	0.325070
628.589998	0.338160
629.279998	0.345940
629.969998	0.347140
630.659998	0.340100
631.349998	0.322950
632.039998	0.293960
632.729998	0.252000
633.419998	0.196640
634.109998	0.128400
634.799998	0.049130
635.489998	-0.037700
636.179998	-0.127190
636.869998	-0.214340
637.559998	-0.295170
638.249998	-0.366790
638.939998	-0.427270
639.629998	-0.475620
640.319998	-0.511690
641.009998	-0.535940
641.699998	-0.549180
642.389998	-0.552370
643.079998	-0.546440
643.769998	-0.532120
644.459998	-0.510040
645.149998	-0.480700
645.839998	-0.444660
646.529998	-0.402620
647.219998	-0.355550
647.909998	-0.304670
648.599998	-0.251660
649.289998	-0.198690
649.979998	-0.147910
650.669998	-0.100980
651.359998	-0.059030
652.049998	-0.022660
652.739998	0.007850
653.429998	0.032530
654.119998	0.051480
654.809998	0.064950
655.499998	0.073250
656.189998	0.076790
656.879998	0.076020
657.569998	0.071470
658.259998	0.063750
658.949998	0.053580
659.639998	0.041790
660.329998	0.029380
661.019998	0.017360
661.709998	0.006720
662.399998	-0.001680
663.089998	-0.007280
663.779998	-0.009770
664.469998	-0.009220
665.159998	-0.005900
665.849998	-0.000250
666.539998	0.007340
667.229998	0.016620
667.919998	0.027370
668.609998	0.039310
669.299998	0.052080
669.989998	0.065250
670.679998	0.078460
671.369998	0.091470
672.059998	0.104090
672.749998	0.116180
673.439998	0.127600
674.129998	0.138190
674.819998	0.147630
675.509998	0.155530
676.199998	0.161490
676.889998	0.165130
677.579998	0.166090
678.269998	0.164070
678.959998	0.158800
679.649998	0.150300
680.339998	0.138890
681.029998	0.125170
681.719998	0.109920
682.409998	0.094000
683.099998	0.078100
683.789998	0.062720
684.479998	0.048230
685.169998	0.034880
685.859998	0.022880
686.549998	0.012440
687.239998	0.003820
687.929998	-0.002840
688.619998	-0.007530
689.309998	-0.010290
689.999998	-0.011320
690.689998	-0.010970
691.379998	-0.009810
692.069998	-0.008580
692.759998	-0.007960
693.449998	-0.008470
694.139998	-0.010310
694.829998	-0.013480
695.519998	-0.017740
696.209998	-0.022800
696.899998	-0.028310
697.589998	-0.033970
698.279998	-0.039530
698.969998	-0.044700
699.659998	-0.049280
700.349998	-0.053070
701.039998	-0.055800
701.729998	-0.057140
702.419998	-0.056690
703.109998	-0.054070
703.799998	-0.048820
704.489998	-0.040580
705.179998	-0.029090
705.869998	-0.014350
706.559998	0.003400
707.249998	0.023720
707.939998	0.045880
708.629998	0.068990
709.319998	0.092010
710.009998	0.113890
710.699998	0.133590
711.389998	0.150200
712.079998	0.163040
712.769998	0.171610
713.459998	0.175650
714.149998	0.175170
714.839998	0.170380
715.529998	0.161540
716.219998	0.148960
716.909998	0.132940
717.599998	0.113770
718.289998	0.091730
718.979998	0.067100
719.669998	0.040200
720.359998	0.011460
721.049998	-0.018530
721.739998	-0.048970
722.429998	-0.078930
723.119998	-0.107460
723.809997	-0.133680
724.499997	-0.156900
725.189997	-0.176560
725.879997	-0.192310
726.569997	-0.204020
727.259997	-0.211660
727.949997	-0.215400
728.639997	-0.215570
729.329997	-0.212570
730.019997	-0.206800
730.709997	-0.198690
731.399997	-0.188630
732.089997	-0.176960
732.779997	-0.163990
733.469997	-0.149970
734.159997	-0.135150
734.849997	-0.119800
735.539997	-0.104300
736.229997	-0.089170
736.919997	-0.075060
737.609997	-0.062700
738.299997	-0.052790
738.989997	-0.045810
739.679997	-0.041900
740.369997	-0.040760
741.059997	-0.041660
741.749997	-0.043520
742.439997	-0.045080
743.129997	-0.045090
743.819997	-0.042650
744.509997	-0.037240
745.199997	-0.028700
745.889997	-0.017300
746.579997	-0.003640
747.269997	0.011390
747.959997	0.026680
748.649997	0.041120
749.339997	0.053870
750.029997	0.064410
750.719997	0.072610
751.409997	0.078680
752.099997	0.082990
752.789997	0.085940
753.479997	0.087980
754.169997	0.089560
754.859997	0.091140
755.549997	0.093270
756.239997	0.096600
756.929997	0.101740
757.619997	0.109090
758.309997	0.118810
758.999997	0.130880
759.689997	0.145120
760.379997	0.161150
761.069997	0.178410
761.759997	0.196270
762.449997	0.214080
763.139997	0.231340
763.829997	0.247770
764.519997	0.263180
765.209997	0.277480
765.899997	0.290400
766.589997	0.301460
767.279997	0.309930
767.969997	0.315030
768.659997	0.316020
769.349997	0.312460
770.039997	0.304190
770.729997	0.291310
771.419997	0.274160
772.109997	0.253370
772.799997	0.229900
773.489997	0.204730
774.179997	0.178690
774.869997	0.152420
775.559997	0.126440
776.249997	0.101170
776.939997	0.076960
777.629997	0.054070
778.319997	0.032620
779.009997	0.012700
779.699997	-0.005550
780.389997	-0.021960
781.079997	-0.036370
781.769997	-0.048720
782.459997	-0.059000
783.149997	-0.067170
783.839997	-0.073190
784.529997	-0.077150
785.219997	-0.079360
785.909997	-0.080320
786.599997	-0.080650
787.289997	-0.081040
787.979997	-0.082280
788.669997	-0.085240
789.359997	-0.090790
790.049997	-0.099680
790.739997	-0.112410
791.429997	-0.129030
792.119997	-0.149210
792.809997	-0.172210
793.499997	-0.196970
794.189997	-0.222170
794.879997	-0.246300
795.569997	-0.268010
796.259997	-0.286400
796.949997	-0.301010
797.639997	-0.311890
798.329997	-0.319420
799.019997	-0.324240
799.709997	-0.326960
800.399997	-0.328010
801.089997	-0.327710
801.779997	-0.326200
802.469997	-0.323520
803.159997	-0.319590
803.849997	-0.314240
804.539997	-0.307310
805.229997	-0.298630
805.919997	-0.288080
806.609997	-0.275700
807.299997	-0.261710
807.989997	-0.246390
808.679997	-0.229960
809.369997	-0.212700
810.059997	-0.194900
810.749997	-0.176880
811.439997	-0.158890
812.129997	-0.141060
812.819997	-0.123420
813.509997	-0.106070
814.199997	-0.089200
814.889997	-0.073020
815.579997	-0.057730
816.269997	-0.043440
816.959997	-0.030200
817.649997	-0.017920
818.339997	-0.006270
819.029997	0.005100
819.719997	0.016490
820.409997	0.027970
821.099997	0.039510
821.789997	0.050870
822.479997	0.061830
823.169997	0.072330
823.859997	0.082300
824.549997	0.091630
825.239997	0.100280
825.929997	0.108300
826.619997	0.115720
827.309997	0.122540
827.999997	0.128770
828.689997	0.134310
829.379997	0.138960
830.069997	0.142430
830.759997	0.144530
831.449997	0.145180
832.139997	0.144400
832.829997	0.142330
833.519997	0.139210
834.209997	0.135410
834.899997	0.131310
835.589997	0.127150
836.279997	0.123180
836.969997	0.119650
837.659997	0.116780
838.349997	0.114740
839.039997	0.113790
839.729997	0.114250
840.419997	0.116410
841.109997	0.120370
841.799997	0.126050
842.489997	0.133230
843.179997	0.141570
843.869997	0.150650
844.559997	0.160060
845.249997	0.169430
845.939997	0.178530
846.629997	0.187310
847.319997	0.195820
848.009997	0.204270
848.699997	0.212850
849.389997	0.221650
850.079997	0.230550
850.769997	0.239390
851.459997	0.247960
852.149997	0.256120
852.839997	0.263850
853.529997	0.271130
854.219997	0.277910
854.909997	0.283970
855.599997	0.289020
856.289997	0.292850
856.979997	0.295200
857.669997	0.295730
858.359997	0.293960
859.049997	0.289350
859.739997	0.281380
860.429997	0.269450
861.119997	0.252920
861.809997	0.231100
862.499997	0.203130
863.189997	0.168060
863.879997	0.125160
864.569997	0.074060
865.259997	0.014860
865.949997	-0.051840
866.639997	-0.124700
867.329997	-0.201520
868.019997	-0.279210
868.709997	-0.354180
869.399997	-0.423150
870.089997	-0.483630
870.779997	-0.534060
871.469997	-0.573670
872.159997	-0.602220
872.849997	-0.619810
873.539997	-0.626630
874.229997	-0.622870
874.919997	-0.608910
875.609997	-0.585460
876.299997	-0.553540
876.989997	-0.514350
877.679997	-0.469130
878.369997	-0.419240
879.059997	-0.365910
879.749997	-0.310460
880.439997	-0.254260
881.129997	-0.198540
881.819997	-0.144280
882.509997	-0.092130
883.199997	-0.042450
883.889997	0.004520
884.579997	0.048750
885.269997	0.090020
885.959997	0.128060
886.649997	0.162620
887.339997	0.193520
888.029997	0.220650
888.719997	0.243740
889.409997	0.262280
890.099997	0.275590
890.789997	0.283150
891.479997	0.284660
892.169997	0.279900
892.859997	0.268740
893.549997	0.251270
894.239997	0.227770
894.929997	0.198760
895.619997	0.165080
896.309997	0.127920
896.999997	0.088670
897.689997	0.048890
898.379997	0.010100
899.069997	-0.026130
899.759997	-0.058230
900.449997	-0.084820
901.139997	-0.104950
901.829997	-0.118280
902.519997	-0.125190
903.209997	-0.126810
903.899997	-0.124820
904.589997	-0.121220
905.279997	-0.117670
905.969997	-0.115300
906.659997	-0.114840
907.349997	-0.116620
908.039997	-0.120560
908.729997	-0.126240
909.419997	-0.132960
910.109997	-0.139930
910.799997	-0.146450
911.489997	-0.151810
912.179997	-0.155440
912.869997	-0.157050
913.559997	-0.156640
914.249997	-0.154340
914.939997	-0.150150
915.629997	-0.143930
916.319997	-0.135540
917.009997	-0.124890
917.699997	-0.111970
918.389997	-0.096940
919.079997	-0.079970
919.769997	-0.061200
920.459997	-0.040620
921.149997	-0.018190
921.839997	0.006110
922.529997	0.032310
923.219997	0.060420
923.909997	0.090420
924.599997	0.122040
925.289997	0.154670
925.979997	0.187310
926.669997	0.218890
927.359997	0.248610
928.049997	0.275900
928.739997	0.300280
929.429997	0.321280
930.119997	0.338540
930.809997	0.351850
931.499997	0.361070
932.189997	0.366160
932.879997	0.367160
933.569997	0.364200
934.259997	0.357500
934.949997	0.347190
935.639997	0.333400
936.329997	0.316360
937.019997	0.296470
937.709997	0.274260
938.399997	0.250290
939.089997	0.225030
939.779997	0.198870
940.469997	0.172250
941.159997	0.145600
941.849997	0.119350
942.539997	0.093950
943.229997	0.069830
943.919997	0.047380
944.609997	0.026670
945.299997	0.007610
945.989997	-0.009940
946.679997	-0.026170
947.369997	-0.041260
948.059997	-0.055540
948.749997	-0.069410
949.439997	-0.083180
950.129997	-0.097030
950.819997	-0.111000
951.509997	-0.124930
952.199997	-0.138440
952.889997	-0.151030
953.579997	-0.162060
954.269997	-0.170910
954.959997	-0.177210
955.649997	-0.180800
956.339997	-0.181750
957.029997	-0.180320
957.719997	-0.176870
958.409997	-0.171810
959.099997	-0.165510
959.789997	-0.158260
960.479997	-0.150200
961.169997	-0.141350
961.859997	-0.131580
962.549997	-0.120750
963.239997	-0.108780
963.929997	-0.095540
964.619997	-0.080870
965.309997	-0.064640
965.999997	-0.046770
966.689997	-0.027180
967.379997	-0.005740
968.069997	0.017550
968.759997	0.042650
969.449997	0.069310
970.139997	0.097140
970.829997	0.125710
971.519997	0.154670
972.209997	0.183640
972.899997	0.212180
973.589997	0.239780
974.279997	0.265790
974.969997	0.289370
975.659997	0.309520
976.349997	0.325210
977.039997	0.335510
977.729997	0.339640
978.419997	0.337190
979.109997	0.328110
979.799997	0.312670
980.489997	0.291390
981.179997	0.264850
981.869997	0.233720
982.559997	0.198730
983.249997	0.160640
983.939997	0.120190
984.629997	0.078100
985.319997	0.035160
986.009997	-0.007880
986.699997	-0.050340
987.389997	-0.091600
988.079997	-0.131130
988.769997	-0.168400
989.459997	-0.202940
990.149997	-0.234340
990.839997	-0.262200
991.529997	-0.286050
992.219997	-0.305360
992.909997	-0.319660
993.599997	-0.328680
994.289997	-0.332270
994.979997	-0.330350
995.669997	-0.322940
996.359997	-0.310050
997.049997	-0.291730
997.739997	-0.268160
998.429997	-0.239670
999.119997	-0.206850
999.809997	-0.170400
1000.499997	-0.131160
1001.189997	-0.090120
1001.879997	-0.048310
1002.569997	-0.006870
1003.259997	0.033120
1003.949997	0.070700
1004.639997	0.105010
1005.329997	0.135410
1006.019997	0.161480
1006.709997	0.183140
1007.399997	0.200640
1008.089997	0.214380
1008.779997	0.224730
1009.469997	0.231980
1010.159997	0.236420
1010.849997	0.238260
1011.539997	0.237730
1012.229997	0.234930
1012.919997	0.229990
1013.609996	0.223040
1014.299996	0.214310
1014.989996	0.204000
1015.679996	0.192300
1016.369996	0.179320
1017.059996	0.165120
1017.749996	0.149880
1018.439996	0.133860
1019.129996	0.117410
1019.819996	0.100860
1020.509996	0.084380
1021.199996	0.067970
1021.889996	0.051480
1022.579996	0.034810
1023.269996	0.017910
1023.959996	0.000740
1024.649996	-0.016730
1025.339996	-0.034650
1026.029996	-0.053080
1026.719996	-0.071840
1027.409996	-0.090620
1028.099996	-0.108980
1028.789996	-0.126400
1029.479996	-0.142470
1030.169996	-0.156930
1030.859996	-0.169510
1031.549996	-0.179920
1032.239996	-0.187720
1032.929996	-0.192220
1033.619996	-0.192860
1034.309996	-0.189450
1034.999996	-0.182160
1035.689996	-0.171420
1036.379996	-0.157820
1037.069996	-0.142070
1037.759996	-0.124880
1038.449996	-0.107150
1039.139996	-0.089960
1039.829996	-0.074530
1040.519996	-0.061970
1041.209996	-0.053110
1041.899996	-0.048380
1042.589996	-0.047900
1043.279996	-0.051570
1043.969996	-0.059230
1044.659996	-0.070610
1045.349996	-0.085250
1046.039996	-0.102530
1046.729996	-0.121820
1047.419996	-0.142550
1048.109996	-0.164180
1048.799996	-0.186090
1049.489996	-0.207650
1050.179996	-0.228240
1050.869996	-0.247220
1051.559996	-0.264080
1052.249996	-0.278470
1052.939996	-0.290090
1053.629996	-0.298540
1054.319996	-0.303380
1055.009996	-0.304190
1055.699996	-0.300630
1056.389996	-0.292560
1057.079996	-0.279970
1057.769996	-0.263020
1058.459996	-0.242080
1059.149996	-0.217750
1059.839996	-0.190770
1060.529996	-0.162020
1061.219996	-0.132430
1061.909996	-0.103000
1062.599996	-0.074690
1063.289996	-0.048230
1063.979996	-0.024120
1064.669996	-0.002680
1065.359996	0.015960
1066.049996	0.031900
1066.739996	0.045440
1067.429996	0.056960
1068.119996	0.066980
1068.809996	0.075990
1069.499996	0.084510
1070.189996	0.092960
1070.879996	0.101620
1071.569996	0.110610
1072.259996	0.119950
1072.949996	0.129440
1073.639996	0.138600
1074.329996	0.146700
1075.019996	0.152780
1075.709996	0.155890
1076.399996	0.155270
1077.089996	0.150530
1077.779996	0.141660
1078.469996	0.129230
1079.159996	0.114200
1079.849996	0.097790
1080.539996	0.081430
1081.229996	0.066580
1081.919996	0.054640
1082.609996	0.046630
1083.299996	0.043110
1083.989996	0.044280
1084.679996	0.050030
1085.369996	0.059950
1086.059996	0.073530
1086.749996	0.090290
1087.439996	0.109650
1088.129996	0.130990
1088.819996	0.153680
1089.509996	0.177150
1090.199996	0.200860
1090.889996	0.224310
1091.579996	0.247150
1092.269996	0.269050
1092.959996	0.289680
1093.649996	0.308780
1094.339996	0.326050
1095.029996	0.341190
1095.719996	0.353910
1096.409996	0.363920
1097.099996	0.371030
1097.789996	0.375120
1098.479996	0.376280
1099.169996	0.374700
1099.859996	0.370580
1100.549996	0.364130
1101.239996	0.355460
1101.929996	0.344640
1102.619996	0.331630
1103.309996	0.316290
1103.999996	0.298490
1104.689996	0.278140
1105.379996	0.255150
1106.069996	0.229470
1106.759996	0.201110
1107.449996	0.169970
1108.139996	0.136080
1108.829996	0.099550
1109.519996	0.060630
1110.209996	0.019660
1110.899996	-0.022860
1111.589996	-0.066230
1112.279996	-0.109180
1112.969996	-0.149970
1113.659996	-0.186780
1114.349996	-0.218290
1115.039996	-0.243700
1115.729996	-0.262660
1116.419996	-0.275310
1117.109996	-0.282150
1117.799996	-0.284010
1118.489996	-0.281990
1119.179996	-0.277420
1119.869996	-0.271810
1120.559996	-0.266580
1121.249996	-0.262720
1121.939996	-0.260700
1122.629996	-0.260640
1123.319996	-0.262450
1124.009996	-0.265890
1124.699996	-0.270580
1125.389996	-0.275990
1126.079996	-0.281510
1126.769996	-0.286680
1127.459996	-0.291050
1128.149996	-0.294110
1128.839996	-0.295390
1129.529996	-0.294580
1130.219996	-0.291600
1130.909996	-0.286380
1131.599996	-0.278990
1132.289996	-0.269660
1132.979996	-0.258790
1133.669996	-0.246850
1134.359996	-0.234160
1135.049996	-0.220860
1135.739996	-0.206720
1136.429996	-0.191380
1137.119996	-0.174600
1137.809996	-0.156380
1138.499996	-0.136810
1139.189996	-0.116110
1139.879996	-0.094730
1140.569996	-0.073370
1141.259996	-0.052940
1141.949996	-0.034340
1142.639996	-0.018300
1143.329996	-0.005210
1144.019996	0.004830
1144.709996	0.012020
1145.399996	0.016600
1146.089996	0.018830
1146.779996	0.018890
1147.469996	0.017010
1148.159996	0.013470
1148.849996	0.008590
1149.539996	0.002660
1150.229996	-0.003890
1150.919996	-0.010550
1151.609996	-0.016840
1152.299996	-0.022560
1152.989996	-0.027630
1153.679996	-0.031800
1154.369996	-0.034730
1155.059996	-0.036150
1155.749996	-0.035890
1156.439996	-0.033940
1157.129996	-0.030390
1157.819996	-0.025360
1158.509996	-0.018900
1159.199996	-0.011060
1159.889996	-0.001960
1160.579996	0.008260
1161.269996	0.019490
1161.959996	0.031500
1162.649996	0.044020
1163.339996	0.056870
1164.029996	0.070010
1164.719996	0.083460
1165.409996	0.097180
1166.099996	0.110930
1166.789996	0.124200
1167.479996	0.136320
1168.169996	0.146690
1168.859996	0.154890
1169.549996	0.160750
1170.239996	0.164200
1170.929996	0.165290
1171.619996	0.164220
1172.309996	0.161250
1172.999996	0.156530
1173.689996	0.150140
1174.379996	0.142170
1175.069996	0.132870
1175.759996	0.122580
1176.449996	0.111710
1177.139996	0.100640
1177.829996	0.089680
1178.519996	0.079030
1179.209996	0.068830
1179.899996	0.059180
1180.589996	0.050140
1181.279996	0.041790
1181.969996	0.034220
1182.659996	0.027520
1183.349996	0.021740
1184.039996	0.016870
1184.729996	0.012880
1185.419996	0.009620
1186.109996	0.006910
1186.799996	0.004510
1187.489996	0.002230
1188.179996	-0.000080
1188.869996	-0.002540
1189.559996	-0.005110
1190.249996	-0.007660
1190.939996	-0.010020
1191.629996	-0.012170
1192.319996	-0.014110
1193.009996	-0.015830
1193.699996	-0.017370
1194.389996	-0.018760
1195.079996	-0.020040
1195.769996	-0.021260
1196.459996	-0.022510
1197.149996	-0.023840
1197.839996	-0.025220
1198.529996	-0.026530
1199.219996	-0.027690
1199.909996	-0.028630
1200.599996	-0.029260
1201.289996	-0.029510
1201.979996	-0.029350
1202.669996	-0.028670
1203.359996	-0.027300
1204.049996	-0.025150
1204.739996	-0.022260
1205.429996	-0.018890
1206.119996	-0.015450
1206.809996	-0.012440
1207.499996	-0.010330
1208.189996	-0.009440
1208.879996	-0.009830
1209.569996	-0.011390
1210.259996	-0.013940
1210.949996	-0.017290
1211.639996	-0.021210
1212.329996	-0.025520
1213.019996	-0.030120
1213.709996	-0.034930
1214.399996	-0.039720
1215.089996	-0.044160
1215.779996	-0.047900
1216.469996	-0.050580
1217.159996	-0.051830
1217.849996	-0.051230
1218.539996	-0.048460
1219.229996	-0.043350
1219.919996	-0.035850
1220.609996	-0.026040
1221.299996	-0.014130
1221.989996	-0.000520
1222.679996	0.014230
1223.369996	0.029400
1224.059996	0.044210
1224.749996	0.058050
1225.439996	0.070590
1226.129996	0.081740
1226.819996	0.091700
1227.509996	0.100910
1228.199996	0.109930
1228.889996	0.119180
1229.579996	0.128780
1230.269996	0.138510
1230.959996	0.147860
1231.649996	0.156140
1232.339996	0.162640
1233.029996	0.166860
1233.719996	0.168500
1234.409996	0.167540
1235.099996	0.164250
1235.789996	0.159190
1236.479996	0.153080
1237.169996	0.146830
1237.859996	0.141310
1238.549996	0.137150
1239.239996	0.134580
1239.929996	0.133460
1240.619996	0.133320
1241.309996	0.133510
1241.999996	0.133450
1242.689996	0.132800
1243.379996	0.131280
1244.069996	0.128760
1244.759996	0.125120
1245.449996	0.120250
1246.139996	0.114000
1246.829996	0.106250
1247.519996	0.096850
1248.209996	0.085610
1248.899996	0.072310
1249.589996	0.056930
1250.279996	0.039720
1250.969996	0.020990
1251.659996	0.000980
1252.349996	-0.020280
1253.039996	-0.042870
1253.729996	-0.066830
1254.419996	-0.092210
1255.109996	-0.119010
1255.799996	-0.147000
1256.489996	-0.175730
1257.179996	-0.204380
1257.869996	-0.231880
1258.559996	-0.256790
1259.249996	-0.277570
1259.939996	-0.292860
1260.629996	-0.301790
1261.319996	-0.304080
1262.009996	-0.299910
1262.699996	-0.289900
1263.389996	-0.274960
1264.079996	-0.256220
1264.769996	-0.234870
1265.459996	-0.211930
1266.149996	-0.188200
1266.839996	-0.164090
1267.529996	-0.139760
1268.219996	-0.115260
1268.909996	-0.090770
1269.599996	-0.066700
1270.289996	-0.043590
1270.979996	-0.022060
1271.669996	-0.002760
1272.359996	0.013700
1273.049996	0.026810
1273.739996	0.036240
1274.429996	0.041930
1275.119996	0.044090
1275.809996	0.043190
1276.499996	0.039920
1277.189996	0.035210
1277.879996	0.030000
1278.569996	0.024960
1279.259996	0.020380
1279.949996	0.016240
1280.639996	0.012430
1281.329996	0.008770
1282.019996	0.005110
1282.709996	0.001430
1283.399996	-0.002220
1284.089996	-0.005850
1284.779996	-0.009510
1285.469996	-0.013290
1286.159996	-0.017280
1286.849996	-0.021520
1287.539996	-0.025960
1288.229996	-0.030460
1288.919996	-0.034870
1289.609996	-0.038920
1290.299996	-0.042310
1290.989996	-0.044740
1291.679996	-0.045990
1292.369996	-0.045920
1293.059996	-0.044400
1293.749996	-0.041330
1294.439996	-0.036660
1295.129996	-0.030600
1295.819996	-0.023590
1296.509996	-0.016290
1297.199996	-0.009450
1297.889996	-0.003820
1298.579996	-0.000090
1299.269996	0.001270
1299.959996	0.000070
1300.649996	-0.003590
1301.339996	-0.009360
1302.029996	-0.016760
1302.719995	-0.025270
1303.409995	-0.034330
1304.099995	-0.043310
1304.789995	-0.051670
1305.479995	-0.059080
1306.169995	-0.065330
1306.859995	-0.070280
1307.549995	-0.073920
1308.239995	-0.076370
1308.929995	-0.077850
1309.619995	-0.078700
1310.309995	-0.079190
1310.999995	-0.079430
1311.689995	-0.079630
1312.379995	-0.079980
1313.069995	-0.080540
1313.759995	-0.081310
1314.449995	-0.082180
1315.139995	-0.082990
1315.829995	-0.083450
1316.519995	-0.083220
1317.209995	-0.081910
1317.899995	-0.079020
1318.589995	-0.073880
1319.279995	-0.065780
1319.969995	-0.054120
1320.659995	-0.038650
1321.349995	-0.019530
1322.039995	0.002720
1322.729995	0.027400
1323.419995	0.053700
1324.109995	0.080830
1324.799995	0.108040
1325.489995	0.134690
1326.179995	0.160280
1326.869995	0.184440
1327.559995	0.206880
1328.249995	0.227300
1328.939995	0.245360
1329.629995	0.260710
1330.319995	0.272990
1331.009995	0.282020
1331.699995	0.287670
1332.389995	0.289890
1333.079995	0.288620
1333.769995	0.283820
1334.459995	0.275390
1335.149995	0.263320
1335.839995	0.247760
1336.529995	0.229050
1337.219995	0.207750
1337.909995	0.184540
1338.599995	0.160160
1339.289995	0.135520
1339.979995	0.111950
1340.669995	0.091070
1341.359995	0.074300
1342.049995	0.062490
1342.739995	0.056000
1343.429995	0.054930
1344.119995	0.059120
1344.809995	0.068210
1345.499995	0.081660
1346.189995	0.098850
1346.879995	0.119050
1347.569995	0.141560
1348.259995	0.165870
1348.949995	0.191570
1349.639995	0.218240
1350.329995	0.245330
1351.019995	0.272310
1351.709995	0.298700
1352.399995	0.323920
1353.089995	0.346870
1353.779995	0.365680
1354.469995	0.378040
1355.159995	0.381450
1355.849995	0.373390
1356.539995	0.351580
1357.229995	0.314280
1357.919995	0.260590
1358.609995	0.190560
1359.299995	0.105210
1359.989995	0.006700
1360.679995	-0.101490
1361.369995	-0.214620
1362.059995	-0.326780
1362.749995	-0.431850
1363.439995	-0.524910
1364.129995	-0.602720
1364.819995	-0.663610
1365.509995	-0.707230
1366.199995	-0.734300
1366.889995	-0.746290
1367.579995	-0.745080
1368.269995	-0.732630
1368.959995	-0.710820
1369.649995	-0.681250
1370.339995	-0.645240
1371.029995	-0.603860
1371.719995	-0.557880
1372.409995	-0.507900
1373.099995	-0.454490
1373.789995	-0.398220
1374.479995	-0.339700
1375.169995	-0.279680
1375.859995	-0.219040
1376.549995	-0.158770
1377.239995	-0.100000
1377.929995	-0.043840
1378.619995	0.008650
1379.309995	0.056520
1379.999995	0.098960
1380.689995	0.135360
1381.379995	0.165400
1382.069995	0.188930
1382.759995	0.206080
1383.449995	0.217160
1384.139995	0.222770
1384.829995	0.223620
1385.519995	0.220330
1386.209995	0.213410
1386.899995	0.203460
1387.589995	0.191080
1388.279995	0.176770
1388.969995	0.160810
1389.659995	0.143460
1390.349995	0.124940
1391.039995	0.105710
1391.729995	0.086410
1392.419995	0.067790
1393.109995	0.050420
1393.799995	0.034660
1394.489995	0.020660
1395.179995	0.008390
1395.869995	-0.002260
1396.559995	-0.011500
1397.249995	-0.019530
1397.939995	-0.026650
1398.629995	-0.033220
1399.319995	-0.039610
1400.009995	-0.046140
1400.699995	-0.053050
1401.389995	-0.060360
1402.079995	-0.067910
1402.769995	-0.075410
1403.459995	-0.082480
1404.149995	-0.088790
1404.839995	-0.093910
1405.529995	-0.097520
1406.219995	-0.099300
1406.909995	-0.098820
1407.599995	-0.095640
1408.289995	-0.089360
1408.979995	-0.079710
1409.669995	-0.066680
1410.359995	-0.050440
1411.049995	-0.031330
1411.739995	-0.009790
1412.429995	0.013510
1413.119995	0.037780
1413.809995	0.062060
1414.499995	0.085390
1415.189995	0.106930
1415.879995	0.126070
1416.569995	0.142260
1417.259995	0.155140
1417.949995	0.164380
1418.639995	0.169780
1419.329995	0.171250
1420.019995	0.168740
1420.709995	0.162300
1421.399995	0.152100
1422.089995	0.138360
1422.779995	0.121540
1423.469995	0.102310
1424.159995	0.081580
1424.849995	0.060320
1425.539995	0.039610
1426.229995	0.020610
1426.919995	0.004510
1427.609995	-0.007640
1428.299995	-0.015230
1428.989995	-0.018070
1429.679995	-0.016370
1430.369995	-0.010840
1431.059995	-0.002660
1431.749995	0.006780
1432.439995	0.016280
1433.129995	0.024840
1433.819995	0.031770
1434.509995	0.036820
1435.199995	0.040090
1435.889995	0.041950
1436.579995	0.042900
1437.269995	0.043380
1437.959995	0.043760
1438.649995	0.044330
1439.339995	0.045310
1440.029995	0.046740
1440.719995	0.048430
1441.409995	0.050020
1442.099995	0.051190
1442.789995	0.051670
1443.479995	0.051320
1444.169995	0.049950
1444.859995	0.047240
1445.549995	0.042820
1446.239995	0.036390
1446.929995	0.027890
1447.619995	0.017510
1448.309995	0.005480
1448.999995	-0.007830
1449.689995	-0.021810
1450.379995	-0.035650
1451.069995	-0.048470
1451.759995	-0.059390
1452.449995	-0.067530
1453.139995	-0.072210
1453.829995	-0.073020
1454.519995	-0.069980
1455.209995	-0.063550
1455.899995	-0.054450
1456.589995	-0.043630
1457.279995	-0.032030
1457.969995	-0.020570
1458.659995	-0.010010
1459.349995	-0.000960
1460.039995	0.006070
1460.729995	0.010660
1461.419995	0.012440
1462.109995	0.011300
1462.799995	0.007350
1463.489995	0.000990
1464.179995	-0.007090
1464.869995	-0.016080
1465.559995	-0.025120
1466.249995	-0.033390
1466.939995	-0.040170
1467.629995	-0.044970
1468.319995	-0.047560
1469.009995	-0.048090
1469.699995	-0.047040
1470.389995	-0.044870
1471.079995	-0.042000
1471.769995	-0.038830
1472.459995	-0.035860
1473.149995	-0.033670
1473.839995	-0.032580
1474.529995	-0.032670
1475.219995	-0.033860
1475.909995	-0.035980
1476.599995	-0.038840
1477.289995	-0.042270
1477.979995	-0.046070
1478.669995	-0.049860
1479.359995	-0.053160
1480.049995	-0.055400
1480.739995	-0.055910
1481.429995	-0.054080
1482.119995	-0.049430
1482.809995	-0.041670
1483.499995	-0.030620
1484.189995	-0.016160
1484.879995	0.001670
1485.569995	0.022570
1486.259995	0.046040
1486.949995	0.071290
1487.639995	0.097410
1488.329995	0.123390
1489.019995	0.148300
1489.709995	0.171380
1490.399995	0.192250
1491.089995	0.210700
1491.779995	0.226630
1492.469995	0.240060
1493.159995	0.251100
1493.849995	0.259780
1494.539995	0.266040
1495.229995	0.269790
1495.919995	0.270930
1496.609995	0.269440
1497.299995	0.265270
1497.989995	0.258420
1498.679995	0.249010
1499.369995	0.237280
1500.059995	0.223480
1500.749995	0.207780
1501.439995	0.190200
1502.129995	0.170710
1502.819995	0.149310
1503.509995	0.126260
1504.199995	0.102170
1504.889995	0.077620
1505.579995	0.052970
1506.269995	0.028360
1506.959995	0.003830
1507.649995	-0.020620
1508.339995	-0.045120
1509.029995	-0.069850
1509.719995	-0.095040
1510.409995	-0.120790
1511.099995	-0.147090
1511.789995	-0.173680
1512.479995	-0.200140
1513.169995	-0.225960
1513.859995	-0.250540
1514.549995	-0.273230
1515.239995	-0.293230
1515.929995	-0.309780
1516.619995	-0.322360
1517.309995	-0.330840
1517.999995	-0.335520
1518.689995	-0.336830
1519.379995	-0.335250
1520.069995	-0.331280
1520.759995	-0.325450
1521.449995	-0.318260
1522.139995	-0.310110
1522.829995	-0.301280
1523.519995	-0.291810
1524.209995	-0.281430
1524.899995	-0.269600
1525.589995	-0.255690
1526.279995	-0.239010
1526.969995	-0.218940
1527.659995	-0.195050
1528.349995	-0.167140
1529.039995	-0.135300
1529.729995	-0.099900
1530.419995	-0.061650
1531.109995	-0.021590
1531.799995	0.018960
1532.489995	0.058570
1533.179995	0.095700
1533.869995	0.128890
1534.559995	0.157020
1535.249995	0.179520
1535.939995	0.196310
1536.629995	0.207660
1537.319995	0.214220
1538.009995	0.216790
1538.699995	0.216270
1539.389995	0.213380
1540.079995	0.208680
1540.769995	0.202620
1541.459995	0.195510
1542.149995	0.187550
1542.839995	0.178870
1543.529995	0.169470
1544.219995	0.159200
1544.909995	0.147790
1545.599995	0.135040
1546.289995	0.120870
1546.979995	0.105310
1547.669995	0.088550
1548.359995	0.070980
1549.049995	0.053110
1549.739995	0.035570
1550.429995	0.018990
1551.119995	0.003890
1551.809995	-0.009380
1552.499995	-0.020580
1553.189995	-0.029490
1553.879995	-0.036020
1554.569995	-0.040200
1555.259995	-0.042290
1555.949995	-0.042690
1556.639995	-0.041910
1557.329995	-0.040460
1558.019995	-0.038800
1558.709995	-0.037400
1559.399995	-0.036650
1560.089995	-0.036740
