0.000000	0.126306
0.690000	0.124209
1.380000	0.116543
2.070000	0.103936
2.760000	0.087226
3.450000	0.067585
4.140000	0.046522
4.830000	0.025622
5.520000	0.006453
6.210000	-0.009600
6.900000	-0.021450
7.590000	-0.028292
8.280000	-0.029709
8.970000	-0.025833
9.660000	-0.017249
10.350000	-0.004912
11.040000	0.010066
11.730000	0.026626
12.420000	0.043755
13.110000	0.060407
13.800000	0.075558
14.490000	0.088408
15.180000	0.098527
15.870000	0.105853
16.560000	0.110491
17.250000	0.112661
17.940000	0.112479
18.630000	0.110204
19.320000	0.106305
20.010000	0.101409
20.700000	0.096227
21.390000	0.091363
22.080000	0.087099
22.770000	0.083393
23.460000	0.080029
24.150000	0.076935
24.840000	0.074247
25.530000	0.072207
26.220000	0.070966
26.910000	0.070603
27.600000	0.071184
28.290000	0.072705
28.980000	0.075026
29.670000	0.077902
30.360000	0.080907
31.050000	0.083497
31.740000	0.084914
32.430000	0.084101
33.120000	0.079881
33.810000	0.071222
34.500000	0.057584
35.190000	0.038977
35.880000	0.015982
36.570000	-0.010423
37.260000	-0.039019
37.950000	-0.068469
38.640000	-0.097358
39.330000	-0.124282
40.020000	-0.147998
40.710000	-0.167503
41.400000	-0.181969
42.090000	-0.190832
42.780000	-0.193806
43.470000	-0.190733
44.160000	-0.181618
44.850000	-0.166822
45.540000	-0.146954
46.230000	-0.122959
46.920000	-0.096217
47.610000	-0.068453
48.300000	-0.041450
48.990000	-0.016766
49.680000	0.004387
50.370000	0.021358
51.060000	0.033900
51.750000	0.042079
52.440000	0.046373
53.130000	0.047393
53.820000	0.045985
54.510000	0.043029
55.200000	0.039271
55.890000	0.035241
56.580000	0.031281
57.270000	0.027476
57.960000	0.023797
58.650000	0.020138
59.340000	0.016452
60.030000	0.012724
60.720000	0.008860
61.410000	0.004568
62.100000	-0.000508
62.790000	-0.006635
63.480000	-0.013825
64.170000	-0.021899
64.860000	-0.030512
65.550000	-0.039124
66.240000	-0.046972
66.930000	-0.053151
67.620000	-0.056942
68.310000	-0.057853
69.000000	-0.055708
69.690000	-0.050646
70.380000	-0.042983
71.070000	-0.033122
71.760000	-0.021572
72.450000	-0.008756
73.140000	0.004900
73.830000	0.018983
74.520000	0.033153
75.210000	0.047174
75.900000	0.060659
76.590000	0.073267
77.280000	0.084733
77.970000	0.094858
78.660000	0.103328
79.350000	0.109973
80.040000	0.114804
80.730000	0.117834
81.420000	0.118968
82.110000	0.118079
82.800000	0.114991
83.490000	0.109659
84.180000	0.102207
84.870000	0.092826
85.560000	0.081745
86.250000	0.069278
86.940000	0.055808
87.630000	0.041813
88.320000	0.027861
89.010000	0.014524
89.700000	0.002271
90.390000	-0.008483
91.080000	-0.017420
91.770000	-0.024416
92.460000	-0.029583
93.150000	-0.033156
93.840000	-0.035407
94.530000	-0.036744
95.220000	-0.037540
95.910000	-0.038040
96.600000	-0.038376
97.290000	-0.038574
97.980000	-0.038607
98.670000	-0.038339
99.360000	-0.037576
100.050000	-0.036221
100.740000	-0.034239
101.430000	-0.031634
102.120000	-0.028441
102.810000	-0.024767
103.500000	-0.020792
104.190000	-0.016700
104.880000	-0.012678
105.570000	-0.008812
106.260000	-0.005135
106.950000	-0.001688
107.640000	0.001572
108.330000	0.004882
109.020000	0.008562
109.710000	0.012667
110.400000	0.016938
111.090000	0.020911
111.780000	0.024025
112.470000	0.025804
113.160000	0.025987
113.850000	0.024484
114.540000	0.021353
115.230000	0.016745
115.920000	0.010814
116.610000	0.003583
117.300000	-0.004972
117.990000	-0.014839
118.680000	-0.025737
119.370000	-0.037189
120.060000	-0.048631
120.750000	-0.059479
121.440000	-0.069245
122.130000	-0.077660
122.820000	-0.084695
123.510000	-0.090320
124.200000	-0.094386
124.890000	-0.096586
125.580000	-0.096658
126.270000	-0.094343
126.960000	-0.089457
127.650000	-0.082055
128.340000	-0.072353
129.030000	-0.060726
129.720000	-0.047740
130.410000	-0.034167
131.100000	-0.020824
131.790000	-0.008439
132.480000	0.002378
133.170000	0.011332
133.860000	0.018516
134.550000	0.024406
135.240000	0.029559
135.930000	0.034331
136.620000	0.038835
137.310000	0.043022
138.000000	0.046891
138.690000	0.050466
139.380000	0.053787
140.070000	0.056750
140.760000	0.059267
141.450000	0.061378
142.140000	0.063287
142.830000	0.065280
143.520000	0.067759
144.210000	0.071310
144.899999	0.076675
145.589999	0.084696
146.279999	0.096155
146.969999	0.111549
147.659999	0.131041
148.349999	0.154513
149.039999	0.181569
149.729999	0.211675
150.419999	0.244211
151.109999	0.278373
151.799999	0.313188
152.489999	0.347551
153.179999	0.380301
153.869999	0.410315
154.559999	0.436659
155.249999	0.458724
155.939999	0.476330
156.629999	0.489343
157.319999	0.497377
158.009999	0.499638
158.699999	0.495320
159.389999	0.483974
160.079999	0.465766
160.769999	0.441579
161.459999	0.412898
162.149999	0.380920
162.839999	0.345963
163.529999	0.307849
164.219999	0.266594
164.909999	0.222324
165.599999	0.174671
166.289999	0.122845
166.979999	0.065987
167.669999	0.003730
168.359999	-0.063558
169.049999	-0.134854
169.739999	-0.208636
170.429999	-0.283143
171.119999	-0.356409
171.809999	-0.426272
172.499999	-0.490788
173.189999	-0.548731
173.879999	-0.599690
174.569999	-0.643692
175.259999	-0.681031
175.949999	-0.711956
176.639999	-0.736663
177.329999	-0.755275
178.019999	-0.767700
178.709999	-0.773433
179.399999	-0.771431
180.089999	-0.760620
180.779999	-0.740070
181.469999	-0.709119
182.159999	-0.667442
182.849999	-0.615253
183.539999	-0.553426
184.229999	-0.483341
184.919999	-0.406745
185.609999	-0.325647
186.299999	-0.242198
186.989999	-0.158631
187.679999	-0.076935
188.369999	0.001364
189.059999	0.075280
189.749999	0.144318
190.439999	0.208243
191.129999	0.266977
191.819999	0.320426
192.509999	0.368388
193.199999	0.410517
193.889999	0.446411
194.579999	0.475691
195.269999	0.497989
195.959999	0.512992
196.649999	0.520551
197.339999	0.520485
198.029999	0.512472
198.719999	0.496091
199.409999	0.471009
200.099999	0.437048
200.789999	0.394273
201.479999	0.343195
202.169999	0.284747
202.859999	0.220167
203.549999	0.150810
204.239999	0.077984
204.929999	0.002831
205.619999	-0.073569
206.309999	-0.150161
206.999999	-0.225860
207.689999	-0.299361
208.379999	-0.369111
209.069999	-0.433307
209.759999	-0.490011
210.449999	-0.537330
211.139999	-0.573840
211.829999	-0.598734
212.519999	-0.611822
213.209999	-0.613482
213.899999	-0.604560
214.589999	-0.586163
215.279999	-0.559527
215.969999	-0.525806
216.659999	-0.485992
217.349999	-0.441014
218.039999	-0.391694
218.729999	-0.339005
219.419999	-0.284103
220.109999	-0.228240
220.799999	-0.172698
221.489999	-0.118746
222.179999	-0.067430
222.869999	-0.019343
223.559999	0.025441
224.249999	0.067267
224.939999	0.106643
225.629999	0.143945
226.319999	0.179459
227.009999	0.213213
227.699999	0.244840
228.389999	0.273767
229.079999	0.299288
229.769999	0.320650
230.459999	0.337186
231.149999	0.348369
231.839999	0.353831
232.529999	0.353268
233.219999	0.346559
233.909999	0.333668
234.599999	0.314670
235.289999	0.289964
235.979999	0.260370
236.669999	0.227093
237.359999	0.191546
238.049999	0.155284
238.739999	0.119840
239.429999	0.086546
240.119999	0.056539
240.809999	0.030728
241.499999	0.009738
242.189999	-0.006024
242.879999	-0.016445
243.569999	-0.021814
244.259999	-0.022758
244.949999	-0.020072
245.639999	-0.014611
246.329999	-0.007241
247.019999	0.001299
247.709999	0.010316
248.399999	0.019125
249.089999	0.027167
249.779999	0.033988
250.469999	0.039314
251.159999	0.042961
251.849999	0.044833
252.539999	0.044878
253.229999	0.043155
253.919999	0.039850
254.609999	0.035358
255.299999	0.030132
255.989999	0.024534
256.679999	0.018895
257.369999	0.013584
258.059999	0.009151
258.749999	0.006116
259.439999	0.004943
260.129999	0.005853
260.819999	0.008750
261.509999	0.013379
262.199999	0.019431
262.889999	0.026709
263.579999	0.035137
264.269999	0.044577
264.959999	0.054747
265.649999	0.065366
266.339999	0.076105
267.029999	0.086649
267.719999	0.096773
268.409999	0.106359
269.099999	0.115398
269.789999	0.123871
270.479999	0.131577
271.169999	0.138156
271.859999	0.143207
272.549999	0.146390
273.239999	0.147518
273.929999	0.146558
274.619999	0.143549
275.309999	0.138764
275.999999	0.132581
276.689999	0.125399
277.379999	0.117541
278.069999	0.109097
278.759999	0.099934
279.449999	0.089761
280.139999	0.078291
280.829999	0.065410
281.519999	0.051196
282.209999	0.035948
282.899999	0.020158
283.589999	0.004454
284.279999	-0.010452
284.969999	-0.023860
285.659999	-0.035132
286.349999	-0.043805
287.039999	-0.049570
287.729999	-0.052215
288.419999	-0.051686
289.109999	-0.048055
289.799999	-0.041534
290.489999	-0.032505
291.179999	-0.021646
291.869999	-0.009872
292.559999	0.001827
293.249999	0.012419
293.939999	0.020905
294.629999	0.026432
295.319999	0.028388
296.009999	0.026505
296.699999	0.020946
297.389999	0.012219
298.079999	0.000967
298.769999	-0.012180
299.459999	-0.026801
300.149999	-0.042390
300.839999	-0.058263
301.529999	-0.073562
302.219999	-0.087480
302.909999	-0.099383
303.599999	-0.108781
304.289999	-0.115428
304.979999	-0.119226
305.669999	-0.120200
306.359999	-0.118479
307.049999	-0.114287
307.739999	-0.108012
308.429999	-0.100108
309.119999	-0.091023
309.809999	-0.081177
310.499999	-0.070955
311.189999	-0.060665
311.879999	-0.050503
312.569999	-0.040431
313.259999	-0.030352
313.949999	-0.020254
314.639999	-0.010254
315.329999	-0.000670
316.019999	0.008069
316.709999	0.015460
317.399999	0.021003
318.089999	0.024288
318.779999	0.024793
319.469999	0.022151
320.159999	0.016508
320.849999	0.008447
321.539999	-0.001320
322.229999	-0.012118
322.919999	-0.023312
323.609999	-0.034140
324.299999	-0.043839
324.989999	-0.051815
325.679999	-0.057759
326.369999	-0.061704
327.059999	-0.063859
327.749999	-0.064529
328.439999	-0.064091
329.129999	-0.062974
329.819999	-0.061481
330.509999	-0.059616
331.199999	-0.057106
331.889999	-0.053548
332.579999	-0.048494
333.269999	-0.041504
333.959999	-0.032245
334.649999	-0.020443
335.339999	-0.006087
336.029999	0.010633
336.719999	0.029231
337.409999	0.048928
338.099999	0.068805
338.789999	0.087963
339.479999	0.105588
340.169999	0.121217
340.859999	0.134692
341.549999	0.145989
342.239999	0.154973
342.929999	0.161300
343.619999	0.164423
344.309999	0.163570
344.999999	0.157826
345.689999	0.146227
346.379999	0.128133
347.069999	0.103458
347.759999	0.072781
348.449999	0.037431
349.139999	-0.000832
349.829999	-0.040037
350.519999	-0.078331
351.209999	-0.114104
351.899999	-0.145926
352.589999	-0.172603
353.279999	-0.193334
353.969999	-0.207757
354.659999	-0.215948
355.349999	-0.218338
356.039999	-0.215591
356.729999	-0.208502
357.419999	-0.197951
358.109999	-0.184658
358.799999	-0.169204
359.489999	-0.152056
360.179999	-0.133700
360.869999	-0.114533
361.559999	-0.094953
362.249999	-0.075307
362.939999	-0.055814
363.629999	-0.036656
364.319999	-0.018146
365.009999	-0.000671
365.699999	0.015250
366.389999	0.029157
367.079999	0.040764
367.769999	0.049991
368.459999	0.056909
369.149999	0.061703
369.839999	0.064636
370.529999	0.065966
371.219999	0.065906
371.909999	0.064663
372.599999	0.062402
373.289999	0.059343
373.979999	0.055731
374.669999	0.051832
375.359999	0.047787
376.049999	0.043730
376.739999	0.039890
377.429999	0.036493
378.119999	0.033752
378.809999	0.032022
379.499999	0.031911
380.189999	0.034205
380.879999	0.039879
381.569999	0.049598
382.259999	0.063369
382.949999	0.080695
383.639999	0.100936
384.329999	0.123482
385.019999	0.147695
385.709999	0.172829
386.399999	0.198065
387.089999	0.222546
387.779999	0.245413
388.469999	0.265933
389.159999	0.283557
389.849999	0.298092
390.539999	0.309914
391.229999	0.319887
391.919999	0.328826
392.609999	0.337205
393.299999	0.345302
393.989999	0.353344
394.679999	0.361425
395.369999	0.369446
396.059999	0.377150
396.749999	0.384159
397.439999	0.389899
398.129999	0.393766
398.819999	0.395432
399.509999	0.394699
400.199999	0.390885
400.889999	0.383224
401.579999	0.371489
402.269999	0.356283
402.959999	0.338195
403.649999	0.317025
404.339999	0.291879
405.029999	0.261848
405.719999	0.226501
406.409999	0.186040
407.099999	0.141008
407.789999	0.092266
408.479999	0.041183
409.169999	-0.010476
409.859999	-0.061159
410.549999	-0.109693
411.239999	-0.155311
411.929999	-0.197489
412.619999	-0.235792
413.309999	-0.269967
413.999999	-0.300139
414.689999	-0.326757
415.379999	-0.350641
416.069999	-0.372943
416.759999	-0.395019
417.449999	-0.418051
418.139999	-0.442661
418.829999	-0.468531
419.519999	-0.494201
420.209999	-0.517585
420.899999	-0.536910
421.589999	-0.551034
422.279999	-0.559208
422.969999	-0.560930
423.659999	-0.555863
424.349999	-0.543809
425.039999	-0.524803
425.729999	-0.499256
426.419999	-0.467949
427.109999	-0.431947
427.799999	-0.392453
428.489999	-0.350674
429.179999	-0.307696
429.869999	-0.264384
430.559999	-0.221341
431.249999	-0.179050
431.939999	-0.137968
432.629999	-0.098582
433.319999	-0.061470
434.009999	-0.027345
434.699998	0.003029
435.389998	0.028915
436.079998	0.049693
436.769998	0.064928
437.459998	0.074408
438.149998	0.078139
438.839998	0.076382
439.529998	0.069778
440.219998	0.059304
440.909998	0.046243
441.599998	0.032022
442.289998	0.017993
442.979998	0.005186
443.669998	-0.006063
444.359998	-0.016361
445.049998	-0.027070
445.739998	-0.039743
446.429998	-0.055459
447.119998	-0.074514
447.809998	-0.096423
448.499998	-0.120117
449.189998	-0.144063
449.879998	-0.166561
450.569998	-0.185941
451.259998	-0.200729
451.949998	-0.210055
452.639998	-0.213793
453.329998	-0.212320
454.019998	-0.206113
454.709998	-0.195598
455.399998	-0.181268
456.089998	-0.163857
456.779998	-0.144403
457.469998	-0.124056
458.159998	-0.103732
458.849998	-0.084114
459.539998	-0.065655
460.229998	-0.048594
460.919998	-0.032909
461.609998	-0.018268
462.299998	-0.004177
462.989998	0.010002
463.679998	0.024883
464.369998	0.040781
465.059998	0.057466
465.749998	0.073972
466.439998	0.089274
467.129998	0.103123
467.819998	0.116027
468.509998	0.128797
469.199998	0.142210
469.889998	0.156707
470.579998	0.172247
471.269998	0.188238
471.959998	0.203792
472.649998	0.218056
473.339998	0.230393
474.029998	0.240315
474.719998	0.247435
475.409998	0.251462
476.099998	0.252245
476.789998	0.249712
477.479998	0.243887
478.169998	0.234788
478.859998	0.222444
479.549998	0.206952
480.239998	0.188688
480.929998	0.168216
481.619998	0.146155
482.309998	0.123185
482.999998	0.100110
483.689998	0.077757
484.379998	0.056943
485.069998	0.038506
485.759998	0.023260
486.449998	0.011955
487.139998	0.005123
487.829998	0.002926
488.519998	0.005269
489.209998	0.011966
489.899998	0.022804
490.589998	0.037403
491.279998	0.055194
491.969998	0.075349
492.659998	0.096829
493.349998	0.118431
494.039998	0.138823
494.729998	0.156641
495.419998	0.170697
496.109998	0.180033
496.799998	0.183979
497.489998	0.182154
498.179998	0.174471
498.869998	0.161070
499.559998	0.142173
500.249998	0.118022
500.939998	0.088939
501.629998	0.055452
502.319998	0.018400
503.009998	-0.021153
503.699998	-0.062048
504.389998	-0.103100
505.079998	-0.143208
505.769998	-0.181329
506.459998	-0.216429
507.149998	-0.247502
507.839998	-0.273649
508.529998	-0.294162
509.219998	-0.308647
509.909998	-0.316898
510.599998	-0.318847
511.289998	-0.314482
511.979998	-0.303864
512.669998	-0.287313
513.359998	-0.265436
514.049998	-0.239059
514.739998	-0.209127
515.429998	-0.176661
516.119998	-0.142644
516.809998	-0.107938
517.499998	-0.073240
518.189998	-0.039224
518.879998	-0.006589
519.569998	0.024025
520.259998	0.052176
520.949998	0.077435
521.639998	0.099285
522.329998	0.117217
523.019998	0.130900
523.709998	0.140261
524.399998	0.145518
525.089998	0.147103
525.779998	0.145456
526.469998	0.140935
527.159998	0.133911
527.849998	0.124732
528.539998	0.113703
529.229998	0.101099
529.919998	0.087227
530.609998	0.072448
531.299998	0.057252
531.989998	0.042148
532.679998	0.027613
533.369998	0.014086
534.059998	0.001947
534.749998	-0.008542
535.439998	-0.017295
536.129998	-0.024406
536.819998	-0.030125
537.509998	-0.034716
538.199998	-0.038290
538.889998	-0.040777
539.579998	-0.042075
540.269998	-0.042079
540.959998	-0.040817
541.649998	-0.038444
542.339998	-0.035066
543.029998	-0.030716
543.719998	-0.025407
544.409998	-0.019221
545.099998	-0.012337
545.789998	-0.005060
546.479998	0.002264
547.169998	0.009383
547.859998	0.016120
548.549998	0.022312
549.239998	0.027817
549.929998	0.032583
550.619998	0.036535
551.309998	0.039544
551.999998	0.041466
552.689998	0.042201
553.379998	0.041735
554.069998	0.040170
554.759998	0.037567
555.449998	0.033901
556.139998	0.028988
556.829998	0.022602
557.519998	0.014608
558.209998	0.004984
558.899998	-0.006119
559.589998	-0.018394
560.279998	-0.031472
560.969998	-0.044839
561.659998	-0.057793
562.349998	-0.069709
563.039998	-0.080081
563.729998	-0.088519
564.419998	-0.094671
565.109998	-0.098304
565.799998	-0.099362
566.489998	-0.097954
567.179998	-0.094352
567.869998	-0.088877
568.559998	-0.081928
569.249998	-0.073919
569.939998	-0.065246
570.629998	-0.056383
571.319998	-0.047827
572.009998	-0.040086
572.699998	-0.033655
573.389998	-0.028909
574.079998	-0.026068
574.769998	-0.025162
575.459998	-0.026038
576.149998	-0.028312
576.839998	-0.031486
577.529998	-0.034953
578.219998	-0.038084
578.909998	-0.040361
579.599998	-0.041443
580.289998	-0.041088
580.979998	-0.039075
581.669998	-0.035147
582.359998	-0.028994
583.049998	-0.020383
583.739998	-0.009294
584.429998	0.004038
585.119998	0.019124
585.809998	0.035412
586.499998	0.052377
587.189998	0.069452
587.879998	0.086098
588.569998	0.101810
589.259998	0.116072
589.949998	0.128398
590.639998	0.138348
591.329998	0.145511
592.019998	0.149565
592.709998	0.150237
593.399998	0.147257
594.089998	0.140379
594.779998	0.129381
595.469998	0.114183
596.159998	0.095000
596.849998	0.072402
597.539998	0.047301
598.229998	0.020788
598.919998	-0.006022
599.609998	-0.032043
600.299998	-0.056370
600.989998	-0.078327
601.679998	-0.097484
602.369998	-0.113587
603.059998	-0.126253
603.749998	-0.135045
604.439998	-0.139640
605.129998	-0.139816
605.819998	-0.135316
606.509998	-0.125917
607.199998	-0.111601
607.889998	-0.092551
608.579998	-0.069312
609.269998	-0.042909
609.959998	-0.014753
610.649998	0.013593
611.339998	0.040496
612.029998	0.064240
612.719998	0.083164
613.409998	0.095834
614.099998	0.101328
614.789998	0.099193
615.479998	0.089393
616.169998	0.072227
616.859998	0.048724
617.549998	0.020799
618.239998	-0.008956
618.929998	-0.038107
619.619998	-0.064706
620.309998	-0.087560
620.999998	-0.106018
621.689998	-0.119734
622.379998	-0.128483
623.069998	-0.132130
623.759998	-0.130537
624.449998	-0.123494
625.139998	-0.110862
625.829998	-0.092746
626.519998	-0.069510
627.209998	-0.041554
627.899998	-0.009210
628.589998	0.027187
629.279998	0.067211
629.969998	0.110500
630.659998	0.156531
631.349998	0.204338
632.039998	0.252801
632.729998	0.300660
633.419998	0.346415
634.109998	0.388658
634.799998	0.426255
635.489998	0.458345
636.179998	0.484146
636.869998	0.502910
637.559998	0.513887
638.249998	0.516670
638.939998	0.511541
639.629998	0.499490
640.319998	0.481864
641.009998	0.460078
641.699998	0.435682
642.389998	0.410297
643.079998	0.385059
643.769998	0.359994
644.459998	0.334048
645.149998	0.305702
645.839998	0.273543
646.529998	0.236632
647.219998	0.194459
647.909998	0.146732
648.599998	0.093423
649.289998	0.035171
649.979998	-0.026480
650.669998	-0.089428
651.359998	-0.151681
652.049998	-0.212115
652.739998	-0.270520
653.429998	-0.327328
654.119998	-0.383097
654.809998	-0.437906
655.499998	-0.491034
656.189998	-0.541054
656.879998	-0.586267
657.569998	-0.625059
658.259998	-0.656117
658.949998	-0.678335
659.639998	-0.690707
660.329998	-0.692396
661.019998	-0.682905
661.709998	-0.662331
662.399998	-0.631284
663.089998	-0.590645
663.779998	-0.541422
664.469998	-0.484835
665.159998	-0.422450
665.849998	-0.355880
666.539998	-0.286628
667.229998	-0.216036
667.919998	-0.145303
668.609998	-0.075433
669.299998	-0.007254
669.989998	0.058381
670.679998	0.120669
671.369998	0.178736
672.059998	0.231694
672.749998	0.278735
673.439998	0.319237
674.129998	0.352714
674.819998	0.378758
675.509998	0.397055
676.199998	0.407437
676.889998	0.410028
677.579998	0.405151
678.269998	0.393252
678.959998	0.374767
679.649998	0.350116
680.339998	0.319689
681.029998	0.283857
681.719998	0.242906
682.409998	0.196967
683.099998	0.145937
683.789998	0.089623
684.479998	0.027876
685.169998	-0.039325
685.859998	-0.111757
686.549998	-0.188905
687.239998	-0.269846
687.929998	-0.353232
688.619998	-0.437249
689.309998	-0.519683
689.999998	-0.598038
690.689998	-0.669576
691.379998	-0.731478
692.069998	-0.781040
692.759998	-0.815822
693.449998	-0.833859
694.139998	-0.833834
694.829998	-0.815211
695.519998	-0.778320
696.209998	-0.724535
696.899998	-0.656478
697.589998	-0.577874
698.279998	-0.492847
698.969998	-0.405252
699.659998	-0.318331
700.349998	-0.234427
701.039998	-0.154853
701.729998	-0.080170
702.419998	-0.010502
703.109998	0.054312
703.799998	0.114639
704.489998	0.170778
705.179998	0.222755
705.869998	0.270334
706.559998	0.313065
707.249998	0.350533
707.939998	0.382486
708.629998	0.408727
709.319998	0.429081
710.009998	0.443466
710.699998	0.452128
711.389998	0.455670
712.079998	0.454946
712.769998	0.450960
713.459998	0.444603
714.149998	0.436530
714.839998	0.426940
715.529998	0.415686
716.219998	0.402683
716.909998	0.388112
717.599998	0.372426
718.289998	0.356276
718.979998	0.340296
719.669998	0.324903
720.359998	0.310054
721.049998	0.295155
721.739998	0.279287
722.429998	0.261668
723.119998	0.241889
723.809997	0.219851
724.499997	0.195662
725.189997	0.169664
725.879997	0.142257
726.569997	0.113863
727.259997	0.084915
727.949997	0.055892
728.639997	0.027279
729.329997	-0.000455
730.019997	-0.026807
730.709997	-0.051364
731.399997	-0.073871
732.089997	-0.094185
732.779997	-0.112065
733.469997	-0.127144
734.159997	-0.139058
734.849997	-0.147530
735.539997	-0.152572
736.229997	-0.154661
736.919997	-0.154764
737.609997	-0.154064
738.299997	-0.153551
738.989997	-0.153790
739.679997	-0.154913
740.369997	-0.156695
741.059997	-0.158692
741.749997	-0.160426
742.439997	-0.161489
743.129997	-0.161685
743.819997	-0.161001
744.509997	-0.159384
745.199997	-0.156783
745.889997	-0.153051
746.579997	-0.148094
747.269997	-0.142087
747.959997	-0.135461
748.649997	-0.128640
749.339997	-0.121966
750.029997	-0.115732
750.719997	-0.110100
751.409997	-0.105078
752.099997	-0.100620
752.789997	-0.096606
753.479997	-0.092851
754.169997	-0.089138
754.859997	-0.085199
755.549997	-0.080836
756.239997	-0.076007
756.929997	-0.070794
757.619997	-0.065369
758.309997	-0.059858
758.999997	-0.054181
759.689997	-0.047944
760.379997	-0.040484
761.069997	-0.030960
761.759997	-0.018548
762.449997	-0.002722
763.139997	0.016607
763.829997	0.039170
764.519997	0.064209
765.209997	0.090671
765.899997	0.117549
766.589997	0.143961
767.279997	0.169241
767.969997	0.192990
768.659997	0.214984
769.349997	0.235054
770.039997	0.252949
770.729997	0.268465
771.419997	0.281425
772.109997	0.291574
772.799997	0.298711
773.489997	0.302699
774.179997	0.303487
774.869997	0.300958
775.559997	0.294897
776.249997	0.285122
776.939997	0.271511
777.629997	0.253904
778.319997	0.232118
779.009997	0.206081
779.699997	0.175854
780.389997	0.141829
781.079997	0.104698
781.769997	0.065345
782.459997	0.024851
783.149997	-0.015618
783.839997	-0.054833
784.529997	-0.091730
785.219997	-0.125399
785.909997	-0.155077
786.599997	-0.180047
787.289997	-0.199703
787.979997	-0.213632
788.669997	-0.221688
789.359997	-0.223987
790.049997	-0.220974
790.739997	-0.213377
791.429997	-0.202131
792.119997	-0.188280
792.809997	-0.172885
793.499997	-0.157006
794.189997	-0.141559
794.879997	-0.127189
795.569997	-0.114285
796.259997	-0.103081
796.949997	-0.093738
797.639997	-0.086302
798.329997	-0.080781
799.019997	-0.077182
799.709997	-0.075485
