0.000000	0.064380
0.690000	0.069440
1.380000	0.082520
2.070000	0.097320
2.760000	0.108120
3.450000	0.111590
4.140000	0.107540
4.830000	0.098110
5.520000	0.085690
6.210000	0.073250
6.900000	0.062700
7.590000	0.055090
8.280000	0.050780
8.970000	0.048780
9.660000	0.046690
10.350000	0.042020
11.040000	0.032980
11.730000	0.019300
12.420000	0.001220
13.110000	-0.020270
13.800000	-0.043250
14.490000	-0.064620
15.180000	-0.080160
15.870000	-0.086000
16.560000	-0.080400
17.250000	-0.064220
17.940000	-0.039950
18.630000	-0.010810
19.320000	0.019980
20.010000	0.051740
20.700000	0.085310
21.390000	0.121850
22.080000	0.160260
22.770000	0.198560
23.460000	0.233540
24.150000	0.261470
24.840000	0.278790
25.530000	0.282420
26.220000	0.271080
26.910000	0.246480
27.600000	0.212070
28.290000	0.170760
28.980000	0.124800
29.670000	0.075600
30.360000	0.024480
31.050000	-0.025860
31.740000	-0.072130
32.430000	-0.112810
33.120000	-0.150000
33.810000	-0.186510
34.500000	-0.225230
35.190000	-0.267550
35.880000	-0.314500
36.570000	-0.365420
37.260000	-0.418640
37.950000	-0.472370
38.640000	-0.525430
39.330000	-0.575990
40.020000	-0.620880
40.710000	-0.655970
41.400000	-0.677070
42.090000	-0.680170
42.780000	-0.663820
43.470000	-0.627080
44.160000	-0.570180
44.850000	-0.493520
45.540000	-0.397690
46.230000	-0.282680
46.920000	-0.150420
47.610000	-0.005270
48.300000	0.142940
48.990000	0.279720
49.680000	0.391740
50.370000	0.470340
51.060000	0.513340
51.750000	0.523910
52.440000	0.508540
53.130000	0.476360
53.820000	0.436450
54.510000	0.398000
55.200000	0.369360
55.890000	0.355480
56.580000	0.358840
57.270000	0.378590
57.960000	0.412280
58.650000	0.457110
59.340000	0.508430
60.030000	0.560290
60.720000	0.608240
61.410000	0.650070
62.100000	0.683400
62.790000	0.705500
63.480000	0.711390
64.170000	0.695800
64.860000	0.654050
65.550000	0.584000
66.240000	0.485990
66.930000	0.362740
67.620000	0.218790
68.310000	0.058960
69.000000	-0.112060
69.690000	-0.288910
70.380000	-0.465480
71.070000	-0.635830
71.760000	-0.794490
72.450000	-0.937460
73.140000	-1.063670
73.830000	-1.174690
74.520000	-1.271200
75.210000	-1.351120
75.900000	-1.408880
76.590000	-1.433920
77.280000	-1.415830
77.970000	-1.346700
78.660000	-1.219790
79.350000	-1.032620
80.040000	-0.789470
80.730000	-0.505170
81.420000	-0.205160
82.110000	0.088870
82.800000	0.356400
83.490000	0.577370
84.180000	0.735590
84.870000	0.827260
85.560000	0.864690
86.250000	0.870140
86.940000	0.866190
87.630000	0.868400
88.320000	0.880400
89.010000	0.895970
89.700000	0.904420
90.390000	0.896310
91.080000	0.865400
91.770000	0.810560
92.460000	0.734590
93.150000	0.642440
93.840000	0.540470
94.530000	0.435450
95.220000	0.333080
95.910000	0.237810
96.600000	0.154130
97.290000	0.085120
97.980000	0.031590
98.670000	-0.008380
99.360000	-0.038560
100.050000	-0.062320
100.740000	-0.082290
101.430000	-0.099780
102.120000	-0.115520
102.810000	-0.129090
103.500000	-0.139840
104.190000	-0.147160
104.880000	-0.150670
105.570000	-0.151290
106.260000	-0.150030
106.950000	-0.147710
107.640000	-0.144750
108.330000	-0.141610
109.020000	-0.137950
109.710000	-0.133020
110.400000	-0.127280
111.090000	-0.121960
111.780000	-0.117210
112.470000	-0.113250
113.160000	-0.110140
113.850000	-0.107810
114.540000	-0.106130
115.230000	-0.104260
115.920000	-0.101830
116.610000	-0.098840
117.300000	-0.095060
117.990000	-0.089900
118.680000	-0.083290
119.370000	-0.075380
120.060000	-0.065840
120.750000	-0.054870
121.440000	-0.043180
122.130000	-0.029670
122.820000	-0.013490
123.510000	0.004690
124.200000	0.023500
124.890000	0.041140
125.580000	0.056140
126.270000	0.067570
126.960000	0.074660
127.650000	0.077380
128.340000	0.076850
129.030000	0.073580
129.720000	0.068200
130.410000	0.061860
131.100000	0.055400
131.790000	0.049150
132.480000	0.043540
133.170000	0.039330
133.860000	0.037720
134.550000	0.040530
135.240000	0.050090
135.930000	0.067500
136.620000	0.091580
137.310000	0.119190
138.000000	0.147180
138.690000	0.172900
139.380000	0.194360
140.070000	0.209360
140.760000	0.215390
141.450000	0.210380
142.140000	0.193550
142.830000	0.165700
143.520000	0.129350
144.210000	0.088640
144.899999	0.047940
145.589999	0.010000
146.279999	-0.024180
146.969999	-0.054480
147.659999	-0.081040
148.349999	-0.104570
149.039999	-0.126190
149.729999	-0.146280
150.419999	-0.165730
151.109999	-0.185140
151.799999	-0.204890
152.489999	-0.224670
153.179999	-0.243680
153.869999	-0.260290
154.559999	-0.273470
155.249999	-0.282610
155.939999	-0.287400
156.629999	-0.288100
157.319999	-0.285700
158.009999	-0.281360
158.699999	-0.275740
159.389999	-0.268710
160.079999	-0.258580
160.769999	-0.243340
161.459999	-0.220850
162.149999	-0.189330
162.839999	-0.146050
163.529999	-0.089210
164.219999	-0.019520
164.909999	0.060190
165.599999	0.146000
166.289999	0.233220
166.979999	0.315630
167.669999	0.387000
168.359999	0.443190
169.049999	0.481170
169.739999	0.499490
170.429999	0.498150
171.119999	0.479000
171.809999	0.444260
172.499999	0.396200
173.189999	0.336880
173.879999	0.268860
174.569999	0.195690
175.259999	0.121550
175.949999	0.049800
176.639999	-0.017590
177.329999	-0.078900
178.019999	-0.132770
178.709999	-0.177960
179.399999	-0.214080
180.089999	-0.241170
180.779999	-0.259190
181.469999	-0.268080
182.159999	-0.269590
182.849999	-0.265230
183.539999	-0.256380
184.229999	-0.245400
184.919999	-0.234990
185.609999	-0.227890
186.299999	-0.225780
186.989999	-0.228050
187.679999	-0.231670
188.369999	-0.231990
189.059999	-0.224290
189.749999	-0.205180
190.439999	-0.173690
191.129999	-0.131230
191.819999	-0.080040
192.509999	-0.023070
193.199999	0.035340
193.889999	0.091250
194.579999	0.143540
195.269999	0.191850
195.959999	0.235680
196.649999	0.274230
197.339999	0.304810
198.029999	0.325620
198.719999	0.337310
199.409999	0.341540
200.099999	0.339500
200.789999	0.331930
201.479999	0.318730
202.169999	0.300540
202.859999	0.279610
203.549999	0.256180
204.239999	0.229690
204.929999	0.199680
205.619999	0.166940
206.309999	0.132260
206.999999	0.096270
207.689999	0.059500
208.379999	0.022720
209.069999	-0.011880
209.759999	-0.042350
210.449999	-0.067710
211.139999	-0.086980
211.829999	-0.099510
212.519999	-0.105070
213.209999	-0.104590
213.899999	-0.099990
214.589999	-0.094620
215.279999	-0.091740
215.969999	-0.093650
216.659999	-0.101910
217.349999	-0.116660
218.039999	-0.134980
218.729999	-0.152890
219.419999	-0.166170
220.109999	-0.170590
220.799999	-0.164540
221.489999	-0.147600
222.179999	-0.120040
222.869999	-0.085350
223.559999	-0.049280
224.249999	-0.018210
224.939999	0.003370
225.629999	0.013470
226.319999	0.012930
227.009999	0.003620
227.699999	-0.009940
228.389999	-0.024210
229.079999	-0.037330
229.769999	-0.048210
230.459999	-0.056650
231.149999	-0.062570
231.839999	-0.065930
232.529999	-0.066820
233.219999	-0.066540
233.909999	-0.066280
234.599999	-0.066110
235.289999	-0.065250
235.979999	-0.062650
236.669999	-0.056390
237.359999	-0.044540
238.049999	-0.026330
238.739999	-0.003000
239.429999	0.023160
240.119999	0.049770
240.809999	0.075000
241.499999	0.098230
242.189999	0.119070
242.879999	0.137820
243.569999	0.154730
244.259999	0.170500
244.949999	0.185450
245.639999	0.198580
246.329999	0.208590
247.019999	0.213840
247.709999	0.212890
248.399999	0.205780
249.089999	0.193780
249.779999	0.177580
250.469999	0.157730
251.159999	0.135080
251.849999	0.111090
252.539999	0.086840
253.229999	0.063980
253.919999	0.043640
254.609999	0.026370
255.299999	0.012670
255.989999	0.002080
256.679999	-0.006640
257.369999	-0.014840
258.059999	-0.022000
258.749999	-0.028490
259.439999	-0.035770
260.129999	-0.044000
260.819999	-0.052350
261.509999	-0.060090
262.199999	-0.067960
262.889999	-0.077100
263.579999	-0.089390
264.269999	-0.105070
264.959999	-0.123630
265.649999	-0.144070
266.339999	-0.165530
267.029999	-0.186630
267.719999	-0.205590
268.409999	-0.220330
269.099999	-0.228820
269.789999	-0.229980
270.479999	-0.224180
271.169999	-0.213900
271.859999	-0.202020
272.549999	-0.190320
273.239999	-0.178030
273.929999	-0.162930
274.619999	-0.143190
275.309999	-0.118370
275.999999	-0.089240
276.689999	-0.057220
277.379999	-0.024050
278.069999	0.009720
278.759999	0.041920
279.449999	0.069600
280.139999	0.088270
280.829999	0.095270
281.519999	0.091070
282.209999	0.079210
282.899999	0.064380
283.589999	0.051420
284.279999	0.043830
284.969999	0.043840
285.659999	0.052880
286.349999	0.070340
287.039999	0.092360
287.729999	0.115460
288.419999	0.137780
289.109999	0.158240
289.799999	0.173730
290.489999	0.179460
291.179999	0.172560
291.869999	0.153200
292.559999	0.123440
293.249999	0.085560
293.939999	0.042350
294.629999	-0.004550
295.319999	-0.054640
296.009999	-0.106190
296.699999	-0.156100
297.389999	-0.200000
298.079999	-0.233540
298.769999	-0.253730
299.459999	-0.261230
300.149999	-0.258670
300.839999	-0.249100
301.529999	-0.233600
302.219999	-0.210220
302.909999	-0.177860
303.599999	-0.138320
304.289999	-0.096980
304.979999	-0.058510
305.669999	-0.023860
306.359999	0.008250
307.049999	0.040510
307.739999	0.075590
308.429999	0.114050
309.119999	0.152720
309.809999	0.185210
310.499999	0.204940
311.189999	0.209110
311.879999	0.197680
312.569999	0.173150
313.259999	0.142280
313.949999	0.112840
314.639999	0.090590
315.329999	0.077850
316.019999	0.073170
316.709999	0.073240
317.399999	0.074840
318.089999	0.075840
318.779999	0.074180
319.469999	0.068280
320.159999	0.057840
320.849999	0.043450
321.539999	0.027290
322.229999	0.011650
322.919999	-0.001140
323.609999	-0.009670
324.299999	-0.013550
324.989999	-0.014330
325.679999	-0.013440
326.369999	-0.012230
327.059999	-0.012900
327.749999	-0.016620
328.439999	-0.022010
329.129999	-0.027030
329.819999	-0.029840
330.509999	-0.029070
331.199999	-0.023720
331.889999	-0.013530
332.579999	0.000740
333.269999	0.017580
333.959999	0.035880
334.649999	0.054610
335.339999	0.072150
336.029999	0.086970
336.719999	0.097140
337.409999	0.100720
338.099999	0.096570
338.789999	0.084970
339.479999	0.067150
340.169999	0.045660
340.859999	0.023930
341.549999	0.004570
342.239999	-0.009880
342.929999	-0.018480
343.619999	-0.020520
344.309999	-0.015610
344.999999	-0.005490
345.689999	0.008270
346.379999	0.024250
347.069999	0.040450
347.759999	0.053970
348.449999	0.061830
349.139999	0.062410
349.829999	0.054500
350.519999	0.037610
351.209999	0.013610
351.899999	-0.015910
352.589999	-0.048290
353.279999	-0.079280
353.969999	-0.104510
354.659999	-0.121330
355.349999	-0.128800
356.039999	-0.127310
356.729999	-0.119470
357.419999	-0.108070
358.109999	-0.095680
358.799999	-0.084580
359.489999	-0.073620
360.179999	-0.060540
360.869999	-0.044560
361.559999	-0.025220
362.249999	-0.003540
362.939999	0.018370
363.629999	0.039200
364.319999	0.057980
365.009999	0.074580
365.699999	0.089430
366.389999	0.102080
367.079999	0.112200
367.769999	0.120180
368.459999	0.126460
369.149999	0.131020
369.839999	0.132960
370.529999	0.131830
371.219999	0.127010
371.909999	0.118390
372.599999	0.106080
373.289999	0.090480
373.979999	0.073060
374.669999	0.056340
375.359999	0.042050
376.049999	0.030720
376.739999	0.021140
377.429999	0.012100
378.119999	0.003510
378.809999	-0.004310
379.499999	-0.010950
380.189999	-0.015510
380.879999	-0.018140
381.569999	-0.019430
382.259999	-0.020470
382.949999	-0.023300
383.639999	-0.029770
384.329999	-0.041040
385.019999	-0.057300
385.709999	-0.078610
386.399999	-0.104160
387.089999	-0.132020
387.779999	-0.160350
388.469999	-0.187720
389.159999	-0.211860
389.849999	-0.230860
390.539999	-0.243460
391.229999	-0.248940
391.919999	-0.246910
392.609999	-0.238330
393.299999	-0.225060
393.989999	-0.208150
394.679999	-0.187830
395.369999	-0.163450
396.059999	-0.134630
396.749999	-0.102220
397.439999	-0.067520
398.129999	-0.031680
398.819999	0.004380
399.509999	0.039130
400.199999	0.071570
400.889999	0.100480
401.579999	0.125260
402.269999	0.145610
402.959999	0.160930
403.649999	0.170170
404.339999	0.172350
405.029999	0.166650
405.719999	0.153800
406.409999	0.136250
407.099999	0.117430
407.789999	0.100610
408.479999	0.087110
409.169999	0.076240
409.859999	0.067260
410.549999	0.060040
411.239999	0.054630
411.929999	0.051380
412.619999	0.048940
413.309999	0.044350
413.999999	0.034130
414.689999	0.016820
415.379999	-0.006920
416.069999	-0.036030
416.759999	-0.067550
417.449999	-0.098520
418.139999	-0.126060
418.829999	-0.147930
419.519999	-0.163350
420.209999	-0.172610
420.899999	-0.176680
421.589999	-0.175950
422.279999	-0.171460
422.969999	-0.164160
423.659999	-0.154740
424.349999	-0.142880
425.039999	-0.126450
425.729999	-0.103550
426.419999	-0.072650
427.109999	-0.032900
427.799999	0.016200
428.489999	0.073410
429.179999	0.135230
429.869999	0.195710
430.559999	0.247590
431.249999	0.284240
431.939999	0.302300
432.629999	0.301690
433.319999	0.284480
434.009999	0.253980
434.699998	0.213780
435.389998	0.168330
436.079998	0.121360
436.769998	0.075660
437.459998	0.035180
438.149998	0.004340
438.839998	-0.016190
439.529998	-0.028110
440.219998	-0.032970
440.909998	-0.032880
441.599998	-0.029230
442.289998	-0.024200
442.979998	-0.021580
443.669998	-0.023470
444.359998	-0.029470
445.049998	-0.038150
445.739998	-0.048020
446.429998	-0.056740
447.119998	-0.062980
447.809998	-0.065970
448.499998	-0.066110
449.189998	-0.063110
449.879998	-0.056790
450.569998	-0.047750
451.259998	-0.038000
451.949998	-0.029540
452.639998	-0.023270
453.329998	-0.018170
454.019998	-0.013170
454.709998	-0.007830
455.399998	-0.001900
456.089998	0.004700
456.779998	0.012610
457.469998	0.021630
458.159998	0.032340
458.849998	0.045290
459.539998	0.059550
460.229998	0.072990
460.919998	0.083310
461.609998	0.088300
462.299998	0.086160
462.989998	0.076770
463.679998	0.060620
464.369998	0.038350
465.059998	0.012130
465.749998	-0.014830
466.439998	-0.039940
467.129998	-0.060540
467.819998	-0.075310
468.509998	-0.083900
469.199998	-0.086880
469.889998	-0.085380
470.579998	-0.081430
471.269998	-0.076760
471.959998	-0.072750
472.649998	-0.069680
473.339998	-0.067820
474.029998	-0.067270
474.719998	-0.068340
475.409998	-0.070680
476.099998	-0.073470
476.789998	-0.075670
477.479998	-0.077660
478.169998	-0.078700
478.859998	-0.077340
479.549998	-0.073020
480.239998	-0.065100
480.929998	-0.052910
481.619998	-0.038020
482.309998	-0.024060
482.999998	-0.012730
483.689998	-0.003480
484.379998	0.005370
485.069998	0.014670
485.759998	0.024600
486.449998	0.035510
487.139998	0.047900
487.829998	0.061520
488.519998	0.075620
489.209998	0.089650
489.899998	0.103040
490.589998	0.116100
491.279998	0.130410
491.969998	0.148560
492.659998	0.173020
493.349998	0.204140
494.039998	0.240360
494.729998	0.278860
495.419998	0.315970
496.109998	0.347150
496.799998	0.368740
497.489998	0.377110
498.179998	0.368910
498.869998	0.343800
499.559998	0.302730
500.249998	0.246260
500.939998	0.179210
501.629998	0.110250
502.319998	0.043810
503.009998	-0.019970
503.699998	-0.082130
504.389998	-0.142300
505.079998	-0.197650
505.769998	-0.244570
506.459998	-0.283310
507.149998	-0.315470
507.839998	-0.341330
508.529998	-0.361970
509.219998	-0.378490
509.909998	-0.390220
510.599998	-0.395940
511.289998	-0.394670
511.979998	-0.386140
512.669998	-0.370980
513.359998	-0.350110
514.049998	-0.323750
514.739998	-0.291600
515.429998	-0.253150
516.119998	-0.208800
516.809998	-0.159990
517.499998	-0.109220
518.189998	-0.058800
518.879998	-0.011490
519.569998	0.029340
520.259998	0.062890
520.949998	0.089650
521.639998	0.109520
522.329998	0.122770
523.019998	0.131100
523.709998	0.136430
524.399998	0.138630
525.089998	0.136520
525.779998	0.128970
526.469998	0.116320
527.159998	0.099250
527.849998	0.077970
528.539998	0.053380
529.229998	0.026680
529.919998	-0.002870
530.609998	-0.036160
531.299998	-0.074690
531.989998	-0.118900
532.679998	-0.168210
533.369998	-0.221330
534.059998	-0.274670
534.749998	-0.324010
535.439998	-0.364330
536.129998	-0.389520
536.819998	-0.393780
537.509998	-0.374840
538.199998	-0.332640
538.889998	-0.270570
539.579998	-0.194990
540.269998	-0.114500
540.959998	-0.035940
541.649998	0.037640
542.339998	0.105170
543.029998	0.166790
543.719998	0.221330
544.409998	0.266760
545.099998	0.300730
545.789998	0.322210
546.479998	0.331490
547.169998	0.329630
547.859998	0.318290
548.549998	0.299730
549.239998	0.275360
549.929998	0.247260
550.619998	0.217480
551.309998	0.189590
551.999998	0.166620
552.689998	0.150400
553.379998	0.141010
554.069998	0.137860
554.759998	0.140120
555.449998	0.146480
556.139998	0.154500
556.829998	0.161180
557.519998	0.163910
558.209998	0.161180
558.899998	0.152020
559.589998	0.137350
560.279998	0.119890
560.969998	0.102380
561.659998	0.085620
562.349998	0.068710
563.039998	0.049620
563.729998	0.026840
564.419998	0.001340
565.109998	-0.024680
565.799998	-0.049480
566.489998	-0.072220
567.179998	-0.094070
567.869998	-0.115200
568.559998	-0.134180
569.249998	-0.150540
569.939998	-0.164880
570.629998	-0.176840
571.319998	-0.186800
572.009998	-0.196300
572.699998	-0.205990
573.389998	-0.214310
574.079998	-0.219190
574.769998	-0.218950
575.459998	-0.212210
576.149998	-0.198820
576.839998	-0.179570
577.529998	-0.155430
578.219998	-0.127420
578.909998	-0.097060
579.599998	-0.065830
580.289998	-0.034580
580.979998	-0.003850
581.669998	0.026100
582.359998	0.054760
583.049998	0.080550
583.739998	0.102460
584.429998	0.118730
585.119998	0.128320
585.809998	0.130800
586.499998	0.126020
587.189998	0.114090
587.879998	0.095600
588.569998	0.071640
589.259998	0.044350
589.949998	0.016480
590.639998	-0.008830
591.329998	-0.028440
592.019998	-0.038470
592.709998	-0.035610
593.399998	-0.019080
594.089998	0.009900
594.779998	0.048090
595.469998	0.090600
596.159998	0.131520
596.849998	0.165120
597.539998	0.186170
598.229998	0.192410
598.919998	0.185910
599.609998	0.170460
600.299998	0.149980
600.989998	0.128740
601.679998	0.108650
602.369998	0.089350
603.059998	0.070060
603.749998	0.049470
604.439998	0.027620
605.129998	0.006160
605.819998	-0.013190
606.509998	-0.030880
607.199998	-0.047700
607.889998	-0.064930
608.579998	-0.082340
609.269998	-0.098780
609.959998	-0.113080
610.649998	-0.123780
611.339998	-0.129790
612.029998	-0.129990
612.719998	-0.123900
613.409998	-0.111300
614.099998	-0.092430
614.789998	-0.068540
615.479998	-0.041570
616.169998	-0.013740
616.859998	0.012530
617.549998	0.035380
618.239998	0.053460
618.929998	0.065080
619.619998	0.070160
620.309998	0.068890
620.999998	0.061150
621.689998	0.047450
622.379998	0.029930
623.069998	0.011060
623.759998	-0.007130
624.449998	-0.024190
625.139998	-0.039960
625.829998	-0.054350
626.519998	-0.066580
627.209998	-0.075140
627.899998	-0.077870
628.589998	-0.072960
629.279998	-0.059860
629.969998	-0.038190
630.659998	-0.008350
631.349998	0.026740
632.039998	0.062400
632.729998	0.093290
633.419998	0.114300
634.109998	0.121110
634.799998	0.110760
635.489998	0.082140
636.179998	0.036330
636.869998	-0.022930
637.559998	-0.090540
638.249998	-0.159720
638.939998	-0.222510
639.629998	-0.270990
640.319998	-0.301260
641.009998	-0.312700
641.699998	-0.306280
642.389998	-0.283960
643.079998	-0.248850
643.769998	-0.203620
644.459998	-0.151490
645.149998	-0.095840
645.839998	-0.040070
646.529998	0.011650
647.219998	0.055880
647.909998	0.090590
648.599998	0.114530
649.289998	0.126280
649.979998	0.124910
650.669998	0.112490
651.359998	0.092270
652.049998	0.067130
652.739998	0.038000
653.429998	0.005700
654.119998	-0.026630
654.809998	-0.054440
655.499998	-0.073310
656.189998	-0.079910
656.879998	-0.073410
657.569998	-0.055420
658.259998	-0.029410
658.949998	0.000560
659.639998	0.031840
660.329998	0.063680
661.019998	0.094380
661.709998	0.121030
662.399998	0.141600
663.089998	0.156280
663.779998	0.166160
664.469998	0.171430
665.159998	0.171660
665.849998	0.166000
666.539998	0.154840
667.229998	0.139740
667.919998	0.122600
668.609998	0.106570
669.299998	0.094540
669.989998	0.087850
670.679998	0.086710
671.369998	0.089740
672.059998	0.095000
672.749998	0.100120
673.439998	0.102920
674.129998	0.101570
674.819998	0.094720
675.509998	0.081740
676.199998	0.062780
676.889998	0.038100
677.579998	0.008580
678.269998	-0.024500
678.959998	-0.058460
679.649998	-0.090090
680.339998	-0.117000
681.029998	-0.136860
681.719998	-0.147210
682.409998	-0.146700
683.099998	-0.135790
683.789998	-0.117430
684.479998	-0.095770
685.169998	-0.073520
685.859998	-0.052340
686.549998	-0.033680
687.239998	-0.018320
687.929998	-0.006220
688.619998	0.002560
689.309998	0.007800
689.999998	0.009500
690.689998	0.007920
691.379998	0.003010
692.069998	-0.005090
692.759998	-0.015120
693.449998	-0.026150
694.139998	-0.037740
694.829998	-0.048940
695.519998	-0.058590
696.209998	-0.065920
696.899998	-0.070560
697.589998	-0.073310
698.279998	-0.074850
698.969998	-0.075850
699.659998	-0.077910
700.349998	-0.082580
701.039998	-0.090600
701.729998	-0.100860
702.419998	-0.111290
703.109998	-0.118920
703.799998	-0.120350
704.489998	-0.113830
705.179998	-0.099080
705.869998	-0.077810
706.559998	-0.053260
707.249998	-0.027550
707.939998	-0.002870
708.629998	0.017840
709.319998	0.033520
710.009998	0.043560
710.699998	0.048610
711.389998	0.050190
712.079998	0.049640
712.769998	0.048570
713.459998	0.048100
714.149998	0.048250
714.839998	0.049110
715.529998	0.049710
716.219998	0.049260
716.909998	0.047240
717.599998	0.043870
718.289998	0.039550
718.979998	0.035120
719.669998	0.031310
720.359998	0.027960
721.049998	0.024460
721.739998	0.022830
722.429998	0.025180
723.119998	0.032280
723.809997	0.044560
724.499997	0.060680
725.189997	0.079230
725.879997	0.099780
726.569997	0.121930
727.259997	0.144180
727.949997	0.165160
728.639997	0.182300
729.329997	0.192440
730.019997	0.193920
730.709997	0.186620
731.399997	0.172090
732.089997	0.153750
732.779997	0.136250
733.469997	0.123190
734.159997	0.115910
734.849997	0.112900
735.539997	0.110270
736.229997	0.104760
736.919997	0.094960
737.609997	0.080120
738.299997	0.060930
738.989997	0.039640
739.679997	0.018220
740.369997	-0.000820
741.059997	-0.015750
741.749997	-0.027260
742.439997	-0.036790
743.129997	-0.045900
743.819997	-0.056750
744.509997	-0.071100
745.199997	-0.089480
745.889997	-0.112710
746.579997	-0.141730
747.269997	-0.177600
747.959997	-0.220290
748.649997	-0.267180
749.339997	-0.313320
750.029997	-0.353230
750.719997	-0.380850
751.409997	-0.392010
752.099997	-0.385070
752.789997	-0.362190
753.479997	-0.326970
754.169997	-0.283560
754.859997	-0.236440
755.549997	-0.190210
756.239997	-0.150110
756.929997	-0.121330
757.619997	-0.106210
758.309997	-0.103830
758.999997	-0.111320
759.689997	-0.122300
760.379997	-0.130050
761.069997	-0.129420
761.759997	-0.117790
762.449997	-0.094760
763.139997	-0.063440
763.829997	-0.029630
764.519997	0.000690
765.209997	0.023220
765.899997	0.035590
766.589997	0.036760
767.279997	0.027640
767.969997	0.012470
768.659997	-0.004320
769.349997	-0.019110
770.039997	-0.028900
770.729997	-0.030050
771.419997	-0.020040
772.109997	0.000550
772.799997	0.030420
773.489997	0.067580
774.179997	0.108660
774.869997	0.150380
775.559997	0.190440
776.249997	0.227030
776.939997	0.259830
777.629997	0.288950
778.319997	0.312200
779.009997	0.326530
779.699997	0.330700
780.389997	0.325090
781.079997	0.310260
781.769997	0.287390
782.459997	0.257340
783.149997	0.221070
783.839997	0.180810
784.529997	0.138770
785.219997	0.098420
785.909997	0.062440
786.599997	0.031400
787.289997	0.005310
787.979997	-0.016820
788.669997	-0.035090
789.359997	-0.049330
790.049997	-0.059680
790.739997	-0.066180
791.429997	-0.068950
792.119997	-0.068920
792.809997	-0.067870
793.499997	-0.066310
794.189997	-0.064820
794.879997	-0.063890
795.569997	-0.064670
796.259997	-0.068050
796.949997	-0.073330
797.639997	-0.078790
798.329997	-0.082420
799.019997	-0.083530
799.709997	-0.081470
800.399997	-0.076550
801.089997	-0.070040
801.779997	-0.063290
802.469997	-0.056320
803.159997	-0.048760
803.849997	-0.040380
804.539997	-0.030870
805.229997	-0.019590
805.919997	-0.006450
806.609997	0.008340
807.299997	0.025520
807.989997	0.045960
808.679997	0.069570
809.369997	0.094770
810.059997	0.118770
810.749997	0.139030
811.439997	0.152980
812.129997	0.158030
812.819997	0.152860
813.509997	0.138550
814.199997	0.116780
814.889997	0.089970
815.579997	0.061580
816.269997	0.034250
816.959997	0.009780
817.649997	-0.011810
818.339997	-0.032330
819.029997	-0.053890
819.719997	-0.075530
820.409997	-0.095140
821.099997	-0.110940
821.789997	-0.122140
822.479997	-0.129050
823.169997	-0.132050
823.859997	-0.130850
824.549997	-0.125540
825.239997	-0.115800
825.929997	-0.101630
826.619997	-0.085400
827.309997	-0.069660
827.999997	-0.054940
828.689997	-0.040960
829.379997	-0.027080
830.069997	-0.013600
830.759997	-0.000900
831.449997	0.010130
832.139997	0.019440
832.829997	0.025480
833.519997	0.028110
834.209997	0.027630
834.899997	0.024080
835.589997	0.018670
836.279997	0.012110
836.969997	0.004580
837.659997	-0.003270
838.349997	-0.010290
839.039997	-0.014540
839.729997	-0.014470
840.419997	-0.008640
841.109997	0.004110
841.799997	0.024590
842.489997	0.052970
843.179997	0.088070
843.869997	0.127940
844.559997	0.170190
845.249997	0.210730
845.939997	0.244890
846.629997	0.269620
847.319997	0.283480
848.009997	0.283430
848.699997	0.268590
849.389997	0.241500
850.079997	0.207260
850.769997	0.172380
851.459997	0.140190
852.149997	0.108720
852.839997	0.071060
853.529997	0.018490
854.219997	-0.054120
854.909997	-0.142570
855.599997	-0.235620
856.289997	-0.319220
856.979997	-0.382180
857.669997	-0.419640
858.359997	-0.432750
859.049997	-0.425560
859.739997	-0.401360
860.429997	-0.363390
861.119997	-0.314920
861.809997	-0.260400
862.499997	-0.205390
863.189997	-0.154640
863.879997	-0.110550
864.569997	-0.074530
865.259997	-0.046590
865.949997	-0.025200
866.639997	-0.009130
867.329997	0.003800
868.019997	0.016450
868.709997	0.031620
869.399997	0.050540
870.089997	0.073280
870.779997	0.098280
871.469997	0.122850
872.159997	0.143740
872.849997	0.158690
873.539997	0.165670
874.229997	0.163100
874.919997	0.150740
875.609997	0.128840
876.299997	0.099690
876.989997	0.067470
877.679997	0.035650
878.369997	0.006010
879.059997	-0.020870
879.749997	-0.045660
880.439997	-0.068970
881.129997	-0.090290
881.819997	-0.108940
882.509997	-0.123220
883.199997	-0.131750
883.889997	-0.134770
884.579997	-0.134210
885.269997	-0.131590
885.959997	-0.127230
886.649997	-0.120680
887.339997	-0.111670
888.029997	-0.100880
888.719997	-0.088680
889.409997	-0.074530
890.099997	-0.059220
890.789997	-0.042500
891.479997	-0.024890
892.169997	-0.006030
892.859997	0.015070
893.549997	0.038650
894.239997	0.062670
894.929997	0.083140
895.619997	0.094830
896.309997	0.094180
896.999997	0.082630
897.689997	0.065310
898.379997	0.047880
899.069997	0.034520
899.759997	0.027800
900.449997	0.029440
901.139997	0.039540
901.829997	0.056600
902.519997	0.078120
903.209997	0.100750
903.899997	0.121220
904.589997	0.137660
905.279997	0.149070
905.969997	0.155080
906.659997	0.154930
907.349997	0.147960
908.039997	0.134700
908.729997	0.116480
909.419997	0.095530
910.109997	0.074350
910.799997	0.054060
911.489997	0.034580
912.179997	0.016500
912.869997	-0.000620
913.559997	-0.017600
914.249997	-0.034020
914.939997	-0.048570
915.629997	-0.060320
916.319997	-0.068790
917.009997	-0.074490
917.699997	-0.077850
918.389997	-0.079040
919.079997	-0.077840
919.769997	-0.074540
920.459997	-0.068430
921.149997	-0.060080
921.839997	-0.051000
922.529997	-0.042140
923.219997	-0.033820
923.909997	-0.027160
924.599997	-0.022110
925.289997	-0.018710
925.979997	-0.016670
926.669997	-0.014210
927.359997	-0.010090
928.049997	-0.004340
928.739997	0.003240
929.429997	0.012990
930.119997	0.024250
930.809997	0.035470
931.499997	0.045440
932.189997	0.052650
932.879997	0.055960
933.569997	0.055260
934.259997	0.050020
934.949997	0.040250
935.639997	0.027710
936.329997	0.014000
937.019997	0.000000
937.709997	-0.013900
938.399997	-0.028040
939.089997	-0.042340
939.779997	-0.055480
940.469997	-0.065300
941.159997	-0.070470
941.849997	-0.071990
942.539997	-0.072320
943.229997	-0.073850
943.919997	-0.078880
944.609997	-0.088980
945.299997	-0.104040
945.989997	-0.122130
946.679997	-0.138750
947.369997	-0.148940
948.059997	-0.148900
948.749997	-0.137620
949.439997	-0.116550
950.129997	-0.089930
950.819997	-0.062870
951.509997	-0.040380
952.199997	-0.024540
952.889997	-0.014660
953.579997	-0.007530
954.269997	0.000850
954.959997	0.011480
955.649997	0.023430
956.339997	0.035700
957.029997	0.046960
957.719997	0.055560
958.409997	0.060540
959.099997	0.061780
959.789997	0.058740
960.479997	0.051950
961.169997	0.042510
961.859997	0.031620
962.549997	0.022350
963.239997	0.019860
963.929997	0.029760
964.619997	0.054700
965.309997	0.092780
965.999997	0.139230
966.689997	0.188950
967.379997	0.237200
968.069997	0.279250
968.759997	0.310920
969.449997	0.329840
970.139997	0.337380
970.829997	0.335730
971.519997	0.325520
972.209997	0.307050
972.899997	0.279540
973.589997	0.244350
974.279997	0.203680
974.969997	0.159910
975.659997	0.115120
976.349997	0.070140
977.039997	0.024850
977.729997	-0.019610
978.419997	-0.062540
979.109997	-0.104740
979.799997	-0.146630
980.489997	-0.188410
981.179997	-0.230040
981.869997	-0.270850
982.559997	-0.308580
983.249997	-0.340590
983.939997	-0.364890
984.629997	-0.380920
985.319997	-0.390220
986.009997	-0.393500
986.699997	-0.389880
987.389997	-0.378340
988.079997	-0.358280
988.769997	-0.328960
989.459997	-0.290580
990.149997	-0.243760
990.839997	-0.191370
991.529997	-0.137870
992.219997	-0.086240
992.909997	-0.036770
993.599997	0.012960
994.289997	0.064620
994.979997	0.117650
995.669997	0.169230
996.359997	0.214860
997.049997	0.250000
997.739997	0.270810
998.429997	0.274950
999.119997	0.262300
999.809997	0.233840
1000.499997	0.191310
1001.189997	0.137050
1001.879997	0.074080
1002.569997	0.006550
1003.259997	-0.059540
1003.949997	-0.119500
1004.639997	-0.171610
1005.329997	-0.214930
1006.019997	-0.249640
1006.709997	-0.277130
1007.399997	-0.299040
1008.089997	-0.316420
1008.779997	-0.330630
1009.469997	-0.341210
1010.159997	-0.343620
1010.849997	-0.329700
1011.539997	-0.291070
1012.229997	-0.223770
1012.919997	-0.129370
1013.609996	-0.014970
1014.299996	0.104590
1014.989996	0.211660
1015.679996	0.296310
1016.369996	0.354520
1017.059996	0.386280
1017.749996	0.392480
1018.439996	0.374910
1019.129996	0.338270
1019.819996	0.289330
1020.509996	0.235310
1021.199996	0.181830
1021.889996	0.133240
1022.579996	0.093130
1023.269996	0.063260
1023.959996	0.043460
1024.649996	0.031980
1025.339996	0.025830
1026.029996	0.021650
1026.719996	0.017580
1027.409996	0.013150
1028.099996	0.008950
1028.789996	0.005790
1029.479996	0.003460
1030.169996	0.000840
1030.859996	-0.002940
1031.549996	-0.009270
1032.239996	-0.018450
1032.929996	-0.030220
1033.619996	-0.043200
1034.309996	-0.054990
1034.999996	-0.062710
1035.689996	-0.063280
1036.379996	-0.055170
1037.069996	-0.039040
1037.759996	-0.016220
1038.449996	0.011350
1039.139996	0.039230
1039.829996	0.061980
1040.519996	0.075370
1041.209996	0.078940
1041.899996	0.073690
1042.589996	0.062550
1043.279996	0.048410
1043.969996	0.033060
1044.659996	0.017250
1045.349996	0.001790
1046.039996	-0.012280
1046.729996	-0.023450
1047.419996	-0.030260
1048.109996	-0.032430
1048.799996	-0.031260
1049.489996	-0.029410
1050.179996	-0.028760
1050.869996	-0.030540
1051.559996	-0.034350
1052.249996	-0.039120
1052.939996	-0.043340
1053.629996	-0.046200
1054.319996	-0.048540
1055.009996	-0.051960
1055.699996	-0.057200
1056.389996	-0.063700
1057.079996	-0.070100
1057.769996	-0.075210
1058.459996	-0.078590
1059.149996	-0.080360
1059.839996	-0.079680
1060.529996	-0.074610
1061.219996	-0.064780
1061.909996	-0.050690
1062.599996	-0.034430
1063.289996	-0.019630
1063.979996	-0.009520
1064.669996	-0.005400
1065.359996	-0.006700
1066.049996	-0.011840
1066.739996	-0.018290
1067.429996	-0.024930
1068.119996	-0.031050
1068.809996	-0.035500
1069.499996	-0.036930
1070.189996	-0.033950
1070.879996	-0.026340
1071.569996	-0.014370
1072.259996	0.000100
1072.949996	0.013950
1073.639996	0.023410
1074.329996	0.026650
1075.019996	0.023240
1075.709996	0.014840
1076.399996	0.003620
1077.089996	-0.008350
1077.779996	-0.019520
1078.469996	-0.029360
1079.159996	-0.038540
1079.849996	-0.046250
1080.539996	-0.051580
1081.229996	-0.053050
1081.919996	-0.049650
1082.609996	-0.040200
1083.299996	-0.024480
1083.989996	-0.003060
1084.679996	0.022020
1085.369996	0.048470
1086.059996	0.074680
1086.749996	0.099430
1087.439996	0.122780
1088.129996	0.145730
1088.819996	0.168970
1089.509996	0.192600
1090.199996	0.216720
1090.889996	0.239770
1091.579996	0.259950
1092.269996	0.275920
1092.959996	0.286550
1093.649996	0.290070
1094.339996	0.282820
1095.029996	0.261960
1095.719996	0.226350
1096.409996	0.177710
1097.099996	0.119580
1097.789996	0.055400
1098.479996	-0.014170
1099.169996	-0.089840
1099.859996	-0.170600
1100.549996	-0.251450
1101.239996	-0.324680
1101.929996	-0.383240
1102.619996	-0.422490
1103.309996	-0.441240
1103.999996	-0.440440
1104.689996	-0.421910
1105.379996	-0.388060
1106.069996	-0.343190
1106.759996	-0.292950
1107.449996	-0.243470
1108.139996	-0.199700
1108.829996	-0.164430
1109.519996	-0.137360
1110.209996	-0.116330
1110.899996	-0.099710
1111.589996	-0.085810
1112.279996	-0.072540
1112.969996	-0.057720
1113.659996	-0.040480
1114.349996	-0.019240
1115.039996	0.007310
1115.729996	0.039070
1116.419996	0.074790
1117.109996	0.111840
1117.799996	0.146710
1118.489996	0.174880
1119.179996	0.192330
1119.869996	0.196660
1120.559996	0.187870
1121.249996	0.167420
1121.939996	0.136650
1122.629996	0.097260
1123.319996	0.052090
1124.009996	0.004510
1124.699996	-0.041180
1125.389996	-0.079240
1126.079996	-0.105430
1126.769996	-0.118750
1127.459996	-0.120110
1128.149996	-0.110720
1128.839996	-0.090740
1129.529996	-0.060910
1130.219996	-0.023440
1130.909996	0.017800
1131.599996	0.056670
1132.289996	0.088060
1132.979996	0.108990
1133.669996	0.119510
1134.359996	0.122500
1135.049996	0.120620
1135.739996	0.115530
1136.429996	0.107730
1137.119996	0.097990
1137.809996	0.086820
1138.499996	0.074580
1139.189996	0.061770
1139.879996	0.048240
1140.569996	0.034540
1141.259996	0.021740
1141.949996	0.011760
1142.639996	0.005930
1143.329996	0.003540
1144.019996	0.002370
1144.709996	0.000720
1145.399996	-0.002130
1146.089996	-0.005570
1146.779996	-0.007570
1147.469996	-0.005650
1148.159996	0.001020
1148.849996	0.012070
1149.539996	0.025510
1150.229996	0.038790
1150.919996	0.049330
1151.609996	0.055210
1152.299996	0.055910
1152.989996	0.052610
1153.679996	0.047160
1154.369996	0.040410
1155.059996	0.032320
1155.749996	0.022460
1156.439996	0.010490
1157.129996	-0.003290
1157.819996	-0.018350
1158.509996	-0.033440
1159.199996	-0.046430
1159.889996	-0.055870
1160.579996	-0.060580
1161.269996	-0.060110
1161.959996	-0.054790
1162.649996	-0.045060
1163.339996	-0.031280
1164.029996	-0.013880
1164.719996	0.005630
1165.409996	0.024640
1166.099996	0.040430
1166.789996	0.049470
1167.479996	0.049190
1168.169996	0.039010
1168.859996	0.020170
1169.549996	-0.004580
1170.239996	-0.031630
1170.929996	-0.057640
1171.619996	-0.079520
1172.309996	-0.095140
1172.999996	-0.103120
1173.689996	-0.103410
1174.379996	-0.097320
1175.069996	-0.086570
1175.759996	-0.072390
1176.449996	-0.055810
1177.139996	-0.037650
1177.829996	-0.019090
1178.519996	-0.001750
1179.209996	0.012730
1179.899996	0.023250
1180.589996	0.028900
1181.279996	0.029600
1181.969996	0.025990
1182.659996	0.019360
1183.349996	0.011230
1184.039996	0.002480
1184.729996	-0.006710
1185.419996	-0.015750
1186.109996	-0.024020
1186.799996	-0.031480
1187.489996	-0.037870
1188.179996	-0.043280
1188.869996	-0.048100
1189.559996	-0.052320
1190.249996	-0.055440
1190.939996	-0.056080
1191.629996	-0.052340
1192.319996	-0.043150
1193.009996	-0.029080
1193.699996	-0.012110
1194.389996	0.004640
1195.079996	0.018440
1195.769996	0.027580
1196.459996	0.031130
1197.149996	0.029030
1197.839996	0.023280
1198.529996	0.017650
1199.219996	0.017100
1199.909996	0.026390
1200.599996	0.048950
1201.289996	0.084880
1201.979996	0.129660
1202.669996	0.175360
1203.359996	0.214390
1204.049996	0.241810
1204.739996	0.254960
1205.429996	0.253140
1206.119996	0.237560
1206.809996	0.211280
1207.499996	0.178230
1208.189996	0.142850
1208.879996	0.110000
1209.569996	0.082920
1210.259996	0.062310
1210.949996	0.047070
1211.639996	0.035330
1212.329996	0.025060
1213.019996	0.013970
1213.709996	0.001090
1214.399996	-0.014280
1215.089996	-0.032310
1215.779996	-0.052680
1216.469996	-0.074410
1217.159996	-0.095210
1217.849996	-0.113170
1218.539996	-0.126580
1219.229996	-0.133600
1219.919996	-0.133300
1220.609996	-0.126050
1221.299996	-0.113570
1221.989996	-0.099390
1222.679996	-0.087140
1223.369996	-0.079700
1224.059996	-0.079500
1224.749996	-0.088080
1225.439996	-0.105380
1226.129996	-0.128750
1226.819996	-0.153410
1227.509996	-0.174710
1228.199996	-0.189290
1228.889996	-0.195000
1229.579996	-0.191090
1230.269996	-0.178020
1230.959996	-0.157360
1231.649996	-0.132220
1232.339996	-0.106530
1233.029996	-0.083600
1233.719996	-0.065480
1234.409996	-0.052260
1235.099996	-0.043000
1235.789996	-0.036360
1236.479996	-0.030860
1237.169996	-0.025600
1237.859996	-0.020440
1238.549996	-0.016660
1239.239996	-0.016880
1239.929996	-0.023090
1240.619996	-0.035190
1241.309996	-0.050390
1241.999996	-0.064830
1242.689996	-0.075260
1243.379996	-0.079570
1244.069996	-0.076940
1244.759996	-0.066680
1245.449996	-0.047930
1246.139996	-0.020930
1246.829996	0.012970
1247.519996	0.050440
1248.209996	0.085920
1248.899996	0.114270
1249.589996	0.132470
1250.279996	0.140640
1250.969996	0.140720
1251.659996	0.134830
1252.349996	0.125270
1253.039996	0.113850
1253.729996	0.101810
1254.419996	0.090330
1255.109996	0.080160
1255.799996	0.071180
1256.489996	0.063190
1257.179996	0.055830
1257.869996	0.048220
1258.559996	0.039510
1259.249996	0.028960
1259.939996	0.017190
1260.629996	0.006020
1261.319996	-0.002050
1262.009996	-0.005560
1262.699996	-0.003930
1263.389996	0.002560
1264.079996	0.011950
1264.769996	0.021590
1265.459996	0.030320
1266.149996	0.039110
1266.839996	0.049060
1267.529996	0.059280
1268.219996	0.067330
1268.909996	0.072110
1269.599996	0.074680
1270.289996	0.076660
1270.979996	0.078950
1271.669996	0.081430
1272.359996	0.082020
1273.049996	0.078560
1273.739996	0.069570
1274.429996	0.054590
1275.119996	0.034610
1275.809996	0.011710
1276.499996	-0.012940
1277.189996	-0.037530
1277.879996	-0.060980
1278.569996	-0.081550
1279.259996	-0.096960
1279.949996	-0.105450
1280.639996	-0.105990
1281.329996	-0.099220
1282.019996	-0.086570
1282.709996	-0.070670
1283.399996	-0.053590
1284.089996	-0.036850
1284.779996	-0.021430
1285.469996	-0.007290
1286.159996	0.006410
1286.849996	0.019980
1287.539996	0.032390
1288.229996	0.042520
1288.919996	0.049460
1289.609996	0.053170
1290.299996	0.054680
1290.989996	0.054850
1291.679996	0.054340
1292.369996	0.052880
1293.059996	0.050380
1293.749996	0.046360
1294.439996	0.039480
1295.129996	0.028520
1295.819996	0.012450
1296.509996	-0.008820
1297.199996	-0.034180
1297.889996	-0.060870
1298.579996	-0.084780
1299.269996	-0.102550
1299.959996	-0.112350
1300.649996	-0.112240
1301.339996	-0.102300
1302.029996	-0.084610
1302.719995	-0.061710
1303.409995	-0.036690
1304.099995	-0.013570
1304.789995	0.005020
1305.479995	0.017500
1306.169995	0.023380
1306.859995	0.023620
1307.549995	0.019390
1308.239995	0.012110
1308.929995	0.003280
1309.619995	-0.004410
1310.309995	-0.009020
1310.999995	-0.010010
1311.689995	-0.009270
1312.379995	-0.009560
1313.069995	-0.012200
1313.759995	-0.017370
1314.449995	-0.025000
1315.139995	-0.034030
1315.829995	-0.042450
1316.519995	-0.048780
1317.209995	-0.051240
1317.899995	-0.047230
1318.589995	-0.033330
1319.279995	-0.008770
1319.969995	0.024120
1320.659995	0.060140
1321.349995	0.094090
1322.039995	0.122470
1322.729995	0.144240
1323.419995	0.158800
1324.109995	0.166590
1324.799995	0.168940
1325.489995	0.167370
1326.179995	0.162960
1326.869995	0.156370
1327.559995	0.148020
1328.249995	0.137140
1328.939995	0.122430
1329.629995	0.103440
1330.319995	0.080950
1331.009995	0.056400
1331.699995	0.032020
1332.389995	0.009530
1333.079995	-0.011260
1333.769995	-0.030850
1334.459995	-0.048970
1335.149995	-0.064920
1335.839995	-0.078270
1336.529995	-0.089560
1337.219995	-0.100910
1337.909995	-0.114870
1338.599995	-0.132440
1339.289995	-0.152620
1339.979995	-0.173900
1340.669995	-0.195350
1341.359995	-0.214750
1342.049995	-0.229270
1342.739995	-0.235120
1343.429995	-0.230060
1344.119995	-0.213620
1344.809995	-0.186840
1345.499995	-0.152430
1346.189995	-0.114160
1346.879995	-0.074630
1347.569995	-0.035550
1348.259995	0.000490
1348.949995	0.030850
1349.639995	0.052520
1350.329995	0.063940
1351.019995	0.065490
1351.709995	0.057920
1352.399995	0.041730
1353.089995	0.017740
1353.779995	-0.011150
1354.469995	-0.041180
1355.159995	-0.066930
1355.849995	-0.083570
1356.539995	-0.089770
1357.229995	-0.087130
1357.919995	-0.078190
1358.609995	-0.065370
1359.299995	-0.051480
1359.989995	-0.038620
1360.679995	-0.028380
1361.369995	-0.021200
1362.059995	-0.017090
1362.749995	-0.015460
1363.439995	-0.015070
1364.129995	-0.014540
1364.819995	-0.012440
1365.509995	-0.008050
1366.199995	-0.001090
1366.889995	0.006610
1367.579995	0.012950
1368.269995	0.017200
1368.959995	0.019830
1369.649995	0.021680
1370.339995	0.023330
1371.029995	0.025490
1371.719995	0.028130
1372.409995	0.032000
1373.099995	0.037680
1373.789995	0.045130
1374.479995	0.053270
1375.169995	0.060830
1375.859995	0.066490
1376.549995	0.071070
1377.239995	0.076660
1377.929995	0.083670
1378.619995	0.090370
1379.309995	0.094580
1379.999995	0.095730
1380.689995	0.094690
1381.379995	0.092630
1382.069995	0.090350
1382.759995	0.087700
1383.449995	0.085370
1384.139995	0.085480
1384.829995	0.089930
1385.519995	0.098330
1386.209995	0.109510
1386.899995	0.120570
1387.589995	0.129370
1388.279995	0.133660
1388.969995	0.132320
1389.659995	0.125590
1390.349995	0.113540
1391.039995	0.098100
1391.729995	0.080260
1392.419995	0.060020
1393.109995	0.038230
1393.799995	0.016340
1394.489995	-0.003480
1395.179995	-0.020950
1395.869995	-0.036440
1396.559995	-0.047490
1397.249995	-0.051700
1397.939995	-0.050710
1398.629995	-0.047280
1399.319995	-0.043460
1400.009995	-0.041560
