0.000000	0.299550
0.690000	0.302870
1.380000	0.305880
2.070000	0.308820
2.760000	0.311800
3.450000	0.314920
4.140000	0.318090
4.830000	0.321100
5.520000	0.323660
6.210000	0.325380
6.900000	0.325800
7.590000	0.324480
8.280000	0.321080
8.970000	0.315340
9.660000	0.307140
10.350000	0.296300
11.040000	0.282650
11.730000	0.266040
12.420000	0.246340
13.110000	0.223460
13.800000	0.197490
14.490000	0.168660
15.180000	0.137320
15.870000	0.103910
16.560000	0.068940
17.250000	0.032900
17.940000	-0.003550
18.630000	-0.039770
19.320000	-0.075050
20.010000	-0.108610
20.700000	-0.139550
21.390000	-0.166920
22.080000	-0.189890
22.770000	-0.207950
23.460000	-0.221000
24.150000	-0.229220
24.840000	-0.232880
25.530000	-0.232250
26.220000	-0.227490
26.910000	-0.218720
27.600000	-0.206080
28.290000	-0.189840
28.980000	-0.170470
29.670000	-0.148570
30.360000	-0.124850
31.050000	-0.100070
31.740000	-0.074990
32.430000	-0.050300
33.120000	-0.026580
33.810000	-0.004390
34.500000	0.015820
35.190000	0.033690
35.880000	0.048830
36.570000	0.060890
37.260000	0.069550
37.950000	0.074450
38.640000	0.075280
39.330000	0.071820
40.020000	0.064020
40.710000	0.051970
41.400000	0.035920
42.090000	0.016260
42.780000	-0.006300
43.470000	-0.030700
44.160000	-0.055410
44.850000	-0.078640
45.540000	-0.098650
46.230000	-0.114150
46.920000	-0.124520
47.610000	-0.129760
48.300000	-0.130360
48.990000	-0.127060
49.680000	-0.120740
50.370000	-0.112330
51.060000	-0.102760
51.750000	-0.092780
52.440000	-0.082900
53.130000	-0.073540
53.820000	-0.065000
54.510000	-0.057570
55.200000	-0.051350
55.890000	-0.046430
56.580000	-0.042850
57.270000	-0.040540
57.960000	-0.039300
58.650000	-0.038880
59.340000	-0.039000
60.030000	-0.039490
60.720000	-0.040350
61.410000	-0.041840
62.100000	-0.044280
62.790000	-0.047870
63.480000	-0.052600
64.170000	-0.058420
64.860000	-0.065340
65.550000	-0.073300
66.240000	-0.082210
66.930000	-0.091950
67.620000	-0.102360
68.310000	-0.113190
69.000000	-0.124040
69.690000	-0.134520
70.380000	-0.144300
71.070000	-0.153170
71.760000	-0.161060
72.450000	-0.167890
73.140000	-0.173490
73.830000	-0.177560
74.520000	-0.179770
75.210000	-0.179960
75.900000	-0.178050
76.590000	-0.174020
77.280000	-0.167950
77.970000	-0.160110
78.660000	-0.150800
79.350000	-0.140480
80.040000	-0.129620
80.730000	-0.118760
81.420000	-0.108450
82.110000	-0.099200
82.800000	-0.091480
83.490000	-0.085580
84.180000	-0.081660
84.870000	-0.079680
85.560000	-0.079410
86.250000	-0.080490
86.940000	-0.082530
87.630000	-0.085130
88.320000	-0.087820
89.010000	-0.090010
89.700000	-0.091090
90.390000	-0.090530
91.080000	-0.087800
91.770000	-0.082600
92.460000	-0.074750
93.150000	-0.064280
93.840000	-0.051350
94.530000	-0.036340
95.220000	-0.019740
95.910000	-0.002060
96.600000	0.016210
97.290000	0.034650
97.980000	0.052810
98.670000	0.070290
99.360000	0.086730
100.050000	0.101990
100.740000	0.116050
101.430000	0.128830
102.120000	0.140140
102.810000	0.149720
103.500000	0.157370
104.190000	0.163170
104.880000	0.167370
105.570000	0.170260
106.260000	0.172100
106.950000	0.173160
107.640000	0.173710
108.330000	0.173940
109.020000	0.174080
109.710000	0.174370
110.400000	0.174980
111.090000	0.176080
111.780000	0.177850
112.470000	0.180330
113.160000	0.183520
113.850000	0.187280
114.540000	0.191460
115.230000	0.195790
115.920000	0.199950
116.610000	0.203600
117.300000	0.206350
117.990000	0.207810
118.680000	0.207680
119.370000	0.205770
120.060000	0.201940
120.750000	0.196120
121.440000	0.188370
122.130000	0.178800
122.820000	0.167430
123.510000	0.154250
124.200000	0.139210
124.890000	0.122270
125.580000	0.103470
126.270000	0.082910
126.960000	0.060910
127.650000	0.037970
128.340000	0.014630
129.030000	-0.008580
129.720000	-0.031160
130.410000	-0.052750
131.100000	-0.072990
131.790000	-0.091540
132.480000	-0.108130
133.170000	-0.122510
133.860000	-0.134470
134.550000	-0.143840
135.240000	-0.150620
135.930000	-0.154970
136.620000	-0.157240
137.310000	-0.157840
138.000000	-0.157220
138.690000	-0.155690
139.380000	-0.153440
140.070000	-0.150600
140.760000	-0.147250
141.450000	-0.143410
142.140000	-0.139090
142.830000	-0.134230
143.520000	-0.128820
144.210000	-0.122850
144.899999	-0.116280
145.589999	-0.109070
146.279999	-0.101070
146.969999	-0.092140
147.659999	-0.082180
148.349999	-0.071210
149.039999	-0.059330
149.729999	-0.046770
150.419999	-0.033760
151.109999	-0.020640
151.799999	-0.007770
152.489999	0.004510
153.179999	0.015980
153.869999	0.026480
154.559999	0.035880
155.249999	0.044170
155.939999	0.051470
156.629999	0.057860
157.319999	0.063360
158.009999	0.067870
158.699999	0.071230
159.389999	0.073160
160.079999	0.073460
160.769999	0.072040
161.459999	0.068880
162.149999	0.064120
162.839999	0.057970
163.529999	0.050870
164.219999	0.043320
164.909999	0.035840
165.599999	0.028950
166.289999	0.023160
166.979999	0.018990
167.669999	0.016890
168.359999	0.017310
169.049999	0.020530
169.739999	0.026650
170.429999	0.035490
171.119999	0.046620
171.809999	0.059610
172.499999	0.074140
173.189999	0.090100
173.879999	0.107450
174.569999	0.126260
175.259999	0.146560
175.949999	0.168220
176.639999	0.190930
177.329999	0.214240
178.019999	0.237500
178.709999	0.259910
179.399999	0.280450
180.089999	0.298030
180.779999	0.311540
181.469999	0.319860
182.159999	0.321980
182.849999	0.317010
183.539999	0.304250
184.229999	0.283280
184.919999	0.254050
185.609999	0.216730
186.299999	0.171880
186.989999	0.120340
187.679999	0.063130
188.369999	0.001420
189.059999	-0.063510
189.749999	-0.130270
190.439999	-0.197130
191.129999	-0.262220
191.819999	-0.323630
192.509999	-0.379510
193.199999	-0.428120
193.889999	-0.468020
194.579999	-0.498180
195.269999	-0.518000
195.959999	-0.527340
196.649999	-0.526560
197.339999	-0.516560
198.029999	-0.498640
198.719999	-0.474450
199.409999	-0.445940
200.099999	-0.415110
200.789999	-0.383830
201.479999	-0.353640
202.169999	-0.325460
202.859999	-0.299610
203.549999	-0.275950
204.239999	-0.254110
204.929999	-0.233760
205.619999	-0.214550
206.309999	-0.196160
206.999999	-0.178290
207.689999	-0.160640
208.379999	-0.143010
209.069999	-0.125310
209.759999	-0.107600
210.449999	-0.090110
211.139999	-0.073180
211.829999	-0.057170
212.519999	-0.042320
213.209999	-0.028750
213.899999	-0.016610
214.589999	-0.006120
215.279999	0.002360
215.969999	0.008580
216.659999	0.012350
217.349999	0.013630
218.039999	0.012490
218.729999	0.009030
219.419999	0.003390
220.109999	-0.004200
220.799999	-0.013390
221.489999	-0.023680
222.179999	-0.034510
222.869999	-0.045160
223.559999	-0.054860
224.249999	-0.062920
224.939999	-0.068730
225.629999	-0.071840
226.319999	-0.071910
227.009999	-0.068710
227.699999	-0.061990
228.389999	-0.051630
229.079999	-0.037570
229.769999	-0.019840
230.459999	0.001350
231.149999	0.025650
231.839999	0.052450
232.529999	0.080970
233.219999	0.110320
233.909999	0.139620
234.599999	0.168060
235.289999	0.195020
235.979999	0.220060
236.669999	0.242940
237.359999	0.263610
238.049999	0.282210
238.739999	0.299000
239.429999	0.314260
240.119999	0.328290
240.809999	0.341320
241.499999	0.353580
242.189999	0.365190
242.879999	0.376100
243.569999	0.386090
244.259999	0.394880
244.949999	0.402090
245.639999	0.407350
246.329999	0.410300
247.019999	0.410610
247.709999	0.407970
248.399999	0.402080
249.089999	0.392660
249.779999	0.379600
250.469999	0.363120
251.159999	0.343830
251.849999	0.322480
252.539999	0.299870
253.229999	0.276910
253.919999	0.254590
254.609999	0.233780
255.299999	0.215040
255.989999	0.198520
256.679999	0.183900
257.369999	0.170370
258.059999	0.156890
258.749999	0.142250
259.439999	0.125200
260.129999	0.104550
260.819999	0.079340
261.509999	0.048840
262.199999	0.012690
262.889999	-0.028970
263.579999	-0.075310
264.269999	-0.124830
264.959999	-0.175650
265.649999	-0.225660
266.339999	-0.272800
267.029999	-0.315290
267.719999	-0.351820
268.409999	-0.381650
269.099999	-0.404670
269.789999	-0.421130
270.479999	-0.431530
271.169999	-0.436470
271.859999	-0.436630
272.549999	-0.432580
273.239999	-0.424730
273.929999	-0.413320
274.619999	-0.398450
275.309999	-0.380150
275.999999	-0.358460
276.689999	-0.333300
277.379999	-0.304710
278.069999	-0.272980
278.759999	-0.238700
279.449999	-0.202680
280.139999	-0.165790
280.829999	-0.128990
281.519999	-0.093250
282.209999	-0.059560
282.899999	-0.028940
283.589999	-0.002240
284.279999	0.019830
284.969999	0.036700
285.659999	0.047910
286.349999	0.053230
287.039999	0.052700
287.729999	0.046560
288.419999	0.035180
289.109999	0.019040
289.799999	-0.001240
290.489999	-0.024940
291.179999	-0.051040
291.869999	-0.078380
292.559999	-0.105700
293.249999	-0.131860
293.939999	-0.155900
294.629999	-0.176860
295.319999	-0.194040
296.009999	-0.206970
296.699999	-0.215500
297.389999	-0.219690
298.079999	-0.219780
298.769999	-0.216110
299.459999	-0.209070
300.149999	-0.199090
300.839999	-0.186640
301.529999	-0.172230
302.219999	-0.156330
302.909999	-0.139330
303.599999	-0.121550
304.289999	-0.103220
304.979999	-0.084560
305.669999	-0.065830
306.359999	-0.047420
307.049999	-0.029720
307.739999	-0.013200
308.429999	0.001570
309.119999	0.014210
309.809999	0.024440
310.499999	0.032120
311.189999	0.037230
311.879999	0.039890
312.569999	0.040360
313.259999	0.039080
313.949999	0.036640
314.639999	0.033720
315.329999	0.031090
316.019999	0.029470
316.709999	0.029470
317.399999	0.031500
318.089999	0.035880
318.779999	0.042740
319.469999	0.052150
320.159999	0.064080
320.849999	0.078440
321.539999	0.095080
322.229999	0.113830
322.919999	0.134540
323.609999	0.157060
324.299999	0.181280
324.989999	0.207070
325.679999	0.234060
326.369999	0.261610
327.059999	0.288840
327.749999	0.314790
328.439999	0.338380
329.129999	0.358460
329.819999	0.374000
330.509999	0.384140
331.199999	0.388060
331.889999	0.385120
332.579999	0.374820
333.269999	0.356920
333.959999	0.331550
334.649999	0.299330
335.339999	0.261220
336.029999	0.218560
336.719999	0.173030
337.409999	0.126520
338.099999	0.080860
338.789999	0.037710
339.479999	-0.001690
340.169999	-0.036590
340.859999	-0.066620
341.549999	-0.091750
342.239999	-0.112100
342.929999	-0.127950
343.619999	-0.139580
344.309999	-0.147280
344.999999	-0.151350
345.689999	-0.152120
346.379999	-0.150070
347.069999	-0.145740
347.759999	-0.139690
348.449999	-0.132440
349.139999	-0.124460
349.829999	-0.116110
350.519999	-0.107710
351.209999	-0.099400
351.899999	-0.091270
352.589999	-0.083280
353.279999	-0.075330
353.969999	-0.067400
354.659999	-0.059600
355.349999	-0.052160
356.039999	-0.045360
356.729999	-0.039460
357.419999	-0.034630
358.109999	-0.030990
358.799999	-0.028640
359.489999	-0.027590
360.179999	-0.027780
360.869999	-0.029020
361.559999	-0.030980
362.249999	-0.033190
362.939999	-0.035090
363.629999	-0.036110
364.319999	-0.035800
365.009999	-0.033900
365.699999	-0.030340
366.389999	-0.025270
367.079999	-0.018930
367.769999	-0.011660
368.459999	-0.003810
369.149999	0.004280
369.839999	0.012380
370.529999	0.020300
371.219999	0.027860
371.909999	0.034850
372.599999	0.041110
373.289999	0.046480
373.979999	0.050850
374.669999	0.054170
375.359999	0.056470
376.049999	0.057800
376.739999	0.058170
377.429999	0.057620
378.119999	0.056200
378.809999	0.054090
379.499999	0.051450
380.189999	0.048470
380.879999	0.045290
381.569999	0.041980
382.259999	0.038480
382.949999	0.034510
383.639999	0.029790
384.329999	0.024130
385.019999	0.017530
385.709999	0.010210
386.399999	0.002660
387.089999	-0.004480
387.779999	-0.010610
388.469999	-0.015130
389.159999	-0.017600
389.849999	-0.017850
390.539999	-0.015910
391.229999	-0.012010
391.919999	-0.006440
392.609999	0.000320
393.299999	0.007770
393.989999	0.015450
394.679999	0.022940
395.369999	0.029940
396.059999	0.036380
396.749999	0.042290
397.439999	0.047750
398.129999	0.052970
398.819999	0.058260
399.509999	0.063740
400.199999	0.069210
400.889999	0.074280
401.579999	0.078550
402.269999	0.081600
402.959999	0.083050
403.649999	0.082600
404.339999	0.080190
405.029999	0.075960
405.719999	0.070290
406.409999	0.063670
407.099999	0.056670
407.789999	0.049840
408.479999	0.043660
409.169999	0.038440
409.859999	0.034290
410.549999	0.031160
411.239999	0.029030
411.929999	0.027870
412.619999	0.027530
413.309999	0.027790
413.999999	0.028460
414.689999	0.029430
415.379999	0.030550
416.069999	0.031600
416.759999	0.032370
417.449999	0.032630
418.139999	0.032210
418.829999	0.030920
419.519999	0.028570
420.209999	0.024940
420.899999	0.019880
421.589999	0.013340
422.279999	0.005460
422.969999	-0.003430
423.659999	-0.012910
424.349999	-0.022530
425.039999	-0.031980
425.729999	-0.041180
426.419999	-0.050230
427.109999	-0.059320
427.799999	-0.068790
428.489999	-0.079070
429.179999	-0.090480
429.869999	-0.103230
430.559999	-0.117440
431.249999	-0.133110
431.939999	-0.150140
432.629999	-0.168380
433.319999	-0.187630
434.009999	-0.207550
434.699998	-0.227710
435.389998	-0.247640
436.079998	-0.267040
436.769998	-0.285690
437.459998	-0.303520
438.149998	-0.320530
438.839998	-0.336630
439.529998	-0.351460
440.219998	-0.364330
440.909998	-0.374380
441.599998	-0.380850
442.289998	-0.383170
442.979998	-0.380980
443.669998	-0.374030
444.359998	-0.362090
445.049998	-0.344960
445.739998	-0.322580
446.429998	-0.295110
447.119998	-0.262980
447.809998	-0.226810
448.499998	-0.187450
449.189998	-0.145880
449.879998	-0.103020
450.569998	-0.059650
451.259998	-0.016380
451.949998	0.026260
452.639998	0.067850
453.329998	0.107950
454.019998	0.146090
454.709998	0.181790
455.399998	0.214540
456.089998	0.243990
456.779998	0.269960
457.469998	0.292490
458.159998	0.311650
458.849998	0.327510
459.539998	0.340180
460.229998	0.349840
460.919998	0.356800
461.609998	0.361530
462.299998	0.364630
462.989998	0.366730
463.679998	0.368460
464.369998	0.370350
465.059998	0.372660
465.749998	0.375500
466.439998	0.378750
467.129998	0.382210
467.819998	0.385590
468.509998	0.388520
469.199998	0.390530
469.889998	0.390980
470.579998	0.389170
471.269998	0.384350
471.959998	0.375940
472.649998	0.363500
473.339998	0.346590
474.029998	0.324660
474.719998	0.297080
475.409998	0.263270
476.099998	0.222800
476.789998	0.175510
477.479998	0.121620
478.169998	0.061900
478.859998	-0.002150
479.549998	-0.068320
480.239998	-0.133880
480.929998	-0.196140
481.619998	-0.252990
482.309998	-0.303050
482.999998	-0.345550
483.689998	-0.380280
484.379998	-0.407550
485.069998	-0.428010
485.759998	-0.442450
486.449998	-0.451620
487.139998	-0.456220
487.829998	-0.456880
488.519998	-0.454140
489.209998	-0.448500
489.899998	-0.440440
490.589998	-0.430370
491.279998	-0.418710
491.969998	-0.405850
492.659998	-0.392050
493.349998	-0.377440
494.039998	-0.362010
494.729998	-0.345640
495.419998	-0.328180
496.109998	-0.309540
496.799998	-0.289800
497.489998	-0.269160
498.179998	-0.247920
498.869998	-0.226430
499.559998	-0.205100
500.249998	-0.184260
500.939998	-0.164150
501.629998	-0.144900
502.319998	-0.126550
503.009998	-0.109110
503.699998	-0.092530
504.389998	-0.076760
505.079998	-0.061720
505.769998	-0.047240
506.459998	-0.033180
507.149998	-0.019520
507.839998	-0.006360
508.529998	0.006120
509.219998	0.017810
509.909998	0.028530
510.599998	0.038180
511.289998	0.046600
511.979998	0.053680
512.669998	0.059330
513.359998	0.063520
514.049998	0.066200
514.739998	0.067400
515.429998	0.067320
516.119998	0.066290
516.809998	0.064760
517.499998	0.063130
518.189998	0.061770
518.879998	0.060920
519.569998	0.060800
520.259998	0.061560
520.949998	0.063290
521.639998	0.066040
522.329998	0.069820
523.019998	0.074600
523.709998	0.080330
524.399998	0.086860
525.089998	0.094020
525.779998	0.101640
526.469998	0.109510
527.159998	0.117430
527.849998	0.125260
528.539998	0.132930
529.229998	0.140360
529.919998	0.147450
530.609998	0.154130
531.299998	0.160300
531.989998	0.165870
532.679998	0.170780
533.369998	0.174930
534.059998	0.178220
534.749998	0.180530
535.439998	0.181690
536.129998	0.181530
536.819998	0.179830
537.509998	0.176560
538.199998	0.171730
538.889998	0.165340
539.579998	0.157390
540.269998	0.147930
540.959998	0.137170
541.649998	0.125320
542.339998	0.112550
543.029998	0.098980
543.719998	0.084640
544.409998	0.069530
545.099998	0.053690
545.789998	0.037210
546.479998	0.020400
547.169998	0.003730
547.859998	-0.012300
548.549998	-0.027250
549.239998	-0.040750
549.929998	-0.052470
550.619998	-0.062150
551.309998	-0.069570
551.999998	-0.074550
552.689998	-0.077040
553.379998	-0.077090
554.069998	-0.074810
554.759998	-0.070440
555.449998	-0.064260
556.139998	-0.056580
556.829998	-0.047810
557.519998	-0.038410
558.209998	-0.028890
558.899998	-0.019650
559.589998	-0.011050
560.279998	-0.003270
560.969998	0.003690
561.659998	0.009950
562.349998	0.015610
563.039998	0.020790
563.729998	0.025530
564.419998	0.029740
565.109998	0.033310
565.799998	0.036160
566.489998	0.038240
567.179998	0.039590
567.869998	0.040300
568.559998	0.040520
569.249998	0.040290
569.939998	0.039600
570.629998	0.038450
571.319998	0.036810
572.009998	0.034670
572.699998	0.031950
573.389998	0.028660
574.079998	0.024770
574.769998	0.020290
575.459998	0.015190
576.149998	0.009500
576.839998	0.003340
577.529998	-0.003240
578.219998	-0.010190
578.909998	-0.017490
579.599998	-0.025150
580.289998	-0.033060
580.979998	-0.041170
581.669998	-0.049410
582.359998	-0.057810
583.049998	-0.066440
583.739998	-0.075290
584.429998	-0.084260
585.119998	-0.093170
585.809998	-0.101770
586.499998	-0.109820
587.189998	-0.117140
587.879998	-0.123540
588.569998	-0.128800
589.259998	-0.132640
589.949998	-0.134720
590.639998	-0.134580
591.329998	-0.131830
592.019998	-0.126210
592.709998	-0.117500
593.399998	-0.105570
594.089998	-0.090490
594.779998	-0.072410
595.469998	-0.051580
596.159998	-0.028290
596.849998	-0.002900
597.539998	0.024170
598.229998	0.052380
598.919998	0.081000
599.609998	0.109150
600.299998	0.135910
600.989998	0.160430
601.679998	0.182070
602.369998	0.200440
603.059998	0.215360
603.749998	0.226690
604.439998	0.234360
605.129998	0.238390
605.819998	0.238860
606.509998	0.236000
607.199998	0.230220
607.889998	0.221910
608.579998	0.211490
609.269998	0.199260
609.959998	0.185520
610.649998	0.170580
611.339998	0.154700
612.029998	0.138070
612.719998	0.120870
613.409998	0.103360
614.099998	0.085770
614.789998	0.068410
615.479998	0.051700
616.169998	0.036030
616.859998	0.021910
617.549998	0.009740
618.239998	-0.000170
618.929998	-0.007740
619.619998	-0.012980
620.309998	-0.015990
620.999998	-0.017000
621.689998	-0.016310
622.379998	-0.014210
623.069998	-0.010860
623.759998	-0.006300
624.449998	-0.000460
625.139998	0.006730
625.829998	0.015310
626.519998	0.025200
627.209998	0.036170
627.899998	0.047800
628.589998	0.059480
629.279998	0.070460
629.969998	0.080010
630.659998	0.087530
631.349998	0.092470
632.039998	0.094440
632.729998	0.093280
633.419998	0.089030
634.109998	0.081960
634.799998	0.072390
635.489998	0.060680
636.179998	0.046990
636.869998	0.031450
637.559998	0.014120
638.249998	-0.004910
638.939998	-0.025410
639.629998	-0.047020
640.319998	-0.069220
641.009998	-0.091350
641.699998	-0.112650
642.389998	-0.132390
643.079998	-0.149960
643.769998	-0.165020
644.459998	-0.177510
645.149998	-0.187640
645.839998	-0.195830
646.529998	-0.202670
647.219998	-0.208760
647.909998	-0.214660
648.599998	-0.220780
649.289998	-0.227520
649.979998	-0.235170
650.669998	-0.244040
651.359998	-0.254330
652.049998	-0.266070
652.739998	-0.279210
653.429998	-0.293560
654.119998	-0.308900
654.809998	-0.324880
655.499998	-0.341100
656.189998	-0.357070
656.879998	-0.372140
657.569998	-0.385620
658.259998	-0.396760
658.949998	-0.404930
659.639998	-0.409660
660.329998	-0.410590
661.019998	-0.407510
661.709998	-0.400340
662.399998	-0.389020
663.089998	-0.373520
663.779998	-0.353810
664.469998	-0.329980
665.159998	-0.302220
665.849998	-0.270800
666.539998	-0.236040
667.229998	-0.198250
667.919998	-0.157840
668.609998	-0.115300
669.299998	-0.071110
669.989998	-0.025810
670.679998	0.020050
671.369998	0.065830
672.059998	0.110820
672.749998	0.154270
673.439998	0.195530
674.129998	0.234090
674.819998	0.269590
675.509998	0.301730
676.199998	0.330340
676.889998	0.355200
677.579998	0.376100
678.269998	0.392900
678.959998	0.405680
679.649998	0.414670
680.339998	0.420250
681.029998	0.422940
681.719998	0.423330
682.409998	0.421960
683.099998	0.419100
683.789998	0.414660
684.479998	0.408250
685.169998	0.399370
685.859998	0.387480
686.549998	0.372170
687.239998	0.353290
687.929998	0.330850
688.619998	0.304930
689.309998	0.275620
689.999998	0.243270
690.689998	0.208740
691.379998	0.173190
692.069998	0.138050
692.759998	0.104900
693.449998	0.075290
694.139998	0.050750
694.829998	0.032490
695.519998	0.021230
696.209998	0.017180
696.899998	0.020140
697.589998	0.029560
698.279998	0.044560
698.969998	0.064070
699.659998	0.086890
700.349998	0.111770
701.039998	0.137570
701.729998	0.163180
702.419998	0.187670
703.109998	0.210260
703.799998	0.230280
704.489998	0.247120
705.179998	0.260290
705.869998	0.269310
706.559998	0.273680
707.249998	0.272870
707.939998	0.266420
708.629998	0.253990
709.319998	0.235310
710.009998	0.210030
710.699998	0.177860
711.389998	0.138730
712.079998	0.092910
712.769998	0.041060
713.459998	-0.015690
714.149998	-0.075860
714.839998	-0.137610
715.529998	-0.198950
716.219998	-0.257910
716.909998	-0.312720
717.599998	-0.361910
718.289998	-0.404390
718.979998	-0.439500
719.669998	-0.467040
720.359998	-0.487220
721.049998	-0.500690
721.739998	-0.508350
722.429998	-0.511260
723.119998	-0.510360
723.809997	-0.506470
724.499997	-0.500170
725.189997	-0.491900
725.879997	-0.482060
726.569997	-0.471150
727.259997	-0.459640
727.949997	-0.447930
728.639997	-0.436310
729.329997	-0.425060
730.019997	-0.414200
730.709997	-0.403650
731.399997	-0.393150
732.089997	-0.382350
732.779997	-0.370830
733.469997	-0.358190
734.159997	-0.344100
734.849997	-0.328310
735.539997	-0.310630
736.229997	-0.290920
736.919997	-0.269090
737.609997	-0.245070
738.299997	-0.218920
738.989997	-0.190940
739.679997	-0.161640
740.369997	-0.131660
741.059997	-0.101660
741.749997	-0.072210
742.439997	-0.043790
743.129997	-0.016740
743.819997	0.008730
744.509997	0.032590
745.199997	0.054920
745.889997	0.075940
746.579997	0.096030
747.269997	0.115590
747.959997	0.135030
748.649997	0.154700
749.339997	0.174790
750.029997	0.195160
750.719997	0.215450
751.409997	0.235180
752.099997	0.253790
752.789997	0.270710
753.479997	0.285380
754.169997	0.297410
754.859997	0.306610
755.549997	0.313090
756.239997	0.317020
756.929997	0.318570
757.619997	0.317990
758.309997	0.315540
758.999997	0.311490
759.689997	0.306060
760.379997	0.299480
761.069997	0.291960
761.759997	0.283740
762.449997	0.275010
763.139997	0.265990
763.829997	0.256710
764.519997	0.247100
765.209997	0.236980
765.899997	0.226130
766.589997	0.214370
767.279997	0.201590
767.969997	0.187740
768.659997	0.172770
769.349997	0.156740
770.039997	0.139700
770.729997	0.121730
771.419997	0.102890
772.109997	0.083240
772.799997	0.062800
773.489997	0.041640
774.179997	0.019910
774.869997	-0.002110
775.559997	-0.024020
776.249997	-0.045230
776.939997	-0.065060
777.629997	-0.082760
778.319997	-0.097610
779.009997	-0.109070
779.699997	-0.116870
780.389997	-0.120940
781.079997	-0.121450
781.769997	-0.118720
782.459997	-0.113340
783.149997	-0.105940
783.839997	-0.097280
784.529997	-0.088090
785.219997	-0.078970
785.909997	-0.070350
786.599997	-0.062490
787.289997	-0.055540
787.979997	-0.049450
788.669997	-0.044120
789.359997	-0.039420
790.049997	-0.035190
790.739997	-0.031190
791.429997	-0.027200
792.119997	-0.023110
792.809997	-0.018830
793.499997	-0.014310
794.189997	-0.009540
794.879997	-0.004520
795.569997	0.000730
796.259997	0.006200
796.949997	0.011890
797.639997	0.017790
798.329997	0.023980
799.019997	0.030480
799.709997	0.037280
800.399997	0.044260
801.089997	0.051110
801.779997	0.057310
802.469997	0.062150
803.159997	0.064940
803.849997	0.065060
804.539997	0.062060
805.229997	0.055760
805.919997	0.046250
806.609997	0.033930
807.299997	0.019460
807.989997	0.003650
808.679997	-0.012650
809.369997	-0.028660
810.059997	-0.043690
810.749997	-0.057260
811.439997	-0.069100
812.129997	-0.079190
812.819997	-0.087580
813.509997	-0.094310
814.199997	-0.099360
814.889997	-0.102630
815.579997	-0.104000
816.269997	-0.103390
816.959997	-0.100820
817.649997	-0.096410
818.339997	-0.090400
819.029997	-0.083130
819.719997	-0.074980
820.409997	-0.066300
821.099997	-0.057380
821.789997	-0.048500
822.479997	-0.039860
823.169997	-0.031570
823.859997	-0.023670
824.549997	-0.016200
825.239997	-0.009310
825.929997	-0.003240
826.619997	0.001660
827.309997	0.005040
827.999997	0.006640
828.689997	0.006420
829.379997	0.004540
830.069997	0.001360
830.759997	-0.002700
831.449997	-0.007130
832.139997	-0.011460
832.829997	-0.015210
833.519997	-0.018020
834.209997	-0.019540
834.899997	-0.019410
835.589997	-0.017250
836.279997	-0.012680
836.969997	-0.005370
837.659997	0.004860
838.349997	0.018040
839.039997	0.034060
839.729997	0.052650
840.419997	0.073320
841.109997	0.095340
841.799997	0.117880
842.489997	0.140030
843.179997	0.160990
843.869997	0.180110
844.559997	0.197000
845.249997	0.211390
845.939997	0.223120
846.629997	0.232030
847.319997	0.237940
848.009997	0.240810
848.699997	0.240750
849.389997	0.238010
850.079997	0.233010
850.769997	0.226250
851.459997	0.218280
852.149997	0.209530
852.839997	0.200440
853.529997	0.191390
854.219997	0.182870
854.909997	0.175390
855.599997	0.169310
856.289997	0.164630
856.979997	0.160880
857.669997	0.157190
858.359997	0.152490
859.049997	0.145720
859.739997	0.135930
860.429997	0.122410
861.119997	0.104720
861.809997	0.082680
862.499997	0.056420
863.189997	0.026300
863.879997	-0.007110
864.569997	-0.042900
865.259997	-0.079870
865.949997	-0.116690
866.639997	-0.152140
867.329997	-0.185190
868.019997	-0.214970
868.709997	-0.240750
869.399997	-0.261950
870.089997	-0.278200
870.779997	-0.289350
871.469997	-0.295520
872.159997	-0.296930
872.849997	-0.293940
873.539997	-0.286970
874.229997	-0.276550
874.919997	-0.263380
875.609997	-0.248330
876.299997	-0.232360
876.989997	-0.216480
877.679997	-0.201720
878.369997	-0.189030
879.059997	-0.179130
879.749997	-0.172460
880.439997	-0.169110
881.129997	-0.168790
881.819997	-0.170940
882.509997	-0.174830
883.199997	-0.179670
883.889997	-0.184780
884.579997	-0.189600
885.269997	-0.193790
885.959997	-0.197190
886.649997	-0.199700
887.339997	-0.201270
888.029997	-0.201840
888.719997	-0.201320
889.409997	-0.199640
890.099997	-0.196790
890.789997	-0.192770
891.479997	-0.187490
892.169997	-0.180760
892.859997	-0.172420
893.549997	-0.162350
894.239997	-0.150540
894.929997	-0.137030
895.619997	-0.121970
896.309997	-0.105730
896.999997	-0.088820
897.689997	-0.071850
898.379997	-0.055460
899.069997	-0.040340
899.759997	-0.027140
900.449997	-0.016470
901.139997	-0.008810
901.829997	-0.004400
902.519997	-0.003310
903.209997	-0.005430
903.899997	-0.010590
904.589997	-0.018570
905.279997	-0.029110
905.969997	-0.041900
906.659997	-0.056530
907.349997	-0.072480
908.039997	-0.089070
908.729997	-0.105460
909.419997	-0.120770
910.109997	-0.134130
910.799997	-0.144870
911.489997	-0.152460
912.179997	-0.156460
912.869997	-0.156400
913.559997	-0.151930
914.249997	-0.142750
914.939997	-0.128610
915.629997	-0.109340
916.319997	-0.084980
917.009997	-0.055830
917.699997	-0.022450
918.389997	0.014360
919.079997	0.053770
919.769997	0.094860
920.459997	0.136580
921.149997	0.177810
921.839997	0.217430
922.529997	0.254350
923.219997	0.287630
923.909997	0.316700
924.599997	0.341310
925.289997	0.361460
925.979997	0.377280
926.669997	0.388970
927.359997	0.396840
928.049997	0.401280
928.739997	0.402770
929.429997	0.401860
930.119997	0.399170
930.809997	0.395460
931.499997	0.391540
932.189997	0.388170
932.879997	0.386070
933.569997	0.385870
934.259997	0.388020
934.949997	0.392730
935.639997	0.399950
936.329997	0.409370
937.019997	0.420350
937.709997	0.431870
938.399997	0.442600
939.089997	0.450980
939.779997	0.455410
940.469997	0.454520
941.159997	0.447230
941.849997	0.432780
942.539997	0.410750
943.229997	0.380890
943.919997	0.343170
944.609997	0.297710
945.299997	0.244950
945.989997	0.185610
946.679997	0.120780
947.369997	0.051820
948.059997	-0.019630
948.749997	-0.091870
949.439997	-0.163070
950.129997	-0.231350
950.819997	-0.294930
951.509997	-0.352190
952.199997	-0.401680
952.889997	-0.442210
953.579997	-0.472890
954.269997	-0.493210
954.959997	-0.502900
955.649997	-0.502010
956.339997	-0.490900
957.029997	-0.470320
957.719997	-0.441380
958.409997	-0.405540
959.099997	-0.364500
959.789997	-0.320220
960.479997	-0.274700
961.169997	-0.229890
961.859997	-0.187520
962.549997	-0.148950
963.239997	-0.115140
963.929997	-0.086640
964.619997	-0.063690
965.309997	-0.046310
965.999997	-0.034340
966.689997	-0.027480
967.379997	-0.025350
968.069997	-0.027460
968.759997	-0.033320
969.449997	-0.042460
970.139997	-0.054410
970.829997	-0.068720
971.519997	-0.084880
972.209997	-0.102350
972.899997	-0.120540
973.589997	-0.138840
974.279997	-0.156650
974.969997	-0.173460
975.659997	-0.188830
976.349997	-0.202340
977.039997	-0.213650
977.729997	-0.222530
978.419997	-0.228910
979.109997	-0.232900
979.799997	-0.234680
980.489997	-0.234450
981.179997	-0.232500
981.869997	-0.229220
982.559997	-0.225050
983.249997	-0.220390
983.939997	-0.215560
984.629997	-0.210730
985.319997	-0.205910
986.009997	-0.200950
986.699997	-0.195650
987.389997	-0.189800
988.079997	-0.183210
988.769997	-0.175800
989.459997	-0.167490
990.149997	-0.158170
990.839997	-0.147660
991.529997	-0.135910
992.219997	-0.122990
992.909997	-0.109070
993.599997	-0.094470
994.289997	-0.079600
994.979997	-0.064920
995.669997	-0.050880
996.359997	-0.037800
997.049997	-0.025960
997.739997	-0.015470
998.429997	-0.006310
999.119997	0.001700
999.809997	0.008870
1000.499997	0.015610
1001.189997	0.022330
1001.879997	0.029420
1002.569997	0.037250
1003.259997	0.046100
1003.949997	0.056040
1004.639997	0.067030
1005.329997	0.079040
1006.019997	0.092060
1006.709997	0.106060
1007.399997	0.120970
1008.089997	0.136650
1008.779997	0.152880
1009.469997	0.169320
1010.159997	0.185660
1010.849997	0.201630
1011.539997	0.216950
1012.229997	0.231250
1012.919997	0.244070
1013.609996	0.254890
1014.299996	0.263060
1014.989996	0.267960
1015.679996	0.269120
1016.369996	0.266240
1017.059996	0.259290
1017.749996	0.248370
1018.439996	0.233750
1019.129996	0.216020
1019.819996	0.196020
1020.509996	0.174790
1021.199996	0.153310
1021.889996	0.132380
1022.579996	0.112610
1023.269996	0.094370
1023.959996	0.077750
1024.649996	0.062670
1025.339996	0.048940
1026.029996	0.036330
1026.719996	0.024660
1027.409996	0.013740
1028.099996	0.003450
1028.789996	-0.006270
1029.479996	-0.015490
1030.169996	-0.024220
1030.859996	-0.032430
1031.549996	-0.039930
1032.239996	-0.046540
1032.929996	-0.052090
1033.619996	-0.056510
1034.309996	-0.059790
1034.999996	-0.062000
1035.689996	-0.063320
1036.379996	-0.063920
1037.069996	-0.063990
1037.759996	-0.063720
1038.449996	-0.063260
1039.139996	-0.062700
1039.829996	-0.062030
1040.519996	-0.061190
1041.209996	-0.060110
1041.899996	-0.058750
1042.589996	-0.057090
1043.279996	-0.055130
1043.969996	-0.052910
1044.659996	-0.050490
1045.349996	-0.047910
1046.039996	-0.045150
1046.729996	-0.042140
1047.419996	-0.038780
1048.109996	-0.034960
1048.799996	-0.030580
1049.489996	-0.025690
1050.179996	-0.020470
1050.869996	-0.015250
1051.559996	-0.010440
1052.249996	-0.006490
1052.939996	-0.003810
1053.629996	-0.002680
1054.319996	-0.003290
1055.009996	-0.005690
1055.699996	-0.009720
1056.389996	-0.015110
1057.079996	-0.021430
1057.769996	-0.028130
1058.459996	-0.034620
1059.149996	-0.040300
1059.839996	-0.044620
1060.529996	-0.047060
1061.219996	-0.047210
1061.909996	-0.044800
1062.599996	-0.039800
1063.289996	-0.032400
1063.979996	-0.022960
1064.669996	-0.012000
1065.359996	-0.000060
1066.049996	0.012240
1066.739996	0.024350
1067.429996	0.035780
1068.119996	0.046270
1068.809996	0.055770
1069.499996	0.064440
1070.189996	0.072480
1070.879996	0.080120
1071.569996	0.087540
1072.259996	0.094940
1072.949996	0.102390
1073.639996	0.110010
1074.329996	0.118000
1075.019996	0.126670
1075.709996	0.136400
1076.399996	0.147600
1077.089996	0.160570
1077.779996	0.175390
1078.469996	0.191880
1079.159996	0.209550
1079.849996	0.227710
1080.539996	0.245450
1081.229996	0.261780
1081.919996	0.275740
1082.609996	0.286460
1083.299996	0.293190
1083.989996	0.295340
1084.679996	0.292450
1085.369996	0.284200
1086.059996	0.270520
1086.749996	0.251580
1087.439996	0.227810
1088.129996	0.199850
1088.819996	0.168570
1089.509996	0.135010
1090.199996	0.100320
1090.889996	0.065680
1091.579996	0.032120
1092.269996	0.000440
1092.959996	-0.028800
1093.649996	-0.055330
1094.339996	-0.079140
1095.029996	-0.100310
1095.719996	-0.118910
1096.409996	-0.134980
1097.099996	-0.148550
1097.789996	-0.159590
1098.479996	-0.168080
1099.169996	-0.174070
1099.859996	-0.177770
1100.549996	-0.179480
1101.239996	-0.179710
1101.929996	-0.179050
1102.619996	-0.178100
1103.309996	-0.177190
1103.999996	-0.176430
1104.689996	-0.175650
1105.379996	-0.174560
1106.069996	-0.172750
1106.759996	-0.169890
1107.449996	-0.165700
1108.139996	-0.159950
1108.829996	-0.152420
1109.519996	-0.143010
1110.209996	-0.131740
1110.899996	-0.118750
1111.589996	-0.104310
1112.279996	-0.088930
1112.969996	-0.073270
1113.659996	-0.058170
1114.349996	-0.044520
1115.039996	-0.033260
1115.729996	-0.025440
1116.419996	-0.021910
1117.109996	-0.023230
1117.799996	-0.029540
1118.489996	-0.040570
1119.179996	-0.055750
1119.869996	-0.074090
1120.559996	-0.094370
1121.249996	-0.115260
1121.939996	-0.135510
1122.629996	-0.154020
1123.319996	-0.169790
1124.009996	-0.181960
1124.699996	-0.190010
1125.389996	-0.193750
1126.079996	-0.193300
1126.769996	-0.189120
1127.459996	-0.181950
1128.149996	-0.172720
1128.839996	-0.162390
1129.529996	-0.151800
1130.219996	-0.141630
1130.909996	-0.132320
1131.599996	-0.124110
1132.289996	-0.117060
1132.979996	-0.111070
1133.669996	-0.105890
1134.359996	-0.101150
1135.049996	-0.096440
1135.739996	-0.091440
1136.429996	-0.085950
1137.119996	-0.079880
1137.809996	-0.073320
1138.499996	-0.066430
1139.189996	-0.059360
1139.879996	-0.052290
1140.569996	-0.045260
1141.259996	-0.038250
1141.949996	-0.031200
1142.639996	-0.024030
1143.329996	-0.016720
1144.019996	-0.009250
1144.709996	-0.001770
1145.399996	0.005430
1146.089996	0.012050
1146.779996	0.017760
1147.469996	0.022340
1148.159996	0.025640
1148.849996	0.027610
1149.539996	0.028280
1150.229996	0.027780
1150.919996	0.026240
1151.609996	0.023640
1152.299996	0.019950
1152.989996	0.015120
1153.679996	0.009110
1154.369996	0.001920
1155.059996	-0.006390
1155.749996	-0.015690
1156.439996	-0.025700
1157.129996	-0.035950
1157.819996	-0.045830
1158.509996	-0.054630
1159.199996	-0.061700
1159.889996	-0.066420
1160.579996	-0.068340
1161.269996	-0.067160
1161.959996	-0.062600
1162.649996	-0.054430
1163.339996	-0.042470
1164.029996	-0.026600
1164.719996	-0.006710
1165.409996	0.017270
1166.099996	0.045280
1166.789996	0.076960
1167.479996	0.111740
1168.169996	0.148860
1168.859996	0.187520
1169.549996	0.227030
1170.239996	0.266690
1170.929996	0.305820
1171.619996	0.343800
1172.309996	0.380150
1172.999996	0.414470
1173.689996	0.446500
1174.379996	0.476120
1175.069996	0.503240
1175.759996	0.527730
1176.449996	0.549310
1177.139996	0.567450
1177.829996	0.581370
1178.519996	0.590090
1179.209996	0.592430
1179.899996	0.587210
1180.589996	0.573340
1181.279996	0.549950
1181.969996	0.516510
1182.659996	0.472830
1183.349996	0.419010
1184.039996	0.355670
1184.729996	0.284350
1185.419996	0.207520
1186.109996	0.128640
1186.799996	0.051530
1187.489996	-0.020570
1188.179996	-0.085300
1188.869996	-0.140990
1189.559996	-0.186590
1190.249996	-0.221630
1190.939996	-0.246060
1191.629996	-0.260210
1192.319996	-0.264850
1193.009996	-0.261100
1193.699996	-0.250350
1194.389996	-0.234190
1195.079996	-0.214270
1195.769996	-0.192210
1196.459996	-0.169570
1197.149996	-0.147790
1197.839996	-0.128180
1198.529996	-0.111830
1199.219996	-0.099680
1199.909996	-0.092400
