0.000000	0.280730
0.690000	0.285460
1.380000	0.293920
2.070000	0.305850
2.760000	0.320650
3.450000	0.337440
4.140000	0.355220
4.830000	0.373000
5.520000	0.389750
6.210000	0.404470
6.900000	0.416240
7.590000	0.424180
8.280000	0.427540
8.970000	0.425730
9.660000	0.418400
10.350000	0.405500
11.040000	0.387250
11.730000	0.364200
12.420000	0.337200
13.110000	0.307390
13.800000	0.276040
14.490000	0.244410
15.180000	0.213470
15.870000	0.183820
16.560000	0.155860
17.250000	0.129900
17.940000	0.106300
18.630000	0.085320
19.320000	0.067050
20.010000	0.051340
20.700000	0.037980
21.390000	0.026740
22.080000	0.017380
22.770000	0.009680
23.460000	0.003500
24.150000	-0.001170
24.840000	-0.004250
25.530000	-0.005640
26.220000	-0.005420
26.910000	-0.003840
27.600000	-0.001240
28.290000	0.002110
28.980000	0.006040
29.670000	0.010360
30.360000	0.014780
31.050000	0.018960
31.740000	0.022560
32.430000	0.025270
33.120000	0.026840
33.810000	0.027080
34.500000	0.025870
35.190000	0.023150
35.880000	0.018880
36.570000	0.012910
37.260000	0.005210
37.950000	-0.004120
38.640000	-0.014980
39.330000	-0.027290
40.020000	-0.041000
40.710000	-0.056140
41.400000	-0.072800
42.090000	-0.090960
42.780000	-0.110420
43.470000	-0.130800
44.160000	-0.151820
44.850000	-0.173310
45.540000	-0.195260
46.230000	-0.217790
46.920000	-0.241030
47.610000	-0.264950
48.300000	-0.289250
48.990000	-0.313310
49.680000	-0.336350
50.370000	-0.357540
51.060000	-0.376160
51.750000	-0.391570
52.440000	-0.403200
53.130000	-0.410720
53.820000	-0.413900
54.510000	-0.412480
55.200000	-0.406370
55.890000	-0.395540
56.580000	-0.379990
57.270000	-0.359730
57.960000	-0.334790
58.650000	-0.305160
59.340000	-0.270790
60.030000	-0.231540
60.720000	-0.187360
61.410000	-0.138420
62.100000	-0.085290
62.790000	-0.029090
63.480000	0.028410
64.170000	0.085250
64.860000	0.139710
65.550000	0.190580
66.240000	0.236960
66.930000	0.277950
67.620000	0.312600
68.310000	0.340080
69.000000	0.359860
69.690000	0.371700
70.380000	0.375620
71.070000	0.371780
71.760000	0.360430
72.450000	0.341930
73.140000	0.316840
73.830000	0.285980
74.520000	0.250390
75.210000	0.211420
75.900000	0.170370
76.590000	0.128530
77.280000	0.087000
77.970000	0.046550
78.660000	0.007710
79.350000	-0.029340
80.040000	-0.064600
80.730000	-0.098030
81.420000	-0.129590
82.110000	-0.159260
82.800000	-0.187010
83.490000	-0.212850
84.180000	-0.236860
84.870000	-0.259030
85.560000	-0.279150
86.250000	-0.296790
86.940000	-0.311480
87.630000	-0.322810
88.320000	-0.330390
89.010000	-0.333870
89.700000	-0.332870
90.390000	-0.326980
91.080000	-0.315700
91.770000	-0.298640
92.460000	-0.275680
93.150000	-0.247080
93.840000	-0.213600
94.530000	-0.176320
95.220000	-0.136540
95.910000	-0.095570
96.600000	-0.054540
97.290000	-0.014280
97.980000	0.024640
98.670000	0.061830
99.360000	0.096830
100.050000	0.129130
100.740000	0.158000
101.430000	0.182680
102.120000	0.202620
102.810000	0.217590
103.500000	0.227660
104.190000	0.233010
104.880000	0.233800
105.570000	0.230290
106.260000	0.222770
106.950000	0.211580
107.640000	0.197070
108.330000	0.179700
109.020000	0.160030
109.710000	0.138600
110.400000	0.115850
111.090000	0.092330
111.780000	0.068840
112.470000	0.046340
113.160000	0.025720
113.850000	0.007710
114.540000	-0.007120
115.230000	-0.018520
115.920000	-0.026420
116.610000	-0.030970
117.300000	-0.032470
117.990000	-0.031310
118.680000	-0.027910
119.370000	-0.022640
120.060000	-0.015840
120.750000	-0.007890
121.440000	0.000840
122.130000	0.009880
122.820000	0.018700
123.510000	0.026830
124.200000	0.033860
124.890000	0.039600
125.580000	0.044060
126.270000	0.047420
126.960000	0.049890
127.650000	0.051740
128.340000	0.053240
129.030000	0.054590
129.720000	0.055870
130.410000	0.057090
131.100000	0.058320
131.790000	0.059770
132.480000	0.061830
133.170000	0.064940
133.860000	0.069490
134.550000	0.075700
135.240000	0.083540
135.930000	0.092740
136.620000	0.102900
137.310000	0.113620
138.000000	0.124450
138.690000	0.134940
139.380000	0.144640
140.070000	0.153160
140.760000	0.160150
141.450000	0.165440
142.140000	0.168860
142.830000	0.170340
143.520000	0.170000
144.210000	0.168140
144.899999	0.165090
145.589999	0.161070
146.279999	0.156170
146.969999	0.150460
147.659999	0.144030
148.349999	0.137070
149.039999	0.129800
149.729999	0.122510
150.419999	0.115380
151.109999	0.108430
151.799999	0.101430
152.489999	0.094060
153.179999	0.085890
153.869999	0.076390
154.559999	0.065000
155.249999	0.051410
155.939999	0.035600
156.629999	0.017780
157.319999	-0.001700
158.009999	-0.022420
158.699999	-0.043890
159.389999	-0.065680
160.079999	-0.087490
160.769999	-0.109180
161.459999	-0.130630
162.149999	-0.151740
162.839999	-0.172400
163.529999	-0.192470
164.219999	-0.211810
164.909999	-0.230240
165.599999	-0.247560
166.289999	-0.263510
166.979999	-0.277740
167.669999	-0.289880
168.359999	-0.299570
169.049999	-0.306500
169.739999	-0.310510
170.429999	-0.311570
171.119999	-0.309820
171.809999	-0.305470
172.499999	-0.298780
173.189999	-0.290030
173.879999	-0.279600
174.569999	-0.267820
175.259999	-0.255120
175.949999	-0.241850
176.639999	-0.228280
177.329999	-0.214550
178.019999	-0.200730
178.709999	-0.186840
179.399999	-0.172830
180.089999	-0.158650
180.779999	-0.144210
181.469999	-0.129470
182.159999	-0.114380
182.849999	-0.098890
183.539999	-0.082930
184.229999	-0.066360
184.919999	-0.049070
185.609999	-0.031020
186.299999	-0.012280
186.989999	0.006950
187.679999	0.026370
188.369999	0.045690
189.059999	0.064690
189.749999	0.083170
190.439999	0.101020
191.129999	0.118090
191.819999	0.134210
192.509999	0.149180
193.199999	0.162840
193.889999	0.175070
194.579999	0.185850
195.269999	0.195100
195.959999	0.202680
196.649999	0.208390
197.339999	0.212070
198.029999	0.213630
198.719999	0.213050
199.409999	0.210400
200.099999	0.205690
200.789999	0.198910
201.479999	0.189990
202.169999	0.178870
202.859999	0.165520
203.549999	0.149990
204.239999	0.132310
204.929999	0.112480
205.619999	0.090460
206.309999	0.066250
206.999999	0.039840
207.689999	0.011420
208.379999	-0.018590
209.069999	-0.049490
209.759999	-0.080280
210.449999	-0.109760
211.139999	-0.136590
211.829999	-0.159410
212.519999	-0.177060
213.209999	-0.188710
213.899999	-0.193940
214.589999	-0.192700
215.279999	-0.185250
215.969999	-0.172260
216.659999	-0.154840
217.349999	-0.134420
218.039999	-0.112390
218.729999	-0.089900
219.419999	-0.067840
220.109999	-0.046920
220.799999	-0.027760
221.489999	-0.010830
222.179999	0.003510
222.869999	0.015140
223.559999	0.024040
224.249999	0.030260
224.939999	0.033920
225.629999	0.035260
226.319999	0.034670
227.009999	0.032770
227.699999	0.030260
228.389999	0.027910
229.079999	0.026540
229.769999	0.026860
230.459999	0.029410
231.149999	0.034450
231.839999	0.041880
232.529999	0.051270
233.219999	0.061940
233.909999	0.073110
234.599999	0.083900
235.289999	0.093460
235.979999	0.100980
236.669999	0.105780
237.359999	0.107390
238.049999	0.105650
238.739999	0.100750
239.429999	0.093380
240.119999	0.084710
240.809999	0.076150
241.499999	0.069150
242.189999	0.064880
242.879999	0.064060
243.569999	0.066880
244.259999	0.072910
244.949999	0.081240
245.639999	0.090790
246.329999	0.100520
247.019999	0.109540
247.709999	0.117110
248.399999	0.122640
249.089999	0.125650
249.779999	0.125700
250.469999	0.122440
251.159999	0.115650
251.849999	0.105220
252.539999	0.091260
253.229999	0.074080
253.919999	0.054210
254.609999	0.032370
255.299999	0.009350
255.989999	-0.014050
256.679999	-0.037180
257.369999	-0.059450
258.059999	-0.080300
258.749999	-0.099270
259.439999	-0.115950
260.129999	-0.129930
260.819999	-0.140840
261.509999	-0.148440
262.199999	-0.152630
262.889999	-0.153420
263.579999	-0.151000
264.269999	-0.145690
264.959999	-0.137860
265.649999	-0.127890
266.339999	-0.116110
267.029999	-0.102800
267.719999	-0.088160
268.409999	-0.072390
269.099999	-0.055640
269.789999	-0.038210
270.479999	-0.020480
271.169999	-0.002950
271.859999	0.013900
272.549999	0.029700
273.239999	0.044140
273.929999	0.056950
274.619999	0.067900
275.309999	0.076830
275.999999	0.083630
276.689999	0.088240
277.379999	0.090610
278.069999	0.090790
278.759999	0.088830
279.449999	0.084810
280.139999	0.078920
280.829999	0.071440
281.519999	0.062800
282.209999	0.053430
282.899999	0.043810
283.589999	0.034440
284.279999	0.025810
284.969999	0.018280
285.659999	0.012090
286.349999	0.007320
287.039999	0.003990
287.729999	0.001960
288.419999	0.001010
289.109999	0.000860
289.799999	0.001230
290.489999	0.001900
291.179999	0.002670
291.869999	0.003370
292.559999	0.003810
293.249999	0.003790
293.939999	0.003000
294.629999	0.001080
295.319999	-0.002280
296.009999	-0.007220
296.699999	-0.013790
297.389999	-0.022030
298.079999	-0.032100
298.769999	-0.044290
299.459999	-0.058770
300.149999	-0.075270
300.839999	-0.092940
301.529999	-0.110600
302.219999	-0.127030
302.909999	-0.141140
303.599999	-0.152010
304.289999	-0.158970
304.979999	-0.161730
305.669999	-0.160320
306.359999	-0.155160
307.049999	-0.147090
307.739999	-0.137410
308.429999	-0.127520
309.119999	-0.118630
309.809999	-0.111620
310.499999	-0.107070
311.189999	-0.105280
311.879999	-0.106270
312.569999	-0.109810
313.259999	-0.115430
313.949999	-0.122460
314.639999	-0.130180
315.329999	-0.137970
316.019999	-0.145170
316.709999	-0.151180
317.399999	-0.155410
318.089999	-0.157360
318.779999	-0.156580
319.469999	-0.152810
320.159999	-0.146040
320.849999	-0.136520
321.539999	-0.124730
322.229999	-0.111200
322.919999	-0.096540
323.609999	-0.081410
324.299999	-0.066340
324.989999	-0.051640
325.679999	-0.037300
326.369999	-0.023230
327.059999	-0.009290
327.749999	0.004640
328.439999	0.018500
329.129999	0.031870
329.819999	0.044220
330.509999	0.055120
331.199999	0.064300
331.889999	0.071650
332.579999	0.077160
333.269999	0.081060
333.959999	0.083760
334.649999	0.085750
335.339999	0.087550
336.029999	0.089560
336.719999	0.092020
337.409999	0.095030
338.099999	0.098570
338.789999	0.102610
339.479999	0.107210
340.169999	0.112500
340.859999	0.118550
341.549999	0.125160
342.239999	0.131820
342.929999	0.137910
343.619999	0.143080
344.309999	0.147330
344.999999	0.150860
345.689999	0.153950
346.379999	0.156870
347.069999	0.159820
347.759999	0.162840
348.449999	0.165740
349.139999	0.168060
349.829999	0.169100
350.519999	0.168230
351.209999	0.164940
351.899999	0.159020
352.589999	0.150580
353.279999	0.139910
353.969999	0.127370
354.659999	0.113360
355.349999	0.098270
356.039999	0.082540
356.729999	0.066670
357.419999	0.050990
358.109999	0.035680
358.799999	0.020840
359.489999	0.006610
360.179999	-0.006850
360.869999	-0.019400
361.559999	-0.030920
362.249999	-0.041470
362.939999	-0.051300
363.629999	-0.060780
364.319999	-0.070290
365.009999	-0.080030
365.699999	-0.090000
366.389999	-0.100040
367.079999	-0.109820
367.769999	-0.118950
368.459999	-0.126970
369.149999	-0.133440
369.839999	-0.138060
370.529999	-0.140770
371.219999	-0.141730
371.909999	-0.141210
372.599999	-0.139450
373.289999	-0.136580
373.979999	-0.132660
374.669999	-0.127740
375.359999	-0.121880
376.049999	-0.115060
376.739999	-0.107240
377.429999	-0.098250
378.119999	-0.087930
378.809999	-0.076090
379.499999	-0.062640
380.189999	-0.047690
380.879999	-0.031450
381.569999	-0.014120
382.259999	0.003990
382.949999	0.022510
383.639999	0.041130
384.329999	0.059610
385.019999	0.077850
385.709999	0.095840
386.399999	0.113610
387.089999	0.131170
387.779999	0.148420
388.469999	0.165170
389.159999	0.181130
389.849999	0.195920
390.539999	0.209140
391.229999	0.220400
391.919999	0.229400
392.609999	0.236000
393.299999	0.240190
393.989999	0.242040
394.679999	0.241530
395.369999	0.238700
396.059999	0.233590
396.749999	0.226290
397.439999	0.216970
398.129999	0.205750
398.819999	0.192630
399.509999	0.177690
400.199999	0.161110
400.889999	0.143150
401.579999	0.124150
402.269999	0.104470
402.959999	0.084520
403.649999	0.064670
404.339999	0.045240
405.029999	0.026570
405.719999	0.009010
406.409999	-0.007080
407.099999	-0.021420
407.789999	-0.033830
408.479999	-0.044280
409.169999	-0.052850
409.859999	-0.059680
410.549999	-0.064990
411.239999	-0.069010
411.929999	-0.071990
412.619999	-0.074100
413.309999	-0.075440
413.999999	-0.075990
414.689999	-0.075670
415.379999	-0.074380
416.069999	-0.072000
416.759999	-0.068490
417.449999	-0.063900
418.139999	-0.058300
418.829999	-0.051940
419.519999	-0.045140
420.209999	-0.038290
420.899999	-0.031880
421.589999	-0.026440
422.279999	-0.022600
422.969999	-0.020920
423.659999	-0.021710
424.349999	-0.025080
425.039999	-0.030900
425.729999	-0.038830
426.419999	-0.048550
427.109999	-0.059790
427.799999	-0.072340
428.489999	-0.086090
429.179999	-0.101100
429.869999	-0.117580
430.559999	-0.135740
431.249999	-0.155650
431.939999	-0.177260
432.629999	-0.200310
433.319999	-0.224440
434.009999	-0.249090
434.699998	-0.273500
435.389998	-0.296760
436.079998	-0.317720
436.769998	-0.335220
437.459998	-0.348220
438.149998	-0.355950
438.839998	-0.357820
439.529998	-0.353470
440.219998	-0.342880
440.909998	-0.326320
441.599998	-0.304260
442.289998	-0.277290
442.979998	-0.246140
443.669998	-0.211700
444.359998	-0.175010
445.049998	-0.137160
445.739998	-0.099140
446.429998	-0.061840
447.119998	-0.026050
447.809998	0.007730
448.499998	0.039170
449.189998	0.068010
449.879998	0.094150
450.569998	0.117580
451.259998	0.138390
451.949998	0.156810
452.639998	0.173090
453.329998	0.187550
454.019998	0.200570
454.709998	0.212550
455.399998	0.223830
456.089998	0.234720
456.779998	0.245380
457.469998	0.255900
458.159998	0.266290
458.849998	0.276530
459.539998	0.286520
460.229998	0.296060
460.919998	0.304800
461.609998	0.312200
462.299998	0.317690
462.989998	0.320670
463.679998	0.320480
464.369998	0.316570
465.059998	0.308670
465.749998	0.296870
466.439998	0.281580
467.129998	0.263390
467.819998	0.242960
468.509998	0.220880
469.199998	0.197490
469.889998	0.172840
470.579998	0.146780
471.269998	0.119180
471.959998	0.090050
472.649998	0.059590
473.339998	0.028030
474.029998	-0.004300
474.719998	-0.037050
475.409998	-0.069690
476.099998	-0.101500
476.789998	-0.131670
477.479998	-0.159440
478.169998	-0.184260
478.859998	-0.205780
479.549998	-0.223790
480.239998	-0.238150
480.929998	-0.248810
481.619998	-0.255740
482.309998	-0.258940
482.999998	-0.258510
483.689998	-0.254640
484.379998	-0.247590
485.069998	-0.237740
485.759998	-0.225540
486.449998	-0.211550
487.139998	-0.196330
487.829998	-0.180380
488.519998	-0.164040
489.209998	-0.147460
489.899998	-0.130690
490.589998	-0.113670
491.279998	-0.096260
491.969998	-0.078320
492.659998	-0.059670
493.349998	-0.040170
494.039998	-0.019810
494.729998	0.001320
495.419998	0.023110
496.109998	0.045350
496.799998	0.067750
497.489998	0.089850
498.179998	0.111000
498.869998	0.130520
499.559998	0.147920
500.249998	0.162860
500.939998	0.175200
501.629998	0.184850
502.319998	0.191610
503.009998	0.195150
503.699998	0.195110
504.389998	0.191040
505.079998	0.182420
505.769998	0.168690
506.459998	0.149200
507.149998	0.123350
507.839998	0.090980
508.529998	0.052640
509.219998	0.009720
509.909998	-0.035690
510.599998	-0.081170
511.289998	-0.124410
511.979998	-0.163550
512.669998	-0.197310
513.359998	-0.225090
514.049998	-0.247060
514.739998	-0.263920
515.429998	-0.276590
516.119998	-0.285780
516.809998	-0.291860
517.499998	-0.294860
518.189998	-0.294530
518.879998	-0.290440
519.569998	-0.282100
520.259998	-0.269020
520.949998	-0.250910
521.639998	-0.227690
522.329998	-0.199640
523.019998	-0.167560
523.709998	-0.132930
524.399998	-0.097490
525.089998	-0.062930
525.779998	-0.030690
526.469998	-0.001890
527.159998	0.022710
527.849998	0.042680
528.539998	0.057750
529.229998	0.067910
529.919998	0.073480
530.609998	0.075040
531.299998	0.073130
531.989998	0.068320
532.679998	0.061260
533.369998	0.052690
534.059998	0.043440
534.749998	0.034130
535.439998	0.025280
536.129998	0.017340
536.819998	0.010750
537.509998	0.005980
538.199998	0.003310
538.889998	0.002790
539.579998	0.004260
540.269998	0.007480
540.959998	0.012320
541.649998	0.018690
542.339998	0.026580
543.029998	0.035990
543.719998	0.046950
544.409998	0.059420
545.099998	0.073250
545.789998	0.088210
546.479998	0.103900
547.169998	0.119840
547.859998	0.135350
548.549998	0.149580
549.239998	0.161600
549.929998	0.170580
550.619998	0.175950
551.309998	0.177460
551.999998	0.175170
552.689998	0.169400
553.379998	0.160640
554.069998	0.149600
554.759998	0.137090
555.449998	0.123820
556.139998	0.110360
556.829998	0.097080
557.519998	0.084380
558.209998	0.072550
558.899998	0.061780
559.589998	0.052250
560.279998	0.044020
560.969998	0.037070
561.659998	0.031310
562.349998	0.026550
563.039998	0.022550
563.729998	0.019140
564.419998	0.016130
565.109998	0.013340
565.799998	0.010640
566.489998	0.007910
567.179998	0.005090
567.869998	0.002190
568.559998	-0.000730
569.249998	-0.003690
569.939998	-0.006750
570.629998	-0.009940
571.319998	-0.013320
572.009998	-0.016940
572.699998	-0.020760
573.389998	-0.024650
574.079998	-0.028450
574.769998	-0.032000
575.459998	-0.035060
576.149998	-0.037350
576.839998	-0.038670
577.529998	-0.038900
578.219998	-0.038090
578.909998	-0.036400
579.599998	-0.034030
580.289998	-0.031180
580.979998	-0.028200
581.669998	-0.025330
582.359998	-0.022820
583.049998	-0.020950
583.739998	-0.020060
584.429998	-0.020420
585.119998	-0.022230
585.809998	-0.025550
586.499998	-0.030280
587.189998	-0.036140
587.879998	-0.042730
588.569998	-0.049570
589.259998	-0.056260
589.949998	-0.062520
590.639998	-0.068130
591.329998	-0.072980
592.019998	-0.077050
592.709998	-0.080510
593.399998	-0.083600
594.089998	-0.086640
594.779998	-0.089930
595.469998	-0.093700
596.159998	-0.098110
596.849998	-0.103240
597.539998	-0.109080
598.229998	-0.115530
598.919998	-0.122400
599.609998	-0.129610
600.299998	-0.137090
600.989998	-0.144750
601.679998	-0.152390
602.369998	-0.159650
603.059998	-0.166020
603.749998	-0.170930
604.439998	-0.173770
605.129998	-0.173880
605.819998	-0.170650
606.509998	-0.163570
607.199998	-0.152310
607.889998	-0.136760
608.579998	-0.117030
609.269998	-0.093450
609.959998	-0.066490
610.649998	-0.036700
611.339998	-0.004740
612.029998	0.028610
612.719998	0.062540
613.409998	0.096330
614.099998	0.129320
614.789998	0.160870
615.479998	0.190610
616.169998	0.218440
616.859998	0.244350
617.549998	0.268360
618.239998	0.290430
618.929998	0.310510
619.619998	0.328450
620.309998	0.344020
620.999998	0.356860
621.689998	0.366500
622.379998	0.372430
623.069998	0.374100
623.759998	0.371060
624.449998	0.363080
625.139998	0.350200
625.829998	0.332700
626.519998	0.311110
627.209998	0.286170
627.899998	0.258900
628.589998	0.230440
629.279998	0.201890
629.969998	0.174150
630.659998	0.147940
631.349998	0.123740
632.039998	0.101790
632.729998	0.082140
633.419998	0.064760
634.109998	0.049560
634.799998	0.036400
635.489998	0.025080
636.179998	0.015340
636.869998	0.006990
637.559998	-0.000120
638.249998	-0.006080
638.939998	-0.011030
639.629998	-0.015250
640.319998	-0.019050
641.009998	-0.022680
641.699998	-0.026330
642.389998	-0.030070
643.079998	-0.033910
643.769998	-0.037780
644.459998	-0.041620
645.149998	-0.045270
645.839998	-0.048630
646.529998	-0.051660
647.219998	-0.054390
647.909998	-0.056880
648.599998	-0.059140
649.289998	-0.061220
649.979998	-0.063190
650.669998	-0.065110
651.359998	-0.067100
652.049998	-0.069250
652.739998	-0.071650
653.429998	-0.074400
654.119998	-0.077480
654.809998	-0.080880
655.499998	-0.084590
656.189998	-0.088580
656.879998	-0.092900
657.569998	-0.097520
658.259998	-0.102390
658.949998	-0.107480
659.639998	-0.112770
660.329998	-0.118340
661.019998	-0.124300
661.709998	-0.130800
662.399998	-0.138050
663.089998	-0.146200
663.779998	-0.155330
664.469998	-0.165310
665.159998	-0.175820
665.849998	-0.186450
666.539998	-0.196750
667.229998	-0.206270
667.919998	-0.214630
668.609998	-0.221530
669.299998	-0.226730
669.989998	-0.230070
670.679998	-0.231490
671.369998	-0.231000
672.059998	-0.228710
672.749998	-0.224910
673.439998	-0.220100
674.129998	-0.214810
674.819998	-0.209510
675.509998	-0.204470
676.199998	-0.199750
676.889998	-0.195210
677.579998	-0.190500
678.269998	-0.185090
678.959998	-0.178370
679.649998	-0.169710
680.339998	-0.158670
681.029998	-0.144950
681.719998	-0.128350
682.409998	-0.108800
683.099998	-0.086420
683.789998	-0.061510
684.479998	-0.034550
685.169998	-0.006110
685.859998	0.023240
686.549998	0.053000
687.239998	0.082630
687.929998	0.111640
688.619998	0.139590
689.309998	0.166150
689.999998	0.191010
690.689998	0.213750
691.379998	0.233930
692.069998	0.251170
692.759998	0.265100
693.449998	0.275450
694.139998	0.282060
694.829998	0.284870
695.519998	0.283900
696.209998	0.279370
696.899998	0.271660
697.589998	0.261330
698.279998	0.248860
698.969998	0.234640
699.659998	0.219010
700.349998	0.202270
701.039998	0.184660
701.729998	0.166460
702.419998	0.147980
703.109998	0.129650
703.799998	0.111930
704.489998	0.095240
705.179998	0.079890
705.869998	0.066100
706.559998	0.054060
707.249998	0.043850
707.939998	0.035380
708.629998	0.028380
709.319998	0.022600
710.009998	0.017880
710.699998	0.014210
711.389998	0.011650
712.079998	0.010280
712.769998	0.010150
713.459998	0.011370
714.149998	0.014000
714.839998	0.018040
715.529998	0.023310
716.219998	0.029610
716.909998	0.036610
717.599998	0.044050
718.289998	0.051800
718.979998	0.059950
719.669998	0.068790
720.359998	0.078640
721.049998	0.089820
721.739998	0.102420
722.429998	0.116380
723.119998	0.131440
723.809997	0.147170
724.499997	0.163040
725.189997	0.178510
725.879997	0.193010
726.569997	0.206030
727.259997	0.217070
727.949997	0.225810
728.639997	0.232090
729.329997	0.235880
730.019997	0.237150
730.709997	0.235770
731.399997	0.231600
732.089997	0.224430
732.779997	0.213950
733.469997	0.199790
734.159997	0.181550
734.849997	0.158770
735.539997	0.131030
736.229997	0.097900
736.919997	0.059140
737.609997	0.014750
738.299997	-0.034980
738.989997	-0.089610
739.679997	-0.148360
740.369997	-0.210180
741.059997	-0.273630
741.749997	-0.336910
742.439997	-0.397920
743.129997	-0.454670
743.819997	-0.505470
744.509997	-0.549040
745.199997	-0.584400
745.889997	-0.610910
746.579997	-0.628330
747.269997	-0.636710
747.959997	-0.636280
748.649997	-0.627390
749.339997	-0.610540
750.029997	-0.586510
750.719997	-0.556310
751.409997	-0.521010
752.099997	-0.481530
752.789997	-0.438600
753.479997	-0.392810
754.169997	-0.344700
754.859997	-0.295040
755.549997	-0.244840
756.239997	-0.195200
756.929997	-0.147160
757.619997	-0.101570
758.309997	-0.059120
758.999997	-0.020150
759.689997	0.015260
760.379997	0.047230
761.069997	0.075950
761.759997	0.101500
762.449997	0.123720
763.139997	0.142380
763.829997	0.157470
764.519997	0.169400
765.209997	0.178770
765.899997	0.186210
766.589997	0.192240
767.279997	0.197330
767.969997	0.202080
768.659997	0.207200
769.349997	0.213300
770.039997	0.220710
770.729997	0.229390
771.419997	0.239120
772.109997	0.249640
772.799997	0.260660
773.489997	0.271820
774.179997	0.282590
774.869997	0.292380
775.559997	0.300530
776.249997	0.306410
776.939997	0.309340
777.629997	0.308590
778.319997	0.303330
779.009997	0.292650
779.699997	0.275690
780.389997	0.251960
781.079997	0.221400
781.769997	0.184380
782.459997	0.141620
783.149997	0.094130
783.839997	0.043150
784.529997	-0.009870
785.219997	-0.063650
785.909997	-0.117000
786.599997	-0.168930
787.289997	-0.218570
787.979997	-0.265180
788.669997	-0.307990
789.359997	-0.346150
790.049997	-0.378600
790.739997	-0.404050
791.429997	-0.421000
792.119997	-0.427990
792.809997	-0.423710
793.499997	-0.407060
794.189997	-0.377350
794.879997	-0.334540
795.569997	-0.279310
796.259997	-0.213330
796.949997	-0.139120
797.639997	-0.059940
798.329997	0.020270
799.019997	0.097610
799.709997	0.168930
800.399997	0.232070
801.089997	0.285730
801.779997	0.329180
802.469997	0.362090
803.159997	0.384460
803.849997	0.396680
804.539997	0.399490
805.229997	0.393840
805.919997	0.380860
806.609997	0.361680
807.299997	0.337410
807.989997	0.309100
808.679997	0.277730
809.369997	0.244200
810.059997	0.209320
810.749997	0.173870
811.439997	0.138600
812.129997	0.104250
812.819997	0.071370
813.509997	0.040430
814.199997	0.011790
814.889997	-0.014440
815.579997	-0.038270
816.269997	-0.059710
816.959997	-0.078740
817.649997	-0.095260
818.339997	-0.109090
819.029997	-0.119990
819.719997	-0.127820
820.409997	-0.132490
821.099997	-0.134120
821.789997	-0.133050
822.479997	-0.129810
823.169997	-0.124950
823.859997	-0.118960
824.549997	-0.112200
825.239997	-0.104880
825.929997	-0.097180
826.619997	-0.089200
827.309997	-0.081100
827.999997	-0.073060
828.689997	-0.065330
829.379997	-0.058160
830.069997	-0.051780
830.759997	-0.046480
831.449997	-0.042500
832.139997	-0.040030
832.829997	-0.039080
833.519997	-0.039520
834.209997	-0.041010
834.899997	-0.043130
835.589997	-0.045520
836.279997	-0.047930
836.969997	-0.050200
837.659997	-0.052110
838.349997	-0.053310
839.039997	-0.053330
839.729997	-0.051810
840.419997	-0.048570
841.109997	-0.043620
841.799997	-0.037100
842.489997	-0.029300
843.179997	-0.020590
843.869997	-0.011320
844.559997	-0.001860
845.249997	0.007430
845.939997	0.016350
846.629997	0.024750
847.319997	0.032560
848.009997	0.039760
848.699997	0.046240
849.389997	0.051850
850.079997	0.056400
850.769997	0.059760
851.459997	0.061950
852.149997	0.063140
852.839997	0.063580
853.529997	0.063560
854.219997	0.063330
854.909997	0.063050
855.599997	0.062900
856.289997	0.063020
856.979997	0.063450
857.669997	0.064050
858.359997	0.064600
859.049997	0.065120
859.739997	0.065800
860.429997	0.067050
861.119997	0.069240
861.809997	0.072510
862.499997	0.076890
863.189997	0.082470
863.879997	0.089420
864.569997	0.097810
865.259997	0.107610
865.949997	0.118650
866.639997	0.130570
867.329997	0.142900
868.019997	0.155140
868.709997	0.166840
869.399997	0.177620
870.089997	0.187120
870.779997	0.194930
871.469997	0.200710
872.159997	0.204150
872.849997	0.204990
873.539997	0.203060
874.229997	0.198400
874.919997	0.191370
875.609997	0.182480
876.299997	0.172240
876.989997	0.161040
877.679997	0.149210
878.369997	0.136970
879.059997	0.124540
879.749997	0.112160
880.439997	0.100010
881.129997	0.088140
881.819997	0.076520
882.509997	0.065170
883.199997	0.053990
883.889997	0.042930
884.579997	0.032010
885.269997	0.021260
885.959997	0.010620
886.649997	-0.000040
887.339997	-0.010750
888.029997	-0.021460
888.719997	-0.032030
889.409997	-0.042380
890.099997	-0.052390
890.789997	-0.062000
891.479997	-0.071290
892.169997	-0.080460
892.859997	-0.089790
893.549997	-0.099530
894.239997	-0.109960
894.929997	-0.121290
895.619997	-0.133530
896.309997	-0.146570
896.999997	-0.160300
897.689997	-0.174560
898.379997	-0.189130
899.069997	-0.203710
899.759997	-0.217980
900.449997	-0.231690
901.139997	-0.244650
901.829997	-0.256670
902.519997	-0.267550
903.209997	-0.277050
903.899997	-0.284910
904.589997	-0.290880
905.279997	-0.294820
905.969997	-0.296630
906.659997	-0.296210
907.349997	-0.293250
908.039997	-0.287480
908.729997	-0.278850
909.419997	-0.267620
910.109997	-0.254220
910.799997	-0.239200
911.489997	-0.223110
912.179997	-0.206440
912.869997	-0.189660
913.559997	-0.173200
914.249997	-0.157300
914.939997	-0.142120
915.629997	-0.127840
916.319997	-0.114560
917.009997	-0.102310
917.699997	-0.091040
918.389997	-0.080680
919.079997	-0.071230
919.769997	-0.062730
920.459997	-0.055240
921.149997	-0.048740
921.839997	-0.043090
922.529997	-0.038160
923.219997	-0.033910
923.909997	-0.030230
924.599997	-0.027050
925.289997	-0.024310
925.979997	-0.022080
926.669997	-0.020360
927.359997	-0.019050
928.049997	-0.018000
928.739997	-0.017030
929.429997	-0.015880
930.119997	-0.014240
930.809997	-0.011750
931.499997	-0.008120
932.189997	-0.003120
932.879997	0.003330
933.569997	0.011260
934.259997	0.020570
934.949997	0.031000
935.639997	0.042220
936.329997	0.053840
937.019997	0.065460
937.709997	0.076640
938.399997	0.086860
939.089997	0.095480
939.779997	0.101930
940.469997	0.105810
941.159997	0.107010
941.849997	0.105710
942.539997	0.102260
943.229997	0.097000
943.919997	0.090210
944.609997	0.082170
945.299997	0.073190
945.989997	0.063560
946.679997	0.053490
947.369997	0.043120
948.059997	0.032520
948.749997	0.021630
949.439997	0.010270
950.129997	-0.001610
950.819997	-0.013890
951.509997	-0.026070
952.199997	-0.037290
952.889997	-0.046550
953.579997	-0.052820
954.269997	-0.055260
954.959997	-0.053210
955.649997	-0.046170
956.339997	-0.033630
957.029997	-0.015330
957.719997	0.008710
958.409997	0.038090
959.099997	0.072000
959.789997	0.109190
960.479997	0.148260
961.169997	0.187800
961.859997	0.226480
962.549997	0.263000
963.239997	0.296290
963.929997	0.325600
964.619997	0.350400
965.309997	0.370470
965.999997	0.385720
966.689997	0.396270
967.379997	0.402330
968.069997	0.404180
968.759997	0.402110
969.449997	0.396470
970.139997	0.387740
970.829997	0.376380
971.519997	0.362810
972.209997	0.347270
972.899997	0.329880
973.589997	0.310720
974.279997	0.289820
974.969997	0.267180
975.659997	0.242740
976.349997	0.216420
977.039997	0.188280
977.729997	0.158490
978.419997	0.127490
979.109997	0.095850
979.799997	0.064030
980.489997	0.032370
981.179997	0.001100
981.869997	-0.029770
982.559997	-0.060320
983.249997	-0.090530
983.939997	-0.120230
984.629997	-0.149060
985.319997	-0.176590
986.009997	-0.202310
986.699997	-0.225530
987.389997	-0.245470
988.079997	-0.261610
988.769997	-0.273730
989.459997	-0.281880
990.149997	-0.286260
990.839997	-0.287280
991.529997	-0.285330
992.219997	-0.280870
992.909997	-0.274450
993.599997	-0.266800
994.289997	-0.258910
994.979997	-0.251900
995.669997	-0.246630
996.359997	-0.243620
997.049997	-0.243070
997.739997	-0.244930
998.429997	-0.248870
999.119997	-0.254390
999.809997	-0.260810
1000.499997	-0.267450
1001.189997	-0.273630
1001.879997	-0.278790
1002.569997	-0.282480
1003.259997	-0.284300
1003.949997	-0.283980
1004.639997	-0.281450
1005.329997	-0.276780
1006.019997	-0.270060
1006.709997	-0.261410
1007.399997	-0.251090
1008.089997	-0.239360
1008.779997	-0.226540
1009.469997	-0.212980
1010.159997	-0.198990
1010.849997	-0.184670
1011.539997	-0.169970
1012.229997	-0.154720
1012.919997	-0.138570
1013.609996	-0.121020
1014.299996	-0.101690
1014.989996	-0.080590
1015.679996	-0.058250
1016.369996	-0.035580
1017.059996	-0.013490
1017.749996	0.007340
1018.439996	0.026560
1019.129996	0.044050
1019.819996	0.059960
1020.509996	0.074460
1021.199996	0.087680
1021.889996	0.099580
1022.579996	0.109790
1023.269996	0.117680
1023.959996	0.122570
1024.649996	0.124060
1025.339996	0.122210
1026.029996	0.117560
1026.719996	0.111070
1027.409996	0.103780
1028.099996	0.096610
1028.789996	0.090270
1029.479996	0.085280
1030.169996	0.081960
1030.859996	0.080380
1031.549996	0.080490
1032.239996	0.082160
1032.929996	0.085100
1033.619996	0.088840
1034.309996	0.092900
1034.999996	0.096960
1035.689996	0.100830
1036.379996	0.104350
1037.069996	0.107450
1037.759996	0.110120
1038.449996	0.112380
1039.139996	0.114370
1039.829996	0.116300
1040.519996	0.118310
1041.209996	0.120420
1041.899996	0.122660
1042.589996	0.125060
1043.279996	0.127580
1043.969996	0.130100
1044.659996	0.132400
1045.349996	0.134080
1046.039996	0.134660
1046.729996	0.133880
1047.419996	0.131670
1048.109996	0.128100
1048.799996	0.123280
1049.489996	0.117380
1050.179996	0.110740
1050.869996	0.103720
1051.559996	0.096640
1052.249996	0.089760
1052.939996	0.083360
1053.629996	0.077750
1054.319996	0.073220
1055.009996	0.069960
1055.699996	0.068080
1056.389996	0.067670
1057.079996	0.068850
1057.769996	0.071640
1058.459996	0.075910
1059.149996	0.081370
1059.839996	0.087590
1060.529996	0.094060
1061.219996	0.100080
1061.909996	0.104900
1062.599996	0.107740
1063.289996	0.107920
1063.979996	0.104800
1064.669996	0.097810
1065.359996	0.086660
1066.049996	0.071200
1066.739996	0.051450
1067.429996	0.027650
1068.119996	0.000250
1068.809996	-0.029950
1069.499996	-0.061920
1070.189996	-0.094440
1070.879996	-0.126450
1071.569996	-0.156910
1072.259996	-0.184650
1072.949996	-0.208640
1073.639996	-0.227980
1074.329996	-0.241810
1075.019996	-0.249470
1075.709996	-0.250670
1076.399996	-0.245530
1077.089996	-0.234570
1077.779996	-0.218510
1078.469996	-0.198150
1079.159996	-0.174250
1079.849996	-0.147660
1080.539996	-0.119280
1081.229996	-0.090280
1081.919996	-0.061950
1082.609996	-0.035560
1083.299996	-0.012070
1083.989996	0.007850
1084.679996	0.024030
1085.369996	0.036530
1086.059996	0.045560
1086.749996	0.051360
1087.439996	0.054140
1088.129996	0.054190
1088.819996	0.051930
1089.509996	0.047820
1090.199996	0.042320
1090.889996	0.035930
1091.579996	0.029320
1092.269996	0.023230
1092.959996	0.018150
1093.649996	0.014420
1094.339996	0.012290
1095.029996	0.011880
1095.719996	0.013100
1096.409996	0.015980
1097.099996	0.020620
1097.789996	0.027140
1098.479996	0.035280
1099.169996	0.044570
1099.859996	0.054590
1100.549996	0.065190
1101.239996	0.076520
1101.929996	0.088950
1102.619996	0.102930
1103.309996	0.118860
1103.999996	0.136750
1104.689996	0.156200
1105.379996	0.176480
1106.069996	0.196390
1106.759996	0.214390
1107.449996	0.228970
1108.139996	0.238960
1108.829996	0.243710
1109.519996	0.243270
1110.209996	0.238310
1110.899996	0.229870
1111.589996	0.219360
1112.279996	0.208340
1112.969996	0.198230
1113.659996	0.190140
1114.349996	0.184580
1115.039996	0.181490
1115.729996	0.180300
1116.419996	0.180180
1117.109996	0.180230
1117.799996	0.179550
1118.489996	0.177390
1119.179996	0.173200
1119.869996	0.166760
1120.559996	0.158100
1121.249996	0.147220
1121.939996	0.133980
1122.629996	0.118250
1123.319996	0.099900
1124.009996	0.078960
1124.699996	0.055550
1125.389996	0.030070
1126.079996	0.003070
1126.769996	-0.024920
1127.459996	-0.053670
1128.149996	-0.083260
1128.839996	-0.114000
1129.529996	-0.146120
1130.219996	-0.179470
1130.909996	-0.213420
1131.599996	-0.246940
1132.289996	-0.278670
1132.979996	-0.307330
1133.669996	-0.331830
1134.359996	-0.351190
1135.049996	-0.364680
1135.739996	-0.371880
1136.429996	-0.372680
1137.119996	-0.367140
1137.809996	-0.355580
1138.499996	-0.338630
1139.189996	-0.317290
1139.879996	-0.292740
1140.569996	-0.266230
1141.259996	-0.238940
1141.949996	-0.211850
1142.639996	-0.185550
1143.329996	-0.160300
1144.019996	-0.136170
1144.709996	-0.113080
1145.399996	-0.091020
1146.089996	-0.070170
1146.779996	-0.050820
1147.469996	-0.033290
1148.159996	-0.017840
1148.849996	-0.004690
1149.539996	0.005970
1150.229996	0.014110
1150.919996	0.019950
1151.609996	0.023890
1152.299996	0.026420
1152.989996	0.027900
1153.679996	0.028440
1154.369996	0.027970
1155.059996	0.026330
1155.749996	0.023310
1156.439996	0.018730
1157.129996	0.012580
1157.819996	0.005140
1158.509996	-0.003130
1159.199996	-0.011840
1159.889996	-0.020510
1160.579996	-0.028680
1161.269996	-0.035990
1161.959996	-0.042160
1162.649996	-0.047080
1163.339996	-0.050800
1164.029996	-0.053410
1164.719996	-0.054980
1165.409996	-0.055520
1166.099996	-0.054980
1166.789996	-0.053420
1167.479996	-0.050970
1168.169996	-0.047690
1168.859996	-0.043570
1169.549996	-0.038660
1170.239996	-0.033190
1170.929996	-0.027560
1171.619996	-0.022210
1172.309996	-0.017520
1172.999996	-0.013950
1173.689996	-0.011950
1174.379996	-0.011740
1175.069996	-0.013350
1175.759996	-0.016650
1176.449996	-0.021490
1177.139996	-0.027760
1177.829996	-0.035370
1178.519996	-0.044230
1179.209996	-0.054210
1179.899996	-0.065050
1180.589996	-0.076310
1181.279996	-0.087380
1181.969996	-0.097580
1182.659996	-0.106220
1183.349996	-0.112830
1184.039996	-0.117090
1184.729996	-0.118850
1185.419996	-0.118120
1186.109996	-0.115020
1186.799996	-0.109810
1187.489996	-0.102680
1188.179996	-0.093770
1188.869996	-0.083100
1189.559996	-0.070750
1190.249996	-0.056680
1190.939996	-0.040920
1191.629996	-0.023520
1192.319996	-0.004740
1193.009996	0.014900
1193.699996	0.034780
1194.389996	0.054300
1195.079996	0.072960
1195.769996	0.090460
1196.459996	0.106780
1197.149996	0.121990
1197.839996	0.136030
1198.529996	0.148740
1199.219996	0.160020
1199.909996	0.169880
1200.599996	0.178400
1201.289996	0.185790
1201.979996	0.192300
1202.669996	0.198270
1203.359996	0.204000
1204.049996	0.209910
1204.739996	0.216500
1205.429996	0.224250
1206.119996	0.233460
1206.809996	0.244060
1207.499996	0.255550
1208.189996	0.267100
1208.879996	0.277750
1209.569996	0.286430
1210.259996	0.292160
1210.949996	0.294090
1211.639996	0.291680
1212.329996	0.284830
1213.019996	0.274000
1213.709996	0.260020
1214.399996	0.243840
1215.089996	0.226270
1215.779996	0.208180
1216.469996	0.190460
1217.159996	0.174040
1217.849996	0.159740
1218.539996	0.148290
1219.229996	0.140280
1219.919996	0.136160
1220.609996	0.136150
1221.299996	0.140210
1221.989996	0.147880
1222.679996	0.158270
1223.369996	0.170230
1224.059996	0.182520
1224.749996	0.193950
1225.439996	0.203510
1226.129996	0.210420
1226.819996	0.213990
1227.509996	0.213790
1228.199996	0.209500
1228.889996	0.200880
1229.579996	0.187460
1230.269996	0.168410
1230.959996	0.142670
1231.649996	0.109100
1232.339996	0.066640
1233.029996	0.014480
1233.719996	-0.047410
1234.409996	-0.118260
1235.099996	-0.196410
1235.789996	-0.279420
1236.479996	-0.363930
1237.169996	-0.445910
1237.859996	-0.521730
1238.549996	-0.588940
1239.239996	-0.646220
1239.929996	-0.692970
1240.619996	-0.729090
1241.309996	-0.754770
1241.999996	-0.770420
1242.689996	-0.776580
1243.379996	-0.773840
1244.069996	-0.762750
1244.759996	-0.743840
1245.449996	-0.717700
1246.139996	-0.684770
1246.829996	-0.645380
1247.519996	-0.599760
1248.209996	-0.548230
1248.899996	-0.491210
1249.589996	-0.429430
1250.279996	-0.363940
1250.969996	-0.296220
1251.659996	-0.227970
1252.349996	-0.160760
1253.039996	-0.095950
1253.729996	-0.034850
1254.419996	0.021380
1255.109996	0.071990
1255.799996	0.116740
1256.489996	0.155740
1257.179996	0.189190
1257.869996	0.217240
1258.559996	0.240020
1259.249996	0.257570
1259.939996	0.269880
1260.629996	0.277010
1261.319996	0.279250
1262.009996	0.277040
1262.699996	0.270900
1263.389996	0.261410
1264.079996	0.249130
1264.769996	0.234490
1265.459996	0.217770
1266.149996	0.199300
1266.839996	0.179370
1267.529996	0.158400
1268.219996	0.136950
1268.909996	0.115640
1269.599996	0.095100
1270.289996	0.075850
1270.979996	0.058180
1271.669996	0.042150
1272.359996	0.027670
1273.049996	0.014690
1273.739996	0.003190
1274.429996	-0.006950
1275.119996	-0.016110
1275.809996	-0.024790
1276.499996	-0.033390
1277.189996	-0.042000
1277.879996	-0.050360
1278.569996	-0.058010
1279.259996	-0.064530
1279.949996	-0.069480
1280.639996	-0.072490
1281.329996	-0.073220
1282.019996	-0.071370
1282.709996	-0.066710
1283.399996	-0.059210
1284.089996	-0.048970
1284.779996	-0.036160
1285.469996	-0.020980
1286.159996	-0.003600
1286.849996	0.015720
1287.539996	0.036670
1288.229996	0.058720
1288.919996	0.081250
1289.609996	0.103640
1290.299996	0.125430
1290.989996	0.146180
1291.679996	0.165270
1292.369996	0.181930
1293.059996	0.195320
1293.749996	0.204620
1294.439996	0.209150
1295.129996	0.208530
1295.819996	0.202670
1296.509996	0.191820
1297.199996	0.176520
1297.889996	0.157430
1298.579996	0.135200
1299.269996	0.110570
1299.959996	0.084510
1300.649996	0.058280
1301.339996	0.033310
1302.029996	0.010930
1302.719995	-0.007860
1303.409995	-0.022550
1304.099995	-0.032950
1304.789995	-0.039160
1305.479995	-0.041510
1306.169995	-0.040520
1306.859995	-0.036870
1307.549995	-0.031330
1308.239995	-0.024700
1308.929995	-0.017760
1309.619995	-0.011130
1310.309995	-0.005140
1310.999995	-0.000010
1311.689995	0.004200
1312.379995	0.007600
1313.069995	0.010430
1313.759995	0.013090
1314.449995	0.015840
1315.139995	0.018730
1315.829995	0.021600
1316.519995	0.024130
1317.209995	0.025980
1317.899995	0.026990
1318.589995	0.027130
1319.279995	0.026390
1319.969995	0.024660
1320.659995	0.021720
1321.349995	0.017330
1322.039995	0.011310
1322.729995	0.003560
1323.419995	-0.005800
1324.109995	-0.016450
1324.799995	-0.027840
1325.489995	-0.039270
1326.179995	-0.049940
1326.869995	-0.059180
1327.559995	-0.066550
1328.249995	-0.071760
1328.939995	-0.074680
1329.629995	-0.075270
1330.319995	-0.073700
1331.009995	-0.070320
1331.699995	-0.065610
1332.389995	-0.060000
1333.079995	-0.053920
1333.769995	-0.047790
1334.459995	-0.042010
1335.149995	-0.036890
1335.839995	-0.032520
1336.529995	-0.028950
1337.219995	-0.026160
1337.909995	-0.024170
1338.599995	-0.023010
1339.289995	-0.022760
1339.979995	-0.023390
1340.669995	-0.024760
1341.359995	-0.026560
1342.049995	-0.028370
1342.739995	-0.029730
1343.429995	-0.030260
1344.119995	-0.029920
1344.809995	-0.028920
1345.499995	-0.027610
1346.189995	-0.026290
1346.879995	-0.025190
1347.569995	-0.024550
1348.259995	-0.024690
1348.949995	-0.026010
1349.639995	-0.028710
1350.329995	-0.032790
1351.019995	-0.037890
1351.709995	-0.043440
1352.399995	-0.048860
1353.089995	-0.053580
1353.779995	-0.057000
1354.469995	-0.058470
1355.159995	-0.057250
1355.849995	-0.052580
1356.539995	-0.043850
1357.229995	-0.030790
1357.919995	-0.013530
1358.609995	0.007450
1359.299995	0.031560
1359.989995	0.058180
1360.679995	0.086750
1361.369995	0.116740
1362.059995	0.147650
1362.749995	0.178930
1363.439995	0.210050
1364.129995	0.240300
1364.819995	0.268910
1365.509995	0.295010
1366.199995	0.317710
1366.889995	0.336350
1367.579995	0.350550
1368.269995	0.360300
1368.959995	0.366020
1369.649995	0.368290
1370.339995	0.367820
1371.029995	0.365210
1371.719995	0.360770
1372.409995	0.354440
1373.099995	0.345870
1373.789995	0.334550
1374.479995	0.319910
1375.169995	0.301370
1375.859995	0.278430
1376.549995	0.250770
1377.239995	0.218450
1377.929995	0.181870
1378.619995	0.141640
1379.309995	0.098280
1379.999995	0.052360
1380.689995	0.004660
1381.379995	-0.043920
1382.069995	-0.092560
1382.759995	-0.140600
1383.449995	-0.187700
1384.139995	-0.233730
1384.829995	-0.278580
1385.519995	-0.322110
1386.209995	-0.364130
1386.899995	-0.404240
1387.589995	-0.441800
1388.279995	-0.475910
1388.969995	-0.505530
1389.659995	-0.529640
1390.349995	-0.547290
1391.039995	-0.557690
1391.729995	-0.560330
1392.419995	-0.555130
1393.109995	-0.542500
1393.799995	-0.523260
1394.489995	-0.498680
1395.179995	-0.470440
1395.869995	-0.440240
1396.559995	-0.409710
1397.249995	-0.380330
1397.939995	-0.353420
1398.629995	-0.329990
1399.319995	-0.310580
1400.009995	-0.295070
1400.699995	-0.282840
1401.389995	-0.272710
1402.079995	-0.263000
1402.769995	-0.251620
1403.459995	-0.236450
1404.149995	-0.215630
1404.839995	-0.187990
1405.529995	-0.152940
1406.219995	-0.110580
1406.909995	-0.061730
1407.599995	-0.007970
1408.289995	0.048500
1408.979995	0.105090
1409.669995	0.159180
1410.359995	0.208580
1411.049995	0.251780
1411.739995	0.287930
1412.429995	0.316660
1413.119995	0.338070
1413.809995	0.352630
1414.499995	0.361010
1415.189995	0.364110
1415.879995	0.363010
1416.569995	0.358820
1417.259995	0.352420
1417.949995	0.344310
1418.639995	0.334710
1419.329995	0.323700
1420.019995	0.311340
1420.709995	0.297670
1421.399995	0.282690
1422.089995	0.266360
1422.779995	0.248610
1423.469995	0.229410
1424.159995	0.208920
1424.849995	0.187590
1425.539995	0.166070
1426.229995	0.145050
1426.919995	0.125150
1427.609995	0.106820
1428.299995	0.090470
1428.989995	0.076460
1429.679995	0.065060
1430.369995	0.056490
1431.059995	0.050760
1431.749995	0.047690
1432.439995	0.047020
1433.129995	0.048420
1433.819995	0.051440
1434.509995	0.055490
1435.199995	0.059770
1435.889995	0.063480
1436.579995	0.065840
1437.269995	0.066150
1437.959995	0.063750
1438.649995	0.058100
1439.339995	0.048910
1440.029995	0.036170
1440.719995	0.020020
1441.409995	0.000810
1442.099995	-0.021090
1442.789995	-0.045260
1443.479995	-0.071040
1444.169995	-0.097670
1444.859995	-0.124310
1445.549995	-0.150220
1446.239995	-0.174790
1446.929995	-0.197540
1447.619995	-0.218080
1448.309995	-0.236010
1448.999995	-0.250950
1449.689995	-0.262700
1450.379995	-0.271130
1451.069995	-0.276090
1451.759995	-0.277420
1452.449995	-0.274830
1453.139995	-0.268040
1453.829995	-0.256890
1454.519995	-0.241330
1455.209995	-0.221530
1455.899995	-0.197890
1456.589995	-0.171120
1457.279995	-0.142150
1457.969995	-0.111980
1458.659995	-0.081650
1459.349995	-0.052300
1460.039995	-0.025080
1460.729995	-0.001080
1461.419995	0.018830
1462.109995	0.034170
1462.799995	0.044730
1463.489995	0.050480
1464.179995	0.051520
1464.869995	0.047990
1465.559995	0.040420
1466.249995	0.029720
1466.939995	0.017130
1467.629995	0.004020
1468.319995	-0.008390
1469.009995	-0.019280
1469.699995	-0.028020
1470.389995	-0.034130
1471.079995	-0.037340
1471.769995	-0.037650
1472.459995	-0.035340
1473.149995	-0.030970
1473.839995	-0.025380
1474.529995	-0.019570
1475.219995	-0.014540
1475.909995	-0.010970
1476.599995	-0.009130
1477.289995	-0.008950
1477.979995	-0.010040
1478.669995	-0.011740
1479.359995	-0.013200
1480.049995	-0.013570
1480.739995	-0.012150
1481.429995	-0.008590
1482.119995	-0.002800
1482.809995	0.005090
1483.499995	0.014920
1484.189995	0.026300
1484.879995	0.038640
1485.569995	0.051110
1486.259995	0.062730
1486.949995	0.072670
1487.639995	0.080370
1488.329995	0.085510
1489.019995	0.088020
1489.709995	0.088100
1490.399995	0.086030
1491.089995	0.082020
1491.779995	0.076260
1492.469995	0.068910
1493.159995	0.060220
1493.849995	0.050500
1494.539995	0.040100
1495.229995	0.029390
1495.919995	0.018640
1496.609995	0.008060
1497.299995	-0.002170
1497.989995	-0.011810
1498.679995	-0.020550
1499.369995	-0.028120
1500.059995	-0.034300
1500.749995	-0.039130
1501.439995	-0.042820
1502.129995	-0.045540
1502.819995	-0.047430
1503.509995	-0.048440
1504.199995	-0.048460
1504.889995	-0.047260
1505.579995	-0.044760
1506.269995	-0.041120
1506.959995	-0.036630
1507.649995	-0.031710
1508.339995	-0.026760
1509.029995	-0.022070
1509.719995	-0.017700
1510.409995	-0.013660
1511.099995	-0.009940
1511.789995	-0.006500
1512.479995	-0.003370
1513.169995	-0.000550
1513.859995	0.002070
1514.549995	0.004590
1515.239995	0.007100
1515.929995	0.009790
1516.619995	0.012880
1517.309995	0.016570
1517.999995	0.020920
1518.689995	0.025810
1519.379995	0.031030
1520.069995	0.036320
1520.759995	0.041420
1521.449995	0.046140
1522.139995	0.050380
1522.829995	0.054080
1523.519995	0.057180
1524.209995	0.059570
1524.899995	0.060970
1525.589995	0.061020
1526.279995	0.059440
1526.969995	0.056190
1527.659995	0.051460
1528.349995	0.045540
1529.039995	0.038690
1529.729995	0.031070
1530.419995	0.022910
1531.109995	0.014540
1531.799995	0.006370
1532.489995	-0.001240
1533.179995	-0.008020
1533.869995	-0.013830
1534.559995	-0.018640
1535.249995	-0.022450
1535.939995	-0.025260
1536.629995	-0.026990
1537.319995	-0.027640
1538.009995	-0.027320
1538.699995	-0.026220
1539.389995	-0.024540
1540.079995	-0.022570
1540.769995	-0.020590
1541.459995	-0.018770
1542.149995	-0.017110
1542.839995	-0.015520
1543.529995	-0.014030
1544.219995	-0.012890
1544.909995	-0.012410
1545.599995	-0.012800
1546.289995	-0.014080
1546.979995	-0.016090
1547.669995	-0.018570
1548.359995	-0.021200
1549.049995	-0.023580
1549.739995	-0.025210
1550.429995	-0.025700
1551.119995	-0.024800
1551.809995	-0.022570
1552.499995	-0.019290
1553.189995	-0.015360
1553.879995	-0.011160
1554.569995	-0.007000
1555.259995	-0.003080
1555.949995	0.000500
1556.639995	0.003760
1557.329995	0.006700
1558.019995	0.009300
1558.709995	0.011600
1559.399995	0.013630
1560.089995	0.015560
