0.000000	-0.034380
0.690000	-0.032520
1.380000	-0.035850
2.070000	-0.043370
2.760000	-0.053820
3.450000	-0.065820
4.140000	-0.077960
4.830000	-0.088820
5.520000	-0.097030
6.210000	-0.101420
6.900000	-0.100960
7.590000	-0.094980
8.280000	-0.083330
8.970000	-0.066470
9.660000	-0.045590
10.350000	-0.022320
11.040000	0.001590
11.730000	0.024640
12.420000	0.045810
13.110000	0.064630
13.800000	0.081110
14.490000	0.095490
15.180000	0.108080
15.870000	0.119120
16.560000	0.128610
17.250000	0.136390
17.940000	0.142250
18.630000	0.145950
19.320000	0.147420
20.010000	0.147010
20.700000	0.145490
21.390000	0.143870
22.080000	0.143030
22.770000	0.143540
23.460000	0.145540
24.150000	0.148910
24.840000	0.153110
25.530000	0.157360
26.220000	0.160620
26.910000	0.161740
27.600000	0.159530
28.290000	0.152930
28.980000	0.141110
29.670000	0.123640
30.360000	0.100560
31.050000	0.072450
31.740000	0.040360
32.430000	0.005830
33.120000	-0.029310
33.810000	-0.063090
34.500000	-0.093480
35.190000	-0.118850
35.880000	-0.138180
36.570000	-0.151150
37.260000	-0.157780
37.950000	-0.158150
38.640000	-0.152090
39.330000	-0.139340
40.020000	-0.119840
40.710000	-0.094090
41.400000	-0.063210
42.090000	-0.028830
42.780000	0.007140
43.470000	0.042680
44.160000	0.075830
44.850000	0.105180
45.540000	0.130170
46.230000	0.150910
46.920000	0.167920
47.610000	0.181860
48.300000	0.193390
48.990000	0.202990
49.680000	0.210950
50.370000	0.217270
51.060000	0.221750
51.750000	0.224130
52.440000	0.224200
53.130000	0.221760
53.820000	0.216550
54.510000	0.208270
55.200000	0.196840
55.890000	0.182610
56.580000	0.166380
57.270000	0.149020
57.960000	0.131140
58.650000	0.113140
59.340000	0.095330
60.030000	0.078040
60.720000	0.061660
61.410000	0.046540
62.100000	0.032840
62.790000	0.020390
63.480000	0.008840
64.170000	-0.001970
64.860000	-0.011910
65.550000	-0.020550
66.240000	-0.027170
66.930000	-0.030840
67.620000	-0.030670
68.310000	-0.026120
69.000000	-0.017330
69.690000	-0.005330
70.380000	0.008110
71.070000	0.021060
71.760000	0.031760
72.450000	0.038980
73.140000	0.042110
73.830000	0.041180
74.520000	0.036650
75.210000	0.029330
75.900000	0.020290
76.590000	0.010620
77.280000	0.001210
77.970000	-0.007270
78.660000	-0.014420
79.350000	-0.020140
80.040000	-0.024580
80.730000	-0.028040
81.420000	-0.030890
82.110000	-0.033370
82.800000	-0.035470
83.490000	-0.036960
84.180000	-0.037550
84.870000	-0.036820
85.560000	-0.034410
86.250000	-0.030080
86.940000	-0.023720
87.630000	-0.015290
88.320000	-0.004850
89.010000	0.007400
89.700000	0.021190
90.390000	0.036140
91.080000	0.051780
91.770000	0.067480
92.460000	0.082460
93.150000	0.095860
93.840000	0.106820
94.530000	0.114610
95.220000	0.118760
95.910000	0.119030
96.600000	0.115400
97.290000	0.108080
97.980000	0.097450
98.670000	0.084020
99.360000	0.068450
100.050000	0.051510
100.740000	0.034040
101.430000	0.016770
102.120000	0.000230
102.810000	-0.015300
103.500000	-0.029720
104.190000	-0.043040
104.880000	-0.055460
105.570000	-0.067210
106.260000	-0.078510
106.950000	-0.089480
107.640000	-0.100110
108.330000	-0.110310
109.020000	-0.119870
109.710000	-0.128450
110.400000	-0.135690
111.090000	-0.141110
111.780000	-0.144230
112.470000	-0.144740
113.160000	-0.142530
113.850000	-0.137650
114.540000	-0.130350
115.230000	-0.120990
115.920000	-0.110100
116.610000	-0.098360
117.300000	-0.086400
117.990000	-0.074770
118.680000	-0.063790
119.370000	-0.053650
120.060000	-0.044360
120.750000	-0.035820
121.440000	-0.027980
122.130000	-0.020750
122.820000	-0.014080
123.510000	-0.007870
124.200000	-0.001960
124.890000	0.003790
125.580000	0.009460
126.270000	0.014980
126.960000	0.020260
127.650000	0.025260
128.340000	0.029980
129.030000	0.034370
129.720000	0.038530
130.410000	0.042590
131.100000	0.046670
131.790000	0.050750
132.480000	0.054630
133.170000	0.058070
133.860000	0.060800
134.550000	0.062610
135.240000	0.063310
135.930000	0.062660
136.620000	0.060590
137.310000	0.057230
138.000000	0.052830
138.690000	0.047570
139.380000	0.041560
140.070000	0.034880
140.760000	0.027550
141.450000	0.019610
142.140000	0.011120
142.830000	0.002130
143.520000	-0.007260
144.210000	-0.016820
144.899999	-0.026220
145.589999	-0.035010
146.279999	-0.042640
146.969999	-0.048480
147.659999	-0.052000
148.349999	-0.052800
149.039999	-0.050730
149.729999	-0.045790
150.419999	-0.038140
151.109999	-0.028070
151.799999	-0.016040
152.489999	-0.002600
153.179999	0.011620
153.869999	0.025970
154.559999	0.039690
155.249999	0.052020
155.939999	0.062340
156.629999	0.070310
157.319999	0.075820
158.009999	0.078890
158.699999	0.079650
159.389999	0.078220
160.079999	0.074910
160.769999	0.070230
161.459999	0.064730
162.149999	0.058890
162.839999	0.052970
163.529999	0.047180
164.219999	0.041610
164.909999	0.036240
165.599999	0.030850
166.289999	0.025130
166.979999	0.018730
167.669999	0.011400
168.359999	0.003040
169.049999	-0.006350
169.739999	-0.016680
170.429999	-0.027750
171.119999	-0.039210
171.809999	-0.050480
172.499999	-0.060960
173.189999	-0.070010
173.879999	-0.077000
174.569999	-0.081380
175.259999	-0.082900
175.949999	-0.081540
176.639999	-0.077580
177.329999	-0.071480
178.019999	-0.063750
178.709999	-0.054840
179.399999	-0.045070
180.089999	-0.034700
180.779999	-0.023880
181.469999	-0.012640
182.159999	-0.000860
182.849999	0.011740
183.539999	0.025420
184.229999	0.040380
184.919999	0.056800
185.609999	0.074810
186.299999	0.094400
186.989999	0.115360
187.679999	0.137360
188.369999	0.160070
189.059999	0.183180
189.749999	0.206390
190.439999	0.229420
191.129999	0.251960
191.819999	0.273660
192.509999	0.294070
193.199999	0.312740
193.889999	0.329200
194.579999	0.342910
195.269999	0.353260
195.959999	0.359750
196.649999	0.362190
197.339999	0.360570
198.029999	0.355110
198.719999	0.346160
199.409999	0.334180
200.099999	0.319590
200.789999	0.302910
201.479999	0.284860
202.169999	0.266210
202.859999	0.247440
203.549999	0.228550
204.239999	0.209180
204.929999	0.188940
205.619999	0.167900
206.309999	0.146890
206.999999	0.127330
207.689999	0.110550
208.379999	0.097360
209.069999	0.087960
209.759999	0.081960
210.449999	0.078500
211.139999	0.076540
211.829999	0.074980
212.519999	0.072810
213.209999	0.069230
213.899999	0.063600
214.589999	0.055470
215.279999	0.044500
215.969999	0.030470
216.659999	0.013450
217.349999	-0.006130
218.039999	-0.027760
218.729999	-0.050990
219.419999	-0.075730
220.109999	-0.102180
220.799999	-0.130730
221.489999	-0.161810
222.179999	-0.195870
222.869999	-0.233270
223.559999	-0.274280
224.249999	-0.318880
224.939999	-0.366680
225.629999	-0.417010
226.319999	-0.468950
227.009999	-0.521310
227.699999	-0.572580
228.389999	-0.620810
229.079999	-0.663830
229.769999	-0.699670
230.459999	-0.726650
231.149999	-0.743290
231.839999	-0.748500
232.529999	-0.741600
233.219999	-0.722330
233.909999	-0.690960
234.599999	-0.648310
235.289999	-0.595830
235.979999	-0.535650
236.669999	-0.470630
237.359999	-0.403930
238.049999	-0.338340
238.739999	-0.275820
239.429999	-0.217530
240.119999	-0.163890
240.809999	-0.114790
241.499999	-0.069910
242.189999	-0.028710
242.879999	0.009550
243.569999	0.045540
244.259999	0.079440
244.949999	0.110790
245.639999	0.138650
246.329999	0.161620
247.019999	0.178310
247.709999	0.187910
248.399999	0.190210
249.089999	0.185430
249.779999	0.174240
250.469999	0.157450
251.159999	0.135980
251.849999	0.110790
252.539999	0.083070
253.229999	0.054170
253.919999	0.025520
254.609999	-0.001400
255.299999	-0.025030
255.989999	-0.043830
256.679999	-0.056400
257.369999	-0.061990
258.059999	-0.060760
258.749999	-0.053640
259.439999	-0.042090
260.129999	-0.027800
260.819999	-0.012280
261.509999	0.003390
262.199999	0.018700
262.889999	0.033470
263.579999	0.047770
264.269999	0.061930
264.959999	0.076540
265.649999	0.092210
266.339999	0.109260
267.029999	0.127510
267.719999	0.146310
268.409999	0.164840
269.099999	0.182470
269.789999	0.198880
270.479999	0.214100
271.169999	0.228460
271.859999	0.242400
272.549999	0.256330
273.239999	0.270500
273.929999	0.284670
274.619999	0.297690
275.309999	0.307780
275.999999	0.313530
276.689999	0.314320
277.379999	0.310310
278.069999	0.302280
278.759999	0.291090
279.449999	0.277290
280.139999	0.261190
280.829999	0.243070
281.519999	0.223230
282.209999	0.202140
282.899999	0.180470
283.589999	0.158940
284.279999	0.138190
284.969999	0.118660
285.659999	0.100480
286.349999	0.083580
287.039999	0.067810
287.729999	0.053040
288.419999	0.039140
289.109999	0.026050
289.799999	0.013750
290.489999	0.002280
291.179999	-0.008230
291.869999	-0.017620
292.559999	-0.025720
293.249999	-0.032490
293.939999	-0.038120
294.629999	-0.043010
295.319999	-0.047630
296.009999	-0.052510
296.699999	-0.058110
297.389999	-0.064580
298.079999	-0.071810
298.769999	-0.079510
299.459999	-0.087350
300.149999	-0.094810
300.839999	-0.101330
301.529999	-0.106480
302.219999	-0.109990
302.909999	-0.111720
303.599999	-0.111490
304.289999	-0.109060
304.979999	-0.104190
305.669999	-0.096720
306.359999	-0.086560
307.049999	-0.073700
307.739999	-0.058230
308.429999	-0.040320
309.119999	-0.020290
309.809999	0.001370
310.499999	0.024170
311.189999	0.047590
311.879999	0.071150
312.569999	0.094250
313.259999	0.116200
313.949999	0.136310
314.639999	0.153880
315.329999	0.168200
316.019999	0.178650
316.709999	0.184790
317.399999	0.186520
318.089999	0.183940
318.779999	0.177440
319.469999	0.167490
320.159999	0.154590
320.849999	0.139160
321.539999	0.121580
322.229999	0.102210
322.919999	0.081530
323.609999	0.060210
324.299999	0.039110
324.989999	0.019110
325.679999	0.000970
326.369999	-0.014700
327.059999	-0.027450
327.749999	-0.036890
328.439999	-0.042800
329.129999	-0.045290
329.819999	-0.044780
330.509999	-0.041990
331.199999	-0.037770
331.889999	-0.033000
332.579999	-0.028420
333.269999	-0.024640
333.959999	-0.022050
334.649999	-0.020880
335.339999	-0.021170
336.029999	-0.022820
336.719999	-0.025600
337.409999	-0.029220
338.099999	-0.033230
338.789999	-0.037230
339.479999	-0.040770
340.169999	-0.043530
340.859999	-0.045280
341.549999	-0.046000
342.239999	-0.045770
342.929999	-0.044780
343.619999	-0.043180
344.309999	-0.041170
344.999999	-0.038860
345.689999	-0.036280
346.379999	-0.033400
347.069999	-0.030230
347.759999	-0.026640
348.449999	-0.022500
349.139999	-0.017680
349.829999	-0.012130
350.519999	-0.005930
351.209999	0.000660
351.899999	0.007370
352.589999	0.013950
353.279999	0.020230
353.969999	0.026020
354.659999	0.031100
355.349999	0.035280
356.039999	0.038370
356.729999	0.040160
357.419999	0.040430
358.109999	0.039140
358.799999	0.036460
359.489999	0.032640
360.179999	0.027900
360.869999	0.022520
361.559999	0.016760
362.249999	0.011060
362.939999	0.005930
363.629999	0.001970
364.319999	-0.000260
365.009999	-0.000470
365.699999	0.001350
366.389999	0.004950
367.079999	0.009900
367.769999	0.015640
368.459999	0.021550
369.149999	0.027080
369.839999	0.031780
370.529999	0.035270
371.219999	0.037280
371.909999	0.037600
372.599999	0.036110
373.289999	0.032880
373.979999	0.028100
374.669999	0.021990
375.359999	0.014870
376.049999	0.007140
376.739999	-0.000690
377.429999	-0.008060
378.119999	-0.014310
378.809999	-0.018940
379.499999	-0.021710
380.189999	-0.022580
380.879999	-0.021650
381.569999	-0.019370
382.259999	-0.016390
382.949999	-0.013300
383.639999	-0.010510
384.329999	-0.008240
385.019999	-0.006570
385.709999	-0.005390
386.399999	-0.004620
387.089999	-0.004190
387.779999	-0.003910
388.469999	-0.003470
389.159999	-0.002620
389.849999	-0.001240
390.539999	0.000830
391.229999	0.003770
391.919999	0.007440
392.609999	0.011610
393.299999	0.015990
393.989999	0.020300
394.679999	0.024230
395.369999	0.027400
396.059999	0.029500
396.749999	0.030250
397.439999	0.029530
398.129999	0.027290
398.819999	0.023480
399.509999	0.018130
400.199999	0.011300
400.889999	0.003190
401.579999	-0.006040
402.269999	-0.016190
402.959999	-0.027000
403.649999	-0.038150
404.339999	-0.049190
405.029999	-0.059540
405.719999	-0.068420
406.409999	-0.075110
407.099999	-0.079110
407.789999	-0.080260
408.479999	-0.078580
409.169999	-0.074370
409.859999	-0.068050
410.549999	-0.060050
411.239999	-0.050920
411.929999	-0.041180
412.619999	-0.031220
413.309999	-0.021180
413.999999	-0.011170
414.689999	-0.001240
415.379999	0.008540
416.069999	0.018240
416.759999	0.027900
417.449999	0.037610
418.139999	0.047320
418.829999	0.056830
419.519999	0.065900
420.209999	0.074230
420.899999	0.081630
421.589999	0.087950
422.279999	0.093230
422.969999	0.097690
423.659999	0.101700
424.349999	0.105740
425.039999	0.110340
425.729999	0.115950
426.419999	0.123110
427.109999	0.132390
427.799999	0.144410
428.489999	0.159630
429.179999	0.178280
429.869999	0.200080
430.559999	0.224340
431.249999	0.250270
431.939999	0.277100
432.629999	0.304020
433.319999	0.330150
434.009999	0.354500
434.699998	0.376060
435.389998	0.394020
436.079998	0.407780
436.769998	0.416860
437.459998	0.420770
438.149998	0.419050
438.839998	0.411420
439.529998	0.398080
440.219998	0.379760
440.909998	0.357560
441.599998	0.332960
442.289998	0.307740
442.979998	0.283550
443.669998	0.261480
444.359998	0.241980
445.049998	0.225060
445.739998	0.210540
446.429998	0.198150
447.119998	0.187390
447.809998	0.177590
448.499998	0.168010
449.189998	0.157970
449.879998	0.146780
450.569998	0.133820
451.259998	0.118660
451.949998	0.101110
452.639998	0.081070
453.329998	0.058340
454.019998	0.032660
454.709998	0.003940
455.399998	-0.027690
456.089998	-0.062150
456.779998	-0.099640
457.469998	-0.140560
458.159998	-0.185240
458.849998	-0.233600
459.539998	-0.285190
460.229998	-0.339230
460.919998	-0.394720
461.609998	-0.450430
462.299998	-0.504960
462.989998	-0.556940
463.679998	-0.605220
464.369998	-0.649010
465.059998	-0.687830
465.749998	-0.721200
466.439998	-0.748440
467.129998	-0.768630
467.819998	-0.780620
468.509998	-0.782870
469.199998	-0.773550
469.889998	-0.751100
470.579998	-0.714620
471.269998	-0.664020
471.959998	-0.600090
472.649998	-0.524630
473.339998	-0.440630
474.029998	-0.351940
474.719998	-0.262660
475.409998	-0.176490
476.099998	-0.096400
476.789998	-0.024540
477.479998	0.037740
478.169998	0.089730
478.859998	0.131130
479.549998	0.162030
480.239998	0.182900
480.929998	0.194540
481.619998	0.198010
482.309998	0.194530
482.999998	0.185390
483.689998	0.171930
484.379998	0.155320
485.069998	0.136640
485.759998	0.116880
486.449998	0.097040
487.139998	0.078010
487.829998	0.060400
488.519998	0.044590
489.209998	0.030720
489.899998	0.018710
490.589998	0.008180
491.279998	-0.001540
491.969998	-0.011090
492.659998	-0.020930
493.349998	-0.031330
494.039998	-0.042390
494.729998	-0.054010
495.419998	-0.065840
496.109998	-0.077280
496.799998	-0.087500
497.489998	-0.095580
498.179998	-0.100580
498.869998	-0.101480
499.559998	-0.097140
500.249998	-0.086380
500.939998	-0.068130
501.629998	-0.041670
502.319998	-0.007160
503.009998	0.033650
503.699998	0.077750
504.389998	0.121880
505.079998	0.163700
505.769998	0.201840
506.459998	0.235560
507.149998	0.264270
507.839998	0.287360
508.529998	0.304210
509.219998	0.314430
509.909998	0.318190
510.599998	0.316110
511.289998	0.308930
511.979998	0.297400
512.669998	0.282160
513.359998	0.263840
514.049998	0.243140
514.739998	0.220870
515.429998	0.198000
516.119998	0.175570
516.809998	0.154530
517.499998	0.135760
518.189998	0.120060
518.879998	0.108090
519.569998	0.100260
520.259998	0.096500
520.949998	0.096280
521.639998	0.098700
522.329998	0.102630
523.019998	0.106730
523.709998	0.109580
524.399998	0.109980
525.089998	0.107090
525.779998	0.100450
526.469998	0.089810
527.159998	0.075300
527.849998	0.057350
528.539998	0.036700
529.229998	0.014310
529.919998	-0.008700
530.609998	-0.031260
531.299998	-0.052310
531.989998	-0.070950
532.679998	-0.086640
533.369998	-0.099110
534.059998	-0.108290
534.749998	-0.114140
535.439998	-0.116510
536.129998	-0.115390
536.819998	-0.110820
537.509998	-0.103010
538.199998	-0.092420
538.889998	-0.079770
539.579998	-0.065730
540.269998	-0.050960
540.959998	-0.036090
541.649998	-0.021650
542.339998	-0.007890
543.029998	0.005200
543.719998	0.017930
544.409998	0.030610
545.099998	0.043400
545.789998	0.056300
546.479998	0.069100
547.169998	0.081500
547.859998	0.093180
548.549998	0.103790
549.239998	0.112910
549.929998	0.119960
550.619998	0.124170
551.309998	0.124820
551.999998	0.121460
552.689998	0.113920
553.379998	0.102200
554.069998	0.086470
554.759998	0.067080
555.449998	0.044580
556.139998	0.019690
556.829998	-0.006670
557.519998	-0.033430
558.209998	-0.059430
558.899998	-0.083570
559.589998	-0.104910
560.279998	-0.122710
560.969998	-0.136420
561.659998	-0.145690
562.349998	-0.150320
563.039998	-0.150260
563.729998	-0.145640
564.419998	-0.136840
565.109998	-0.124410
565.799998	-0.108950
566.489998	-0.091130
567.179998	-0.071670
567.869998	-0.051190
568.559998	-0.030180
569.249998	-0.008950
569.939998	0.012240
570.629998	0.033320
571.319998	0.054260
572.009998	0.074920
572.699998	0.094890
573.389998	0.113690
574.079998	0.130780
574.769998	0.145550
575.459998	0.157430
576.149998	0.165990
576.839998	0.170930
577.529998	0.171980
578.219998	0.168900
578.909998	0.161500
579.599998	0.149610
580.289998	0.133090
580.979998	0.111920
581.669998	0.086250
582.359998	0.056540
583.049998	0.023520
583.739998	-0.011800
584.429998	-0.048170
585.119998	-0.084230
585.809998	-0.118570
586.499998	-0.149900
587.189998	-0.177100
587.879998	-0.199380
588.569998	-0.216220
589.259998	-0.227230
589.949998	-0.232120
590.639998	-0.230830
591.329998	-0.223630
592.019998	-0.211170
592.709998	-0.194360
593.399998	-0.174200
594.089998	-0.151620
594.779998	-0.127410
595.469998	-0.102160
596.159998	-0.076340
596.849998	-0.050380
597.539998	-0.024660
598.229998	0.000400
598.919998	0.024360
599.609998	0.046740
600.299998	0.067100
600.989998	0.084970
601.679998	0.100000
602.369998	0.111940
603.059998	0.120690
603.749998	0.126270
604.439998	0.128840
605.129998	0.128580
605.819998	0.125730
606.509998	0.120570
607.199998	0.113430
607.889998	0.104620
608.579998	0.094450
609.269998	0.083210
609.959998	0.071250
610.649998	0.059000
611.339998	0.046940
612.029998	0.035530
612.719998	0.025110
613.409998	0.016030
614.099998	0.008560
614.789998	0.002860
615.479998	-0.001050
616.169998	-0.003340
616.859998	-0.004130
617.549998	-0.003520
618.239998	-0.001650
618.929998	0.001220
619.619998	0.004680
620.309998	0.008290
620.999998	0.011610
621.689998	0.014270
622.379998	0.015970
623.069998	0.016410
623.759998	0.015260
624.449998	0.012350
625.139998	0.007650
625.829998	0.001380
626.519998	-0.006030
627.209998	-0.014070
627.899998	-0.022190
628.589998	-0.029910
629.279998	-0.036850
629.969998	-0.042690
630.659998	-0.047130
631.349998	-0.050030
632.039998	-0.051420
632.729998	-0.051540
633.419998	-0.050720
634.109998	-0.049290
634.799998	-0.047590
635.489998	-0.045900
636.179998	-0.044410
636.869998	-0.043140
637.559998	-0.041980
638.249998	-0.040780
638.939998	-0.039560
639.629998	-0.038430
640.319998	-0.037520
641.009998	-0.036910
641.699998	-0.036520
642.389998	-0.036170
643.079998	-0.035680
643.769998	-0.034960
644.459998	-0.033950
645.149998	-0.032630
645.839998	-0.030980
646.529998	-0.028980
647.219998	-0.026680
647.909998	-0.024120
648.599998	-0.021370
649.289998	-0.018460
649.979998	-0.015360
650.669998	-0.012080
651.359998	-0.008660
652.049998	-0.005090
652.739998	-0.001240
653.429998	0.003150
654.119998	0.008430
654.809998	0.014920
655.499998	0.022840
656.189998	0.032220
656.879998	0.042860
657.569998	0.054530
658.259998	0.066980
658.949998	0.080020
659.639998	0.093440
660.329998	0.106980
661.019998	0.120340
661.709998	0.133210
662.399998	0.145380
663.089998	0.156740
663.779998	0.167240
664.469998	0.176870
665.159998	0.185610
665.849998	0.193510
666.539998	0.200640
667.229998	0.207190
667.919998	0.213470
668.609998	0.219750
669.299998	0.226230
669.989998	0.233080
670.679998	0.240520
671.369998	0.248800
672.059998	0.257910
672.749998	0.267610
673.439998	0.277710
674.129998	0.288070
674.819998	0.298380
675.509998	0.308020
676.199998	0.316220
676.889998	0.322290
677.579998	0.325710
678.269998	0.326180
678.959998	0.323530
679.649998	0.317850
680.339998	0.309670
681.029998	0.300000
681.719998	0.289890
682.409998	0.280030
683.099998	0.270630
683.789998	0.261580
684.479998	0.252590
685.169998	0.243260
685.859998	0.233270
686.549998	0.222670
687.239998	0.211850
687.929998	0.201190
688.619998	0.190640
689.309998	0.179780
689.999998	0.168110
690.689998	0.155080
691.379998	0.140030
692.069998	0.122240
692.759998	0.101240
693.449998	0.076880
694.139998	0.049400
694.829998	0.019290
695.519998	-0.012870
696.209998	-0.046560
696.899998	-0.081350
697.589998	-0.117010
698.279998	-0.153630
698.969998	-0.191470
699.659998	-0.230670
700.349998	-0.271210
701.039998	-0.312990
701.729998	-0.355810
702.419998	-0.399680
703.109998	-0.444680
703.799998	-0.490630
704.489998	-0.536920
705.179998	-0.582550
705.869998	-0.626230
706.559998	-0.666600
707.249998	-0.702390
707.939998	-0.732370
708.629998	-0.755300
709.319998	-0.769850
710.009998	-0.774570
710.699998	-0.768140
711.389998	-0.749740
712.079998	-0.719050
712.769998	-0.676240
713.459998	-0.622020
714.149998	-0.557760
714.839998	-0.485430
715.529998	-0.407520
716.219998	-0.326960
716.909998	-0.246880
717.599998	-0.170110
718.289998	-0.098820
718.979998	-0.034520
719.669998	0.021930
720.359998	0.070150
721.049998	0.110080
721.739998	0.141970
722.429998	0.166270
723.119998	0.183540
723.809997	0.194360
724.499997	0.199420
725.189997	0.199350
725.879997	0.194710
726.569997	0.186130
727.259997	0.174370
727.949997	0.160280
728.639997	0.144640
729.329997	0.128070
730.019997	0.111190
730.709997	0.094680
731.399997	0.079430
732.089997	0.066350
732.779997	0.056350
733.469997	0.050120
734.159997	0.047800
734.849997	0.049040
735.539997	0.053270
736.229997	0.059760
736.919997	0.067650
737.609997	0.075960
738.299997	0.083820
738.989997	0.090660
739.679997	0.096140
740.369997	0.100070
741.059997	0.102450
741.749997	0.103350
742.439997	0.102810
743.129997	0.100840
743.819997	0.097320
744.509997	0.091990
745.199997	0.084400
745.889997	0.074090
746.579997	0.060560
747.269997	0.043510
747.959997	0.022730
748.649997	-0.001890
749.339997	-0.030480
750.029997	-0.063010
750.719997	-0.099340
751.409997	-0.138910
752.099997	-0.180480
752.789997	-0.222250
753.479997	-0.261920
754.169997	-0.296970
754.859997	-0.324710
755.549997	-0.342530
756.239997	-0.347980
756.929997	-0.339010
757.619997	-0.314230
758.309997	-0.273180
758.999997	-0.216330
759.689997	-0.145420
760.379997	-0.063800
761.069997	0.023910
761.759997	0.112030
762.449997	0.194930
763.139997	0.268560
763.829997	0.330050
764.519997	0.377820
765.209997	0.411370
765.899997	0.431110
766.589997	0.438110
767.279997	0.434000
767.969997	0.420690
768.659997	0.400160
769.349997	0.374440
770.039997	0.345450
770.729997	0.314890
771.419997	0.284200
772.109997	0.254560
772.799997	0.226950
773.489997	0.202300
774.179997	0.181240
774.869997	0.164030
775.559997	0.150560
776.249997	0.140280
776.939997	0.132310
777.629997	0.125550
778.319997	0.118870
779.009997	0.111310
779.699997	0.102120
780.389997	0.090850
781.079997	0.077420
781.769997	0.062090
782.459997	0.045570
783.149997	0.028980
783.839997	0.013510
784.529997	0.000110
785.219997	-0.010700
785.909997	-0.018970
786.599997	-0.025290
787.289997	-0.030670
787.979997	-0.036080
788.669997	-0.042270
789.359997	-0.049580
790.049997	-0.058070
790.739997	-0.067510
791.429997	-0.077490
792.119997	-0.087330
792.809997	-0.096340
793.499997	-0.103890
794.189997	-0.109520
794.879997	-0.112900
795.569997	-0.113850
796.259997	-0.112280
796.949997	-0.108350
797.639997	-0.102350
798.329997	-0.094850
799.019997	-0.086640
799.709997	-0.078600
800.399997	-0.071570
801.089997	-0.066110
801.779997	-0.062370
802.469997	-0.060160
803.159997	-0.059050
803.849997	-0.058320
804.539997	-0.057180
805.229997	-0.054810
805.919997	-0.050440
806.609997	-0.043380
807.299997	-0.033190
807.989997	-0.019870
808.679997	-0.003800
809.369997	0.014290
810.059997	0.033450
810.749997	0.052460
811.439997	0.069960
812.129997	0.084550
812.819997	0.095090
813.509997	0.100880
814.199997	0.101770
814.889997	0.098020
815.579997	0.090190
816.269997	0.079080
816.959997	0.065520
817.649997	0.050210
818.339997	0.033780
819.029997	0.016760
819.719997	-0.000270
820.409997	-0.016820
821.099997	-0.032320
821.789997	-0.046160
822.479997	-0.057690
823.169997	-0.066320
823.859997	-0.071610
824.549997	-0.073270
825.239997	-0.071320
825.929997	-0.066140
826.619997	-0.058410
827.309997	-0.049090
827.999997	-0.039310
828.689997	-0.030240
829.379997	-0.023020
830.069997	-0.018570
830.759997	-0.017440
831.449997	-0.019790
832.139997	-0.025350
832.829997	-0.033380
833.519997	-0.042950
834.209997	-0.053140
834.899997	-0.063180
835.589997	-0.072580
836.279997	-0.081020
836.969997	-0.088300
837.659997	-0.094250
838.349997	-0.098630
839.039997	-0.101190
839.729997	-0.101900
840.419997	-0.100910
841.109997	-0.098470
841.799997	-0.094900
842.489997	-0.090550
843.179997	-0.085720
843.869997	-0.080740
844.559997	-0.075830
845.249997	-0.071100
845.939997	-0.066440
846.629997	-0.061640
847.319997	-0.056390
848.009997	-0.050310
848.699997	-0.042920
849.389997	-0.033830
850.079997	-0.022830
850.769997	-0.009790
851.459997	0.005230
852.149997	0.021910
852.839997	0.039660
853.529997	0.057730
854.219997	0.075590
854.909997	0.093010
855.599997	0.109960
856.289997	0.126490
856.979997	0.142450
857.669997	0.157420
858.359997	0.170600
859.049997	0.181070
859.739997	0.187920
860.429997	0.190450
861.119997	0.188200
861.809997	0.181040
862.499997	0.169330
863.189997	0.153840
863.879997	0.135720
864.569997	0.116200
865.259997	0.096290
865.949997	0.076720
866.639997	0.057790
867.329997	0.039510
868.019997	0.021770
868.709997	0.004390
869.399997	-0.012750
870.089997	-0.029670
870.779997	-0.046150
871.469997	-0.061770
872.159997	-0.076010
872.849997	-0.088250
873.539997	-0.098180
874.229997	-0.105800
874.919997	-0.111450
875.609997	-0.115740
876.299997	-0.119450
876.989997	-0.123270
877.679997	-0.127850
878.369997	-0.133790
879.059997	-0.141520
879.749997	-0.151330
880.439997	-0.163140
881.129997	-0.176500
881.819997	-0.190540
882.509997	-0.204160
883.199997	-0.216150
883.889997	-0.225360
884.579997	-0.230830
885.269997	-0.231830
885.959997	-0.227860
886.649997	-0.218550
887.339997	-0.203580
888.029997	-0.182960
888.719997	-0.156980
889.409997	-0.126240
890.099997	-0.091580
890.789997	-0.053990
891.479997	-0.014480
892.169997	0.026050
892.859997	0.066800
893.549997	0.106860
894.239997	0.145320
894.929997	0.181310
895.619997	0.214070
896.309997	0.243030
896.999997	0.267760
897.689997	0.287880
898.379997	0.302770
899.069997	0.311780
899.759997	0.314480
900.449997	0.310720
901.139997	0.300820
901.829997	0.285740
902.519997	0.267040
903.209997	0.246620
903.899997	0.226190
904.589997	0.207220
905.279997	0.190860
905.969997	0.178000
906.659997	0.169290
907.349997	0.165080
908.039997	0.165500
908.729997	0.170400
909.419997	0.179270
910.109997	0.191240
910.799997	0.205190
911.489997	0.219740
912.179997	0.233260
912.869997	0.244070
913.559997	0.250600
914.249997	0.251560
914.939997	0.246150
915.629997	0.234190
916.319997	0.216240
917.009997	0.193700
917.699997	0.168680
918.389997	0.143430
919.079997	0.119900
919.769997	0.099590
920.459997	0.083530
921.149997	0.072180
921.839997	0.065640
922.529997	0.063880
923.219997	0.066940
923.909997	0.074790
924.599997	0.087290
925.289997	0.104270
925.979997	0.125320
926.669997	0.149640
927.359997	0.176040
928.049997	0.203150
928.739997	0.229680
929.429997	0.254390
930.119997	0.276130
930.809997	0.293810
931.499997	0.306530
932.189997	0.313770
932.879997	0.315410
933.569997	0.311480
934.259997	0.301940
934.949997	0.286720
935.639997	0.265680
936.329997	0.238660
937.019997	0.205420
937.709997	0.165760
938.399997	0.119770
939.089997	0.068000
939.779997	0.011540
940.469997	-0.048190
941.159997	-0.109950
941.849997	-0.172880
942.539997	-0.236500
943.229997	-0.300520
943.919997	-0.364810
944.609997	-0.429050
945.299997	-0.492730
945.989997	-0.555280
946.679997	-0.616280
947.369997	-0.675230
948.059997	-0.731340
948.749997	-0.783360
949.439997	-0.829590
950.129997	-0.868170
950.819997	-0.897210
951.509997	-0.914780
952.199997	-0.919060
952.889997	-0.908760
953.579997	-0.883310
954.269997	-0.842920
954.959997	-0.788650
955.649997	-0.722690
956.339997	-0.648350
957.029997	-0.569630
957.719997	-0.490310
958.409997	-0.413240
959.099997	-0.340100
959.789997	-0.271520
960.479997	-0.207370
961.169997	-0.147190
961.859997	-0.090620
962.549997	-0.037660
963.239997	0.011170
963.929997	0.055010
964.619997	0.092780
965.309997	0.123650
965.999997	0.147470
966.689997	0.164850
967.379997	0.177010
968.069997	0.185500
968.759997	0.191960
969.449997	0.197880
970.139997	0.204160
970.829997	0.210930
971.519997	0.217850
972.209997	0.224350
972.899997	0.229740
973.589997	0.233380
974.279997	0.234640
974.969997	0.232810
975.659997	0.227160
976.349997	0.217260
977.039997	0.203110
977.729997	0.184930
978.419997	0.162840
979.109997	0.136770
979.799997	0.106700
980.489997	0.073120
981.179997	0.037170
981.869997	0.000480
982.559997	-0.035080
983.249997	-0.067770
983.939997	-0.095940
984.629997	-0.118020
985.319997	-0.132810
986.009997	-0.139680
986.699997	-0.138660
987.389997	-0.130330
988.079997	-0.115590
988.769997	-0.095440
989.459997	-0.071230
990.149997	-0.044510
990.839997	-0.016900
991.529997	0.010130
992.219997	0.035340
992.909997	0.057850
993.599997	0.077070
994.289997	0.092630
994.979997	0.104290
995.669997	0.112070
996.359997	0.116090
997.049997	0.116600
997.739997	0.113920
998.429997	0.108670
999.119997	0.101640
999.809997	0.093650
1000.499997	0.085350
1001.189997	0.077080
1001.879997	0.068910
1002.569997	0.060780
1003.259997	0.052770
1003.949997	0.045290
1004.639997	0.038960
1005.329997	0.034410
1006.019997	0.032110
1006.709997	0.032310
1007.399997	0.035110
1008.089997	0.040580
1008.779997	0.048750
1009.469997	0.059540
1010.159997	0.072740
1010.849997	0.087960
1011.539997	0.104570
1012.229997	0.121800
1012.919997	0.138970
1013.609996	0.155460
1014.299996	0.170750
1014.989996	0.184370
1015.679996	0.195830
1016.369996	0.204620
1017.059996	0.210210
1017.749996	0.212050
1018.439996	0.209680
1019.129996	0.202790
1019.819996	0.191320
1020.509996	0.175430
1021.199996	0.155520
1021.889996	0.132110
1022.579996	0.105630
1023.269996	0.076590
1023.959996	0.045570
1024.649996	0.013320
1025.339996	-0.019210
1026.029996	-0.050970
1026.719996	-0.080860
1027.409996	-0.107860
1028.099996	-0.131160
1028.789996	-0.150230
1029.479996	-0.164800
1030.169996	-0.174770
1030.859996	-0.180230
1031.549996	-0.181590
1032.239996	-0.179450
1032.929996	-0.174440
1033.619996	-0.167230
1034.309996	-0.158510
1034.999996	-0.148860
1035.689996	-0.138790
1036.379996	-0.128790
1037.069996	-0.119250
1037.759996	-0.110520
1038.449996	-0.102860
1039.139996	-0.096390
1039.829996	-0.090940
1040.519996	-0.086220
1041.209996	-0.081940
1041.899996	-0.077730
1042.589996	-0.073180
1043.279996	-0.067940
1043.969996	-0.061830
1044.659996	-0.054770
1045.349996	-0.046660
1046.039996	-0.037380
1046.729996	-0.027010
1047.419996	-0.015740
1048.109996	-0.003970
1048.799996	0.007820
1049.489996	0.019050
1050.179996	0.029050
1050.869996	0.037360
1051.559996	0.043620
1052.249996	0.047620
1052.939996	0.049350
1053.629996	0.049020
1054.319996	0.046930
1055.009996	0.043610
1055.699996	0.039680
1056.389996	0.035770
1057.079996	0.032490
1057.769996	0.030410
1058.459996	0.029830
1059.149996	0.030880
1059.839996	0.033480
1060.529996	0.037230
1061.219996	0.041520
1061.909996	0.045670
1062.599996	0.048970
1063.289996	0.050810
1063.979996	0.050860
1064.669996	0.048970
1065.359996	0.045260
1066.049996	0.039950
1066.739996	0.033220
1067.429996	0.025260
1068.119996	0.016290
1068.809996	0.006470
1069.499996	-0.004090
1070.189996	-0.015410
1070.879996	-0.027520
1071.569996	-0.040450
1072.259996	-0.054150
1072.949996	-0.068410
1073.639996	-0.082910
1074.329996	-0.097210
1075.019996	-0.110840
1075.709996	-0.123320
1076.399996	-0.134220
1077.089996	-0.143140
1077.779996	-0.149810
1078.469996	-0.154140
1079.159996	-0.156210
1079.849996	-0.156300
1080.539996	-0.154840
1081.229996	-0.152260
1081.919996	-0.148970
1082.609996	-0.145290
1083.299996	-0.141390
1083.989996	-0.137300
1084.679996	-0.132840
1085.369996	-0.127620
1086.059996	-0.121130
1086.749996	-0.112760
1087.439996	-0.102080
1088.129996	-0.088810
1088.819996	-0.072890
1089.509996	-0.054350
1090.199996	-0.033360
1090.889996	-0.010280
1091.579996	0.014420
1092.269996	0.040260
1092.959996	0.066580
1093.649996	0.092740
1094.339996	0.118010
1095.029996	0.141650
1095.719996	0.163100
1096.409996	0.181950
1097.099996	0.197920
1097.789996	0.210770
1098.479996	0.220280
1099.169996	0.226080
1099.859996	0.227640
1100.549996	0.224420
1101.239996	0.216140
1101.929996	0.202760
1102.619996	0.184420
1103.309996	0.161650
1103.999996	0.135230
1104.689996	0.106150
1105.379996	0.075470
1106.069996	0.044200
1106.759996	0.013380
1107.449996	-0.016060
1108.139996	-0.043370
1108.829996	-0.067930
1109.519996	-0.089320
1110.209996	-0.107310
1110.899996	-0.121750
1111.589996	-0.132580
1112.279996	-0.139850
1112.969996	-0.143820
1113.659996	-0.144960
1114.349996	-0.143910
1115.039996	-0.141410
1115.729996	-0.138050
1116.419996	-0.134230
1117.109996	-0.130190
1117.799996	-0.126150
1118.489996	-0.122250
1119.179996	-0.118480
1119.869996	-0.114790
1120.559996	-0.111240
1121.249996	-0.107740
1121.939996	-0.104090
1122.629996	-0.100080
1123.319996	-0.095510
1124.009996	-0.090180
1124.699996	-0.083890
1125.389996	-0.076450
1126.079996	-0.067720
1126.769996	-0.057710
1127.459996	-0.046610
1128.149996	-0.034780
1128.839996	-0.022740
1129.529996	-0.011080
1130.219996	-0.000420
1130.909996	0.008620
1131.599996	0.015580
1132.289996	0.020270
1132.979996	0.022790
1133.669996	0.023530
1134.359996	0.022830
1135.049996	0.021040
1135.739996	0.018520
1136.429996	0.015740
1137.119996	0.013210
1137.809996	0.011370
1138.499996	0.010600
1139.189996	0.011200
1139.879996	0.013410
1140.569996	0.017330
1141.259996	0.023000
1141.949996	0.030560
1142.639996	0.040250
1143.329996	0.052210
1144.019996	0.066250
1144.709996	0.081970
1145.399996	0.098920
1146.089996	0.116750
1146.779996	0.135160
1147.469996	0.153830
1148.159996	0.172490
1148.849996	0.190910
1149.539996	0.208950
1150.229996	0.226510
1150.919996	0.243450
1151.609996	0.259510
1152.299996	0.274250
1152.989996	0.287130
1153.679996	0.297590
1154.369996	0.305180
1155.059996	0.309930
1155.749996	0.312530
1156.439996	0.314100
1157.129996	0.315670
1157.819996	0.317690
1158.509996	0.319940
1159.199996	0.321820
1159.889996	0.322630
1160.579996	0.321700
1161.269996	0.318490
1161.959996	0.312590
1162.649996	0.303940
1163.339996	0.292890
1164.029996	0.279960
1164.719996	0.265480
1165.409996	0.249790
1166.099996	0.233670
1166.789996	0.218530
1167.479996	0.206110
1168.169996	0.197910
1168.859996	0.194390
1169.549996	0.195060
1170.239996	0.198730
1170.929996	0.203740
1171.619996	0.208320
1172.309996	0.211150
1172.999996	0.211580
1173.689996	0.209770
1174.379996	0.206490
1175.069996	0.202460
1175.759996	0.197640
1176.449996	0.190980
1177.139996	0.180800
1177.829996	0.165270
1178.519996	0.142850
1179.209996	0.112560
1179.899996	0.073820
1180.589996	0.026320
1181.279996	-0.030080
1181.969996	-0.095200
1182.659996	-0.168380
1183.349996	-0.248540
1184.039996	-0.334190
1184.729996	-0.423520
1185.419996	-0.514550
1186.109996	-0.605190
1186.799996	-0.693170
1187.489996	-0.776220
1188.179996	-0.852140
1188.869996	-0.918990
1189.559996	-0.975050
1190.249996	-1.018860
1190.939996	-1.049380
1191.629996	-1.066160
1192.319996	-1.069610
1193.009996	-1.060950
1193.699996	-1.042190
1194.389996	-1.015960
1195.079996	-0.985310
1195.769996	-0.953270
1196.459996	-0.922350
1197.149996	-0.894330
1197.839996	-0.870290
1198.529996	-0.850990
1199.219996	-0.837260
1199.909996	-0.829870
