0.000000	-0.075470
0.690000	-0.074540
1.380000	-0.072420
2.070000	-0.069300
2.760000	-0.065380
3.450000	-0.060840
4.140000	-0.055830
4.830000	-0.050550
5.520000	-0.045260
6.210000	-0.040200
6.900000	-0.035500
7.590000	-0.031180
8.280000	-0.027250
8.970000	-0.023780
9.660000	-0.020860
10.350000	-0.018550
11.040000	-0.016730
11.730000	-0.015130
12.420000	-0.013290
13.110000	-0.010780
13.800000	-0.007250
14.490000	-0.002580
15.180000	0.003140
15.870000	0.009720
16.560000	0.016870
17.250000	0.024290
17.940000	0.031740
18.630000	0.039050
19.320000	0.046080
20.010000	0.052590
20.700000	0.058320
21.390000	0.063060
22.080000	0.066700
22.770000	0.069180
23.460000	0.070580
24.150000	0.071060
24.840000	0.070900
25.530000	0.070390
26.220000	0.069690
26.910000	0.068880
27.600000	0.067870
28.290000	0.066470
28.980000	0.064450
29.670000	0.061650
30.360000	0.058060
31.050000	0.053800
31.740000	0.048840
32.430000	0.043060
33.120000	0.036390
33.810000	0.028850
34.500000	0.020520
35.190000	0.011670
35.880000	0.002680
36.570000	-0.005940
37.260000	-0.013580
37.950000	-0.019530
38.640000	-0.023080
39.330000	-0.023750
40.020000	-0.021250
40.710000	-0.015550
41.400000	-0.006900
42.090000	0.004360
42.780000	0.017890
43.470000	0.033310
44.160000	0.050250
44.850000	0.068370
45.540000	0.087360
46.230000	0.106930
46.920000	0.126760
47.610000	0.146390
48.300000	0.165230
48.990000	0.182560
49.680000	0.197610
50.370000	0.209540
51.060000	0.217660
51.750000	0.221500
52.440000	0.220930
53.130000	0.216110
53.820000	0.207290
54.510000	0.194660
55.200000	0.178410
55.890000	0.158640
56.580000	0.135580
57.270000	0.109600
57.960000	0.081240
58.650000	0.051210
59.340000	0.020520
60.030000	-0.009670
60.720000	-0.038340
61.410000	-0.064800
62.100000	-0.088870
62.790000	-0.110770
63.480000	-0.131060
64.170000	-0.150290
64.860000	-0.168820
65.550000	-0.186690
66.240000	-0.203680
66.930000	-0.219240
67.620000	-0.232390
68.310000	-0.241980
69.000000	-0.247030
69.690000	-0.247190
70.380000	-0.242650
71.070000	-0.234030
71.760000	-0.222110
72.450000	-0.207500
73.140000	-0.190620
73.830000	-0.171630
74.520000	-0.150370
75.210000	-0.126360
75.900000	-0.099000
76.590000	-0.067830
77.280000	-0.032730
77.970000	0.006070
78.660000	0.047990
79.350000	0.092090
80.040000	0.137250
80.730000	0.182120
81.420000	0.225050
82.110000	0.264210
82.800000	0.297750
83.490000	0.323890
84.180000	0.341230
84.870000	0.348740
85.560000	0.345830
86.250000	0.332260
86.940000	0.308170
87.630000	0.274120
88.320000	0.231160
89.010000	0.180890
89.700000	0.125140
90.390000	0.065450
91.080000	0.002830
91.770000	-0.062140
92.460000	-0.129050
93.150000	-0.197060
93.840000	-0.264660
94.530000	-0.329660
95.220000	-0.389710
95.910000	-0.442960
96.600000	-0.488220
97.290000	-0.524740
97.980000	-0.552160
98.670000	-0.570580
99.360000	-0.580530
100.050000	-0.582820
100.740000	-0.578330
101.430000	-0.567770
102.120000	-0.551650
102.810000	-0.530350
103.500000	-0.504200
104.190000	-0.473510
104.880000	-0.438550
105.570000	-0.399640
106.260000	-0.357090
106.950000	-0.311210
107.640000	-0.262240
108.330000	-0.210550
109.020000	-0.156570
109.710000	-0.100810
110.400000	-0.043940
111.090000	0.013330
111.780000	0.070340
112.470000	0.126510
113.160000	0.181350
113.850000	0.234390
114.540000	0.285190
115.230000	0.333200
115.920000	0.377820
116.610000	0.418430
117.300000	0.454480
117.990000	0.485530
118.680000	0.511200
119.370000	0.531220
120.060000	0.545450
120.750000	0.553870
121.440000	0.556600
122.130000	0.553830
122.820000	0.545880
123.510000	0.533120
124.200000	0.515980
124.890000	0.494960
125.580000	0.470660
126.270000	0.443850
126.960000	0.415450
127.650000	0.386510
128.340000	0.358040
129.030000	0.330810
129.720000	0.305210
130.410000	0.281310
131.100000	0.258880
131.790000	0.237530
132.480000	0.216940
133.170000	0.196760
133.860000	0.176740
134.550000	0.156820
135.240000	0.137150
135.930000	0.117960
136.620000	0.099480
137.310000	0.081930
138.000000	0.065580
138.690000	0.050630
139.380000	0.037120
140.070000	0.024820
140.760000	0.013070
141.450000	0.000920
142.140000	-0.012600
142.830000	-0.028290
143.520000	-0.046740
144.210000	-0.068350
144.899999	-0.093230
145.589999	-0.121090
146.279999	-0.151200
146.969999	-0.182580
147.659999	-0.213930
148.349999	-0.243710
149.039999	-0.270280
149.729999	-0.292280
150.419999	-0.308790
151.109999	-0.319410
151.799999	-0.324160
152.489999	-0.323490
153.179999	-0.318200
153.869999	-0.309400
154.559999	-0.298400
155.249999	-0.286530
155.939999	-0.275010
156.629999	-0.264910
157.319999	-0.257090
158.009999	-0.252160
158.699999	-0.250480
159.389999	-0.252070
160.079999	-0.256750
160.769999	-0.264050
161.459999	-0.273340
162.149999	-0.283830
162.839999	-0.294600
163.529999	-0.304750
164.219999	-0.313400
164.909999	-0.319680
165.599999	-0.322840
166.289999	-0.322260
166.979999	-0.317470
167.669999	-0.308140
168.359999	-0.294180
169.049999	-0.275740
169.739999	-0.253260
170.429999	-0.227230
171.119999	-0.198330
171.809999	-0.167420
172.499999	-0.135520
173.189999	-0.103670
173.879999	-0.072710
174.569999	-0.043240
175.259999	-0.015680
175.949999	0.009710
176.639999	0.032840
177.329999	0.053700
178.019999	0.072330
178.709999	0.088680
179.399999	0.102660
180.089999	0.114280
180.779999	0.123730
181.469999	0.131340
182.159999	0.137550
182.849999	0.142810
183.539999	0.147490
184.229999	0.151920
184.919999	0.156360
185.609999	0.161080
186.299999	0.166250
186.989999	0.171980
187.679999	0.178160
188.369999	0.184480
189.059999	0.190560
189.749999	0.195950
190.439999	0.200240
191.129999	0.203180
191.819999	0.204620
192.509999	0.204530
193.199999	0.202920
193.889999	0.199820
194.579999	0.195320
195.269999	0.189590
195.959999	0.182790
196.649999	0.175090
197.339999	0.166800
198.029999	0.158270
198.719999	0.149920
199.409999	0.142110
200.099999	0.135100
200.789999	0.129090
201.479999	0.124010
202.169999	0.119650
202.859999	0.115730
203.549999	0.111990
204.239999	0.108170
204.929999	0.104060
205.619999	0.099500
206.309999	0.094460
206.999999	0.089170
207.689999	0.084090
208.379999	0.079670
209.069999	0.076220
209.759999	0.073850
210.449999	0.072580
211.139999	0.072330
211.829999	0.072960
212.519999	0.074350
213.209999	0.076310
213.899999	0.078550
214.589999	0.080590
215.279999	0.081910
215.969999	0.081990
216.659999	0.080360
217.349999	0.076650
218.039999	0.070470
218.729999	0.061510
219.419999	0.049510
220.109999	0.034380
220.799999	0.016260
221.489999	-0.004470
222.179999	-0.027080
222.869999	-0.050660
223.559999	-0.074270
224.249999	-0.097070
224.939999	-0.118390
225.629999	-0.137740
226.319999	-0.154620
227.009999	-0.168430
227.699999	-0.178530
228.389999	-0.184230
229.079999	-0.184830
229.769999	-0.179720
230.459999	-0.168550
231.149999	-0.151250
231.839999	-0.128130
232.529999	-0.099980
233.219999	-0.068120
233.909999	-0.034450
234.599999	-0.000960
235.289999	0.030500
235.979999	0.058520
236.669999	0.082210
237.359999	0.101010
238.049999	0.114650
238.739999	0.123130
239.429999	0.126730
240.119999	0.125960
240.809999	0.121380
241.499999	0.113550
242.189999	0.103000
242.879999	0.090240
243.569999	0.075680
244.259999	0.059730
244.949999	0.042790
245.639999	0.025370
246.329999	0.007990
247.019999	-0.008750
247.709999	-0.024390
248.399999	-0.038550
249.089999	-0.050990
249.779999	-0.061600
250.469999	-0.070370
251.159999	-0.077360
251.849999	-0.082710
252.539999	-0.086610
253.229999	-0.089330
253.919999	-0.091110
254.609999	-0.092170
255.299999	-0.092510
255.989999	-0.092020
256.679999	-0.090550
257.369999	-0.088070
258.059999	-0.084590
258.749999	-0.080190
259.439999	-0.074960
260.129999	-0.069090
260.819999	-0.062770
261.509999	-0.056220
262.199999	-0.049570
262.889999	-0.042820
263.579999	-0.035700
264.269999	-0.027830
264.959999	-0.018780
265.649999	-0.008230
266.339999	0.003850
267.029999	0.017310
267.719999	0.031780
268.409999	0.046700
269.099999	0.061280
269.789999	0.074760
270.479999	0.086590
271.169999	0.096410
271.859999	0.104080
272.549999	0.109740
273.239999	0.113720
273.929999	0.116690
274.619999	0.119410
275.309999	0.122480
275.999999	0.126310
276.689999	0.131180
277.379999	0.137280
278.069999	0.144610
278.759999	0.153030
279.449999	0.162260
280.139999	0.171890
280.829999	0.181360
281.519999	0.190010
282.209999	0.197140
282.899999	0.202050
283.589999	0.203970
284.279999	0.202010
284.969999	0.195330
285.659999	0.183190
286.349999	0.165170
287.039999	0.141260
287.729999	0.111890
288.419999	0.077740
289.109999	0.039870
289.799999	-0.000180
290.489999	-0.040410
291.179999	-0.078590
291.869999	-0.112720
292.559999	-0.141290
293.249999	-0.163380
293.939999	-0.178430
294.629999	-0.186090
295.319999	-0.186100
296.009999	-0.178400
296.699999	-0.163150
297.389999	-0.140900
298.079999	-0.112480
298.769999	-0.079050
299.459999	-0.042000
300.149999	-0.002920
300.839999	0.036520
301.529999	0.074800
302.219999	0.110490
302.909999	0.142350
303.599999	0.169290
304.289999	0.190480
304.979999	0.205450
305.669999	0.214030
306.359999	0.216380
307.049999	0.212890
307.739999	0.204330
308.429999	0.191600
309.119999	0.175460
309.809999	0.156610
310.499999	0.135940
311.189999	0.114550
311.879999	0.093740
312.569999	0.074870
313.259999	0.059100
313.949999	0.047040
314.639999	0.038700
315.329999	0.033630
316.019999	0.031080
316.709999	0.030030
317.399999	0.029270
318.089999	0.027440
318.779999	0.023210
319.469999	0.015490
320.159999	0.003670
320.849999	-0.012290
321.539999	-0.032030
322.229999	-0.055120
322.919999	-0.081090
323.609999	-0.109360
324.299999	-0.139170
324.989999	-0.169640
325.679999	-0.199900
326.369999	-0.229130
327.059999	-0.256350
327.749999	-0.280760
328.439999	-0.301740
329.129999	-0.318850
329.819999	-0.331860
330.509999	-0.340670
331.199999	-0.345180
331.889999	-0.345350
332.579999	-0.341260
333.269999	-0.333140
333.959999	-0.321570
334.649999	-0.307540
335.339999	-0.292460
336.029999	-0.277810
336.719999	-0.264780
337.409999	-0.254280
338.099999	-0.246960
338.789999	-0.243270
339.479999	-0.243220
340.169999	-0.246360
340.859999	-0.251830
341.549999	-0.258360
342.239999	-0.264550
342.929999	-0.269030
343.619999	-0.270630
344.309999	-0.268490
344.999999	-0.262090
345.689999	-0.251250
346.379999	-0.236090
347.069999	-0.217140
347.759999	-0.195120
348.449999	-0.170800
349.139999	-0.144830
349.829999	-0.117730
350.519999	-0.089900
351.209999	-0.061520
351.899999	-0.032630
352.589999	-0.003200
353.279999	0.026820
353.969999	0.057390
354.659999	0.088310
355.349999	0.119290
356.039999	0.149960
356.729999	0.180010
357.419999	0.209070
358.109999	0.236670
358.799999	0.262360
359.489999	0.285860
360.179999	0.307030
360.869999	0.325780
361.559999	0.342070
362.249999	0.355800
362.939999	0.366880
363.629999	0.375320
364.319999	0.381250
365.009999	0.384920
365.699999	0.386640
366.389999	0.386680
367.079999	0.385330
367.769999	0.382920
368.459999	0.379930
369.149999	0.376810
369.839999	0.373970
370.529999	0.371950
371.219999	0.371270
371.909999	0.372500
372.599999	0.376040
373.289999	0.381990
373.979999	0.390210
374.669999	0.400320
375.359999	0.411890
376.049999	0.424240
376.739999	0.436360
377.429999	0.446860
378.119999	0.454110
378.809999	0.456600
379.499999	0.453240
380.189999	0.443380
380.879999	0.426720
381.569999	0.403230
382.259999	0.373160
382.949999	0.336950
383.639999	0.295170
384.329999	0.248460
385.019999	0.197460
385.709999	0.142840
386.399999	0.085430
387.089999	0.026240
387.779999	-0.033590
388.469999	-0.092950
389.159999	-0.150660
389.849999	-0.205600
390.539999	-0.256970
391.229999	-0.304430
391.919999	-0.347980
392.609999	-0.387960
393.299999	-0.424800
393.989999	-0.459030
394.679999	-0.491270
395.369999	-0.522360
396.059999	-0.553190
396.749999	-0.584270
397.439999	-0.615470
398.129999	-0.645710
398.819999	-0.673170
399.509999	-0.695830
400.199999	-0.711830
400.889999	-0.719890
401.579999	-0.719450
402.269999	-0.710540
402.959999	-0.693670
403.649999	-0.669730
404.339999	-0.639860
405.029999	-0.605260
405.719999	-0.567010
406.409999	-0.525830
407.099999	-0.482210
407.789999	-0.436490
408.479999	-0.389070
409.169999	-0.340450
409.859999	-0.291370
410.549999	-0.242670
411.239999	-0.195220
411.929999	-0.149820
412.619999	-0.107130
413.309999	-0.067640
413.999999	-0.031590
414.689999	0.000920
415.379999	0.029870
416.069999	0.055220
416.759999	0.076920
417.449999	0.094980
418.139999	0.109340
418.829999	0.120010
419.519999	0.127050
420.209999	0.130640
420.899999	0.131150
421.589999	0.129070
422.279999	0.125030
422.969999	0.119880
423.659999	0.114660
424.349999	0.110130
425.039999	0.106910
425.729999	0.105440
426.419999	0.106170
427.109999	0.109450
427.799999	0.115340
428.489999	0.123610
429.179999	0.133860
429.869999	0.145460
430.559999	0.157660
431.249999	0.169680
431.939999	0.180950
432.629999	0.191110
433.319999	0.199970
434.009999	0.207410
434.699998	0.213480
435.389998	0.218200
436.079998	0.221590
436.769998	0.223600
437.459998	0.224130
438.149998	0.223080
438.839998	0.220450
439.529998	0.216280
440.219998	0.210650
440.909998	0.203700
441.599998	0.195630
442.289998	0.186700
442.979998	0.177160
443.669998	0.167230
444.359998	0.157150
445.049998	0.147130
445.739998	0.137280
446.429998	0.127530
447.119998	0.117690
447.809998	0.107640
448.499998	0.097180
449.189998	0.086120
449.879998	0.074140
450.569998	0.061080
451.259998	0.047140
451.949998	0.032670
452.639998	0.018120
453.329998	0.004000
454.019998	-0.009200
454.709998	-0.020950
455.399998	-0.030770
456.089998	-0.038280
456.779998	-0.043170
457.469998	-0.045310
458.159998	-0.044780
458.849998	-0.041800
459.539998	-0.036740
460.229998	-0.030110
460.919998	-0.022540
461.609998	-0.014600
462.299998	-0.006810
462.989998	0.000470
463.679998	0.007040
464.369998	0.012790
465.059998	0.017760
465.749998	0.021970
466.439998	0.025220
467.129998	0.027310
467.819998	0.028030
468.509998	0.027210
469.199998	0.024780
469.889998	0.020810
470.579998	0.015490
471.269998	0.009000
471.959998	0.001450
472.649998	-0.007000
473.339998	-0.016090
474.029998	-0.025490
474.719998	-0.034870
475.409998	-0.043910
476.099998	-0.052310
476.789998	-0.059800
477.479998	-0.066310
478.169998	-0.071820
478.859998	-0.076370
479.549998	-0.080020
480.239998	-0.082640
480.929998	-0.084080
481.619998	-0.084220
482.309998	-0.083070
482.999998	-0.080830
483.689998	-0.077710
484.379998	-0.073900
485.069998	-0.069560
485.759998	-0.064820
486.449998	-0.059840
487.139998	-0.054730
487.829998	-0.049610
488.519998	-0.044520
489.209998	-0.039550
489.899998	-0.034850
490.589998	-0.030710
491.279998	-0.027490
491.969998	-0.025540
492.659998	-0.025200
493.349998	-0.026670
494.039998	-0.029980
494.729998	-0.034910
495.419998	-0.041090
496.109998	-0.048010
496.799998	-0.055160
497.489998	-0.062030
498.179998	-0.068120
498.869998	-0.072960
499.559998	-0.076130
500.249998	-0.077310
500.939998	-0.076190
501.629998	-0.072590
502.319998	-0.066470
503.009998	-0.057920
503.699998	-0.047270
504.389998	-0.035060
505.079998	-0.021880
505.769998	-0.008210
506.459998	0.005600
507.149998	0.019340
507.839998	0.032900
508.529998	0.046260
509.219998	0.059480
509.909998	0.072590
510.599998	0.085610
511.289998	0.098440
511.979998	0.110900
512.669998	0.122810
513.359998	0.134050
514.049998	0.144530
514.739998	0.154270
515.429998	0.163380
516.119998	0.171950
516.809998	0.179870
517.499998	0.186900
518.189998	0.192720
518.879998	0.197020
519.569998	0.199560
520.259998	0.200130
520.949998	0.198650
521.639998	0.195160
522.329998	0.189810
523.019998	0.182760
523.709998	0.174370
524.399998	0.165150
525.089998	0.155780
525.779998	0.147040
526.469998	0.139750
527.159998	0.134820
527.849998	0.133190
528.539998	0.135620
529.229998	0.142630
529.919998	0.154390
530.609998	0.170650
531.299998	0.190720
531.989998	0.213370
532.679998	0.236890
533.369998	0.259240
534.059998	0.278350
534.749998	0.292220
535.439998	0.299170
536.129998	0.297970
536.819998	0.287810
537.509998	0.268240
538.199998	0.239190
538.889998	0.200870
539.579998	0.153860
540.269998	0.099070
540.959998	0.037690
541.649998	-0.028690
542.339998	-0.097950
543.029998	-0.167540
543.719998	-0.234800
544.409998	-0.297220
545.099998	-0.352620
545.789998	-0.399530
546.479998	-0.437330
547.169998	-0.466050
547.859998	-0.486210
548.549998	-0.498570
549.239998	-0.504100
549.929998	-0.503800
550.619998	-0.498580
551.309998	-0.489180
551.999998	-0.476250
552.689998	-0.460360
553.379998	-0.442020
554.069998	-0.421730
554.759998	-0.399970
555.449998	-0.377230
556.139998	-0.354000
556.829998	-0.330800
557.519998	-0.308140
558.209998	-0.286420
558.899998	-0.265960
559.589998	-0.246980
560.279998	-0.229630
560.969998	-0.213890
561.659998	-0.199630
562.349998	-0.186560
563.039998	-0.174340
563.729998	-0.162620
564.419998	-0.151110
565.109998	-0.139520
565.799998	-0.127660
566.489998	-0.115490
567.179998	-0.103100
567.869998	-0.090640
568.559998	-0.078360
569.249998	-0.066500
569.939998	-0.055240
570.629998	-0.044650
571.319998	-0.034590
572.009998	-0.024880
572.699998	-0.015270
573.389998	-0.005500
574.079998	0.004590
574.769998	0.015020
575.459998	0.025690
576.149998	0.036420
576.839998	0.047010
577.529998	0.057340
578.219998	0.067310
578.909998	0.076850
579.599998	0.085930
580.289998	0.094570
580.979998	0.102710
581.669998	0.110230
582.359998	0.117030
583.049998	0.123060
583.739998	0.128430
584.429998	0.133380
585.119998	0.138070
585.809998	0.142560
586.499998	0.146820
587.189998	0.150690
587.879998	0.153950
588.569998	0.156470
589.259998	0.158140
589.949998	0.158900
590.639998	0.158760
591.329998	0.157710
592.019998	0.155640
592.709998	0.152460
593.399998	0.148150
594.089998	0.142810
594.779998	0.136590
595.469998	0.129730
596.159998	0.122430
596.849998	0.114910
597.539998	0.107240
598.229998	0.099420
598.919998	0.091430
599.609998	0.083220
600.299998	0.074710
600.989998	0.065870
601.679998	0.056760
602.369998	0.047470
603.059998	0.038110
603.749998	0.028860
604.439998	0.019930
605.129998	0.011500
605.819998	0.003760
606.509998	-0.003110
607.199998	-0.008870
607.889998	-0.013320
608.579998	-0.016310
609.269998	-0.017730
609.959998	-0.017460
610.649998	-0.015390
611.339998	-0.011510
612.029998	-0.005890
612.719998	0.001310
613.409998	0.010030
614.099998	0.020260
614.789998	0.032030
615.479998	0.045270
616.169998	0.059770
616.859998	0.075160
617.549998	0.091070
618.239998	0.107280
618.929998	0.123740
619.619998	0.140410
620.309998	0.157210
620.999998	0.173980
621.689998	0.190530
622.379998	0.206680
623.069998	0.222140
623.759998	0.236680
624.449998	0.250180
625.139998	0.262470
625.829998	0.273350
626.519998	0.282380
627.209998	0.288790
627.899998	0.291760
628.589998	0.290610
629.279998	0.284800
629.969998	0.274010
630.659998	0.257970
631.349998	0.236420
632.039998	0.209150
632.729998	0.176120
633.419998	0.137600
634.109998	0.094200
634.799998	0.046690
635.489998	-0.004040
636.179998	-0.057080
636.869998	-0.111280
637.559998	-0.165360
638.249998	-0.218070
638.939998	-0.268250
639.629998	-0.314910
640.319998	-0.357280
641.009998	-0.394900
641.699998	-0.427590
642.389998	-0.455390
643.079998	-0.478520
643.769998	-0.497300
644.459998	-0.512160
645.149998	-0.523570
645.839998	-0.531970
646.529998	-0.537830
647.219998	-0.541570
647.909998	-0.543430
648.599998	-0.543470
649.289998	-0.541660
649.979998	-0.538000
650.669998	-0.532620
651.359998	-0.525670
652.049998	-0.517180
652.739998	-0.506950
653.429998	-0.494590
654.119998	-0.479760
654.809998	-0.462310
655.499998	-0.442120
656.189998	-0.419130
656.879998	-0.393160
657.569998	-0.364010
658.259998	-0.331590
658.949998	-0.296000
659.639998	-0.257520
660.329998	-0.216600
661.019998	-0.173860
661.709998	-0.130170
662.399998	-0.086670
663.089998	-0.044700
663.779998	-0.005520
664.469998	0.029990
665.159998	0.061330
665.849998	0.088250
666.539998	0.110730
667.229998	0.128990
667.919998	0.143440
668.609998	0.154580
669.299998	0.163020
669.989998	0.169370
670.679998	0.174300
671.369998	0.178380
672.059998	0.181990
672.749998	0.185260
673.439998	0.188150
674.129998	0.190650
674.819998	0.192730
675.509998	0.194490
676.199998	0.196130
676.889998	0.197830
677.579998	0.199730
678.269998	0.201880
678.959998	0.204320
679.649998	0.207120
680.339998	0.210390
681.029998	0.214210
681.719998	0.218640
682.409998	0.223700
683.099998	0.229340
683.789998	0.235390
684.479998	0.241550
685.169998	0.247430
685.859998	0.252590
686.549998	0.256580
687.239998	0.258970
687.929998	0.259420
688.619998	0.257680
689.309998	0.253640
689.999998	0.247240
690.689998	0.238450
691.379998	0.227200
692.069998	0.213470
692.759998	0.197260
693.449998	0.178610
694.139998	0.157710
694.829998	0.134880
695.519998	0.110480
696.209998	0.084900
696.899998	0.058550
697.589998	0.031900
698.279998	0.005480
698.969998	-0.020230
699.659998	-0.044960
700.349998	-0.068570
701.039998	-0.091100
701.729998	-0.112550
702.419998	-0.132800
703.109998	-0.151610
703.799998	-0.168710
704.489998	-0.183750
705.179998	-0.196320
705.869998	-0.206100
706.559998	-0.213060
707.249998	-0.217370
707.939998	-0.219300
708.629998	-0.219030
709.319998	-0.216700
710.009998	-0.212460
710.699998	-0.206440
711.389998	-0.198660
712.079998	-0.189050
712.769998	-0.177620
713.459998	-0.164510
714.149998	-0.149970
714.839998	-0.134300
715.529998	-0.117800
716.219998	-0.100680
716.909998	-0.083050
717.599998	-0.064980
718.289998	-0.046550
718.979998	-0.027920
719.669998	-0.009320
720.359998	0.008940
721.049998	0.026370
721.739998	0.042390
722.429998	0.056430
723.119998	0.068000
723.809997	0.076690
724.499997	0.082260
725.189997	0.084630
725.879997	0.083840
726.569997	0.080100
727.259997	0.073830
727.949997	0.065540
728.639997	0.055780
729.329997	0.045120
730.019997	0.034100
730.709997	0.023240
731.399997	0.012980
732.089997	0.003750
732.779997	-0.004080
733.469997	-0.010280
734.159997	-0.014640
734.849997	-0.017100
735.539997	-0.017690
736.229997	-0.016490
736.919997	-0.013630
737.609997	-0.009290
738.299997	-0.003780
738.989997	0.002540
739.679997	0.009340
740.369997	0.016370
741.059997	0.023440
741.749997	0.030420
742.439997	0.037170
743.129997	0.043510
743.819997	0.049350
744.509997	0.054570
745.199997	0.059060
745.889997	0.062700
746.579997	0.065420
747.269997	0.067250
747.959997	0.068420
748.649997	0.069240
749.339997	0.069970
750.029997	0.070750
750.719997	0.071720
751.409997	0.073010
752.099997	0.074930
752.789997	0.077900
753.479997	0.082450
754.169997	0.089020
754.859997	0.097930
755.549997	0.109300
756.239997	0.123070
756.929997	0.138940
757.619997	0.156410
758.309997	0.174860
758.999997	0.193530
759.689997	0.211660
760.379997	0.228540
761.069997	0.243430
761.759997	0.255580
762.449997	0.264340
763.139997	0.269150
763.829997	0.269660
764.519997	0.265690
765.209997	0.257360
765.899997	0.245070
766.589997	0.229210
767.279997	0.210110
767.969997	0.188060
768.659997	0.163380
769.349997	0.136370
770.039997	0.107080
770.729997	0.075490
771.419997	0.041610
772.109997	0.005570
772.799997	-0.032140
773.489997	-0.070560
774.179997	-0.108210
774.869997	-0.143360
775.559997	-0.174370
776.249997	-0.199910
776.939997	-0.219020
777.629997	-0.231030
778.319997	-0.235400
779.009997	-0.231880
779.699997	-0.220550
780.389997	-0.201950
781.079997	-0.177130
781.769997	-0.147640
782.459997	-0.115320
783.149997	-0.082280
783.839997	-0.050640
784.529997	-0.022430
785.219997	0.000660
785.909997	0.017330
786.599997	0.026780
787.289997	0.028800
787.979997	0.023790
788.669997	0.012550
789.359997	-0.003810
790.049997	-0.024160
790.739997	-0.047320
791.429997	-0.072140
792.119997	-0.097440
792.809997	-0.122240
793.499997	-0.145830
794.189997	-0.167780
794.879997	-0.187960
795.569997	-0.206420
796.259997	-0.223200
796.949997	-0.238210
797.639997	-0.251280
798.329997	-0.262150
799.019997	-0.270640
799.709997	-0.276480
800.399997	-0.279410
801.089997	-0.279250
801.779997	-0.275970
802.469997	-0.269700
803.159997	-0.260640
803.849997	-0.249160
804.539997	-0.235760
805.229997	-0.220920
805.919997	-0.205180
806.609997	-0.189100
807.299997	-0.173190
807.989997	-0.157920
808.679997	-0.143700
809.369997	-0.130800
810.059997	-0.119410
810.749997	-0.109530
811.439997	-0.101020
812.129997	-0.093670
812.819997	-0.087330
813.509997	-0.081900
814.199997	-0.077120
814.889997	-0.072590
815.579997	-0.068000
816.269997	-0.063120
816.959997	-0.057940
817.649997	-0.052500
818.339997	-0.046960
819.029997	-0.041410
819.719997	-0.035870
820.409997	-0.030330
821.099997	-0.024840
821.789997	-0.019430
822.479997	-0.014110
823.169997	-0.008910
823.859997	-0.003810
824.549997	0.001190
825.239997	0.006230
825.929997	0.011490
826.619997	0.017170
827.309997	0.023440
827.999997	0.030430
828.689997	0.038290
829.379997	0.047270
830.069997	0.057660
830.759997	0.069600
831.449997	0.082960
832.139997	0.097490
832.829997	0.112930
833.519997	0.129050
834.209997	0.145550
834.899997	0.162050
835.589997	0.178200
836.279997	0.193670
836.969997	0.208210
837.659997	0.221710
838.349997	0.234020
839.039997	0.245010
839.729997	0.254610
840.419997	0.262710
841.109997	0.269260
841.799997	0.274300
842.489997	0.278110
843.179997	0.281110
843.869997	0.283750
844.559997	0.286380
845.249997	0.289250
845.939997	0.292530
846.629997	0.296380
847.319997	0.300770
848.009997	0.305510
848.699997	0.310320
849.389997	0.314690
850.079997	0.318110
850.769997	0.320090
851.459997	0.320270
852.149997	0.318460
852.839997	0.314630
853.529997	0.308960
854.219997	0.301670
854.909997	0.293020
855.599997	0.283400
856.289997	0.273230
856.979997	0.262840
857.669997	0.252400
858.359997	0.241910
859.049997	0.231280
859.739997	0.220440
860.429997	0.209450
861.119997	0.198340
861.809997	0.187120
862.499997	0.175650
863.189997	0.163630
863.879997	0.150710
864.569997	0.136580
865.259997	0.121120
865.949997	0.104400
866.639997	0.086420
867.329997	0.066980
868.019997	0.045610
868.709997	0.021610
869.399997	-0.005680
870.089997	-0.036880
870.779997	-0.072410
871.469997	-0.112660
872.159997	-0.157810
872.849997	-0.207630
873.539997	-0.261440
874.229997	-0.318190
874.919997	-0.376260
875.609997	-0.433620
876.299997	-0.488020
876.989997	-0.537390
877.679997	-0.580040
878.369997	-0.614830
879.059997	-0.641130
879.749997	-0.658920
880.439997	-0.668660
881.129997	-0.671230
881.819997	-0.667590
882.509997	-0.658610
883.199997	-0.645000
883.889997	-0.627450
884.579997	-0.606650
885.269997	-0.583250
885.959997	-0.557890
886.649997	-0.531220
887.339997	-0.503910
888.029997	-0.476390
888.719997	-0.448700
889.409997	-0.420550
890.099997	-0.391560
890.789997	-0.361320
891.479997	-0.329520
892.169997	-0.296060
892.859997	-0.260950
893.549997	-0.224060
894.239997	-0.185420
894.929997	-0.145260
895.619997	-0.104000
896.309997	-0.062250
896.999997	-0.020770
897.689997	0.019580
898.379997	0.058060
899.069997	0.094030
899.759997	0.127040
900.449997	0.156790
901.139997	0.183120
901.829997	0.206040
902.519997	0.225580
903.209997	0.241940
903.899997	0.255250
904.589997	0.265620
905.279997	0.273230
905.969997	0.278300
906.659997	0.281120
907.349997	0.281870
908.039997	0.280830
908.729997	0.278470
909.419997	0.275210
910.109997	0.271440
910.799997	0.267500
911.489997	0.263670
912.179997	0.260110
912.869997	0.256910
913.559997	0.253990
914.249997	0.251200
914.939997	0.248310
915.629997	0.245080
916.319997	0.241260
917.009997	0.236570
917.699997	0.230670
918.389997	0.223320
919.079997	0.214420
919.769997	0.204000
920.459997	0.192140
921.149997	0.178900
921.839997	0.164380
922.529997	0.148680
923.219997	0.131940
923.909997	0.114460
924.599997	0.096550
925.289997	0.078590
925.979997	0.060890
926.669997	0.043590
927.359997	0.026750
928.049997	0.010390
928.739997	-0.005410
929.429997	-0.020610
930.119997	-0.035020
930.809997	-0.048370
931.499997	-0.060380
932.189997	-0.070800
932.879997	-0.079410
933.569997	-0.086050
934.259997	-0.090630
934.949997	-0.093040
935.639997	-0.093090
936.329997	-0.090660
937.019997	-0.085790
937.709997	-0.078610
938.399997	-0.069300
939.089997	-0.058150
939.779997	-0.045610
940.469997	-0.032280
941.159997	-0.018820
941.849997	-0.005880
942.539997	0.006030
943.229997	0.016480
943.919997	0.025060
944.609997	0.031470
945.299997	0.035680
945.989997	0.037890
946.679997	0.038560
947.369997	0.038160
948.059997	0.037070
948.749997	0.035590
949.439997	0.033920
950.129997	0.032180
950.819997	0.030450
951.509997	0.028750
952.199997	0.027070
952.889997	0.025370
953.579997	0.023570
954.269997	0.021650
954.959997	0.019550
955.649997	0.017170
956.339997	0.014430
957.029997	0.011310
957.719997	0.007880
958.409997	0.004320
959.099997	0.000740
959.789997	-0.002830
960.479997	-0.006510
961.169997	-0.010350
961.859997	-0.014460
962.549997	-0.018910
963.239997	-0.023800
963.929997	-0.029200
964.619997	-0.035090
965.309997	-0.041420
965.999997	-0.048190
966.689997	-0.055370
967.379997	-0.062820
968.069997	-0.070270
968.759997	-0.077280
969.449997	-0.083390
970.139997	-0.088240
970.829997	-0.091620
971.519997	-0.093490
972.209997	-0.093920
972.899997	-0.093010
973.589997	-0.090810
974.279997	-0.087380
974.969997	-0.082680
975.659997	-0.076700
976.349997	-0.069400
977.039997	-0.060680
977.729997	-0.050480
978.419997	-0.038800
979.109997	-0.025650
979.799997	-0.011060
980.489997	0.004830
981.179997	0.021640
981.869997	0.038760
982.559997	0.055430
983.249997	0.070980
983.939997	0.084870
984.629997	0.096590
985.319997	0.105660
986.009997	0.111660
986.699997	0.114330
987.389997	0.113580
988.079997	0.109470
988.769997	0.102350
989.459997	0.092810
990.149997	0.081620
990.839997	0.069770
991.529997	0.058440
992.219997	0.048710
992.909997	0.041400
993.599997	0.037080
994.289997	0.035990
994.979997	0.037980
995.669997	0.042610
996.359997	0.049220
997.049997	0.056960
997.739997	0.064970
998.429997	0.072510
999.119997	0.079080
999.809997	0.084530
1000.499997	0.088970
1001.189997	0.092650
1001.879997	0.095770
1002.569997	0.098480
1003.259997	0.100980
1003.949997	0.103590
1004.639997	0.106620
1005.329997	0.110290
1006.019997	0.114660
1006.709997	0.119690
1007.399997	0.125270
1008.089997	0.131220
1008.779997	0.137340
1009.469997	0.143370
1010.159997	0.149030
1010.849997	0.154040
1011.539997	0.158260
1012.229997	0.161540
1012.919997	0.163570
1013.609996	0.163870
1014.299996	0.162050
1014.989996	0.157910
1015.679996	0.151410
1016.369996	0.142740
1017.059996	0.132220
1017.749996	0.120200
1018.439996	0.107010
1019.129996	0.092960
1019.819996	0.078390
1020.509996	0.063640
1021.199996	0.048990
1021.889996	0.034620
1022.579996	0.020570
1023.269996	0.006830
1023.959996	-0.006650
1024.649996	-0.019820
1025.339996	-0.032430
1026.029996	-0.044170
1026.719996	-0.054650
1027.409996	-0.063370
1028.099996	-0.069930
1028.789996	-0.073970
1029.479996	-0.075240
1030.169996	-0.073580
1030.859996	-0.068940
1031.549996	-0.061390
1032.239996	-0.051280
1032.929996	-0.039340
1033.619996	-0.026540
1034.309996	-0.013980
1034.999996	-0.002730
1035.689996	0.006260
1036.379996	0.012250
1037.069996	0.014650
1037.759996	0.012950
1038.449996	0.006610
1039.139996	-0.004980
1039.829996	-0.022350
1040.519996	-0.045890
1041.209996	-0.075860
1041.899996	-0.112390
1042.589996	-0.155430
1043.279996	-0.204740
1043.969996	-0.259830
1044.659996	-0.319840
1045.349996	-0.383130
1046.039996	-0.447230
1046.729996	-0.509200
1047.419996	-0.566080
1048.109996	-0.615140
1048.799996	-0.654010
1049.489996	-0.680780
1050.179996	-0.694100
1050.869996	-0.693230
1051.559996	-0.678130
1052.249996	-0.649380
1052.939996	-0.608170
1053.629996	-0.556240
1054.319996	-0.495890
1055.009996	-0.429750
1055.699996	-0.360370
1056.389996	-0.290020
1057.079996	-0.220720
1057.769996	-0.154280
1058.459996	-0.092310
1059.149996	-0.036060
1059.839996	0.013740
1060.529996	0.056890
1061.219996	0.093700
1061.909996	0.124900
1062.599996	0.151420
1063.289996	0.174340
1063.979996	0.194780
1064.669996	0.213830
1065.359996	0.232430
1066.049996	0.251240
1066.739996	0.270630
1067.429996	0.290660
1068.119996	0.310990
1068.809996	0.331120
1069.499996	0.350570
1070.189996	0.368810
1070.879996	0.385190
1071.569996	0.398990
1072.259996	0.409570
1072.949996	0.416560
1073.639996	0.419910
1074.329996	0.419780
1075.019996	0.416600
1075.709996	0.410950
1076.399996	0.403500
1077.089996	0.394870
1077.779996	0.385490
1078.469996	0.375570
1079.159996	0.365080
1079.849996	0.353850
1080.539996	0.341560
1081.229996	0.327880
1081.919996	0.312710
1082.609996	0.296230
1083.299996	0.278710
1083.989996	0.260560
1084.679996	0.242190
1085.369996	0.223900
1086.059996	0.205890
1086.749996	0.188230
1087.439996	0.171060
1088.129996	0.154580
1088.819996	0.139040
1089.509996	0.124750
1090.199996	0.112020
1090.889996	0.101060
1091.579996	0.091920
1092.269996	0.084550
1092.959996	0.078680
1093.649996	0.073780
1094.339996	0.069150
1095.029996	0.063900
1095.719996	0.057030
1096.409996	0.047450
1097.099996	0.034010
1097.789996	0.015470
1098.479996	-0.009300
1099.169996	-0.041230
1099.859996	-0.080740
1100.549996	-0.127610
1101.239996	-0.180960
1101.929996	-0.239290
1102.619996	-0.300650
1103.309996	-0.362910
1103.999996	-0.423960
1104.689996	-0.481820
1105.379996	-0.534700
1106.069996	-0.581100
1106.759996	-0.619660
1107.449996	-0.649230
1108.139996	-0.668900
1108.829996	-0.678000
1109.519996	-0.676230
1110.209996	-0.663830
1110.899996	-0.641620
1111.589996	-0.610910
1112.279996	-0.573560
1112.969996	-0.531580
1113.659996	-0.486780
1114.349996	-0.440660
1115.039996	-0.394390
1115.729996	-0.348870
1116.419996	-0.304660
1117.109996	-0.261900
1117.799996	-0.220530
1118.489996	-0.180440
1119.179996	-0.141520
1119.869996	-0.103740
1120.559996	-0.067180
1121.249996	-0.032070
1121.939996	0.001270
1122.629996	0.032500
1123.319996	0.061290
1124.009996	0.087300
1124.699996	0.110260
1125.389996	0.130190
1126.079996	0.147360
1126.769996	0.162180
1127.459996	0.175080
1128.149996	0.186490
1128.839996	0.196790
1129.529996	0.206190
1130.219996	0.214710
1130.909996	0.222140
1131.599996	0.228210
1132.289996	0.232680
1132.979996	0.235380
1133.669996	0.236230
1134.359996	0.235290
1135.049996	0.232660
1135.739996	0.228550
1136.429996	0.223180
1137.119996	0.216800
1137.809996	0.209660
1138.499996	0.202090
1139.189996	0.194410
1139.879996	0.186880
1140.569996	0.179750
1141.259996	0.173320
1141.949996	0.167830
1142.639996	0.163350
1143.329996	0.159860
1144.019996	0.157200
1144.709996	0.155050
1145.399996	0.153090
1146.089996	0.151030
1146.779996	0.148690
1147.469996	0.146070
1148.159996	0.143250
1148.849996	0.140260
1149.539996	0.137010
1150.229996	0.133300
1150.919996	0.129000
1151.609996	0.124020
1152.299996	0.118290
1152.989996	0.111800
1153.679996	0.104610
1154.369996	0.096690
1155.059996	0.088000
1155.749996	0.078630
1156.439996	0.068780
1157.129996	0.058540
1157.819996	0.047950
1158.509996	0.037030
1159.199996	0.025780
1159.889996	0.014250
1160.579996	0.002500
1161.269996	-0.009450
1161.959996	-0.021610
1162.649996	-0.033890
1163.339996	-0.046190
1164.029996	-0.058260
1164.719996	-0.069760
1165.409996	-0.080320
1166.099996	-0.089470
1166.789996	-0.096780
1167.479996	-0.101870
1168.169996	-0.104520
1168.859996	-0.104670
1169.549996	-0.102400
1170.239996	-0.097930
1170.929996	-0.091510
1171.619996	-0.083370
1172.309996	-0.073860
1172.999996	-0.063330
1173.689996	-0.052080
1174.379996	-0.040350
1175.069996	-0.028330
1175.759996	-0.016180
1176.449996	-0.004110
1177.139996	0.007590
1177.829996	0.018540
1178.519996	0.028380
1179.209996	0.036850
1179.899996	0.043790
1180.589996	0.049120
1181.279996	0.052810
1181.969996	0.054910
1182.659996	0.055590
1183.349996	0.055080
1184.039996	0.053690
1184.729996	0.051830
1185.419996	0.049960
1186.109996	0.048530
1186.799996	0.047980
1187.489996	0.048640
1188.179996	0.050740
1188.869996	0.054300
1189.559996	0.059300
1190.249996	0.065750
1190.939996	0.073570
1191.629996	0.082530
1192.319996	0.092270
1193.009996	0.102340
1193.699996	0.112200
1194.389996	0.121300
1195.079996	0.129190
1195.769996	0.135620
1196.459996	0.140590
1197.149996	0.144260
1197.839996	0.146800
1198.529996	0.148440
1199.219996	0.149440
1199.909996	0.150000
