0.000000	0.170030
0.690000	0.165553
1.380000	0.156586
2.070000	0.143541
2.760000	0.127081
3.450000	0.108066
4.140000	0.087519
4.830000	0.066526
5.520000	0.046078
6.210000	0.026994
6.900000	0.009933
7.590000	-0.004568
8.280000	-0.016120
8.970000	-0.024531
9.660000	-0.029921
10.350000	-0.032674
11.040000	-0.033225
11.730000	-0.031829
12.420000	-0.028399
13.110000	-0.022552
13.800000	-0.013760
14.490000	-0.001508
15.180000	0.014560
15.870000	0.034527
16.560000	0.058198
17.250000	0.085227
17.940000	0.115013
18.630000	0.146650
19.320000	0.178839
20.010000	0.209917
20.700000	0.238222
21.390000	0.262457
22.080000	0.281761
22.770000	0.295638
23.460000	0.303770
24.150000	0.305868
24.840000	0.301685
25.530000	0.291133
26.220000	0.274349
26.910000	0.251785
27.600000	0.224146
28.290000	0.192352
28.980000	0.157419
29.670000	0.120417
30.360000	0.082441
31.050000	0.044542
31.740000	0.007736
32.430000	-0.027029
33.120000	-0.058895
33.810000	-0.087125
34.500000	-0.111213
35.190000	-0.130963
35.880000	-0.146528
36.570000	-0.158310
37.260000	-0.166740
37.950000	-0.172116
38.640000	-0.174587
39.330000	-0.174203
40.020000	-0.170985
40.710000	-0.164999
41.400000	-0.156362
42.090000	-0.145238
42.780000	-0.131787
43.470000	-0.116149
44.160000	-0.098461
44.850000	-0.079001
45.540000	-0.058233
46.230000	-0.036803
46.920000	-0.015544
47.610000	0.004699
48.300000	0.023310
48.990000	0.040003
49.680000	0.054773
50.370000	0.067736
51.060000	0.078970
51.750000	0.088467
52.440000	0.096084
53.130000	0.101615
53.820000	0.104894
54.510000	0.105855
55.200000	0.104584
55.890000	0.101254
56.580000	0.096121
57.270000	0.089465
57.960000	0.081626
58.650000	0.073072
59.340000	0.064371
60.030000	0.056153
60.720000	0.048971
61.410000	0.043220
62.100000	0.039113
62.790000	0.036684
63.480000	0.035839
64.170000	0.036356
64.860000	0.037842
65.550000	0.039784
66.240000	0.041627
66.930000	0.042827
67.620000	0.042882
68.310000	0.041385
69.000000	0.038072
69.690000	0.032870
70.380000	0.026032
71.070000	0.018103
71.760000	0.009744
72.450000	0.001645
73.140000	-0.005609
73.830000	-0.011650
74.520000	-0.016331
75.210000	-0.019719
75.900000	-0.022095
76.590000	-0.023833
77.280000	-0.025306
77.970000	-0.026820
78.660000	-0.028465
79.350000	-0.030173
80.040000	-0.031838
80.730000	-0.033411
81.420000	-0.034907
82.110000	-0.036365
82.800000	-0.037817
83.490000	-0.039296
84.180000	-0.040810
84.870000	-0.042367
85.560000	-0.043928
86.250000	-0.045304
86.940000	-0.046207
87.630000	-0.046386
88.320000	-0.045683
89.010000	-0.044017
89.700000	-0.041486
90.390000	-0.038410
91.080000	-0.035362
91.770000	-0.033081
92.460000	-0.032303
93.150000	-0.033553
93.840000	-0.037022
94.530000	-0.042534
95.220000	-0.049641
95.910000	-0.057776
96.600000	-0.066259
97.290000	-0.074252
97.980000	-0.080829
98.670000	-0.085157
99.360000	-0.086619
100.050000	-0.084945
100.740000	-0.080302
101.430000	-0.073181
102.120000	-0.064146
102.810000	-0.053605
103.500000	-0.041813
104.190000	-0.029094
104.880000	-0.015947
105.570000	-0.002974
106.260000	0.009192
106.950000	0.019936
107.640000	0.028749
108.330000	0.035262
109.020000	0.039329
109.710000	0.041040
110.400000	0.040755
111.090000	0.039036
111.780000	0.036576
112.470000	0.034134
113.160000	0.032484
113.850000	0.032348
114.540000	0.034278
115.230000	0.038515
115.920000	0.044876
116.610000	0.052746
117.300000	0.061226
117.990000	0.069351
118.680000	0.076238
119.370000	0.081171
120.060000	0.083698
120.750000	0.083593
121.440000	0.080841
122.130000	0.075554
122.820000	0.067929
123.510000	0.058333
124.200000	0.047295
124.890000	0.035332
125.580000	0.022924
126.270000	0.010535
126.960000	-0.001348
127.650000	-0.012224
128.340000	-0.021703
129.030000	-0.029485
129.720000	-0.035342
130.410000	-0.039120
131.100000	-0.040631
131.790000	-0.039673
132.480000	-0.036203
133.170000	-0.030426
133.860000	-0.022751
134.550000	-0.013785
135.240000	-0.004309
135.930000	0.004914
136.620000	0.013301
137.310000	0.020448
138.000000	0.026111
138.690000	0.030154
139.380000	0.032555
140.070000	0.033401
140.760000	0.032793
141.450000	0.030807
142.140000	0.027556
142.830000	0.023166
143.520000	0.017717
144.210000	0.011330
144.899999	0.004143
145.589999	-0.003585
146.279999	-0.011535
146.969999	-0.019337
147.659999	-0.026604
148.349999	-0.032985
149.039999	-0.038180
149.729999	-0.041984
150.419999	-0.044306
151.109999	-0.045126
151.799999	-0.044446
152.489999	-0.042202
153.179999	-0.038289
153.869999	-0.032707
154.559999	-0.025598
155.249999	-0.017226
155.939999	-0.007812
156.629999	0.002404
157.319999	0.013167
158.009999	0.024130
158.699999	0.034833
159.389999	0.044808
160.079999	0.053621
160.769999	0.060986
161.459999	0.066869
162.149999	0.071617
162.839999	0.075971
163.529999	0.080780
164.219999	0.086788
164.909999	0.094463
165.599999	0.104051
166.289999	0.115677
166.979999	0.129460
167.669999	0.145467
168.359999	0.163615
169.049999	0.183594
169.739999	0.204838
170.429999	0.226602
171.119999	0.247983
171.809999	0.268010
172.499999	0.285717
173.189999	0.300310
173.879999	0.311254
174.569999	0.318330
175.259999	0.321466
175.949999	0.320688
176.639999	0.316110
177.329999	0.307915
178.019999	0.296306
178.709999	0.281492
179.399999	0.263713
180.089999	0.243213
180.779999	0.220133
181.469999	0.194525
182.159999	0.166538
182.849999	0.136508
183.539999	0.104784
184.229999	0.071605
184.919999	0.037180
185.609999	0.001708
186.299999	-0.034577
186.989999	-0.071462
187.679999	-0.108773
188.369999	-0.146362
189.059999	-0.184084
189.749999	-0.221750
190.439999	-0.259012
191.129999	-0.295539
191.819999	-0.331266
192.509999	-0.366397
193.199999	-0.401030
193.889999	-0.435000
194.579999	-0.467807
195.269999	-0.498737
195.959999	-0.527057
196.649999	-0.552066
197.339999	-0.573006
198.029999	-0.588917
198.719999	-0.598598
199.409999	-0.600721
200.099999	-0.593997
200.789999	-0.577281
201.479999	-0.549732
202.169999	-0.510914
202.859999	-0.460836
203.549999	-0.400028
204.239999	-0.329603
204.929999	-0.251245
205.619999	-0.167185
206.309999	-0.080071
206.999999	0.007323
207.689999	0.092302
208.379999	0.172226
209.069999	0.244606
209.759999	0.307174
210.449999	0.358038
211.139999	0.395850
211.829999	0.419772
212.519999	0.429443
213.209999	0.424941
213.899999	0.406739
214.589999	0.375653
215.279999	0.332775
215.969999	0.279455
216.659999	0.217326
217.349999	0.148291
218.039999	0.074507
218.729999	-0.001690
219.419999	-0.077913
220.109999	-0.151842
220.799999	-0.221284
221.489999	-0.284217
222.179999	-0.338885
222.869999	-0.383842
223.559999	-0.418000
224.249999	-0.440669
224.939999	-0.451665
225.629999	-0.451373
226.319999	-0.440726
227.009999	-0.421047
227.699999	-0.393958
228.389999	-0.361241
229.079999	-0.324497
229.769999	-0.284829
230.459999	-0.242770
231.149999	-0.198311
231.839999	-0.151152
232.529999	-0.100965
233.219999	-0.047757
233.909999	0.007858
234.599999	0.064585
235.289999	0.120557
235.979999	0.173556
236.669999	0.221271
237.359999	0.261579
238.049999	0.292729
238.739999	0.313546
239.429999	0.323572
240.119999	0.323092
240.809999	0.313085
241.499999	0.295145
242.189999	0.271314
242.879999	0.243866
243.569999	0.215155
244.259999	0.187419
244.949999	0.162546
245.639999	0.141900
246.329999	0.126121
247.019999	0.115052
247.709999	0.107829
248.399999	0.103200
249.089999	0.099973
249.779999	0.097245
250.469999	0.094456
251.159999	0.091258
251.849999	0.087333
252.539999	0.082330
253.229999	0.075948
253.919999	0.068081
254.609999	0.058802
255.299999	0.048332
255.989999	0.037002
256.679999	0.025188
257.369999	0.013181
258.059999	0.001193
258.749999	-0.010589
259.439999	-0.021950
260.129999	-0.032609
260.819999	-0.042220
261.509999	-0.050303
262.199999	-0.056252
262.889999	-0.059417
263.579999	-0.059195
264.269999	-0.055120
264.959999	-0.046873
265.649999	-0.034449
266.339999	-0.018180
267.029999	0.001317
267.719999	0.023254
268.409999	0.046707
269.099999	0.070633
269.789999	0.093852
270.479999	0.115061
271.169999	0.132996
271.859999	0.146616
272.549999	0.155264
273.239999	0.158733
273.929999	0.157211
274.619999	0.151165
275.309999	0.141225
275.999999	0.128146
276.689999	0.112689
277.379999	0.095626
278.069999	0.077648
278.759999	0.059361
279.449999	0.041243
280.139999	0.023609
280.829999	0.006612
281.519999	-0.009679
282.209999	-0.025281
282.899999	-0.040283
283.589999	-0.054801
284.279999	-0.068927
284.969999	-0.082757
285.659999	-0.096388
286.349999	-0.109787
287.039999	-0.122790
287.729999	-0.135142
288.419999	-0.146461
289.109999	-0.156326
289.799999	-0.164352
290.489999	-0.170134
291.179999	-0.173236
291.869999	-0.173295
292.559999	-0.170003
293.249999	-0.163036
293.939999	-0.152196
294.629999	-0.137458
295.319999	-0.119055
296.009999	-0.097516
296.699999	-0.073705
297.389999	-0.048712
298.079999	-0.023601
298.769999	0.000740
299.459999	0.023676
300.149999	0.044712
300.839999	0.063383
301.529999	0.079202
302.219999	0.091746
302.909999	0.100836
303.599999	0.106683
304.289999	0.109923
304.979999	0.111461
305.669999	0.112245
306.359999	0.113078
307.049999	0.114479
307.739999	0.116622
308.429999	0.119294
309.119999	0.122023
309.809999	0.124243
310.499999	0.125517
311.189999	0.125587
311.879999	0.124271
312.569999	0.121439
313.259999	0.116974
313.949999	0.110714
314.639999	0.102573
315.329999	0.092567
316.019999	0.080828
316.709999	0.067606
317.399999	0.053291
318.089999	0.038291
318.779999	0.023014
319.469999	0.007820
320.159999	-0.006926
320.849999	-0.020889
321.539999	-0.033860
322.229999	-0.045801
322.919999	-0.056774
323.609999	-0.066911
324.299999	-0.076381
324.989999	-0.085273
325.679999	-0.093532
326.369999	-0.101031
327.059999	-0.107595
327.749999	-0.113004
328.439999	-0.117179
329.129999	-0.120154
329.819999	-0.121976
330.509999	-0.122652
331.199999	-0.122087
331.889999	-0.120052
332.579999	-0.116252
333.269999	-0.110478
333.959999	-0.102648
334.649999	-0.092763
335.339999	-0.080861
336.029999	-0.066966
336.719999	-0.051051
337.409999	-0.033043
338.099999	-0.012874
338.789999	0.009393
339.479999	0.033486
340.169999	0.058938
340.859999	0.085133
341.549999	0.111282
342.239999	0.136488
342.929999	0.159820
343.619999	0.180307
344.309999	0.197014
344.999999	0.209123
345.689999	0.215949
346.379999	0.216977
347.069999	0.211981
347.759999	0.201082
348.449999	0.184824
349.139999	0.164081
349.829999	0.139976
350.519999	0.113720
351.209999	0.086403
351.899999	0.058930
352.589999	0.032025
353.279999	0.006174
353.969999	-0.018324
354.659999	-0.041378
355.349999	-0.063021
356.039999	-0.083426
356.729999	-0.102897
357.419999	-0.121755
358.109999	-0.140302
358.799999	-0.158752
359.489999	-0.177120
360.179999	-0.195251
360.869999	-0.212863
361.559999	-0.229618
362.249999	-0.245067
362.939999	-0.258569
363.629999	-0.269458
364.319999	-0.277085
365.009999	-0.280805
365.699999	-0.280037
366.389999	-0.274300
367.079999	-0.263256
367.769999	-0.246851
368.459999	-0.225396
369.149999	-0.199525
369.839999	-0.170139
370.529999	-0.138335
371.219999	-0.105377
371.909999	-0.072566
372.599999	-0.041125
373.289999	-0.012074
373.979999	0.013789
374.669999	0.035919
375.359999	0.053899
376.049999	0.067533
376.739999	0.076865
377.429999	0.082122
378.119999	0.083777
378.809999	0.082593
379.499999	0.079546
380.189999	0.075725
380.879999	0.072227
381.569999	0.069909
382.259999	0.069164
382.949999	0.069844
383.639999	0.071366
384.329999	0.072977
385.019999	0.074010
385.709999	0.073939
386.399999	0.072393
387.089999	0.069150
387.779999	0.064179
388.469999	0.057700
389.159999	0.050156
389.849999	0.042065
390.539999	0.033987
391.229999	0.026417
391.919999	0.019765
392.609999	0.014510
393.299999	0.011207
393.989999	0.010432
394.679999	0.012698
395.369999	0.018311
396.059999	0.027336
396.749999	0.039655
397.439999	0.055009
398.129999	0.073051
398.819999	0.093462
399.509999	0.116070
400.199999	0.140725
400.889999	0.167160
401.579999	0.194824
402.269999	0.223025
402.959999	0.250960
403.649999	0.277702
404.339999	0.302221
405.029999	0.323585
405.719999	0.341189
406.409999	0.354910
407.099999	0.364888
407.789999	0.371127
408.479999	0.373338
409.169999	0.371042
409.859999	0.363824
410.549999	0.351448
411.239999	0.333944
411.929999	0.311712
412.619999	0.285553
413.309999	0.256523
413.999999	0.225925
414.689999	0.195166
415.379999	0.165455
416.069999	0.137503
416.759999	0.111543
417.449999	0.087588
418.139999	0.065505
418.829999	0.044945
419.519999	0.025371
420.209999	0.006222
420.899999	-0.012803
421.589999	-0.031497
422.279999	-0.049025
422.969999	-0.064262
423.659999	-0.076343
424.349999	-0.084918
425.039999	-0.090091
425.729999	-0.092245
426.419999	-0.091922
427.109999	-0.089702
427.799999	-0.086153
428.489999	-0.081821
429.179999	-0.077234
429.869999	-0.072948
430.559999	-0.069678
431.249999	-0.068374
431.939999	-0.070168
432.629999	-0.076206
433.319999	-0.087373
434.009999	-0.104111
434.699998	-0.126481
435.389998	-0.154341
436.079998	-0.187376
436.769998	-0.225155
437.459998	-0.267148
438.149998	-0.312682
438.839998	-0.360918
439.529998	-0.410719
440.219998	-0.460344
440.909998	-0.507229
441.599998	-0.548166
442.289998	-0.579846
442.979998	-0.599331
443.669998	-0.604361
444.359998	-0.593525
445.049998	-0.566348
445.739998	-0.523327
446.429998	-0.465923
447.119998	-0.396491
447.809998	-0.318082
448.499998	-0.234268
449.189998	-0.148923
449.879998	-0.066033
450.569998	0.010715
451.259998	0.078242
451.949998	0.134212
452.639998	0.176998
453.329998	0.205706
454.019998	0.220227
454.709998	0.221173
455.399998	0.209786
456.089998	0.187796
456.779998	0.157283
457.469998	0.120531
458.159998	0.079838
458.849998	0.037347
459.539998	-0.005031
460.229998	-0.045556
460.919998	-0.082654
461.609998	-0.115077
462.299998	-0.142054
462.989998	-0.163468
463.679998	-0.179783
464.369998	-0.191785
465.059998	-0.200339
465.749998	-0.206352
466.439998	-0.210634
467.129998	-0.213799
467.819998	-0.216173
468.509998	-0.217731
469.199998	-0.218142
469.889998	-0.216899
470.579998	-0.213378
471.269998	-0.206828
471.959998	-0.196476
472.649998	-0.181655
473.339998	-0.161981
474.029998	-0.137419
474.719998	-0.108344
475.409998	-0.075560
476.099998	-0.040177
476.789998	-0.003415
477.479998	0.033544
478.169998	0.069748
478.859998	0.104455
479.549998	0.137013
480.239998	0.166770
480.929998	0.193016
481.619998	0.214993
482.309998	0.231975
482.999998	0.243384
483.689998	0.248942
484.379998	0.248877
485.069998	0.243966
485.759998	0.235392
486.449998	0.224475
487.139998	0.212331
487.829998	0.199792
488.519998	0.187474
489.209998	0.175823
489.899998	0.165065
490.589998	0.155110
491.279998	0.145501
491.969998	0.135538
492.659998	0.124545
493.349998	0.112091
494.039998	0.098054
494.729998	0.082566
495.419998	0.065940
496.109998	0.048603
496.799998	0.031087
497.489998	0.014067
498.179998	-0.001696
498.869998	-0.015557
499.559998	-0.027132
500.249998	-0.036172
500.939998	-0.042417
501.629998	-0.045509
502.319998	-0.045051
503.009998	-0.040785
503.699998	-0.032704
504.389998	-0.021040
505.079998	-0.006201
505.769998	0.011304
506.459998	0.030915
507.149998	0.051931
507.839998	0.073394
508.529998	0.094028
509.219998	0.112485
509.909998	0.127644
510.599998	0.138677
511.289998	0.145162
511.979998	0.147116
512.669998	0.144906
513.359998	0.139137
514.049998	0.130559
514.739998	0.119962
515.429998	0.108127
516.119998	0.095796
516.809998	0.083709
517.499998	0.072582
518.189998	0.062938
518.879998	0.054909
519.569998	0.048175
520.259998	0.042085
520.949998	0.035953
521.639998	0.029198
522.329998	0.021382
523.019998	0.012250
523.709998	0.001680
524.399998	-0.010321
525.089998	-0.023674
525.779998	-0.038086
526.469998	-0.053016
527.159998	-0.067670
527.849998	-0.081170
528.539998	-0.092724
529.229998	-0.101757
529.919998	-0.107863
530.609998	-0.110756
531.299998	-0.110227
531.989998	-0.106149
532.679998	-0.098569
533.369998	-0.087811
534.059998	-0.074447
534.749998	-0.059186
535.439998	-0.042782
536.129998	-0.025940
536.819998	-0.009230
537.509998	0.006933
538.199998	0.022182
538.889998	0.036138
539.579998	0.048424
540.269998	0.058657
540.959998	0.066530
541.649998	0.071913
542.339998	0.074887
543.029998	0.075595
543.719998	0.074230
544.409998	0.071037
545.099998	0.066302
545.789998	0.060315
546.479998	0.053375
547.169998	0.045717
547.859998	0.037462
548.549998	0.028618
549.239998	0.019118
549.929998	0.008814
550.619998	-0.002421
551.309998	-0.014627
551.999998	-0.027698
552.689998	-0.041364
553.379998	-0.055265
554.069998	-0.069018
554.759998	-0.082236
555.449998	-0.094555
556.139998	-0.105648
556.829998	-0.115234
557.519998	-0.123029
558.209998	-0.128773
558.899998	-0.132199
559.589998	-0.133040
560.279998	-0.131088
560.969998	-0.126209
561.659998	-0.118364
562.349998	-0.107558
563.039998	-0.093901
563.729998	-0.077631
564.419998	-0.059159
565.109998	-0.039045
565.799998	-0.018019
566.489998	0.003098
567.179998	0.023516
567.869998	0.042494
568.559998	0.059457
569.249998	0.074026
569.939998	0.086016
570.629998	0.095396
571.319998	0.102272
572.009998	0.106834
572.699998	0.109313
573.389998	0.109892
574.079998	0.108620
574.769998	0.105438
575.459998	0.100311
576.149998	0.093330
576.839998	0.084772
577.529998	0.075018
578.219998	0.064502
578.909998	0.053694
579.599998	0.043135
580.289998	0.033359
580.979998	0.024796
581.669998	0.017738
582.359998	0.012286
583.049998	0.008330
583.739998	0.005552
584.429998	0.003481
585.119998	0.001582
585.809998	-0.000688
586.499998	-0.003774
587.189998	-0.007950
587.879998	-0.013323
588.569998	-0.019799
589.259998	-0.027091
589.949998	-0.034737
590.639998	-0.042179
591.329998	-0.048883
592.019998	-0.054398
592.709998	-0.058385
593.399998	-0.060554
594.089998	-0.060713
594.779998	-0.058892
595.469998	-0.055393
596.159998	-0.050681
596.849998	-0.045245
597.539998	-0.039520
598.229998	-0.033839
598.919998	-0.028493
599.609998	-0.023761
600.299998	-0.019868
600.989998	-0.016907
601.679998	-0.014785
602.369998	-0.013266
603.059998	-0.012081
603.749998	-0.011034
604.439998	-0.010054
605.129998	-0.009146
605.819998	-0.008373
606.509998	-0.007839
607.199998	-0.007637
607.889998	-0.007774
608.579998	-0.008172
609.269998	-0.008691
609.959998	-0.009210
610.649998	-0.009645
611.339998	-0.009906
612.029998	-0.009828
612.719998	-0.009142
613.409998	-0.007515
614.099998	-0.004665
614.789998	-0.000458
615.479998	0.005108
616.169998	0.011954
616.859998	0.019888
617.549998	0.028556
618.239998	0.037445
618.929998	0.045928
619.619998	0.053324
620.309998	0.058976
620.999998	0.062271
621.689998	0.062655
622.379998	0.059637
623.069998	0.052872
623.759998	0.042329
624.449998	0.028384
625.139998	0.011792
625.829998	-0.006494
626.519998	-0.025531
627.209998	-0.044392
627.899998	-0.062140
628.589998	-0.077845
629.279998	-0.090614
629.969998	-0.099753
630.659998	-0.104763
631.349998	-0.105313
632.039998	-0.101286
632.729998	-0.092763
633.419998	-0.079959
634.109998	-0.063183
634.799998	-0.042832
635.489998	-0.019408
636.179998	0.006461
636.869998	0.034073
637.559998	0.062680
638.249998	0.091601
638.939998	0.120298
639.629998	0.148281
640.319998	0.174941
641.009998	0.199410
641.699998	0.220586
642.389998	0.237385
643.079998	0.248983
643.769998	0.254978
644.459998	0.255557
645.149998	0.251483
645.839998	0.243887
646.529998	0.234177
647.219998	0.224051
647.909998	0.215288
648.599998	0.209293
649.289998	0.206877
649.979998	0.208380
650.669998	0.213792
651.359998	0.222874
652.049998	0.235037
652.739998	0.249282
653.429998	0.264264
654.119998	0.278470
654.809998	0.290420
655.499998	0.298790
656.189998	0.302515
656.879998	0.300902
657.569998	0.293552
658.259998	0.280242
658.949998	0.260989
659.639998	0.236230
660.329998	0.206945
661.019998	0.174620
661.709998	0.141079
662.399998	0.108293
663.089998	0.078006
663.779998	0.051525
664.469998	0.029617
665.159998	0.012335
665.849998	-0.000822
666.539998	-0.010623
667.229998	-0.018030
667.919998	-0.024119
668.609998	-0.030050
669.299998	-0.036990
669.989998	-0.046044
670.679998	-0.058201
671.369998	-0.074277
672.059998	-0.094874
672.749998	-0.120451
673.439998	-0.151326
674.129998	-0.187410
674.819998	-0.227803
675.509998	-0.270547
676.199998	-0.312866
676.889998	-0.352177
677.579998	-0.386661
678.269998	-0.415279
678.959998	-0.437511
679.649998	-0.453096
680.339998	-0.461923
681.029998	-0.464051
681.719998	-0.459639
682.409998	-0.448931
683.099998	-0.432280
683.789998	-0.410182
684.479998	-0.383260
685.169998	-0.352188
685.859998	-0.317648
686.549998	-0.280315
687.239998	-0.241025
687.929998	-0.200802
688.619998	-0.160751
689.309998	-0.121914
689.999998	-0.085285
690.689998	-0.051870
691.379998	-0.022646
692.069998	0.001579
692.759998	0.020191
693.449998	0.032681
694.139998	0.038623
694.829998	0.037640
695.519998	0.029447
696.209998	0.013988
696.899998	-0.008423
697.589998	-0.037069
698.279998	-0.070926
698.969998	-0.108834
699.659998	-0.149654
700.349998	-0.192320
701.039998	-0.235743
701.729998	-0.278739
702.419998	-0.320042
703.109998	-0.358204
703.799998	-0.391693
704.489998	-0.419083
705.179998	-0.439124
705.869998	-0.450817
706.559998	-0.453424
707.249998	-0.446481
707.939998	-0.429879
708.629998	-0.403961
709.319998	-0.369576
710.009998	-0.327928
710.699998	-0.280335
711.389998	-0.228082
712.079998	-0.172482
712.769998	-0.114908
713.459998	-0.056750
714.149998	0.000709
714.839998	0.056346
715.529998	0.109145
716.219998	0.158107
716.909998	0.202200
717.599998	0.240433
718.289998	0.271972
718.979998	0.296064
719.669998	0.312054
720.359998	0.319553
721.049998	0.318681
721.739998	0.310144
722.429998	0.295104
723.119998	0.274958
723.809997	0.251116
724.499997	0.224909
725.189997	0.197575
725.879997	0.170346
726.569997	0.144463
727.259997	0.120986
727.949997	0.100805
728.639997	0.084622
729.329997	0.072932
730.019997	0.065997
730.709997	0.063833
731.399997	0.066290
732.089997	0.073150
732.779997	0.084091
733.469997	0.098583
734.159997	0.115833
734.849997	0.134806
735.539997	0.154283
736.229997	0.172990
736.919997	0.189700
737.609997	0.203357
738.299997	0.213114
738.989997	0.218364
739.679997	0.218781
740.369997	0.214338
741.059997	0.205245
741.749997	0.191957
742.439997	0.175169
743.129997	0.155685
743.819997	0.134392
744.509997	0.112244
745.199997	0.090179
745.889997	0.068937
746.579997	0.048914
747.269997	0.030091
747.959997	0.012189
748.649997	-0.005140
749.339997	-0.022264
750.029997	-0.039350
750.719997	-0.056060
751.409997	-0.071497
752.099997	-0.084438
752.789997	-0.093580
753.479997	-0.097783
754.169997	-0.096292
754.859997	-0.088949
755.549997	-0.076408
756.239997	-0.060129
756.929997	-0.042172
757.619997	-0.024724
758.309997	-0.009552
758.999997	0.002299
759.689997	0.010575
760.379997	0.015666
761.069997	0.018306
761.759997	0.019372
762.449997	0.019772
763.139997	0.020253
763.829997	0.021302
764.519997	0.023146
765.209997	0.025793
765.899997	0.029059
766.589997	0.032682
767.279997	0.036415
767.969997	0.040082
768.659997	0.043536
769.349997	0.046651
770.039997	0.049347
770.729997	0.051535
771.419997	0.053019
772.109997	0.053542
772.799997	0.052818
773.489997	0.050513
774.179997	0.046305
774.869997	0.040039
775.559997	0.031811
776.249997	0.022050
776.939997	0.011358
777.629997	0.000388
778.319997	-0.010190
779.009997	-0.019733
779.699997	-0.027717
780.389997	-0.033783
781.079997	-0.037727
781.769997	-0.039514
782.459997	-0.039227
783.149997	-0.037073
783.839997	-0.033368
784.529997	-0.028457
785.219997	-0.022652
785.909997	-0.016194
786.599997	-0.009393
787.289997	-0.002673
787.979997	0.003509
788.669997	0.008778
789.359997	0.012987
790.049997	0.016194
790.739997	0.018558
791.429997	0.020233
792.119997	0.021351
792.809997	0.022029
793.499997	0.022312
794.189997	0.022195
794.879997	0.021715
795.569997	0.020943
796.259997	0.019918
796.949997	0.018594
797.639997	0.016911
798.329997	0.014897
799.019997	0.012695
799.709997	0.010544
800.399997	0.008775
801.089997	0.007715
801.779997	0.007682
802.469997	0.008925
803.159997	0.011468
803.849997	0.015161
804.539997	0.019734
805.229997	0.024838
805.919997	0.030119
806.609997	0.035228
807.299997	0.039835
807.989997	0.043621
808.679997	0.046332
809.369997	0.047678
810.059997	0.047403
810.749997	0.045317
811.439997	0.041391
812.129997	0.035757
812.819997	0.028655
813.509997	0.020335
814.199997	0.010962
814.889997	0.000724
815.579997	-0.010037
816.269997	-0.020817
816.959997	-0.031040
817.649997	-0.040238
818.339997	-0.048124
819.029997	-0.054494
819.719997	-0.059186
820.409997	-0.062065
821.099997	-0.062999
821.789997	-0.061897
822.479997	-0.058793
823.169997	-0.053962
823.859997	-0.047836
824.549997	-0.040967
825.239997	-0.033841
825.929997	-0.026868
826.619997	-0.020448
827.309997	-0.014860
827.999997	-0.010274
828.689997	-0.006792
829.379997	-0.004548
830.069997	-0.003673
830.759997	-0.004237
831.449997	-0.006290
832.139997	-0.009851
832.829997	-0.014915
833.519997	-0.021492
834.209997	-0.029529
834.899997	-0.038901
835.589997	-0.049362
836.279997	-0.060612
836.969997	-0.072322
837.659997	-0.084097
838.349997	-0.095533
839.039997	-0.106201
839.729997	-0.115622
840.419997	-0.123326
841.109997	-0.128948
841.799997	-0.132169
842.489997	-0.132675
843.179997	-0.130290
843.869997	-0.125117
844.559997	-0.117482
845.249997	-0.107791
845.939997	-0.096359
846.629997	-0.083364
847.319997	-0.068897
848.009997	-0.053089
848.699997	-0.036184
849.389997	-0.018546
850.079997	-0.000734
850.769997	0.016621
851.459997	0.032957
852.149997	0.047806
852.839997	0.060727
853.529997	0.071259
854.219997	0.079014
854.909997	0.083788
855.599997	0.085642
856.289997	0.084955
856.979997	0.082400
857.669997	0.078839
858.359997	0.075190
859.049997	0.072305
859.739997	0.070829
860.429997	0.071108
861.119997	0.073179
861.809997	0.076771
862.499997	0.081375
863.189997	0.086289
863.879997	0.090744
864.569997	0.093964
865.259997	0.095384
865.949997	0.094708
866.639997	0.091931
867.329997	0.087434
868.019997	0.081821
868.709997	0.075868
869.399997	0.070391
870.089997	0.066157
870.779997	0.063673
871.469997	0.063119
872.159997	0.064322
872.849997	0.066771
873.539997	0.069687
874.229997	0.072059
874.919997	0.072839
875.609997	0.071338
876.299997	0.067450
876.989997	0.061716
877.679997	0.055085
878.369997	0.048729
879.059997	0.043889
879.749997	0.041653
880.439997	0.042788
881.129997	0.047780
881.819997	0.056880
882.509997	0.070036
883.199997	0.086760
883.889997	0.106160
884.579997	0.127129
885.269997	0.148713
885.959997	0.170373
886.649997	0.191941
887.339997	0.213380
888.029997	0.234589
888.719997	0.255213
889.409997	0.274555
890.099997	0.291756
890.789997	0.306001
891.479997	0.316609
892.169997	0.323106
892.859997	0.325250
893.549997	0.323045
894.239997	0.316667
894.929997	0.306369
895.619997	0.292383
896.309997	0.274836
896.999997	0.253732
897.689997	0.229079
898.379997	0.201051
899.069997	0.170018
899.759997	0.136495
900.449997	0.101190
901.139997	0.065119
901.829997	0.029600
902.519997	-0.003884
903.209997	-0.033977
903.899997	-0.059929
904.589997	-0.081713
905.279997	-0.099848
905.969997	-0.115213
906.659997	-0.128813
907.349997	-0.141643
908.039997	-0.154664
908.729997	-0.168817
909.419997	-0.184997
910.109997	-0.203977
910.799997	-0.226308
911.489997	-0.252232
912.179997	-0.281476
912.869997	-0.313098
913.559997	-0.345641
914.249997	-0.377483
914.939997	-0.407178
915.629997	-0.433555
916.319997	-0.455638
917.009997	-0.472534
917.699997	-0.483413
918.389997	-0.487662
919.079997	-0.484954
919.769997	-0.475239
920.459997	-0.458680
921.149997	-0.435599
921.839997	-0.406441
922.529997	-0.371815
923.219997	-0.332619
923.909997	-0.290013
924.599997	-0.245264
925.289997	-0.199614
925.979997	-0.154247
926.669997	-0.110373
927.359997	-0.069328
928.049997	-0.032500
928.739997	-0.001099
929.429997	0.024035
930.119997	0.042358
930.809997	0.053591
931.499997	0.057621
932.189997	0.054578
932.879997	0.044861
933.569997	0.029169
934.259997	0.008456
934.949997	-0.016015
935.639997	-0.042717
936.329997	-0.069866
937.019997	-0.095611
937.709997	-0.118139
938.399997	-0.135853
939.089997	-0.147491
939.779997	-0.152254
940.469997	-0.149928
941.159997	-0.140943
941.849997	-0.126435
942.539997	-0.108041
943.229997	-0.087501
943.919997	-0.066356
944.609997	-0.045837
945.299997	-0.026839
945.989997	-0.009912
946.679997	0.004682
947.369997	0.016858
948.059997	0.026651
948.749997	0.034143
949.439997	0.039417
950.129997	0.042546
950.819997	0.043587
951.509997	0.042608
952.199997	0.039707
952.889997	0.035032
953.579997	0.028829
954.269997	0.021485
954.959997	0.013475
955.649997	0.005260
956.339997	-0.002807
957.029997	-0.010607
957.719997	-0.018294
958.409997	-0.026275
959.099997	-0.035102
959.789997	-0.045294
960.479997	-0.057089
961.169997	-0.070309
961.859997	-0.084385
962.549997	-0.098491
963.239997	-0.111670
963.929997	-0.122852
964.619997	-0.130835
965.309997	-0.134382
965.999997	-0.132332
966.689997	-0.123821
967.379997	-0.108375
968.069997	-0.085939
968.759997	-0.056881
969.449997	-0.021965
970.139997	0.017666
970.829997	0.060576
971.519997	0.105141
972.209997	0.149567
972.899997	0.191898
973.589997	0.230163
974.279997	0.262591
974.969997	0.287785
975.659997	0.304782
976.349997	0.313146
977.039997	0.312900
977.729997	0.304538
978.419997	0.288952
979.109997	0.267311
979.799997	0.240950
980.489997	0.211272
981.179997	0.179712
981.869997	0.147581
982.559997	0.116078
983.249997	0.086316
983.939997	0.059263
984.629997	0.035660
985.319997	0.015967
986.009997	0.000308
986.699997	-0.011422
987.389997	-0.019495
988.079997	-0.024301
988.769997	-0.026301
989.459997	-0.026005
990.149997	-0.023921
990.839997	-0.020483
991.529997	-0.016056
992.219997	-0.010985
992.909997	-0.005621
993.599997	-0.000412
994.289997	0.004175
994.979997	0.007847
995.669997	0.010475
996.359997	0.012060
997.049997	0.012815
997.739997	0.013117
998.429997	0.013376
999.119997	0.013934
999.809997	0.014940
1000.499997	0.016368
1001.189997	0.018144
1001.879997	0.020187
1002.569997	0.022409
1003.259997	0.024720
1003.949997	0.027031
1004.639997	0.029305
1005.329997	0.031543
1006.019997	0.033728
1006.709997	0.035859
1007.399997	0.037956
1008.089997	0.040061
1008.779997	0.042202
1009.469997	0.044332
1010.159997	0.046315
1010.849997	0.047995
1011.539997	0.049225
1012.229997	0.049862
1012.919997	0.049666
1013.609996	0.048286
1014.299996	0.045299
1014.989996	0.040343
1015.679996	0.033232
1016.369996	0.023953
1017.059996	0.012616
1017.749996	-0.000586
1018.439996	-0.015441
1019.129996	-0.031679
1019.819996	-0.048922
1020.509996	-0.066733
1021.199996	-0.084566
1021.889996	-0.101727
1022.579996	-0.117329
1023.269996	-0.130307
1023.959996	-0.139654
1024.649996	-0.144572
1025.339996	-0.144594
1026.029996	-0.139709
1026.719996	-0.130350
1027.409996	-0.117191
1028.099996	-0.101027
1028.789996	-0.082729
1029.479996	-0.063200
1030.169996	-0.043313
1030.859996	-0.023841
1031.549996	-0.005421
1032.239996	0.011453
1032.929996	0.026445
1033.619996	0.039341
1034.309996	0.050049
1034.999996	0.058624
1035.689996	0.065299
1036.379996	0.070405
1037.069996	0.074254
1037.759996	0.077111
1038.449996	0.079200
1039.139996	0.080675
1039.829996	0.081615
1040.519996	0.082007
1041.209996	0.081738
1041.899996	0.080582
1042.589996	0.078230
1043.279996	0.074429
1043.969996	0.069009
1044.659996	0.061805
1045.349996	0.052704
1046.039996	0.041746
1046.729996	0.029212
1047.419996	0.015578
1048.109996	0.001395
1048.799996	-0.012709
1049.489996	-0.026096
1050.179996	-0.038173
1050.869996	-0.048494
1051.559996	-0.056818
1052.249996	-0.063107
1052.939996	-0.067525
1053.629996	-0.070245
1054.319996	-0.071406
1055.009996	-0.071167
1055.699996	-0.069721
1056.389996	-0.067275
1057.079996	-0.063993
1057.769996	-0.059981
1058.459996	-0.055331
1059.149996	-0.050300
1059.839996	-0.045217
1060.529996	-0.040407
1061.219996	-0.036146
1061.909996	-0.032644
1062.599996	-0.030044
1063.289996	-0.028357
1063.979996	-0.027430
1064.669996	-0.027027
1065.359996	-0.026872
1066.049996	-0.026692
1066.739996	-0.026232
1067.429996	-0.025344
1068.119996	-0.024006
1068.809996	-0.022347
1069.499996	-0.020536
1070.189996	-0.018785
1070.879996	-0.017246
1071.569996	-0.016029
1072.259996	-0.015226
1072.949996	-0.014909
1073.639996	-0.015080
1074.329996	-0.015713
1075.019996	-0.016744
1075.709996	-0.018049
1076.399996	-0.019547
1077.089996	-0.021227
1077.779996	-0.023126
1078.469996	-0.025338
1079.159996	-0.028017
1079.849996	-0.031233
1080.539996	-0.035003
1081.229996	-0.039277
1081.919996	-0.043947
1082.609996	-0.048823
1083.299996	-0.053595
1083.989996	-0.057946
1084.679996	-0.061571
1085.369996	-0.064174
1086.059996	-0.065456
1086.749996	-0.065197
1087.439996	-0.063372
1088.129996	-0.060196
1088.819996	-0.056030
1089.509996	-0.051289
1090.199996	-0.046354
1090.889996	-0.041588
1091.579996	-0.037297
1092.269996	-0.033720
1092.959996	-0.030993
1093.649996	-0.029211
1094.339996	-0.028417
1095.029996	-0.028598
1095.719996	-0.029710
1096.409996	-0.031677
1097.099996	-0.034426
1097.789996	-0.037888
1098.479996	-0.041994
1099.169996	-0.046665
1099.859996	-0.051820
1100.549996	-0.057360
1101.239996	-0.063119
1101.929996	-0.068781
1102.619996	-0.073876
1103.309996	-0.077888
1103.999996	-0.080427
1104.689996	-0.081293
1105.379996	-0.080424
1106.069996	-0.077847
1106.759996	-0.073578
1107.449996	-0.067584
1108.139996	-0.059736
1108.829996	-0.049875
1109.519996	-0.037828
1110.209996	-0.023458
1110.899996	-0.006659
1111.589996	0.012653
1112.279996	0.034477
1112.969996	0.058735
1113.659996	0.085367
1114.349996	0.114464
1115.039996	0.146292
1115.729996	0.181287
1116.419996	0.219939
1117.109996	0.262585
1117.799996	0.309319
1118.489996	0.359922
1119.179996	0.413728
1119.869996	0.469711
1120.559996	0.526575
1121.249996	0.583013
1121.939996	0.637883
1122.629996	0.690197
1123.319996	0.739065
1124.009996	0.783666
1124.699996	0.823186
1125.389996	0.856793
1126.079996	0.883526
1126.769996	0.902279
1127.459996	0.911837
1128.149996	0.911004
1128.839996	0.898731
1129.529996	0.874228
1130.219996	0.837046
1130.909996	0.786956
1131.599996	0.723920
1132.289996	0.648128
1132.979996	0.559829
1133.669996	0.459405
1134.359996	0.347445
1135.049996	0.225305
1135.739996	0.095379
1136.429996	-0.039293
1137.119996	-0.174319
1137.809996	-0.304816
1138.499996	-0.425327
1139.189996	-0.530122
1139.879996	-0.614640
1140.569996	-0.676203
1141.259996	-0.714191
1141.949996	-0.729682
1142.639996	-0.724427
1143.329996	-0.701494
1144.019996	-0.664600
1144.709996	-0.617603
1145.399996	-0.564155
1146.089996	-0.507445
1146.779996	-0.449987
1147.469996	-0.393534
1148.159996	-0.339284
1148.849996	-0.288191
1149.539996	-0.241074
1150.229996	-0.198633
1150.919996	-0.161422
1151.609996	-0.129834
1152.299996	-0.104036
1152.989996	-0.084086
1153.679996	-0.069973
1154.369996	-0.061717
1155.059996	-0.059361
1155.749996	-0.062866
1156.439996	-0.072060
1157.129996	-0.086574
1157.819996	-0.105930
1158.509996	-0.129550
1159.199996	-0.156879
1159.889996	-0.187395
1160.579996	-0.220519
1161.269996	-0.255585
1161.959996	-0.291894
1162.649996	-0.328801
1163.339996	-0.365714
1164.029996	-0.402123
1164.719996	-0.437536
1165.409996	-0.471379
1166.099996	-0.502962
1166.789996	-0.531456
1167.479996	-0.555884
1168.169996	-0.575192
1168.859996	-0.588280
1169.549996	-0.593997
1170.239996	-0.591081
1170.929996	-0.578139
1171.619996	-0.553800
1172.309996	-0.516973
1172.999996	-0.467057
1173.689996	-0.404051
1174.379996	-0.328645
1175.069996	-0.242346
1175.759996	-0.147601
1176.449996	-0.047765
1177.139996	0.053334
1177.829996	0.152012
1178.519996	0.245252
1179.209996	0.330846
1179.899996	0.407407
1180.589996	0.473971
1181.279996	0.529764
1181.969996	0.574172
1182.659996	0.606737
1183.349996	0.627071
1184.039996	0.634854
1184.729996	0.629878
1185.419996	0.612121
1186.109996	0.581852
1186.799996	0.539744
1187.489996	0.486890
1188.179996	0.424741
1188.869996	0.355062
1189.559996	0.279758
1190.249996	0.200765
1190.939996	0.119937
1191.629996	0.038955
1192.319996	-0.040702
1193.009996	-0.117766
1193.699996	-0.191129
1194.389996	-0.259771
1195.079996	-0.322689
1195.769996	-0.378941
1196.459996	-0.427755
1197.149996	-0.468582
1197.839996	-0.501070
1198.529996	-0.524936
1199.219996	-0.539893
1199.909996	-0.545753
