0.000000	-0.059020
0.690000	-0.058120
1.380000	-0.055010
2.070000	-0.050160
2.760000	-0.044100
3.450000	-0.037170
4.140000	-0.029520
4.830000	-0.021250
5.520000	-0.012410
6.210000	-0.003060
6.900000	0.006620
7.590000	0.016470
8.280000	0.026200
8.970000	0.035410
9.660000	0.043670
10.350000	0.050630
11.040000	0.056060
11.730000	0.059880
12.420000	0.062030
13.110000	0.062480
13.800000	0.061360
14.490000	0.058840
15.180000	0.055050
15.870000	0.050110
16.560000	0.044040
17.250000	0.036880
17.940000	0.028760
18.630000	0.019850
19.320000	0.010340
20.010000	0.000460
20.700000	-0.009630
21.390000	-0.019900
22.080000	-0.030360
22.770000	-0.041080
23.460000	-0.052050
24.150000	-0.063160
24.840000	-0.074270
25.530000	-0.085210
26.220000	-0.095730
26.910000	-0.105550
27.600000	-0.114380
28.290000	-0.122080
28.980000	-0.128560
29.670000	-0.133730
30.360000	-0.137450
31.050000	-0.139460
31.740000	-0.139500
32.430000	-0.137280
33.120000	-0.132680
33.810000	-0.125720
34.500000	-0.116570
35.190000	-0.105560
35.880000	-0.093180
36.570000	-0.079990
37.260000	-0.066650
37.950000	-0.053850
38.640000	-0.042200
39.330000	-0.032120
40.020000	-0.023900
40.710000	-0.017660
41.400000	-0.013430
42.090000	-0.011070
42.780000	-0.010290
43.470000	-0.010680
44.160000	-0.011730
44.850000	-0.012920
45.540000	-0.013780
46.230000	-0.013940
46.920000	-0.013120
47.610000	-0.011140
48.300000	-0.007900
48.990000	-0.003400
49.680000	0.002260
50.370000	0.008940
51.060000	0.016430
51.750000	0.024420
52.440000	0.032600
53.130000	0.040680
53.820000	0.048450
54.510000	0.055890
55.200000	0.063120
55.890000	0.070340
56.580000	0.077820
57.270000	0.085950
57.960000	0.095150
58.650000	0.105880
59.340000	0.118490
60.030000	0.133210
60.720000	0.150040
61.410000	0.168830
62.100000	0.189220
62.790000	0.210740
63.480000	0.232800
64.170000	0.254750
64.860000	0.275820
65.550000	0.295180
66.240000	0.312000
66.930000	0.325480
67.620000	0.334910
68.310000	0.339800
69.000000	0.339950
69.690000	0.335500
70.380000	0.326850
71.070000	0.314630
71.760000	0.299570
72.450000	0.282480
73.140000	0.264010
73.830000	0.244520
74.520000	0.223990
75.210000	0.202110
75.900000	0.178490
76.590000	0.152820
77.280000	0.124930
77.970000	0.094770
78.660000	0.062440
79.350000	0.028250
80.040000	-0.007280
80.730000	-0.043570
81.420000	-0.080130
82.110000	-0.116630
82.800000	-0.152840
83.490000	-0.188590
84.180000	-0.223720
84.870000	-0.258110
85.560000	-0.291630
86.250000	-0.324100
86.940000	-0.355210
87.630000	-0.384600
88.320000	-0.411880
89.010000	-0.436590
89.700000	-0.458170
90.390000	-0.476050
91.080000	-0.489710
91.770000	-0.498720
92.460000	-0.502880
93.150000	-0.502160
93.840000	-0.496790
94.530000	-0.487160
95.220000	-0.473760
95.910000	-0.457110
96.600000	-0.437780
97.290000	-0.416350
97.980000	-0.393370
98.670000	-0.369280
99.360000	-0.344480
100.050000	-0.319290
100.740000	-0.293970
101.430000	-0.268680
102.120000	-0.243540
102.810000	-0.218640
103.500000	-0.194080
104.190000	-0.169910
104.880000	-0.146130
105.570000	-0.122750
106.260000	-0.099700
106.950000	-0.076920
107.640000	-0.054320
108.330000	-0.031860
109.020000	-0.009660
109.710000	0.012040
110.400000	0.033000
111.090000	0.053030
111.780000	0.071980
112.470000	0.089720
113.160000	0.106100
113.850000	0.120890
114.540000	0.133830
115.230000	0.144610
115.920000	0.152910
116.610000	0.158410
117.300000	0.160870
117.990000	0.160160
118.680000	0.156280
119.370000	0.149260
120.060000	0.139250
120.750000	0.126510
121.440000	0.111400
122.130000	0.094400
122.820000	0.076180
123.510000	0.057580
124.200000	0.039350
124.890000	0.022300
125.580000	0.007190
126.270000	-0.005200
126.960000	-0.014170
127.650000	-0.019010
128.340000	-0.019240
129.030000	-0.014650
129.720000	-0.005440
130.410000	0.007770
131.100000	0.024090
131.790000	0.042560
132.480000	0.062190
133.170000	0.082110
133.860000	0.101500
134.550000	0.119650
135.240000	0.135830
135.930000	0.149370
136.620000	0.159840
137.310000	0.167120
138.000000	0.171390
138.690000	0.173140
139.380000	0.172990
140.070000	0.171640
140.760000	0.169740
141.450000	0.167860
142.140000	0.166430
142.830000	0.165650
143.520000	0.165400
144.210000	0.165310
144.899999	0.164860
145.589999	0.163590
146.279999	0.161230
146.969999	0.157710
147.659999	0.153170
148.349999	0.147830
149.039999	0.141960
149.729999	0.135820
150.419999	0.129740
151.109999	0.124100
151.799999	0.119350
152.489999	0.115960
153.179999	0.114300
153.869999	0.114670
154.559999	0.117310
155.249999	0.122380
155.939999	0.129940
156.629999	0.140000
157.319999	0.152530
158.009999	0.167470
158.699999	0.184730
159.389999	0.204200
160.079999	0.225570
160.769999	0.248430
161.459999	0.272320
162.149999	0.296670
162.839999	0.320740
163.529999	0.343770
164.219999	0.364970
164.909999	0.383550
165.599999	0.398730
166.289999	0.409700
166.979999	0.415600
167.669999	0.415640
168.359999	0.409120
169.049999	0.395570
169.739999	0.374790
170.429999	0.346680
171.119999	0.311270
171.809999	0.268710
172.499999	0.219300
173.189999	0.163500
173.879999	0.102010
174.569999	0.035690
175.259999	-0.034610
175.949999	-0.108180
176.639999	-0.184270
177.329999	-0.262000
178.019999	-0.340300
178.709999	-0.417900
179.399999	-0.493440
180.089999	-0.565560
180.779999	-0.632980
181.469999	-0.694470
182.159999	-0.748790
182.849999	-0.794840
183.539999	-0.831850
184.229999	-0.859530
184.919999	-0.877980
185.609999	-0.887580
186.299999	-0.888880
186.989999	-0.882480
187.679999	-0.869020
188.369999	-0.849070
189.059999	-0.823150
189.749999	-0.791620
190.439999	-0.754700
191.129999	-0.712550
191.819999	-0.665260
192.509999	-0.612890
193.199999	-0.555490
193.889999	-0.493150
194.579999	-0.426210
195.269999	-0.355420
195.959999	-0.282100
196.649999	-0.208010
197.339999	-0.135300
198.029999	-0.066000
198.719999	-0.001680
199.409999	0.056690
200.099999	0.108880
200.789999	0.155060
201.479999	0.195730
202.169999	0.231520
202.859999	0.263060
203.549999	0.290920
204.239999	0.315520
204.929999	0.337210
205.619999	0.356190
206.309999	0.372550
206.999999	0.386320
207.689999	0.397570
208.379999	0.406350
209.069999	0.412740
209.759999	0.416830
210.449999	0.418700
211.139999	0.418360
211.829999	0.415680
212.519999	0.410590
213.209999	0.403080
213.899999	0.393200
214.589999	0.381080
215.279999	0.366890
215.969999	0.350800
216.659999	0.332990
217.349999	0.313570
218.039999	0.292600
218.729999	0.270080
219.419999	0.245960
220.109999	0.220220
220.799999	0.192960
221.489999	0.164400
222.179999	0.134890
222.869999	0.104830
223.559999	0.074700
224.249999	0.044990
224.939999	0.016130
225.629999	-0.011460
226.319999	-0.037450
227.009999	-0.061500
227.699999	-0.083420
228.389999	-0.103010
229.079999	-0.120090
229.769999	-0.134470
230.459999	-0.146070
231.149999	-0.154890
231.839999	-0.161030
232.529999	-0.164640
233.219999	-0.165870
233.909999	-0.164920
234.599999	-0.162090
235.289999	-0.157670
235.979999	-0.151890
236.669999	-0.144860
237.359999	-0.136590
238.049999	-0.127120
238.739999	-0.116480
239.429999	-0.104780
240.119999	-0.092150
240.809999	-0.078790
241.499999	-0.064940
242.189999	-0.050800
242.879999	-0.036550
243.569999	-0.022260
244.259999	-0.008030
244.949999	0.006060
245.639999	0.019940
246.329999	0.033510
247.019999	0.046620
247.709999	0.059180
248.399999	0.071090
249.089999	0.082260
249.779999	0.092590
250.469999	0.102040
251.159999	0.110560
251.849999	0.118070
252.539999	0.124470
253.229999	0.129610
253.919999	0.133370
254.609999	0.135510
255.299999	0.135760
255.989999	0.133840
256.679999	0.129570
257.369999	0.122870
258.059999	0.113850
258.749999	0.102760
259.439999	0.090030
260.129999	0.076120
260.819999	0.061580
261.509999	0.046960
262.199999	0.032730
262.889999	0.019180
263.579999	0.006400
264.269999	-0.005650
264.959999	-0.017220
265.649999	-0.028590
266.339999	-0.040100
267.029999	-0.052050
267.719999	-0.064630
268.409999	-0.077960
269.099999	-0.091990
269.789999	-0.106560
270.479999	-0.121310
271.169999	-0.135750
271.859999	-0.149330
272.549999	-0.161560
273.239999	-0.171970
273.929999	-0.180140
274.619999	-0.185710
275.309999	-0.188420
275.999999	-0.188070
276.689999	-0.184600
277.379999	-0.178090
278.069999	-0.168770
278.759999	-0.156950
279.449999	-0.142980
280.139999	-0.127220
280.829999	-0.109980
281.519999	-0.091510
282.209999	-0.072060
282.899999	-0.051920
283.589999	-0.031330
284.279999	-0.010570
284.969999	0.010040
285.659999	0.030250
286.349999	0.049720
287.039999	0.068050
287.729999	0.084810
288.419999	0.099580
289.109999	0.111990
289.799999	0.121770
290.489999	0.128800
291.179999	0.133050
291.869999	0.134690
292.559999	0.134080
293.249999	0.131750
293.939999	0.128390
294.629999	0.124670
295.319999	0.121200
296.009999	0.118510
296.699999	0.117000
297.389999	0.116970
298.079999	0.118590
298.769999	0.121840
299.459999	0.126670
300.149999	0.132930
300.839999	0.140460
301.529999	0.148950
302.219999	0.158000
302.909999	0.167100
303.599999	0.175670
304.289999	0.183060
304.979999	0.188660
305.669999	0.192070
306.359999	0.193130
307.049999	0.192000
307.739999	0.189170
308.429999	0.185310
309.119999	0.181060
309.809999	0.176900
310.499999	0.173060
311.189999	0.169620
311.879999	0.166610
312.569999	0.164060
313.259999	0.161970
313.949999	0.160370
314.639999	0.159210
315.329999	0.158410
316.019999	0.157760
316.709999	0.156910
317.399999	0.155360
318.089999	0.152370
318.779999	0.147160
319.469999	0.138960
320.159999	0.127140
320.849999	0.111240
321.539999	0.090970
322.229999	0.066280
322.919999	0.037450
323.609999	0.005150
324.299999	-0.029690
324.989999	-0.066110
325.679999	-0.103260
326.369999	-0.140420
327.059999	-0.177030
327.749999	-0.212630
328.439999	-0.246850
329.129999	-0.279480
329.819999	-0.310370
330.509999	-0.339380
331.199999	-0.366330
331.889999	-0.391010
332.579999	-0.413140
333.269999	-0.432350
333.959999	-0.448350
334.649999	-0.460890
335.339999	-0.469810
336.029999	-0.475030
336.719999	-0.476550
337.409999	-0.474440
338.099999	-0.468860
338.789999	-0.460010
339.479999	-0.448090
340.169999	-0.433350
340.859999	-0.416080
341.549999	-0.396520
342.239999	-0.375000
342.929999	-0.351830
343.619999	-0.327210
344.309999	-0.301310
344.999999	-0.274270
345.689999	-0.246310
346.379999	-0.217700
347.069999	-0.188790
347.759999	-0.159930
348.449999	-0.131490
349.139999	-0.103840
349.829999	-0.077380
350.519999	-0.052490
351.209999	-0.029470
351.899999	-0.008520
352.589999	0.010100
353.279999	0.026250
353.969999	0.039740
354.659999	0.050390
355.349999	0.058160
356.039999	0.063080
356.729999	0.065230
357.419999	0.064780
358.109999	0.061950
358.799999	0.057050
359.489999	0.050560
360.179999	0.043120
360.869999	0.035480
361.559999	0.028350
362.249999	0.022270
362.939999	0.017550
363.629999	0.014340
364.319999	0.012720
365.009999	0.012700
365.699999	0.014190
366.389999	0.017080
367.079999	0.021230
367.769999	0.026570
368.459999	0.033070
369.149999	0.040670
369.839999	0.049250
370.529999	0.058620
371.219999	0.068510
371.909999	0.078680
372.599999	0.088980
373.289999	0.099370
373.979999	0.109900
374.669999	0.120670
375.359999	0.131810
376.049999	0.143470
376.739999	0.155710
377.429999	0.168500
378.119999	0.181710
378.809999	0.195250
379.499999	0.209140
380.189999	0.223470
380.879999	0.238470
381.569999	0.254370
382.259999	0.271390
382.949999	0.289540
383.639999	0.308720
384.329999	0.328630
385.019999	0.348880
385.709999	0.369050
386.399999	0.388710
387.089999	0.407580
387.779999	0.425480
388.469999	0.442330
389.159999	0.458040
389.849999	0.472450
390.539999	0.485240
391.229999	0.496000
391.919999	0.504330
392.609999	0.509840
393.299999	0.512170
393.989999	0.510970
394.679999	0.505920
395.369999	0.496760
396.059999	0.483290
396.749999	0.465280
397.439999	0.442490
398.129999	0.414610
398.819999	0.381300
399.509999	0.342410
400.199999	0.297910
400.889999	0.247980
401.579999	0.192930
402.269999	0.133170
402.959999	0.069290
403.649999	0.002050
404.339999	-0.067680
405.029999	-0.138830
405.719999	-0.209930
406.409999	-0.279220
407.099999	-0.344900
407.789999	-0.405490
408.479999	-0.459980
409.169999	-0.507840
409.859999	-0.548860
410.549999	-0.583110
411.239999	-0.610780
411.929999	-0.632120
412.619999	-0.647420
413.309999	-0.657030
413.999999	-0.661340
414.689999	-0.660860
415.379999	-0.656160
416.069999	-0.647770
416.759999	-0.636160
417.449999	-0.621710
418.139999	-0.604680
418.829999	-0.585310
419.519999	-0.563810
420.209999	-0.540490
420.899999	-0.515670
421.589999	-0.489720
422.279999	-0.462910
422.969999	-0.435390
423.659999	-0.407280
424.349999	-0.378700
425.039999	-0.349820
425.729999	-0.320810
426.419999	-0.291820
427.109999	-0.262950
427.799999	-0.234300
428.489999	-0.205950
429.179999	-0.177920
429.869999	-0.150260
430.559999	-0.122980
431.249999	-0.096160
431.939999	-0.069790
432.629999	-0.043830
433.319999	-0.018150
434.009999	0.007330
434.699998	0.032740
435.389998	0.058180
436.079998	0.083650
436.769998	0.109150
437.459998	0.134600
438.149998	0.159920
438.839998	0.184990
439.529998	0.209470
440.219998	0.232770
440.909998	0.254180
441.599998	0.273030
442.289998	0.288800
442.979998	0.301280
443.669998	0.310600
444.359998	0.317090
445.049998	0.321130
445.739998	0.323080
446.429998	0.323370
447.119998	0.322520
447.809998	0.321050
448.499998	0.319350
449.189998	0.317520
449.879998	0.315450
450.569998	0.312920
451.259998	0.309630
451.949998	0.305210
452.639998	0.299240
453.329998	0.291370
454.019998	0.281500
454.709998	0.269730
455.399998	0.256280
456.089998	0.241400
456.779998	0.225260
457.469998	0.207950
458.159998	0.189510
458.849998	0.169960
459.539998	0.149200
460.229998	0.127090
460.919998	0.103540
461.609998	0.078590
462.299998	0.052430
462.989998	0.025310
463.679998	-0.002380
464.369998	-0.030200
465.059998	-0.057630
465.749998	-0.084090
466.439998	-0.109010
467.129998	-0.131830
467.819998	-0.152050
468.509998	-0.169170
469.199998	-0.182820
469.889998	-0.192740
470.579998	-0.198880
471.269998	-0.201250
471.959998	-0.199970
472.649998	-0.195210
473.339998	-0.187260
474.029998	-0.176470
474.719998	-0.163290
475.409998	-0.148180
476.099998	-0.131590
476.789998	-0.113880
477.479998	-0.095380
478.169998	-0.076370
478.859998	-0.057080
479.549998	-0.037700
480.239998	-0.018430
480.929998	0.000450
481.619998	0.018770
482.309998	0.036320
482.999998	0.052890
483.689998	0.068150
484.379998	0.081810
485.069998	0.093590
485.759998	0.103280
486.449998	0.110620
487.139998	0.115340
487.829998	0.117190
488.519998	0.116010
489.209998	0.111920
489.899998	0.105190
490.589998	0.096230
491.279998	0.085610
491.969998	0.073960
492.659998	0.061930
493.349998	0.050100
494.039998	0.038900
494.729998	0.028620
495.419998	0.019310
496.109998	0.010990
496.799998	0.003660
497.489998	-0.002750
498.179998	-0.008320
498.869998	-0.013150
499.559998	-0.017330
500.249998	-0.021010
500.939998	-0.024360
501.629998	-0.027490
502.319998	-0.030480
503.009998	-0.033410
503.699998	-0.036390
504.389998	-0.039520
505.079998	-0.042860
505.769998	-0.046470
506.459998	-0.050310
507.149998	-0.054280
507.839998	-0.058240
508.529998	-0.061900
509.219998	-0.064960
509.909998	-0.067160
510.599998	-0.068390
511.289998	-0.068650
511.979998	-0.068040
512.669998	-0.066620
513.359998	-0.064430
514.049998	-0.061500
514.739998	-0.057940
515.429998	-0.053890
516.119998	-0.049570
516.809998	-0.045300
517.499998	-0.041410
518.189998	-0.038190
518.879998	-0.035930
519.569998	-0.034780
520.259998	-0.034870
520.949998	-0.036180
521.639998	-0.038500
522.329998	-0.041530
523.019998	-0.044970
523.709998	-0.048540
524.399998	-0.051990
525.089998	-0.055100
525.779998	-0.057660
526.469998	-0.059570
527.159998	-0.060800
527.849998	-0.061430
528.539998	-0.061580
529.229998	-0.061420
529.919998	-0.061030
530.609998	-0.060480
531.299998	-0.059720
531.989998	-0.058720
532.679998	-0.057330
533.369998	-0.055450
534.059998	-0.052990
534.749998	-0.049860
535.439998	-0.045950
536.129998	-0.041260
536.819998	-0.035860
537.509998	-0.029870
538.199998	-0.023520
538.889998	-0.017080
539.579998	-0.010820
540.269998	-0.004970
540.959998	0.000330
541.649998	0.004930
542.339998	0.008680
543.029998	0.011440
543.719998	0.013150
544.409998	0.013840
545.099998	0.013660
545.789998	0.012870
546.479998	0.011960
547.169998	0.011620
547.859998	0.012750
548.549998	0.016310
549.239998	0.023060
549.929998	0.033470
550.619998	0.047710
551.309998	0.065730
551.999998	0.087270
552.689998	0.111920
553.379998	0.139070
554.069998	0.167920
554.759998	0.197500
555.449998	0.226760
556.139998	0.254570
556.829998	0.279800
557.519998	0.301410
558.209998	0.318600
558.899998	0.330900
559.589998	0.338170
560.279998	0.340640
560.969998	0.338940
561.659998	0.334100
562.349998	0.327440
563.039998	0.320500
563.729998	0.314720
564.419998	0.311300
565.109998	0.310890
565.799998	0.313440
566.489998	0.318210
567.179998	0.323850
567.869998	0.328710
568.559998	0.331100
569.249998	0.329480
569.939998	0.322460
570.629998	0.308850
571.319998	0.287750
572.009998	0.258600
572.699998	0.221230
573.389998	0.175870
574.079998	0.123200
574.769998	0.064240
575.459998	0.000250
576.149998	-0.067410
576.839998	-0.137390
577.529998	-0.208310
578.219998	-0.278720
578.909998	-0.347030
579.599998	-0.411610
580.289998	-0.471040
580.979998	-0.524210
581.669998	-0.570330
582.359998	-0.608980
583.049998	-0.640160
583.739998	-0.664140
584.429998	-0.681470
585.119998	-0.692790
585.809998	-0.698810
586.499998	-0.700160
587.189998	-0.697340
587.879998	-0.690700
588.569998	-0.680490
589.259998	-0.666870
589.949998	-0.649840
590.639998	-0.629340
591.329998	-0.605310
592.019998	-0.577670
592.709998	-0.546350
593.399998	-0.511280
594.089998	-0.472410
594.779998	-0.429790
595.469998	-0.383540
596.159998	-0.333780
596.849998	-0.280630
597.539998	-0.224300
598.229998	-0.165180
598.919998	-0.103800
599.609998	-0.040800
600.299998	0.023050
600.989998	0.086910
601.679998	0.149810
602.369998	0.210650
603.059998	0.268420
603.749998	0.322200
604.439998	0.371220
605.129998	0.414970
605.819998	0.453230
606.509998	0.486000
607.199998	0.513540
607.889998	0.536340
608.579998	0.554990
609.269998	0.570190
609.959998	0.582690
610.649998	0.593080
611.339998	0.601830
612.029998	0.609190
612.719998	0.615300
613.409998	0.620190
614.099998	0.623710
614.789998	0.625630
615.479998	0.625650
616.169998	0.623390
616.859998	0.618510
617.549998	0.610650
618.239998	0.599500
618.929998	0.584760
619.619998	0.566190
620.309998	0.543540
620.999998	0.516580
621.689998	0.484940
622.379998	0.448250
623.069998	0.406180
623.759998	0.358570
624.449998	0.305360
625.139998	0.246540
625.829998	0.182270
626.519998	0.112970
627.209998	0.039480
627.899998	-0.036970
628.589998	-0.114980
629.279998	-0.193060
629.969998	-0.269760
630.659998	-0.343740
631.349998	-0.413770
632.039998	-0.478670
632.729998	-0.537360
633.419998	-0.588900
634.109998	-0.632670
634.799998	-0.668350
635.489998	-0.695960
636.179998	-0.715660
636.869998	-0.727730
637.559998	-0.732480
638.249998	-0.730330
638.939998	-0.721790
639.629998	-0.707440
640.319998	-0.687840
641.009998	-0.663570
641.699998	-0.635260
642.389998	-0.603560
643.079998	-0.569110
643.769998	-0.532490
644.459998	-0.494210
645.149998	-0.454750
645.839998	-0.414540
646.529998	-0.374000
647.219998	-0.333560
647.909998	-0.293580
648.599998	-0.254270
649.289998	-0.215730
649.979998	-0.177940
650.669998	-0.140950
651.359998	-0.104840
652.049998	-0.069680
652.739998	-0.035500
653.429998	-0.002340
654.119998	0.029600
654.809998	0.059910
655.499998	0.087870
656.189998	0.112700
656.879998	0.133780
657.569998	0.150830
658.259998	0.164040
658.949998	0.173940
659.639998	0.181250
660.329998	0.186760
661.019998	0.191250
661.709998	0.195410
662.399998	0.199730
663.089998	0.204490
663.779998	0.209660
664.469998	0.215090
665.159998	0.220540
665.849998	0.225690
666.539998	0.230170
667.229998	0.233560
667.919998	0.235510
668.609998	0.235750
669.299998	0.234100
669.989998	0.230540
670.679998	0.225110
671.369998	0.217990
672.059998	0.209340
672.749998	0.199380
673.439998	0.188310
674.129998	0.176380
674.819998	0.163820
675.509998	0.150820
676.199998	0.137550
676.889998	0.124140
677.579998	0.110790
678.269998	0.097740
678.959998	0.085360
679.649998	0.074110
680.339998	0.064430
681.029998	0.056670
681.719998	0.051010
682.409998	0.047460
683.099998	0.045980
683.789998	0.046500
684.479998	0.048860
685.169998	0.052800
685.859998	0.057920
686.549998	0.063740
687.239998	0.069590
687.929998	0.074740
688.619998	0.078470
689.309998	0.080130
689.999998	0.079310
690.689998	0.075860
691.379998	0.069830
692.069998	0.061450
692.759998	0.051090
693.449998	0.039260
694.139998	0.026480
694.829998	0.013290
695.519998	0.000180
696.209998	-0.012370
696.899998	-0.024100
697.589998	-0.034860
698.279998	-0.044640
698.969998	-0.053450
699.659998	-0.061240
700.349998	-0.067890
701.039998	-0.073350
701.729998	-0.077630
702.419998	-0.080720
703.109998	-0.082540
703.799998	-0.083010
704.489998	-0.082100
705.179998	-0.079830
705.869998	-0.076160
706.559998	-0.071070
707.249998	-0.064590
707.939998	-0.056860
708.629998	-0.048120
709.319998	-0.038640
710.009998	-0.028670
710.699998	-0.018420
711.389998	-0.008060
712.079998	0.002160
712.769998	0.012010
713.459998	0.021200
714.149998	0.029500
714.839998	0.036640
715.529998	0.042460
716.219998	0.046800
716.909998	0.049520
717.599998	0.050570
718.289998	0.049930
718.979998	0.047670
719.669998	0.043980
720.359998	0.038990
721.049998	0.032850
721.739998	0.025720
722.429998	0.017780
723.119998	0.009220
723.809997	0.000270
724.499997	-0.008800
725.189997	-0.017790
725.879997	-0.026430
726.569997	-0.034470
727.259997	-0.041660
727.949997	-0.047780
728.639997	-0.052610
729.329997	-0.056020
730.019997	-0.057880
730.709997	-0.058080
731.399997	-0.056570
732.089997	-0.053420
732.779997	-0.048880
733.469997	-0.043370
734.159997	-0.037370
734.849997	-0.031310
735.539997	-0.025520
736.229997	-0.020230
736.919997	-0.015630
737.609997	-0.011860
738.299997	-0.009050
738.989997	-0.007300
739.679997	-0.006640
740.369997	-0.007070
741.059997	-0.008500
741.749997	-0.010740
742.439997	-0.013500
743.129997	-0.016450
743.819997	-0.019260
744.509997	-0.021710
745.199997	-0.023660
745.889997	-0.025020
746.579997	-0.025690
747.269997	-0.025560
747.959997	-0.024520
748.649997	-0.022470
749.339997	-0.019280
750.029997	-0.014940
750.719997	-0.009530
751.409997	-0.003250
752.099997	0.003630
752.789997	0.010850
753.479997	0.018040
754.169997	0.024870
754.859997	0.031040
755.549997	0.036330
756.239997	0.040580
756.929997	0.043650
757.619997	0.045440
758.309997	0.045930
758.999997	0.045000
759.689997	0.042490
760.379997	0.038290
761.069997	0.032370
761.759997	0.024750
762.449997	0.015550
763.139997	0.004870
763.829997	-0.007140
764.519997	-0.020320
765.209997	-0.034280
765.899997	-0.048470
766.589997	-0.062180
767.279997	-0.074560
767.969997	-0.084760
768.659997	-0.092140
769.349997	-0.096360
770.039997	-0.097470
770.729997	-0.095800
771.419997	-0.091810
772.109997	-0.086030
772.799997	-0.078930
773.489997	-0.070940
774.179997	-0.062420
774.869997	-0.053690
775.559997	-0.045060
776.249997	-0.036720
776.939997	-0.028710
777.629997	-0.020900
778.319997	-0.012980
779.009997	-0.004620
779.699997	0.004500
780.389997	0.014590
781.079997	0.025810
781.769997	0.038250
782.459997	0.051950
783.149997	0.066910
783.839997	0.083140
784.529997	0.100620
785.219997	0.119250
785.909997	0.138850
786.599997	0.159130
787.289997	0.179720
787.979997	0.200200
788.669997	0.220040
789.359997	0.238720
790.049997	0.255730
790.739997	0.270610
791.429997	0.283010
792.119997	0.292630
792.809997	0.299240
793.499997	0.302680
794.189997	0.303010
794.879997	0.300540
795.569997	0.295950
796.259997	0.290160
796.949997	0.284150
797.639997	0.278740
798.329997	0.274380
799.019997	0.271370
799.709997	0.269940
