0.000000	0.074976
0.690000	0.079004
1.380000	0.086907
2.070000	0.098463
2.760000	0.113250
3.450000	0.130543
4.140000	0.149256
4.830000	0.168072
5.520000	0.185785
6.210000	0.201711
6.900000	0.215665
7.590000	0.227845
8.280000	0.238508
8.970000	0.247754
9.660000	0.255410
10.350000	0.261099
11.040000	0.264419
11.730000	0.265177
12.420000	0.263527
13.110000	0.259734
13.800000	0.253750
14.490000	0.245146
15.180000	0.233446
15.870000	0.218471
16.560000	0.200318
17.250000	0.179034
17.940000	0.154419
18.630000	0.126245
19.320000	0.094533
20.010000	0.059684
20.700000	0.022454
21.390000	-0.016286
22.080000	-0.055754
22.770000	-0.095380
23.460000	-0.134822
24.150000	-0.173866
24.840000	-0.212383
25.530000	-0.250322
26.220000	-0.287682
26.910000	-0.324408
27.600000	-0.360376
28.290000	-0.395377
28.980000	-0.428948
29.670000	-0.460254
30.360000	-0.488296
31.050000	-0.512152
31.740000	-0.530996
32.430000	-0.544123
33.120000	-0.550935
33.810000	-0.550924
34.500000	-0.543644
35.190000	-0.528718
35.880000	-0.505833
36.570000	-0.474819
37.260000	-0.435680
37.950000	-0.388627
38.640000	-0.334160
39.330000	-0.273128
40.020000	-0.206684
40.710000	-0.136190
41.400000	-0.063171
42.090000	0.010647
42.780000	0.083400
43.470000	0.153219
44.160000	0.218381
44.850000	0.277465
45.540000	0.329448
46.230000	0.373651
46.920000	0.409679
47.610000	0.437288
48.300000	0.456319
48.990000	0.466505
49.680000	0.467396
50.370000	0.458346
51.060000	0.438600
51.750000	0.407447
52.440000	0.364410
53.130000	0.309477
53.820000	0.243231
54.510000	0.166855
55.200000	0.082065
55.890000	-0.008931
56.580000	-0.103442
57.270000	-0.198431
57.960000	-0.290736
58.650000	-0.377220
59.340000	-0.454906
60.030000	-0.521041
60.720000	-0.573266
61.410000	-0.609959
62.100000	-0.630409
62.790000	-0.634780
63.480000	-0.623981
64.170000	-0.599589
64.860000	-0.563554
65.550000	-0.517891
66.240000	-0.464580
66.930000	-0.405614
67.620000	-0.343018
68.310000	-0.278750
69.000000	-0.214512
69.690000	-0.151579
70.380000	-0.090834
71.070000	-0.032984
71.760000	0.021227
72.450000	0.070902
73.140000	0.114947
73.830000	0.152348
74.520000	0.182418
75.210000	0.204666
75.900000	0.218703
76.590000	0.224375
77.280000	0.221825
77.970000	0.211423
78.660000	0.193729
79.350000	0.169451
80.040000	0.139523
80.730000	0.105203
81.420000	0.068184
82.110000	0.030523
82.800000	-0.005539
83.490000	-0.037692
84.180000	-0.063647
84.870000	-0.081434
85.560000	-0.089665
86.250000	-0.087777
86.940000	-0.076287
87.630000	-0.056868
88.320000	-0.031835
89.010000	-0.003392
89.700000	0.026769
90.390000	0.057538
91.080000	0.088187
91.770000	0.118230
92.460000	0.147494
93.150000	0.175999
93.840000	0.203640
94.530000	0.229876
95.220000	0.253659
95.910000	0.273682
96.600000	0.288906
97.290000	0.298892
97.980000	0.303627
98.670000	0.303287
99.360000	0.298156
100.050000	0.288674
100.740000	0.275446
101.430000	0.259071
102.120000	0.240092
102.810000	0.219073
103.500000	0.196602
104.190000	0.173203
104.880000	0.149354
105.570000	0.125591
106.260000	0.102564
106.950000	0.080883
107.640000	0.061042
108.330000	0.043453
109.020000	0.028397
109.710000	0.015963
110.400000	0.006050
111.090000	-0.001528
111.780000	-0.006959
112.470000	-0.010400
113.160000	-0.012035
113.850000	-0.012062
114.540000	-0.010733
115.230000	-0.008335
115.920000	-0.005074
116.610000	-0.001029
117.300000	0.003781
117.990000	0.009400
118.680000	0.015973
119.370000	0.023672
120.060000	0.032507
120.750000	0.042240
121.440000	0.052260
122.130000	0.061671
122.820000	0.069560
123.510000	0.075167
124.200000	0.077941
124.890000	0.077487
125.580000	0.073625
126.270000	0.066408
126.960000	0.056138
127.650000	0.043335
128.340000	0.028627
129.030000	0.012701
129.720000	-0.003780
130.410000	-0.020219
131.100000	-0.036080
131.790000	-0.050920
132.480000	-0.064379
133.170000	-0.076075
133.860000	-0.085640
134.550000	-0.092823
135.240000	-0.097535
135.930000	-0.099828
136.620000	-0.099747
137.310000	-0.097242
138.000000	-0.092253
138.690000	-0.084839
139.380000	-0.075222
140.070000	-0.063781
140.760000	-0.051048
141.450000	-0.037538
142.140000	-0.023699
142.830000	-0.009982
143.520000	0.003047
144.210000	0.014796
144.899999	0.024832
145.589999	0.032990
146.279999	0.039372
146.969999	0.044185
147.659999	0.047666
148.349999	0.050074
149.039999	0.051650
149.729999	0.052550
150.419999	0.052938
151.109999	0.053025
151.799999	0.052886
152.489999	0.052415
153.179999	0.051398
153.869999	0.049566
154.559999	0.046745
155.249999	0.042965
155.939999	0.038272
156.629999	0.032654
157.319999	0.025981
158.009999	0.018113
158.699999	0.009014
159.389999	-0.001255
160.079999	-0.012556
160.769999	-0.024678
161.459999	-0.037363
162.149999	-0.050142
162.839999	-0.062254
163.529999	-0.072761
164.219999	-0.080722
164.909999	-0.085390
165.599999	-0.086282
166.289999	-0.083209
166.979999	-0.076337
167.669999	-0.066200
168.359999	-0.053600
169.049999	-0.039449
169.739999	-0.024682
170.429999	-0.010215
171.119999	0.003184
171.809999	0.015036
172.499999	0.025250
173.189999	0.033933
173.879999	0.041239
174.569999	0.047318
175.259999	0.052260
175.949999	0.056177
176.639999	0.059166
177.329999	0.061359
178.019999	0.062885
178.709999	0.063828
179.399999	0.064127
180.089999	0.063725
180.779999	0.062608
181.469999	0.060806
182.159999	0.058524
182.849999	0.056098
183.539999	0.053938
184.229999	0.052327
184.919999	0.051162
185.609999	0.049820
186.299999	0.047349
186.989999	0.042745
187.679999	0.035171
188.369999	0.024044
189.059999	0.009134
189.749999	-0.009399
190.439999	-0.031042
191.129999	-0.055030
191.819999	-0.080423
192.509999	-0.106235
193.199999	-0.131542
193.889999	-0.155504
194.579999	-0.177285
195.269999	-0.195973
195.959999	-0.210696
196.649999	-0.220668
197.339999	-0.225306
198.029999	-0.224341
198.719999	-0.217962
199.409999	-0.206801
200.099999	-0.191764
200.789999	-0.173846
201.479999	-0.154000
202.169999	-0.133116
202.859999	-0.111956
203.549999	-0.091212
204.239999	-0.071563
204.929999	-0.053499
205.619999	-0.037254
206.309999	-0.022804
206.999999	-0.009996
207.689999	0.001398
208.379999	0.011724
209.069999	0.021417
209.759999	0.030985
210.449999	0.040908
211.139999	0.051503
211.829999	0.062791
212.519999	0.074480
213.209999	0.086052
213.899999	0.097037
214.589999	0.107243
215.279999	0.116639
215.969999	0.125258
216.659999	0.133049
217.349999	0.139746
218.039999	0.144950
218.729999	0.148279
219.419999	0.149422
220.109999	0.148204
220.799999	0.144577
221.489999	0.138562
222.179999	0.130426
222.869999	0.120614
223.559999	0.109619
224.249999	0.097869
224.939999	0.085677
225.629999	0.073281
226.319999	0.060935
227.009999	0.048931
227.699999	0.037756
228.389999	0.028029
229.079999	0.020377
229.769999	0.015307
230.459999	0.013138
231.149999	0.013999
231.839999	0.017848
232.529999	0.024592
233.219999	0.034085
233.909999	0.046133
234.599999	0.060587
235.289999	0.077483
235.979999	0.096727
236.669999	0.117748
237.359999	0.139584
238.049999	0.161193
238.739999	0.181680
239.429999	0.200367
240.119999	0.216711
240.809999	0.230215
241.499999	0.240402
242.189999	0.246885
242.879999	0.249464
243.569999	0.248214
244.259999	0.243610
244.949999	0.236731
245.639999	0.229240
246.329999	0.222869
247.019999	0.218862
247.709999	0.217855
248.399999	0.219972
249.089999	0.224954
249.779999	0.232229
250.469999	0.240819
251.159999	0.249278
251.849999	0.255772
252.539999	0.258281
253.229999	0.254971
253.919999	0.244603
254.609999	0.226797
255.299999	0.201946
255.989999	0.170714
256.679999	0.133743
257.369999	0.091768
258.059999	0.045874
258.749999	-0.002265
259.439999	-0.050515
260.129999	-0.096724
260.819999	-0.139315
261.509999	-0.177116
262.199999	-0.208923
262.889999	-0.233669
263.579999	-0.250977
264.269999	-0.261328
264.959999	-0.265917
265.649999	-0.266424
266.339999	-0.264751
267.029999	-0.262749
267.719999	-0.262020
268.409999	-0.263664
269.099999	-0.268161
269.789999	-0.275565
270.479999	-0.285666
271.169999	-0.298078
271.859999	-0.312176
272.549999	-0.327058
273.239999	-0.341504
273.929999	-0.353986
274.619999	-0.362847
275.309999	-0.366709
275.999999	-0.364840
276.689999	-0.357207
277.379999	-0.344337
278.069999	-0.327209
278.759999	-0.307103
279.449999	-0.285394
280.139999	-0.263371
280.829999	-0.242100
281.519999	-0.222244
282.209999	-0.203956
282.899999	-0.186830
283.589999	-0.169899
284.279999	-0.151754
284.969999	-0.130819
285.659999	-0.105615
286.349999	-0.074957
287.039999	-0.038136
287.729999	0.004928
288.419999	0.053610
289.109999	0.106622
289.799999	0.162113
290.489999	0.217702
291.179999	0.270551
291.869999	0.317560
292.559999	0.355550
293.249999	0.381613
293.939999	0.393436
294.629999	0.389369
295.319999	0.368466
296.009999	0.330586
296.699999	0.276438
297.389999	0.207613
298.079999	0.126512
298.769999	0.036099
299.459999	-0.060179
300.149999	-0.158542
300.839999	-0.255043
301.529999	-0.345810
302.219999	-0.427382
302.909999	-0.496885
303.599999	-0.552052
304.289999	-0.591334
304.979999	-0.613970
305.669999	-0.619905
306.359999	-0.609781
307.049999	-0.584925
307.739999	-0.547192
308.429999	-0.498829
309.119999	-0.442318
309.809999	-0.380102
310.499999	-0.314308
311.189999	-0.246716
311.879999	-0.178790
312.569999	-0.111785
313.259999	-0.046900
313.949999	0.014602
314.639999	0.071418
315.329999	0.122525
316.019999	0.167305
316.709999	0.205387
317.399999	0.236456
318.089999	0.260326
318.779999	0.277149
319.469999	0.287485
320.159999	0.292227
320.849999	0.292407
321.539999	0.289048
322.229999	0.283057
322.919999	0.275176
323.609999	0.266032
324.299999	0.256225
324.989999	0.246288
325.679999	0.236702
326.369999	0.227927
327.059999	0.220380
327.749999	0.214324
328.439999	0.209780
329.129999	0.206496
329.819999	0.204184
330.509999	0.202630
331.199999	0.201551
331.889999	0.200582
332.579999	0.199276
333.269999	0.197123
333.959999	0.193603
334.649999	0.188290
335.339999	0.180969
336.029999	0.171652
336.719999	0.160523
337.409999	0.147837
338.099999	0.133891
338.789999	0.119061
339.479999	0.103907
340.169999	0.089216
340.859999	0.075844
341.549999	0.064469
342.239999	0.055345
342.929999	0.048309
343.619999	0.042985
344.309999	0.038975
344.999999	0.035953
345.689999	0.033646
346.379999	0.031745
347.069999	0.029855
347.759999	0.027507
348.449999	0.024320
349.139999	0.020024
349.829999	0.014510
350.519999	0.007783
351.209999	-0.000085
351.899999	-0.008975
352.589999	-0.018717
353.279999	-0.029041
353.969999	-0.039557
354.659999	-0.049839
355.349999	-0.059477
356.039999	-0.068063
356.729999	-0.075165
357.419999	-0.080389
358.109999	-0.083414
358.799999	-0.084146
359.489999	-0.082713
360.179999	-0.079377
360.869999	-0.074450
361.559999	-0.068274
362.249999	-0.061269
362.939999	-0.053866
363.629999	-0.046464
364.319999	-0.039392
365.009999	-0.032922
365.699999	-0.027367
366.389999	-0.023114
367.079999	-0.020523
367.769999	-0.019806
368.459999	-0.020987
369.149999	-0.023950
369.839999	-0.028559
370.529999	-0.034608
371.219999	-0.041710
371.909999	-0.049283
372.599999	-0.056646
373.289999	-0.063064
373.979999	-0.067724
374.669999	-0.069778
375.359999	-0.068404
376.049999	-0.062828
376.739999	-0.052347
377.429999	-0.036427
378.119999	-0.015001
378.809999	0.011376
379.499999	0.041633
380.189999	0.074483
380.879999	0.108639
381.569999	0.142824
382.259999	0.175775
382.949999	0.206313
383.639999	0.233403
384.329999	0.256132
385.019999	0.273694
385.709999	0.285392
386.399999	0.290670
387.089999	0.289184
387.779999	0.280875
388.469999	0.265936
389.159999	0.244788
389.849999	0.218022
390.539999	0.186344
391.229999	0.150566
391.919999	0.111617
392.609999	0.070592
393.299999	0.028737
393.989999	-0.012666
394.679999	-0.052450
395.369999	-0.089592
396.059999	-0.123194
396.749999	-0.152473
397.439999	-0.176810
398.129999	-0.195793
398.819999	-0.209290
399.509999	-0.217444
400.199999	-0.220574
400.889999	-0.219108
401.579999	-0.213538
402.269999	-0.204391
402.959999	-0.192155
403.649999	-0.177286
404.339999	-0.160256
405.029999	-0.141658
405.719999	-0.122303
406.409999	-0.103071
407.099999	-0.084696
407.789999	-0.067715
408.479999	-0.052482
409.169999	-0.039166
409.859999	-0.027744
410.549999	-0.018135
411.239999	-0.010276
411.929999	-0.004014
412.619999	0.000911
413.309999	0.004763
413.999999	0.007765
414.689999	0.010097
415.379999	0.011967
416.069999	0.013582
416.759999	0.015075
417.449999	0.016496
418.139999	0.017820
418.829999	0.019043
419.519999	0.020238
420.209999	0.021470
420.899999	0.022850
421.589999	0.024555
422.279999	0.026791
422.969999	0.029682
423.659999	0.033276
424.349999	0.037606
425.039999	0.042705
425.729999	0.048620
426.419999	0.055405
427.109999	0.062977
427.799999	0.071025
428.489999	0.079011
429.179999	0.086164
429.869999	0.091710
430.559999	0.095096
431.249999	0.096053
431.939999	0.094580
432.629999	0.090829
433.319999	0.085018
434.009999	0.077343
434.699998	0.067906
435.389998	0.056750
436.079998	0.043996
436.769998	0.029882
437.459998	0.014713
438.149998	-0.001199
438.839998	-0.017627
439.529998	-0.034396
440.219998	-0.051416
440.909998	-0.068475
441.599998	-0.085297
442.289998	-0.101688
442.979998	-0.117449
443.669998	-0.132397
444.359998	-0.146268
445.049998	-0.158518
445.739998	-0.168367
446.429998	-0.175096
447.119998	-0.178266
447.809998	-0.177781
448.499998	-0.173802
449.189998	-0.166634
449.879998	-0.156647
450.569998	-0.144418
451.259998	-0.130672
451.949998	-0.116034
452.639998	-0.100950
453.329998	-0.085662
454.019998	-0.070249
454.709998	-0.054671
455.399998	-0.038818
456.089998	-0.022533
456.779998	-0.005682
457.469998	0.011854
458.159998	0.030183
458.849998	0.049195
459.539998	0.068590
460.229998	0.087939
460.919998	0.106779
461.609998	0.124584
462.299998	0.140798
462.989998	0.154917
463.679998	0.166554
464.369998	0.175436
465.059998	0.181445
465.749998	0.184744
466.439998	0.185724
467.129998	0.184840
467.819998	0.182381
468.509998	0.178409
469.199998	0.172946
469.889998	0.166010
470.579998	0.157545
471.269998	0.147419
471.959998	0.135508
472.649998	0.121900
473.339998	0.107056
474.029998	0.091903
474.719998	0.077830
475.409998	0.066536
476.099998	0.059834
476.789998	0.059319
477.479998	0.065809
478.169998	0.079128
478.859998	0.098330
479.549998	0.122071
480.239998	0.148905
480.929998	0.177468
481.619998	0.206636
482.309998	0.235583
482.999998	0.263609
483.689998	0.289937
484.379998	0.313693
485.069998	0.334011
485.759998	0.350235
486.449998	0.361980
487.139998	0.368938
487.829998	0.370634
488.519998	0.366579
489.209998	0.356570
489.899998	0.340965
490.589998	0.320684
491.279998	0.296935
491.969998	0.270986
492.659998	0.243920
493.349998	0.216472
494.039998	0.189116
494.729998	0.162140
495.419998	0.135744
496.109998	0.110135
496.799998	0.085491
497.489998	0.061694
498.179998	0.038153
498.869998	0.013909
499.559998	-0.012152
500.249998	-0.041115
500.939998	-0.073770
501.629998	-0.110398
502.319998	-0.150702
503.009998	-0.193841
503.699998	-0.238617
504.389998	-0.283753
505.079998	-0.328034
505.769998	-0.370227
506.459998	-0.408954
507.149998	-0.442789
507.839998	-0.470574
508.529998	-0.491801
509.219998	-0.506610
509.909998	-0.515403
510.599998	-0.518482
511.289998	-0.515998
511.979998	-0.508148
512.669998	-0.495307
513.359998	-0.477925
514.049998	-0.456315
514.739998	-0.430555
515.429998	-0.400558
516.119998	-0.366229
516.809998	-0.327677
517.499998	-0.285421
518.189998	-0.240391
518.879998	-0.193621
519.569998	-0.145880
520.259998	-0.097491
520.949998	-0.048301
521.639998	0.002199
522.329998	0.054575
523.019998	0.108986
523.709998	0.164901
524.399998	0.221145
525.089998	0.276179
525.779998	0.328370
526.469998	0.376089
527.159998	0.417635
527.849998	0.451232
528.539998	0.475084
529.229998	0.487619
529.919998	0.487730
530.609998	0.474871
531.299998	0.448889
531.989998	0.409802
532.679998	0.357796
533.369998	0.293278
534.059998	0.216920
534.749998	0.129715
535.439998	0.033082
536.129998	-0.070947
536.819998	-0.179681
537.509998	-0.289833
538.199998	-0.397714
538.889998	-0.499588
539.579998	-0.592068
540.269998	-0.672299
540.959998	-0.737938
541.649998	-0.787107
542.339998	-0.818400
543.029998	-0.830970
543.719998	-0.824708
544.409998	-0.800403
545.099998	-0.759780
545.789998	-0.705419
546.479998	-0.640476
547.169998	-0.568073
547.859998	-0.490917
548.549998	-0.411289
549.239998	-0.331157
549.929998	-0.252016
550.619998	-0.174810
551.309998	-0.100089
551.999998	-0.028308
552.689998	0.039930
553.379998	0.103906
554.069998	0.162936
554.759998	0.216553
555.449998	0.264485
556.139998	0.306384
556.829998	0.341526
557.519998	0.368780
558.209998	0.387052
558.899998	0.395898
559.589998	0.395753
560.279998	0.387734
560.969998	0.373351
561.659998	0.354268
562.349998	0.332144
563.039998	0.308593
563.729998	0.285120
564.419998	0.263079
565.109998	0.243639
565.799998	0.227595
566.489998	0.215344
567.179998	0.206775
567.869998	0.201330
568.559998	0.198212
569.249998	0.196648
569.939998	0.196075
570.629998	0.196202
571.319998	0.196809
572.009998	0.197583
572.699998	0.198235
573.389998	0.198575
574.079998	0.198438
574.769998	0.197657
575.459998	0.196154
576.149998	0.194008
576.839998	0.191414
577.529998	0.188599
578.219998	0.185682
578.909998	0.182656
579.599998	0.179388
580.289998	0.175596
580.979998	0.170924
581.669998	0.165020
582.359998	0.157607
583.049998	0.148488
583.739998	0.137560
584.429998	0.124857
585.119998	0.110522
585.809998	0.094811
586.499998	0.078042
587.189998	0.060507
587.879998	0.042462
588.569998	0.024121
589.259998	0.005669
589.949998	-0.012851
590.639998	-0.031446
591.329998	-0.050114
592.019998	-0.068834
592.709998	-0.087623
593.399998	-0.106491
594.089998	-0.125309
594.779998	-0.143769
595.469998	-0.161457
596.159998	-0.177953
596.849998	-0.192854
597.539998	-0.205793
598.229998	-0.216351
598.919998	-0.223976
599.609998	-0.228080
600.299998	-0.228182
600.989998	-0.224035
601.679998	-0.215604
602.369998	-0.203004
603.059998	-0.186415
603.749998	-0.166055
604.439998	-0.142279
605.129998	-0.115731
605.819998	-0.087522
606.509998	-0.059094
607.199998	-0.031835
607.889998	-0.006798
608.579998	0.015376
609.269998	0.034397
609.959998	0.050155
610.649998	0.062630
611.339998	0.071960
612.029998	0.078511
612.719998	0.082725
613.409998	0.085075
614.099998	0.085983
614.789998	0.085731
615.479998	0.084533
616.169998	0.082575
616.859998	0.080105
617.549998	0.077402
618.239998	0.074726
618.929998	0.072334
619.619998	0.070403
620.309998	0.068945
620.999998	0.067825
621.689998	0.066898
622.379998	0.066040
623.069998	0.065178
623.759998	0.064366
624.449998	0.063721
625.139998	0.063376
625.829998	0.063443
626.519998	0.063882
627.209998	0.064504
627.899998	0.065077
628.589998	0.065363
629.279998	0.065050
629.969998	0.063722
630.659998	0.060992
631.349998	0.056576
632.039998	0.050298
632.729998	0.042069
633.419998	0.031906
634.109998	0.019923
634.799998	0.006538
635.489998	-0.007507
636.179998	-0.021274
636.869998	-0.033791
637.559998	-0.044234
638.249998	-0.052052
638.939998	-0.056972
639.629998	-0.059032
640.319998	-0.058537
641.009998	-0.056002
641.699998	-0.052043
642.389998	-0.047235
643.079998	-0.042123
643.769998	-0.037132
644.459998	-0.032594
645.149998	-0.028725
645.839998	-0.025658
646.529998	-0.023454
647.219998	-0.022148
647.909998	-0.021717
648.599998	-0.022003
649.289998	-0.022662
649.979998	-0.023258
650.669998	-0.023458
651.359998	-0.023165
652.049998	-0.022515
652.739998	-0.021837
653.429998	-0.021479
654.119998	-0.021618
654.809998	-0.022192
655.499998	-0.023053
656.189998	-0.024101
656.879998	-0.025226
657.569998	-0.026299
658.259998	-0.027220
658.949998	-0.027810
659.639998	-0.027702
660.329998	-0.026420
661.019998	-0.023700
661.709998	-0.019636
662.399998	-0.014563
663.089998	-0.008939
663.779998	-0.003298
664.469998	0.001805
665.159998	0.005966
665.849998	0.009039
666.539998	0.010992
667.229998	0.011827
667.919998	0.011503
668.609998	0.009867
669.299998	0.006735
669.989998	0.002004
670.679998	-0.004363
671.369998	-0.012312
672.059998	-0.021635
672.749998	-0.031838
673.439998	-0.042164
674.129998	-0.051686
674.819998	-0.059456
675.509998	-0.064610
676.199998	-0.066521
676.889998	-0.064930
677.579998	-0.059988
678.269998	-0.052200
678.959998	-0.042207
679.649998	-0.030668
680.339998	-0.018193
681.029998	-0.005356
681.719998	0.007338
682.409998	0.019522
683.099998	0.030964
683.789998	0.041421
684.479998	0.050531
685.169998	0.057848
685.859998	0.062930
686.549998	0.065442
687.239998	0.065207
687.929998	0.062173
688.619998	0.056476
689.309998	0.048354
689.999998	0.038122
690.689998	0.026269
691.379998	0.013358
692.069998	-0.000120
692.759998	-0.013716
693.449998	-0.027072
694.139998	-0.039867
694.829998	-0.051771
695.519998	-0.062367
696.209998	-0.071104
696.899998	-0.077388
697.589998	-0.080687
698.279998	-0.080539
698.969998	-0.076533
699.659998	-0.068348
700.349998	-0.055702
701.039998	-0.038382
701.729998	-0.016386
702.419998	0.009887
703.109998	0.039681
703.799998	0.071989
704.489998	0.105773
705.179998	0.140008
705.869998	0.173503
706.559998	0.204789
707.249998	0.232178
707.939998	0.253974
708.629998	0.268641
709.319998	0.275051
710.009998	0.272670
710.699998	0.261639
711.389998	0.242841
712.079998	0.217883
712.769998	0.188836
713.459998	0.157676
714.149998	0.126013
714.839998	0.095066
715.529998	0.065723
716.219998	0.038696
716.909998	0.014644
717.599998	-0.005875
718.289998	-0.022441
718.979998	-0.034778
719.669998	-0.042745
720.359998	-0.046294
721.049998	-0.045446
721.739998	-0.040365
722.429998	-0.031257
723.119998	-0.018212
723.809997	-0.001248
724.499997	0.019619
725.189997	0.044297
725.879997	0.072478
726.569997	0.103479
727.259997	0.136397
727.949997	0.170276
728.639997	0.204171
729.329997	0.237031
730.019997	0.267603
730.709997	0.294684
731.399997	0.317481
732.089997	0.335742
732.779997	0.349459
733.469997	0.358563
734.159997	0.362980
734.849997	0.362778
735.539997	0.358143
736.229997	0.349087
736.919997	0.335240
737.609997	0.315826
738.299997	0.289866
738.989997	0.256444
739.679997	0.215062
740.369997	0.165925
741.059997	0.109891
741.749997	0.048334
742.439997	-0.016921
743.129997	-0.083711
743.819997	-0.149874
744.509997	-0.213661
745.199997	-0.273883
745.889997	-0.329743
746.579997	-0.380436
747.269997	-0.424942
747.959997	-0.462131
748.649997	-0.490860
749.339997	-0.510139
750.029997	-0.519354
750.719997	-0.518607
751.409997	-0.508866
752.099997	-0.491800
752.789997	-0.469345
753.479997	-0.443342
754.169997	-0.415401
754.859997	-0.386907
755.549997	-0.358963
756.239997	-0.332307
756.929997	-0.307265
757.619997	-0.283796
758.309997	-0.261675
758.999997	-0.240571
759.689997	-0.220001
760.379997	-0.199403
761.069997	-0.178310
761.759997	-0.156426
762.449997	-0.133500
763.139997	-0.109185
763.829997	-0.083029
764.519997	-0.054585
765.209997	-0.023583
765.899997	0.009905
766.589997	0.045417
767.279997	0.082135
767.969997	0.118929
768.659997	0.154192
769.349997	0.185700
770.039997	0.210787
770.729997	0.227002
771.419997	0.232735
772.109997	0.227451
772.799997	0.211474
773.489997	0.185652
774.179997	0.151021
774.869997	0.108653
775.559997	0.059694
776.249997	0.005417
776.939997	-0.052807
777.629997	-0.113580
778.319997	-0.175536
779.009997	-0.237347
779.699997	-0.297685
780.389997	-0.355161
781.079997	-0.408201
781.769997	-0.454966
782.459997	-0.493326
783.149997	-0.521064
783.839997	-0.536193
784.529997	-0.537355
785.219997	-0.524012
785.909997	-0.496515
786.599997	-0.456025
787.289997	-0.404272
787.979997	-0.343364
788.669997	-0.275684
789.359997	-0.203730
790.049997	-0.129921
790.739997	-0.056458
791.429997	0.014780
792.119997	0.082351
792.809997	0.145284
793.499997	0.202979
794.189997	0.255060
794.879997	0.301338
795.569997	0.341777
796.259997	0.376351
796.949997	0.404909
797.639997	0.427264
798.329997	0.443329
799.019997	0.453137
799.709997	0.456882
