0.000000	0.160841
0.690000	0.168718
1.380000	0.186835
2.070000	0.214476
2.760000	0.250678
3.450000	0.294487
4.140000	0.345033
4.830000	0.401560
5.520000	0.463152
6.210000	0.528434
6.900000	0.595491
7.590000	0.662043
8.280000	0.725842
8.970000	0.784875
9.660000	0.837609
10.350000	0.883193
11.040000	0.921395
11.730000	0.952439
12.420000	0.976792
13.110000	0.995170
13.800000	1.008408
14.490000	1.017389
15.180000	1.022932
15.870000	1.025784
16.560000	1.026547
17.250000	1.025517
17.940000	1.022654
18.630000	1.017652
19.320000	1.010121
20.010000	0.999795
20.700000	0.986588
21.390000	0.970406
22.080000	0.950770
22.770000	0.926869
23.460000	0.897374
24.150000	0.860596
24.840000	0.814705
25.530000	0.757927
26.220000	0.688456
26.910000	0.604496
27.600000	0.504736
28.290000	0.388498
28.980000	0.256615
29.670000	0.110588
30.360000	-0.047454
31.050000	-0.214686
31.740000	-0.387034
32.430000	-0.559308
33.120000	-0.725676
33.810000	-0.879436
34.500000	-1.014909
35.190000	-1.128545
35.880000	-1.218092
36.570000	-1.282708
37.260000	-1.322513
37.950000	-1.338542
38.640000	-1.332580
39.330000	-1.306939
40.020000	-1.264401
40.710000	-1.208242
41.400000	-1.141461
42.090000	-1.066564
42.780000	-0.985737
43.470000	-0.901221
44.160000	-0.815374
44.850000	-0.730933
45.540000	-0.650962
46.230000	-0.578070
46.920000	-0.514207
47.610000	-0.460728
48.300000	-0.418184
48.990000	-0.386311
49.680000	-0.364073
50.370000	-0.349807
51.060000	-0.341449
51.750000	-0.336616
52.440000	-0.332833
53.130000	-0.327934
53.820000	-0.320154
54.510000	-0.308257
55.200000	-0.291461
55.890000	-0.269495
56.580000	-0.242743
57.270000	-0.212176
57.960000	-0.179257
58.650000	-0.145476
59.340000	-0.111970
60.030000	-0.079579
60.720000	-0.048930
61.410000	-0.020566
62.100000	0.004944
62.790000	0.027336
63.480000	0.046637
64.170000	0.063248
64.860000	0.077819
65.550000	0.091199
66.240000	0.104332
66.930000	0.118126
67.620000	0.133301
68.310000	0.150211
69.000000	0.168877
69.690000	0.189101
70.380000	0.210517
71.070000	0.232539
71.760000	0.254312
72.450000	0.274756
73.140000	0.292746
73.830000	0.307340
74.520000	0.317863
75.210000	0.323929
75.900000	0.325434
76.590000	0.322500
77.280000	0.315339
77.970000	0.304217
78.660000	0.289447
79.350000	0.271395
80.040000	0.250484
80.730000	0.227209
81.420000	0.202142
82.110000	0.175966
82.800000	0.149508
83.490000	0.123630
84.180000	0.099063
84.870000	0.076249
85.560000	0.055435
86.250000	0.036784
86.940000	0.020485
87.630000	0.006898
88.320000	-0.003521
89.010000	-0.010276
89.700000	-0.012998
90.390000	-0.011576
91.080000	-0.006250
91.770000	0.002461
92.460000	0.013948
93.150000	0.027711
93.840000	0.043444
94.530000	0.060933
95.220000	0.079933
95.910000	0.100177
96.600000	0.121305
97.290000	0.142853
97.980000	0.164253
98.670000	0.184788
99.360000	0.203660
100.050000	0.220154
100.740000	0.233780
101.430000	0.244280
102.120000	0.251429
102.810000	0.255159
103.500000	0.255490
104.190000	0.252461
104.880000	0.246040
105.570000	0.236049
106.260000	0.222196
106.950000	0.204161
107.640000	0.181719
108.330000	0.154738
109.020000	0.123250
109.710000	0.087508
110.400000	0.048112
111.090000	0.006088
111.780000	-0.037067
112.470000	-0.079439
113.160000	-0.118751
113.850000	-0.152614
114.540000	-0.178940
115.230000	-0.196262
115.920000	-0.203802
116.610000	-0.201494
117.300000	-0.189947
117.990000	-0.170343
118.680000	-0.144253
119.370000	-0.113507
120.060000	-0.080052
120.750000	-0.045819
121.440000	-0.012633
122.130000	0.017855
122.820000	0.044225
123.510000	0.065294
124.200000	0.080170
124.890000	0.088239
125.580000	0.089213
126.270000	0.083113
126.960000	0.070259
127.650000	0.051239
128.340000	0.026800
129.030000	-0.002240
129.720000	-0.034999
130.410000	-0.070573
131.100000	-0.108099
131.790000	-0.146825
132.480000	-0.186136
133.170000	-0.225553
133.860000	-0.264719
134.550000	-0.303311
135.240000	-0.340988
135.930000	-0.377309
136.620000	-0.411721
137.310000	-0.443625
138.000000	-0.472393
138.690000	-0.497422
139.380000	-0.518147
140.070000	-0.534046
140.760000	-0.544693
141.450000	-0.549797
142.140000	-0.549211
142.830000	-0.542990
143.520000	-0.531258
144.210000	-0.514196
144.899999	-0.491981
145.589999	-0.464831
146.279999	-0.433081
146.969999	-0.397205
147.659999	-0.357802
148.349999	-0.315672
149.039999	-0.271665
149.729999	-0.226492
150.419999	-0.180777
151.109999	-0.135089
151.799999	-0.089871
152.489999	-0.045485
153.179999	-0.002172
153.869999	0.039900
154.559999	0.080696
155.249999	0.120307
155.939999	0.158887
156.629999	0.196547
157.319999	0.233256
158.009999	0.268824
158.699999	0.302947
159.389999	0.335214
160.079999	0.365187
160.769999	0.392564
161.459999	0.417243
162.149999	0.439188
162.839999	0.458331
163.529999	0.474556
164.219999	0.487719
164.909999	0.497716
165.599999	0.504523
166.289999	0.508143
166.979999	0.508488
167.669999	0.505338
168.359999	0.498393
169.049999	0.487400
169.739999	0.472257
170.429999	0.453038
171.119999	0.429964
171.809999	0.403380
172.499999	0.373754
173.189999	0.341645
173.879999	0.307728
174.569999	0.272853
175.259999	0.237997
175.949999	0.204222
176.639999	0.172546
177.329999	0.143899
178.019999	0.119042
178.709999	0.098423
179.399999	0.082090
180.089999	0.069677
180.779999	0.060501
181.469999	0.053666
182.159999	0.048133
182.849999	0.042921
183.539999	0.037086
184.229999	0.029767
184.919999	0.020268
185.609999	0.008157
186.299999	-0.006721
186.989999	-0.024340
187.679999	-0.044588
188.369999	-0.067373
189.059999	-0.092625
189.749999	-0.120273
190.439999	-0.150178
191.129999	-0.182132
191.819999	-0.215916
192.509999	-0.251318
193.199999	-0.288004
193.889999	-0.325412
194.579999	-0.362721
195.269999	-0.398936
195.959999	-0.433034
196.649999	-0.463968
197.339999	-0.490703
198.029999	-0.512282
198.719999	-0.527997
199.409999	-0.537456
200.099999	-0.540653
200.789999	-0.537877
201.479999	-0.529612
202.169999	-0.516590
202.859999	-0.499651
203.549999	-0.479562
204.239999	-0.456933
204.929999	-0.432177
205.619999	-0.405523
206.309999	-0.377063
206.999999	-0.346884
207.689999	-0.315247
208.379999	-0.282760
209.069999	-0.250337
209.759999	-0.219024
210.449999	-0.189664
211.139999	-0.162651
211.829999	-0.137848
212.519999	-0.114686
213.209999	-0.092410
213.899999	-0.070268
214.589999	-0.047669
215.279999	-0.024239
215.969999	0.000185
216.659999	0.025555
217.349999	0.051514
218.039999	0.077390
218.729999	0.102363
219.419999	0.125684
220.109999	0.146843
220.799999	0.165553
221.489999	0.181656
222.179999	0.195092
222.869999	0.205875
223.559999	0.214083
224.249999	0.219880
224.939999	0.223486
225.629999	0.225135
226.319999	0.225026
227.009999	0.223205
227.699999	0.219545
228.389999	0.213888
229.079999	0.206103
229.769999	0.196221
230.459999	0.184499
231.149999	0.171453
231.839999	0.157779
232.529999	0.144164
233.219999	0.131130
233.909999	0.119022
234.599999	0.108116
235.289999	0.098684
235.979999	0.090887
236.669999	0.084685
237.359999	0.079917
238.049999	0.076527
238.739999	0.074620
239.429999	0.074335
240.119999	0.075618
240.809999	0.078080
241.499999	0.081126
242.189999	0.084154
242.879999	0.086656
243.569999	0.088303
244.259999	0.088965
244.949999	0.088712
245.639999	0.087750
246.329999	0.086340
247.019999	0.084764
247.709999	0.083273
248.399999	0.081977
249.089999	0.080798
249.779999	0.079485
250.469999	0.077667
251.159999	0.074919
251.849999	0.070809
252.539999	0.064982
253.229999	0.057331
253.919999	0.047906
254.609999	0.036817
255.299999	0.024286
255.989999	0.010613
256.679999	-0.003806
257.369999	-0.018509
258.059999	-0.032916
258.749999	-0.046326
259.439999	-0.057982
260.129999	-0.067169
260.819999	-0.073357
261.509999	-0.076284
262.199999	-0.076002
262.889999	-0.072898
263.579999	-0.067670
264.269999	-0.061270
264.959999	-0.054846
265.649999	-0.049393
266.339999	-0.045577
267.029999	-0.043673
267.719999	-0.043639
268.409999	-0.045274
269.099999	-0.048274
269.789999	-0.052240
270.479999	-0.056735
271.169999	-0.061347
271.859999	-0.065718
272.549999	-0.069599
273.239999	-0.072799
273.929999	-0.075196
274.619999	-0.076696
275.309999	-0.077174
275.999999	-0.076471
276.689999	-0.074450
277.379999	-0.071014
278.069999	-0.066191
278.759999	-0.060217
279.449999	-0.053404
280.139999	-0.045998
280.829999	-0.038216
281.519999	-0.030324
282.209999	-0.022691
282.899999	-0.015684
283.589999	-0.009583
284.279999	-0.004540
284.969999	-0.000575
285.659999	0.002324
286.349999	0.004221
287.039999	0.005201
287.729999	0.005375
288.419999	0.004893
289.109999	0.003948
289.799999	0.002730
290.489999	0.001390
291.179999	0.000068
291.869999	-0.001128
292.559999	-0.002111
293.249999	-0.002798
293.939999	-0.003162
294.629999	-0.003237
295.319999	-0.003096
296.009999	-0.002910
296.699999	-0.002919
297.389999	-0.003330
298.079999	-0.004218
298.769999	-0.005557
299.459999	-0.007249
300.149999	-0.009109
300.839999	-0.010918
301.529999	-0.012467
302.219999	-0.013586
302.909999	-0.014149
303.599999	-0.014021
304.289999	-0.013116
304.979999	-0.011447
305.669999	-0.009181
306.359999	-0.006548
307.049999	-0.003819
307.739999	-0.001291
308.429999	0.000850
309.119999	0.002533
309.809999	0.003765
310.499999	0.004616
311.189999	0.005193
311.879999	0.005617
312.569999	0.005972
313.259999	0.006277
313.949999	0.006473
314.639999	0.006441
315.329999	0.006034
316.019999	0.005126
316.709999	0.003674
317.399999	0.001680
318.089999	-0.000813
318.779999	-0.003742
319.469999	-0.007034
320.159999	-0.010522
320.849999	-0.013950
321.539999	-0.016998
322.229999	-0.019287
322.919999	-0.020451
323.609999	-0.020232
324.299999	-0.018557
324.989999	-0.015472
325.679999	-0.011126
326.369999	-0.005737
327.059999	0.000403
327.749999	0.006987
328.439999	0.013686
329.129999	0.020172
329.819999	0.026148
330.509999	0.031363
331.199999	0.035618
331.889999	0.038743
332.579999	0.040590
333.269999	0.041076
333.959999	0.040183
334.649999	0.037983
335.339999	0.034560
336.029999	0.029991
336.719999	0.024348
337.409999	0.017729
338.099999	0.010337
338.789999	0.002523
339.479999	-0.005223
340.169999	-0.012295
340.859999	-0.018038
341.549999	-0.021777
342.239999	-0.022760
342.929999	-0.020132
343.619999	-0.012883
344.309999	-0.000051
344.999999	0.018961
345.689999	0.044115
346.379999	0.074621
347.069999	0.109039
347.759999	0.145521
348.449999	0.182127
349.139999	0.217080
349.829999	0.248855
350.519999	0.276137
351.209999	0.297791
351.899999	0.312865
352.589999	0.320628
353.279999	0.320560
353.969999	0.312324
354.659999	0.295804
355.349999	0.271166
356.039999	0.238921
356.729999	0.200009
357.419999	0.155795
358.109999	0.107897
358.799999	0.058067
359.489999	0.008278
360.179999	-0.039289
360.869999	-0.082539
361.559999	-0.119743
362.249999	-0.149718
362.939999	-0.171765
363.629999	-0.185629
364.319999	-0.191627
365.009999	-0.190754
365.699999	-0.184614
366.389999	-0.175231
367.079999	-0.164826
367.769999	-0.155618
368.459999	-0.149540
369.149999	-0.147986
369.839999	-0.151714
370.529999	-0.160896
371.219999	-0.175198
371.909999	-0.193967
372.599999	-0.216448
373.289999	-0.241858
373.979999	-0.269304
374.669999	-0.297829
375.359999	-0.326392
376.049999	-0.353922
376.739999	-0.379391
377.429999	-0.401793
378.119999	-0.420150
378.809999	-0.433663
379.499999	-0.441821
380.189999	-0.444524
380.879999	-0.441942
381.569999	-0.434393
382.259999	-0.422287
382.949999	-0.406080
383.639999	-0.386290
384.329999	-0.363509
385.019999	-0.338347
385.709999	-0.311496
386.399999	-0.283661
387.089999	-0.255537
387.779999	-0.227715
388.469999	-0.200644
389.159999	-0.174661
389.849999	-0.149970
390.539999	-0.126686
391.229999	-0.104894
391.919999	-0.084649
392.609999	-0.065948
393.299999	-0.048724
393.989999	-0.032815
394.679999	-0.017929
395.369999	-0.003566
396.059999	0.010847
396.749999	0.025904
397.439999	0.042080
398.129999	0.059815
398.819999	0.079510
399.509999	0.101492
400.199999	0.125976
400.889999	0.153038
401.579999	0.182568
402.269999	0.214326
402.959999	0.247995
403.649999	0.283186
404.339999	0.319372
405.029999	0.355868
405.719999	0.391842
406.409999	0.426313
407.099999	0.458309
407.789999	0.487004
408.479999	0.511734
409.169999	0.532010
409.859999	0.547453
410.549999	0.557781
411.239999	0.562850
411.929999	0.562689
412.619999	0.557421
413.309999	0.547239
413.999999	0.532375
414.689999	0.513071
415.379999	0.489573
416.069999	0.462245
416.759999	0.431568
417.449999	0.398092
418.139999	0.362288
418.829999	0.324515
419.519999	0.285125
420.209999	0.244620
420.899999	0.203599
421.589999	0.162687
422.279999	0.122505
422.969999	0.083603
423.659999	0.046420
424.349999	0.011291
425.039999	-0.021570
425.729999	-0.052077
426.419999	-0.080244
427.109999	-0.106117
427.799999	-0.129951
428.489999	-0.152163
429.179999	-0.173258
429.869999	-0.193740
430.559999	-0.214028
431.249999	-0.234367
431.939999	-0.254780
432.629999	-0.275073
433.319999	-0.294921
434.009999	-0.313987
434.699998	-0.332071
435.389998	-0.349024
436.079998	-0.364694
436.769998	-0.378969
437.459998	-0.391843
438.149998	-0.403471
438.839998	-0.414147
439.529998	-0.424237
440.219998	-0.434086
440.909998	-0.443905
441.599998	-0.453642
442.289998	-0.462900
442.979998	-0.471000
443.669998	-0.477106
444.359998	-0.480469
445.049998	-0.480622
445.739998	-0.477372
446.429998	-0.470810
447.119998	-0.461297
447.809998	-0.449351
448.499998	-0.435442
449.189998	-0.419865
449.879998	-0.402727
450.569998	-0.384010
451.259998	-0.363684
451.949998	-0.341657
452.639998	-0.317710
453.329998	-0.291560
454.019998	-0.263008
454.709998	-0.232068
455.399998	-0.199007
456.089998	-0.164276
456.779998	-0.128541
457.469998	-0.092683
458.159998	-0.057600
458.849998	-0.024044
459.539998	0.007453
460.229998	0.036630
460.919998	0.063455
461.609998	0.088034
462.299998	0.110482
462.989998	0.130904
463.679998	0.149468
464.369998	0.166406
465.059998	0.181943
465.749998	0.196155
466.439998	0.208902
467.129998	0.219966
467.819998	0.229239
468.509998	0.236721
469.199998	0.242414
469.889998	0.246320
470.579998	0.248503
471.269998	0.249110
471.959998	0.248341
472.649998	0.246455
473.339998	0.243754
474.029998	0.240456
474.719998	0.236624
475.409998	0.232194
476.099998	0.227142
476.789998	0.221588
477.479998	0.215731
478.169998	0.209708
478.859998	0.203604
479.549998	0.197471
480.239998	0.191326
480.929998	0.185142
481.619998	0.178857
482.309998	0.172458
482.999998	0.165961
483.689998	0.159287
484.379998	0.152307
485.069998	0.144852
485.759998	0.136798
486.449998	0.128091
487.139998	0.118700
487.829998	0.108618
488.519998	0.097871
489.209998	0.086510
489.899998	0.074624
490.589998	0.062317
491.279998	0.049720
491.969998	0.037009
492.659998	0.024387
493.349998	0.012059
494.039998	0.000195
494.729998	-0.011106
495.419998	-0.021732
496.109998	-0.031598
496.799998	-0.040634
497.489998	-0.048740
498.179998	-0.055807
498.869998	-0.061733
499.559998	-0.066461
500.249998	-0.069990
500.939998	-0.072363
501.629998	-0.073665
502.319998	-0.074081
503.009998	-0.073899
503.699998	-0.073491
504.389998	-0.073231
505.079998	-0.073482
505.769998	-0.074480
506.459998	-0.076346
507.149998	-0.079036
507.839998	-0.082331
508.529998	-0.086015
509.219998	-0.089910
509.909998	-0.093851
510.599998	-0.097610
511.289998	-0.100995
511.979998	-0.103822
512.669998	-0.105817
513.359998	-0.106658
514.049998	-0.105978
514.739998	-0.103387
515.429998	-0.098687
516.119998	-0.091864
516.809998	-0.083045
517.499998	-0.072428
518.189998	-0.060269
518.879998	-0.046849
519.569998	-0.032531
520.259998	-0.017806
520.949998	-0.003261
521.639998	0.010509
522.329998	0.022996
523.019998	0.033875
523.709998	0.042980
524.399998	0.050302
525.089998	0.055908
525.779998	0.059925
526.469998	0.062480
527.159998	0.063675
527.849998	0.063535
528.539998	0.062044
529.229998	0.059210
529.919998	0.055058
530.609998	0.049687
531.299998	0.043226
531.989998	0.035821
532.679998	0.027721
533.369998	0.019288
534.059998	0.010957
534.749998	0.003194
535.439998	-0.003533
536.129998	-0.008986
536.819998	-0.013138
537.509998	-0.016089
538.199998	-0.017939
538.889998	-0.018754
539.579998	-0.018627
540.269998	-0.017655
540.959998	-0.015871
541.649998	-0.013333
542.339998	-0.010116
543.029998	-0.006280
543.719998	-0.001981
544.409998	0.002501
545.099998	0.006853
545.789998	0.010810
546.479998	0.014149
547.169998	0.016701
547.859998	0.018358
548.549998	0.019094
549.239998	0.018962
549.929998	0.018058
550.619998	0.016486
551.309998	0.014321
551.999998	0.011645
552.689998	0.008579
553.379998	0.005299
554.069998	0.001956
554.759998	-0.001317
555.449998	-0.004396
556.139998	-0.007112
556.829998	-0.009222
557.519998	-0.010391
558.209998	-0.010273
558.899998	-0.008455
559.589998	-0.004588
560.279998	0.001551
560.969998	0.010020
561.659998	0.020742
562.349998	0.033455
563.039998	0.047705
563.729998	0.062846
564.419998	0.078153
565.109998	0.093063
565.799998	0.107296
566.489998	0.120865
567.179998	0.133921
567.869998	0.146596
568.559998	0.158893
569.249998	0.170613
569.939998	0.181420
570.629998	0.190970
571.319998	0.199021
572.009998	0.205444
572.699998	0.210205
573.389998	0.213288
574.079998	0.214772
574.769998	0.214787
575.459998	0.213439
576.149998	0.210831
576.839998	0.207118
577.529998	0.202572
578.219998	0.197469
578.909998	0.191880
579.599998	0.185621
580.289998	0.178211
580.979998	0.168986
581.669998	0.157182
582.359998	0.142020
583.049998	0.122881
583.739998	0.099438
584.429998	0.071695
585.119998	0.039989
585.809998	0.004880
586.499998	-0.032915
587.189998	-0.072600
587.879998	-0.113396
588.569998	-0.154590
589.259998	-0.195479
589.949998	-0.235260
590.639998	-0.272958
591.329998	-0.307487
592.019998	-0.337816
592.709998	-0.363081
593.399998	-0.382738
594.089998	-0.396678
594.779998	-0.405177
595.469998	-0.408770
596.159998	-0.408158
596.849998	-0.404115
597.539998	-0.397412
598.229998	-0.388781
598.919998	-0.378864
599.609998	-0.368199
600.299998	-0.357332
600.989998	-0.346730
601.679998	-0.336723
602.369998	-0.327474
603.059998	-0.319011
603.749998	-0.311163
604.439998	-0.303592
605.129998	-0.295788
605.819998	-0.287146
606.509998	-0.277042
607.199998	-0.264948
607.889998	-0.250528
608.579998	-0.233662
609.269998	-0.214472
609.959998	-0.193284
610.649998	-0.170563
611.339998	-0.146870
612.029998	-0.122747
612.719998	-0.098718
613.409998	-0.075230
614.099998	-0.052669
614.789998	-0.031325
615.479998	-0.011411
616.169998	0.006937
616.859998	0.023671
617.549998	0.038822
618.239998	0.052496
618.929998	0.064800
619.619998	0.075921
620.309998	0.086127
620.999998	0.095702
621.689998	0.104946
622.379998	0.114078
623.069998	0.123247
623.759998	0.132539
624.449998	0.141969
625.139998	0.151553
625.829998	0.161227
626.519998	0.170748
627.209998	0.179838
627.899998	0.188201
628.589998	0.195635
629.279998	0.201893
629.969998	0.206664
630.659998	0.209581
631.349998	0.210237
632.039998	0.208164
632.729998	0.202905
633.419998	0.194159
634.109998	0.181848
634.799998	0.166123
635.489998	0.147374
636.179998	0.126165
636.869998	0.103112
637.559998	0.078876
638.249998	0.054168
638.939998	0.029593
639.629998	0.005711
640.319998	-0.017058
641.009998	-0.038406
641.699998	-0.058053
642.389998	-0.075608
643.079998	-0.090591
643.769998	-0.102502
644.459998	-0.110937
645.149998	-0.115621
645.839998	-0.116360
646.529998	-0.113041
647.219998	-0.105643
647.909998	-0.094223
648.599998	-0.078949
649.289998	-0.060120
649.979998	-0.038235
650.669998	-0.013946
651.359998	0.011967
652.049998	0.038699
652.739998	0.065372
653.429998	0.091067
654.119998	0.114902
654.809998	0.136130
655.499998	0.154077
656.189998	0.168240
656.879998	0.178357
657.569998	0.184353
658.259998	0.186382
658.949998	0.184920
659.639998	0.180810
660.329998	0.175149
661.019998	0.169094
661.709998	0.163715
662.399998	0.159866
663.089998	0.158129
663.779998	0.158824
664.469998	0.162114
665.159998	0.168117
665.849998	0.176927
666.539998	0.188526
667.229998	0.202706
667.919998	0.219035
668.609998	0.236911
669.299998	0.255604
669.989998	0.274344
670.679998	0.292362
671.369998	0.308902
672.059998	0.323219
672.749998	0.334573
673.439998	0.342244
674.129998	0.345506
674.819998	0.343634
675.509998	0.335885
676.199998	0.321531
676.889998	0.299936
677.579998	0.270662
678.269998	0.233575
678.959998	0.188923
679.649998	0.137305
680.339998	0.079662
681.029998	0.017222
681.719998	-0.048580
682.409998	-0.116213
683.099998	-0.184243
683.789998	-0.251469
684.479998	-0.316959
685.169998	-0.380028
685.859998	-0.440155
686.549998	-0.496758
687.239998	-0.549002
687.929998	-0.595817
688.619998	-0.636022
689.309998	-0.668469
689.999998	-0.692319
690.689998	-0.707185
691.379998	-0.713087
692.069998	-0.710341
692.759998	-0.699477
693.449998	-0.681206
694.139998	-0.656388
694.829998	-0.626056
695.519998	-0.591362
696.209998	-0.553528
696.899998	-0.513729
697.589998	-0.473026
698.279998	-0.432381
698.969998	-0.392630
699.659998	-0.354394
700.349998	-0.318059
701.039998	-0.283913
701.729998	-0.252247
702.419998	-0.223324
703.109998	-0.197289
703.799998	-0.174023
704.489998	-0.153085
705.179998	-0.133741
705.869998	-0.115051
706.559998	-0.095989
707.249998	-0.075482
707.939998	-0.052588
708.629998	-0.026734
709.319998	0.002118
710.009998	0.033331
710.699998	0.065683
711.389998	0.097683
712.079998	0.128174
712.769998	0.156536
713.459998	0.182510
714.149998	0.205976
714.839998	0.226877
715.529998	0.245190
716.219998	0.260982
716.909998	0.274421
717.599998	0.285697
718.289998	0.294934
718.979998	0.302142
719.669998	0.307241
720.359998	0.310102
721.049998	0.310618
721.739998	0.308766
722.429998	0.304599
723.119998	0.298210
723.809997	0.289729
724.499997	0.279325
725.189997	0.267200
725.879997	0.253539
726.569997	0.238548
727.259997	0.222436
727.949997	0.205426
728.639997	0.187773
729.329997	0.169788
730.019997	0.151833
730.709997	0.134294
731.399997	0.117494
732.089997	0.101684
732.779997	0.087088
733.469997	0.073896
734.159997	0.062213
734.849997	0.052019
735.539997	0.043239
736.229997	0.035763
736.919997	0.029448
737.609997	0.024180
738.299997	0.019909
738.989997	0.016543
739.679997	0.013908
740.369997	0.011735
741.059997	0.009681
741.749997	0.007359
742.439997	0.004457
743.129997	0.000794
743.819997	-0.003663
744.509997	-0.008821
745.199997	-0.014528
745.889997	-0.020640
746.579997	-0.027056
747.269997	-0.033719
747.959997	-0.040579
748.649997	-0.047551
749.339997	-0.054526
750.029997	-0.061414
750.719997	-0.068176
751.409997	-0.074833
752.099997	-0.081410
752.789997	-0.087855
753.479997	-0.093972
754.169997	-0.099486
754.859997	-0.104133
755.549997	-0.107736
756.239997	-0.110226
756.929997	-0.111571
757.619997	-0.111759
758.309997	-0.110812
758.999997	-0.108827
759.689997	-0.105819
760.379997	-0.101694
761.069997	-0.096238
761.759997	-0.089267
762.449997	-0.080734
763.139997	-0.070744
763.829997	-0.059546
764.519997	-0.047422
765.209997	-0.034639
765.899997	-0.021379
766.589997	-0.007697
767.279997	0.006289
767.969997	0.020376
768.659997	0.034296
769.349997	0.047769
770.039997	0.060441
770.729997	0.071897
771.419997	0.081714
772.109997	0.089541
772.799997	0.095175
773.489997	0.098508
774.179997	0.099471
774.869997	0.098055
775.559997	0.094310
776.249997	0.088286
776.939997	0.080066
777.629997	0.069773
778.319997	0.057550
779.009997	0.043593
779.699997	0.028174
780.389997	0.011692
781.079997	-0.005372
781.769997	-0.022399
782.459997	-0.038672
783.149997	-0.053382
783.839997	-0.065751
784.529997	-0.075139
785.219997	-0.081154
785.909997	-0.083686
786.599997	-0.082816
787.289997	-0.078729
787.979997	-0.071653
788.669997	-0.061864
789.359997	-0.049679
790.049997	-0.035463
790.739997	-0.019590
791.429997	-0.002432
792.119997	0.015674
792.809997	0.034464
793.499997	0.053699
794.189997	0.073080
794.879997	0.092180
795.569997	0.110485
796.259997	0.127474
796.949997	0.142719
797.639997	0.155896
798.329997	0.166782
799.019997	0.175255
799.709997	0.181344
