0.000000	0.019930
0.690005	0.026510
1.380010	0.033240
2.070015	0.040240
2.760020	0.047550
3.450025	0.055200
4.140030	0.063090
4.830035	0.071070
5.520040	0.078840
6.210045	0.086050
6.900050	0.092260
7.590055	0.097030
8.280060	0.099940
8.970065	0.100680
9.660070	0.099090
10.350075	0.095160
11.040080	0.089090
11.730085	0.081190
12.420090	0.071920
13.110095	0.061820
13.800100	0.051500
14.490105	0.041540
15.180110	0.032510
15.870115	0.024860
16.560120	0.018970
17.250125	0.015050
17.940130	0.013190
18.630135	0.013340
19.320140	0.015260
20.010145	0.018620
20.700150	0.022940
21.390155	0.027760
22.080161	0.032560
22.770166	0.036880
23.460171	0.040320
24.150176	0.042560
24.840181	0.043410
25.530186	0.042790
26.220191	0.040760
26.910196	0.037430
27.600201	0.032970
28.290206	0.027600
28.980211	0.021520
29.670216	0.014920
30.360221	0.007960
31.050226	0.000760
31.740231	-0.006600
32.430236	-0.014090
33.120241	-0.021660
33.810246	-0.029190
34.500251	-0.036530
35.190256	-0.043390
35.880261	-0.049330
36.570266	-0.053810
37.260271	-0.056200
37.950276	-0.055870
38.640281	-0.052220
39.330286	-0.044740
40.020291	-0.033080
40.710296	-0.017020
41.400301	0.003500
42.090306	0.028440
42.780311	0.057550
43.470316	0.090460
44.160321	0.126640
44.850326	0.165380
45.540331	0.205760
46.230336	0.246750
46.920341	0.287150
47.610346	0.325690
48.300351	0.361110
48.990356	0.392190
49.680361	0.417900
50.370366	0.437380
51.060371	0.449970
51.750376	0.455200
52.440381	0.452690
53.130386	0.442160
53.820391	0.423400
54.510396	0.396300
55.200401	0.360910
55.890406	0.317470
56.580411	0.266440
57.270416	0.208590
57.960421	0.144940
58.650426	0.076790
59.340431	0.005680
60.030436	-0.066700
60.720441	-0.138640
61.410446	-0.208570
62.100451	-0.275140
62.790456	-0.337360
63.480461	-0.394560
64.170466	-0.446320
64.860471	-0.492390
65.550477	-0.532600
66.240482	-0.566780
66.930487	-0.594800
67.620492	-0.616540
68.310497	-0.631910
69.000502	-0.640880
69.690507	-0.643480
70.380512	-0.639760
71.070517	-0.629850
71.760522	-0.613960
72.450527	-0.592430
73.140532	-0.565780
73.830537	-0.534750
74.520542	-0.500270
75.210547	-0.463450
75.900552	-0.425470
76.590557	-0.387470
77.280562	-0.350460
77.970567	-0.315150
78.660572	-0.281980
79.350577	-0.251100
80.040582	-0.222460
80.730587	-0.195840
81.420592	-0.170940
82.110597	-0.147390
82.800602	-0.124740
83.490607	-0.102490
84.180612	-0.080120
84.870617	-0.057150
85.560622	-0.033160
86.250627	-0.007810
86.940632	0.019090
87.630637	0.047730
88.320642	0.078160
89.010647	0.110390
89.700652	0.144310
90.390657	0.179660
91.080662	0.216030
91.770667	0.252790
92.460672	0.289230
93.150677	0.324550
93.840682	0.357980
94.530687	0.388830
95.220692	0.416580
95.910697	0.440820
96.600702	0.461250
97.290707	0.477680
97.980712	0.490020
98.670717	0.498300
99.360722	0.502700
100.050727	0.503520
100.740732	0.501200
101.430737	0.496210
102.120742	0.489070
102.810747	0.480200
103.500752	0.469960
104.190757	0.458590
104.880762	0.446160
105.570767	0.432660
106.260772	0.417940
106.950777	0.401810
107.640782	0.384080
108.330787	0.364570
109.020793	0.343130
109.710798	0.319640
110.400803	0.294010
111.090808	0.266260
111.780813	0.236520
112.470818	0.205070
113.160823	0.172350
113.850828	0.138860
114.540833	0.105140
115.230838	0.071660
115.920843	0.038850
116.610848	0.007080
117.300853	-0.023250
117.990858	-0.051700
118.680863	-0.077750
119.370868	-0.100860
120.060873	-0.120600
120.750878	-0.136690
121.440883	-0.149020
122.130888	-0.157600
122.820893	-0.162490
123.510898	-0.163750
124.200903	-0.161480
124.890908	-0.155820
125.580913	-0.146970
126.270918	-0.135220
126.960923	-0.120930
127.650928	-0.104490
128.340933	-0.086330
129.030938	-0.066970
129.720943	-0.046960
130.410948	-0.026980
131.100953	-0.007740
131.790958	0.010010
132.480963	0.025560
133.170968	0.038250
133.860973	0.047490
134.550978	0.052790
135.240983	0.053750
135.930988	0.050160
136.620993	0.041940
137.310998	0.029220
138.001003	0.012280
138.691008	-0.008440
139.381013	-0.032490
140.071018	-0.059330
140.761023	-0.088470
141.451028	-0.119430
142.141033	-0.151760
142.831038	-0.184990
143.521043	-0.218620
144.211048	-0.252120
144.901053	-0.284940
145.591058	-0.316520
146.281063	-0.346360
146.971068	-0.374000
147.661073	-0.399020
148.351078	-0.421040
149.041083	-0.439760
149.731088	-0.454950
150.421093	-0.466540
151.111098	-0.474640
151.801103	-0.479590
152.491109	-0.481900
153.181114	-0.482270
153.871119	-0.481490
154.561124	-0.480390
155.251129	-0.479710
155.941134	-0.480130
156.631139	-0.482130
157.321144	-0.485980
158.011149	-0.491780
158.701154	-0.499390
159.391159	-0.508420
160.081164	-0.518240
160.771169	-0.527910
161.461174	-0.536250
162.151179	-0.541900
162.841184	-0.543440
163.531189	-0.539580
164.221194	-0.529290
164.911199	-0.511890
165.601204	-0.487160
166.291209	-0.455260
166.981214	-0.416660
167.671219	-0.372000
168.361224	-0.322020
169.051229	-0.267530
169.741234	-0.209380
170.431239	-0.148400
171.121244	-0.085420
171.811249	-0.021150
172.501254	0.043770
173.191259	0.108750
173.881264	0.173140
174.571269	0.236240
175.261274	0.297320
175.951279	0.355640
176.641284	0.410470
177.331289	0.461000
178.021294	0.506420
178.711299	0.545910
179.401304	0.578790
180.091309	0.604640
180.781314	0.623390
181.471319	0.635360
182.161324	0.641170
182.851329	0.641750
183.541334	0.638180
184.231339	0.631650
184.921344	0.623340
185.611349	0.614350
186.301354	0.605630
186.991359	0.597970
187.681364	0.591940
188.371369	0.587960
189.061374	0.586270
189.751379	0.587000
190.441384	0.590160
191.131389	0.595630
191.821394	0.603200
192.511399	0.612550
193.201404	0.623230
193.891409	0.634660
194.581414	0.646170
195.271419	0.657030
195.961425	0.666510
196.651430	0.673920
197.341435	0.678730
198.031440	0.680580
198.721445	0.679350
199.411450	0.675170
200.101455	0.668350
200.791460	0.659360
201.481465	0.648760
202.171470	0.637100
202.861475	0.624800
203.551480	0.612100
204.241485	0.599010
204.931490	0.585230
205.621495	0.570260
206.311500	0.553410
207.001505	0.533930
207.691510	0.511050
208.381515	0.484090
209.071520	0.452500
209.761525	0.415850
210.451530	0.373840
211.141535	0.326300
211.831540	0.273180
212.521545	0.214600
213.211550	0.150800
213.901555	0.082150
214.591560	0.009080
215.281565	-0.067840
215.971570	-0.147970
216.661575	-0.230400
217.351580	-0.313990
218.041585	-0.397450
218.731590	-0.479330
219.421595	-0.558220
220.111600	-0.632720
220.801605	-0.701510
221.491610	-0.763410
222.181615	-0.817430
222.871620	-0.862920
223.561625	-0.899620
224.251630	-0.927660
224.941635	-0.947570
225.631640	-0.960120
226.321645	-0.966280
227.011650	-0.967160
227.701655	-0.963980
228.391660	-0.958000
229.081665	-0.950530
229.771670	-0.942810
230.461675	-0.935950
231.151680	-0.930850
231.841685	-0.928090
232.531690	-0.927920
233.221695	-0.930190
233.911700	-0.934350
234.601705	-0.939510
235.291710	-0.944420
235.981715	-0.947580
236.671720	-0.947290
237.361725	-0.941730
238.051730	-0.929060
238.741735	-0.907550
239.431741	-0.875680
240.121746	-0.832240
240.811751	-0.776400
241.501756	-0.707770
242.191761	-0.626350
242.881766	-0.532570
243.571771	-0.427240
244.261776	-0.311550
244.951781	-0.187030
245.641786	-0.055550
246.331791	0.080650
247.021796	0.219030
247.711801	0.356720
248.401806	0.490670
249.091811	0.617790
249.781816	0.735210
250.471821	0.840390
251.161826	0.931240
251.851831	1.006190
252.541836	1.064090
253.231841	1.104300
253.921846	1.126660
254.611851	1.131550
255.301856	1.119960
255.991861	1.093440
256.681866	1.054090
257.371871	1.004300
258.061876	0.946540
258.751881	0.883160
259.441886	0.816230
260.131891	0.747470
260.821896	0.678340
261.511901	0.610080
262.201906	0.543740
262.891911	0.480210
263.581916	0.420150
264.271921	0.363980
264.961926	0.311870
265.651931	0.263740
266.341936	0.219350
267.031941	0.178300
267.721946	0.140150
268.411951	0.104440
269.101956	0.070850
269.791961	0.039150
270.481966	0.009300
271.171971	-0.018600
271.861976	-0.044410
272.551981	-0.067940
273.241986	-0.088980
273.931991	-0.107350
274.621996	-0.122840
275.312001	-0.135240
276.002006	-0.144380
276.692011	-0.150150
277.382016	-0.152520
278.072021	-0.151610
278.762026	-0.147640
279.452031	-0.140950
280.142036	-0.131970
280.832041	-0.121200
281.522046	-0.109090
282.212051	-0.096050
282.902057	-0.082340
283.592062	-0.068070
284.282067	-0.053230
284.972072	-0.037720
285.662077	-0.021420
286.352082	-0.004220
287.042087	0.013930
287.732092	0.032960
288.422097	0.052670
289.112102	0.072700
289.802107	0.092540
290.492112	0.111640
291.182117	0.129410
291.872122	0.145300
292.562127	0.158860
293.252132	0.169710
293.942137	0.177600
294.632142	0.182390
295.322147	0.184020
296.012152	0.182520
296.702157	0.177900
297.392162	0.170140
298.082167	0.159180
298.772172	0.144950
299.462177	0.127420
300.152182	0.106650
300.842187	0.082860
301.532192	0.056390
302.222197	0.027670
302.912202	-0.002780
303.602207	-0.034450
304.292212	-0.066780
304.982217	-0.099150
305.672222	-0.130860
306.362227	-0.161130
307.052232	-0.189110
307.742237	-0.213910
308.432242	-0.234750
309.122247	-0.250960
309.812252	-0.262120
310.502257	-0.268090
311.192262	-0.269030
311.882267	-0.265430
312.572272	-0.258070
313.262277	-0.247970
313.952282	-0.236360
314.642287	-0.224500
315.332292	-0.213590
316.022297	-0.204660
316.712302	-0.198530
317.402307	-0.195760
318.092312	-0.196670
318.782317	-0.201310
319.472322	-0.209530
320.162327	-0.220960
320.852332	-0.235120
321.542337	-0.251450
322.232342	-0.269300
322.922347	-0.287890
323.612352	-0.306310
324.302357	-0.323610
324.992362	-0.338900
325.682367	-0.351530
326.372373	-0.361190
327.062378	-0.367890
327.752383	-0.371890
328.442388	-0.373530
329.132393	-0.373080
329.822398	-0.370730
330.512403	-0.366590
331.202408	-0.360730
331.892413	-0.353170
332.582418	-0.343910
333.272423	-0.332800
333.962428	-0.319510
334.652433	-0.303460
335.342438	-0.283860
336.032443	-0.259840
336.722448	-0.230590
337.412453	-0.195600
338.102458	-0.154790
338.792463	-0.108590
339.482468	-0.057920
340.172473	-0.004060
340.862478	0.051450
341.552483	0.106990
342.242488	0.160900
342.932493	0.211490
343.622498	0.257140
344.312503	0.296340
345.002508	0.327830
345.692513	0.350670
346.382518	0.364420
347.072523	0.369130
347.762528	0.365300
348.452533	0.353890
349.142538	0.336120
349.832543	0.313400
350.522548	0.287220
351.212553	0.259020
351.902558	0.230100
352.592563	0.201640
353.282568	0.174610
353.972573	0.149880
354.662578	0.128120
355.352583	0.109840
356.042588	0.095340
356.732593	0.084750
357.422598	0.078070
358.112603	0.075260
358.802608	0.076230
359.492613	0.080870
360.182618	0.089010
360.872623	0.100340
361.562628	0.114400
362.252633	0.130590
362.942638	0.148220
363.632643	0.166560
364.322648	0.184940
365.012653	0.202790
365.702658	0.219670
366.392663	0.235250
367.082668	0.249260
367.772673	0.261430
368.462678	0.271450
369.152683	0.279000
369.842689	0.283840
370.532694	0.285830
371.222699	0.284980
371.912704	0.281490
372.602709	0.275660
373.292714	0.267880
373.982719	0.258620
374.672724	0.248360
375.362729	0.237650
376.052734	0.227050
376.742739	0.217080
377.432744	0.208200
378.122749	0.200700
378.812754	0.194620
379.502759	0.189770
380.192764	0.185740
380.882769	0.181960
381.572774	0.177780
382.262779	0.172570
382.952784	0.165740
383.642789	0.156820
384.332794	0.145430
385.022799	0.131240
385.712804	0.114050
386.402809	0.093710
387.092814	0.070200
387.782819	0.043660
388.472824	0.014450
389.162829	-0.016850
389.852834	-0.049480
390.542839	-0.082490
391.232844	-0.114850
391.922849	-0.145550
392.612854	-0.173710
393.302859	-0.198710
393.992864	-0.220200
394.682869	-0.238120
395.372874	-0.252700
396.062879	-0.264230
396.752884	-0.273070
397.442889	-0.279490
398.132894	-0.283710
398.822899	-0.285940
399.512904	-0.286460
400.202909	-0.285630
400.892914	-0.283930
401.582919	-0.281900
402.272924	-0.280140
402.962929	-0.279240
403.652934	-0.279670
404.342939	-0.281780
405.032944	-0.285730
405.722949	-0.291490
406.412954	-0.298830
407.102959	-0.307390
407.792964	-0.316750
408.482969	-0.326410
409.172974	-0.335900
409.862979	-0.344720
410.552984	-0.352420
411.242989	-0.358500
411.932994	-0.362500
412.622999	-0.363970
413.313005	-0.362570
414.003010	-0.358030
414.693015	-0.350250
415.383020	-0.339300
416.073025	-0.325370
416.763030	-0.308770
417.453035	-0.289820
418.143040	-0.268840
418.833045	-0.246110
419.523050	-0.221810
420.213055	-0.196080
420.903060	-0.169060
421.593065	-0.140920
422.283070	-0.111890
422.973075	-0.082250
423.663080	-0.052280
424.353085	-0.022190
425.043090	0.007910
425.733095	0.038170
426.423100	0.068840
427.113105	0.100310
427.803110	0.132910
428.493115	0.166910
429.183120	0.202360
429.873125	0.239070
430.563130	0.276600
431.253135	0.314280
431.943140	0.351150
432.633145	0.386120
433.323150	0.418010
434.013155	0.445760
434.703160	0.468560
435.393165	0.485950
436.083170	0.497830
436.773175	0.504480
437.463180	0.506420
438.153185	0.504380
438.843190	0.499160
439.533195	0.491620
440.223200	0.482570
440.913205	0.472750
441.603210	0.462800
442.293215	0.453220
442.983220	0.444270
443.673225	0.435990
444.363230	0.428090
445.053235	0.420060
445.743240	0.411190
446.433245	0.400670
447.123250	0.387710
447.813255	0.371570
448.503260	0.351730
449.193265	0.327860
449.883270	0.299950
450.573275	0.268320
451.263280	0.233550
451.953285	0.196420
452.643290	0.157820
453.333295	0.118640
454.023300	0.079770
454.713305	0.042060
455.403310	0.006290
456.093315	-0.026830
456.783321	-0.056750
457.473326	-0.083050
458.163331	-0.105520
458.853336	-0.124120
459.543341	-0.138980
460.233346	-0.150360
460.923351	-0.158640
461.613356	-0.164320
462.303361	-0.167980
462.993366	-0.170310
463.683371	-0.172060
464.373376	-0.173970
465.063381	-0.176690
465.753386	-0.180730
466.443391	-0.186410
467.133396	-0.193860
467.823401	-0.203060
468.513406	-0.213970
469.203411	-0.226540
469.893416	-0.240820
470.583421	-0.256910
471.273426	-0.274950
471.963431	-0.295080
472.653436	-0.317340
473.343441	-0.341610
474.033446	-0.367550
474.723451	-0.394530
475.413456	-0.421620
476.103461	-0.447690
476.793466	-0.471500
477.483471	-0.491850
478.173476	-0.507640
478.863481	-0.517950
479.553486	-0.522060
480.243491	-0.519400
480.933496	-0.509660
481.623501	-0.492750
482.313506	-0.468930
483.003511	-0.438720
483.693516	-0.402920
484.383521	-0.362480
485.073526	-0.318430
485.763531	-0.271810
486.453536	-0.223620
487.143541	-0.174800
487.833546	-0.126260
488.523551	-0.078790
489.213556	-0.033090
489.903561	0.010320
490.593566	0.051130
491.283571	0.089210
491.973576	0.124560
492.663581	0.157280
493.353586	0.187420
494.043591	0.214980
494.733596	0.239890
495.423601	0.262050
496.113606	0.281390
496.803611	0.297890
497.493616	0.311640
498.183621	0.322860
498.873626	0.331890
499.563631	0.339110
500.253637	0.344950
500.943642	0.349740
501.633647	0.353760
502.323652	0.357220
503.013657	0.360320
503.703662	0.363230
504.393667	0.366110
505.083672	0.369000
505.773677	0.371810
506.463682	0.374330
507.153687	0.376270
507.843692	0.377300
508.533697	0.377050
509.223702	0.375080
509.913707	0.370900
510.603712	0.364030
511.293717	0.354090
511.983722	0.340860
512.673727	0.324320
513.363732	0.304590
514.053737	0.281860
514.743742	0.256380
515.433747	0.228440
516.123752	0.198360
516.813757	0.166590
517.503762	0.133700
518.193767	0.100400
518.883772	0.067540
519.573777	0.036020
520.263782	0.006700
520.953787	-0.019660
521.643792	-0.042530
522.333797	-0.061570
523.023802	-0.076670
523.713807	-0.087930
524.403812	-0.095610
525.093817	-0.100180
525.783822	-0.102290
526.473827	-0.102750
527.163832	-0.102500
527.853837	-0.102480
528.543842	-0.103580
529.233847	-0.106510
529.923852	-0.111820
530.613857	-0.119840
531.303862	-0.130740
531.993867	-0.144550
532.683872	-0.161210
533.373877	-0.180550
534.063882	-0.202280
534.753887	-0.225850
535.443892	-0.250430
536.133897	-0.274750
536.823902	-0.297220
537.513907	-0.315940
538.203912	-0.328960
538.893917	-0.334510
539.583922	-0.331210
540.273927	-0.318270
540.963932	-0.295560
541.653937	-0.263700
542.343942	-0.224010
543.033947	-0.178440
543.723953	-0.129370
544.413958	-0.079310
545.103963	-0.030670
545.793968	0.014530
546.483973	0.054760
547.173978	0.088970
547.863983	0.116560
548.553988	0.137290
549.243993	0.151220
549.933998	0.158710
550.624003	0.160310
551.314008	0.156740
552.004013	0.148830
552.694018	0.137490
553.384023	0.123650
554.074028	0.108230
554.764033	0.092110
555.454038	0.075990
556.144043	0.060390
556.834048	0.045600
557.524053	0.031740
558.214058	0.018810
558.904063	0.006760
559.594068	-0.004420
560.284073	-0.014760
560.974078	-0.024230
561.664083	-0.032780
562.354088	-0.040420
563.044093	-0.047150
563.734098	-0.052970
564.424103	-0.057810
565.114108	-0.061530
565.804113	-0.063980
566.494118	-0.065030
567.184123	-0.064710
567.874128	-0.063240
568.564133	-0.061000
569.254138	-0.058400
569.944143	-0.055850
570.634148	-0.053680
571.324153	-0.052080
572.014158	-0.051170
572.704163	-0.050990
573.394168	-0.051460
574.084173	-0.052390
574.774178	-0.053530
575.464183	-0.054570
576.154188	-0.055210
576.844193	-0.055150
577.534198	-0.054140
578.224203	-0.051960
578.914208	-0.048420
579.604213	-0.043380
580.294218	-0.036790
580.984223	-0.028680
581.674228	-0.019230
582.364233	-0.008720
583.054238	0.002510
583.744243	0.014180
584.434248	0.026060
585.124253	0.038050
585.814258	0.050110
586.504263	0.062230
587.194269	0.074400
587.884274	0.086530
588.574279	0.098530
589.264284	0.110260
589.954289	0.121540
590.644294	0.132210
591.334299	0.142090
592.024304	0.151050
592.714309	0.159030
593.404314	0.166040
594.094319	0.172100
594.784324	0.177150
595.474329	0.181040
596.164334	0.183440
596.854339	0.183910
597.544344	0.181980
598.234349	0.177260
598.924354	0.169500
599.614359	0.158670
600.304364	0.144890
600.994369	0.128460
601.684374	0.109730
602.374379	0.089110
603.064384	0.067010
603.754389	0.043840
604.444394	0.020030
605.134399	-0.003970
605.824404	-0.027750
606.514409	-0.050850
607.204414	-0.072880
607.894419	-0.093460
608.584424	-0.112250
609.274429	-0.128920
609.964434	-0.143150
610.654439	-0.154670
611.344444	-0.163240
612.034449	-0.168780
612.724454	-0.171360
613.414459	-0.171220
614.104464	-0.168720
614.794469	-0.164280
615.484474	-0.158330
616.174479	-0.151270
616.864484	-0.143420
617.554489	-0.135050
618.244494	-0.126420
618.934499	-0.117730
619.624504	-0.109170
620.314509	-0.100930
621.004514	-0.093130
621.694519	-0.085890
622.384524	-0.079260
623.074529	-0.073310
623.764534	-0.068030
624.454539	-0.063390
625.144544	-0.059200
625.834549	-0.055190
626.524554	-0.050920
627.214559	-0.045890
627.904564	-0.039570
628.594569	-0.031520
629.284574	-0.021410
629.974579	-0.009040
630.664585	0.005640
631.354590	0.022690
632.044595	0.042120
632.734600	0.063900
633.424605	0.087970
634.114610	0.114090
634.804615	0.141810
635.494620	0.170520
636.184625	0.199460
636.874630	0.227780
637.564635	0.254620
638.254640	0.279170
638.944645	0.300670
639.634650	0.318480
640.324655	0.332070
641.014660	0.341110
641.704665	0.345410
642.394670	0.344950
643.084675	0.339860
643.774680	0.330390
644.464685	0.316910
645.154690	0.299820
645.844695	0.279570
646.534700	0.256530
647.224705	0.231030
647.914710	0.203310
648.604715	0.173520
649.294720	0.141840
649.984725	0.108420
650.674730	0.073560
651.364735	0.037620
652.054740	0.001150
652.744745	-0.035250
653.434750	-0.070970
654.124755	-0.105470
654.814760	-0.138330
655.504765	-0.169330
656.194770	-0.198330
656.884775	-0.225290
657.574780	-0.250190
658.264785	-0.273000
658.954790	-0.293640
659.644795	-0.311990
660.334800	-0.327840
661.024805	-0.340990
661.714810	-0.351210
662.404815	-0.358320
663.094820	-0.362190
663.784825	-0.362750
664.474830	-0.359960
665.164835	-0.353830
665.854840	-0.344440
666.544845	-0.331970
667.234850	-0.316680
667.924855	-0.298950
668.614860	-0.279180
669.304865	-0.257830
669.994870	-0.235360
670.684875	-0.212220
671.374880	-0.188900
672.064885	-0.165870
672.754890	-0.143630
673.444895	-0.122640
674.134901	-0.103360
674.824906	-0.086190
675.514911	-0.071470
676.204916	-0.059390
676.894921	-0.050040
677.584926	-0.043420
678.274931	-0.039370
678.964936	-0.037680
679.654941	-0.037990
680.344946	-0.039850
681.034951	-0.042670
681.724956	-0.045790
682.414961	-0.048490
683.104966	-0.050020
683.794971	-0.049670
684.484976	-0.046750
685.174981	-0.040660
685.864986	-0.030970
686.554991	-0.017450
687.244996	-0.000200
687.935001	0.020430
688.625006	0.043790
689.315011	0.069060
690.005016	0.095310
690.695021	0.121620
691.385026	0.147130
692.075031	0.171120
692.765036	0.192980
693.455041	0.212240
694.145046	0.228550
694.835051	0.241660
695.525056	0.251430
696.215061	0.257830
696.905066	0.260890
697.595071	0.260680
698.285076	0.257350
698.975081	0.251060
699.665086	0.242050
700.355091	0.230610
701.045096	0.217060
701.735101	0.201740
702.425106	0.185010
703.115111	0.167190
703.805116	0.148600
704.495121	0.129480
705.185126	0.110010
705.875131	0.090320
706.565136	0.070520
707.255141	0.050750
707.945146	0.031250
708.635151	0.012380
709.325156	-0.005470
710.015161	-0.021860
710.705166	-0.036370
711.395171	-0.048630
712.085176	-0.058330
712.775181	-0.065280
713.465186	-0.069360
714.155191	-0.070580
714.845196	-0.069050
715.535201	-0.065020
716.225206	-0.058870
716.915211	-0.051050
717.605217	-0.041980
718.295222	-0.032050
718.985227	-0.021510
719.675232	-0.010530
720.365237	0.000740
721.055242	0.012130
721.745247	0.023370
722.435252	0.034150
723.125257	0.044150
723.815262	0.053050
724.505267	0.060610
725.195272	0.066650
725.885277	0.071110
726.575282	0.073970
727.265287	0.075310
727.955292	0.075210
728.645297	0.073790
729.335302	0.071170
730.025307	0.067440
730.715312	0.062710
731.405317	0.057110
732.095322	0.050780
732.785327	0.043890
733.475332	0.036630
734.165337	0.029190
734.855342	0.021770
735.545347	0.014500
736.235352	0.007490
736.925357	0.000810
737.615362	-0.005510
738.305367	-0.011510
738.995372	-0.017230
739.685377	-0.022740
740.375382	-0.028130
741.065387	-0.033470
741.755392	-0.038870
742.445397	-0.044420
743.135402	-0.050230
743.825407	-0.056460
744.515412	-0.063290
745.205417	-0.070940
745.895422	-0.079670
746.585427	-0.089790
747.275432	-0.101630
747.965437	-0.115460
748.655442	-0.131450
749.345447	-0.149570
750.035452	-0.169510
750.725457	-0.190760
751.415462	-0.212600
752.105467	-0.234270
752.795472	-0.255000
753.485477	-0.274140
754.175482	-0.291100
754.865487	-0.305400
755.555492	-0.316600
756.245497	-0.324310
756.935502	-0.328190
757.625507	-0.327960
758.315512	-0.323450
759.005517	-0.314560
759.695522	-0.301320
760.385527	-0.283880
761.075533	-0.262530
761.765538	-0.237770
762.455543	-0.210320
763.145548	-0.181080
763.835553	-0.151050
764.525558	-0.121180
765.215563	-0.092260
765.905568	-0.064810
766.595573	-0.039050
767.285578	-0.014940
767.975583	0.007780
768.665588	0.029480
769.355593	0.050540
770.045598	0.071350
770.735603	0.092220
771.425608	0.113480
772.115613	0.135490
772.805618	0.158630
773.495623	0.183240
774.185628	0.209520
774.875633	0.237480
775.565638	0.266840
776.255643	0.297130
776.945648	0.327680
777.635653	0.357710
778.325658	0.386420
779.015663	0.413060
779.705668	0.436990
780.395673	0.457710
781.085678	0.474860
781.775683	0.488170
782.465688	0.497410
783.155693	0.502280
783.845698	0.502460
784.535703	0.497590
785.225708	0.487320
785.915713	0.471400
786.605718	0.449690
787.295723	0.422230
787.985728	0.389260
788.675733	0.351240
789.365738	0.308880
790.055743	0.263000
790.745748	0.214530
791.435753	0.164330
792.125758	0.113270
792.815763	0.062230
793.505768	0.012180
794.195773	-0.035720
794.885778	-0.080300
795.575783	-0.120420
796.265788	-0.155210
796.955793	-0.184200
797.645798	-0.207320
798.335803	-0.224830
799.025808	-0.237230
799.715813	-0.245060
800.405818	-0.248850
801.095823	-0.249030
801.785828	-0.245970
802.475833	-0.239980
803.165838	-0.231400
803.855843	-0.220630
804.545849	-0.208130
805.235854	-0.194470
805.925859	-0.180210
806.615864	-0.165960
807.305869	-0.152240
807.995874	-0.139510
808.685879	-0.128120
809.375884	-0.118350
810.065889	-0.110430
810.755894	-0.104570
811.445899	-0.100940
812.135904	-0.099670
812.825909	-0.100810
813.515914	-0.104290
814.205919	-0.109960
814.895924	-0.117560
815.585929	-0.126740
816.275934	-0.137110
816.965939	-0.148220
817.655944	-0.159590
818.345949	-0.170770
819.035954	-0.181330
819.725959	-0.190850
820.415964	-0.198980
821.105969	-0.205450
821.795974	-0.210050
822.485979	-0.212750
823.175984	-0.213680
823.865989	-0.213080
824.555994	-0.211310
825.245999	-0.208680
825.936004	-0.205420
826.626009	-0.201660
827.316014	-0.197400
828.006019	-0.192610
828.696024	-0.187260
829.386029	-0.181360
830.076034	-0.175010
830.766039	-0.168350
831.456044	-0.161550
832.146049	-0.154700
832.836054	-0.147800
833.526059	-0.140700
834.216064	-0.133070
834.906069	-0.124450
835.596074	-0.114340
836.286079	-0.102230
836.976084	-0.087670
837.666089	-0.070260
838.356094	-0.049660
839.046099	-0.025650
839.736104	0.001900
840.426109	0.032940
841.116114	0.067130
841.806119	0.103910
842.496124	0.142480
843.186129	0.181890
843.876134	0.221160
844.566139	0.259360
845.256144	0.295660
845.946149	0.329400
846.636154	0.360060
847.326159	0.387320
848.016165	0.411020
848.706170	0.431190
849.396175	0.448020
850.086180	0.461730
850.776185	0.472580
851.466190	0.480790
852.156195	0.486500
852.846200	0.489880
853.536205	0.491130
854.226210	0.490520
854.916215	0.488360
855.606220	0.484940
856.296225	0.480510
856.986230	0.475160
857.676235	0.468920
858.366240	0.461680
859.056245	0.453260
859.746250	0.443400
860.436255	0.431760
861.126260	0.417910
861.816265	0.401360
862.506270	0.381590
863.196275	0.358100
863.886280	0.330510
864.576285	0.298610
865.266290	0.262410
865.956295	0.222140
866.646300	0.178250
867.336305	0.131310
868.026310	0.082010
868.716315	0.031070
869.406320	-0.020650
870.096325	-0.072260
870.786330	-0.122710
871.476335	-0.171000
872.166340	-0.216200
872.856345	-0.257610
873.546350	-0.294850
874.236355	-0.327820
874.926360	-0.356740
875.616365	-0.382080
876.306370	-0.404480
876.996375	-0.424700
877.686380	-0.443600
878.376385	-0.462000
879.066390	-0.480620
879.756395	-0.499940
880.446400	-0.520130
881.136405	-0.540920
881.826410	-0.561630
882.516415	-0.581230
883.206420	-0.598480
883.896425	-0.612110
884.586430	-0.620940
885.276435	-0.623960
885.966440	-0.620410
886.656445	-0.609770
887.346450	-0.591820
888.036455	-0.566600
888.726460	-0.534510
889.416465	-0.496250
890.106470	-0.452770
890.796475	-0.405200
891.486481	-0.354750
892.176486	-0.302610
892.866491	-0.249900
893.556496	-0.197650
894.246501	-0.146800
894.936506	-0.098260
895.626511	-0.052860
896.316516	-0.011440
897.006521	0.025230
897.696526	0.056470
898.386531	0.081720
899.076536	0.100620
899.766541	0.113040
900.456546	0.119140
901.146551	0.119320
901.836556	0.114290
902.526561	0.104970
903.216566	0.092450
903.906571	0.077950
904.596576	0.062710
905.286581	0.047940
905.976586	0.034790
906.666591	0.024290
907.356596	0.017250
908.046601	0.014310
908.736606	0.015860
909.426611	0.022120
910.116616	0.033190
910.806621	0.049100
911.496626	0.069760
912.186631	0.094920
912.876636	0.124110
913.566641	0.156630
914.256646	0.191600
914.946651	0.228010
915.636656	0.264800
916.326661	0.300930
917.016666	0.335400
917.706671	0.367350
918.396676	0.396030
919.086681	0.420950
919.776686	0.441830
920.466691	0.458650
921.156696	0.471590
921.846701	0.480960
922.536706	0.487150
923.226711	0.490530
923.916716	0.491450
924.606721	0.490240
925.296726	0.487210
925.986731	0.482650
926.676736	0.476830
927.366741	0.469980
928.056746	0.462250
928.746751	0.453720
929.436756	0.444420
930.126761	0.434370
930.816766	0.423600
931.506771	0.412090
932.196776	0.399760
932.886781	0.386440
933.576786	0.371840
934.266791	0.355630
934.956796	0.337460
935.646802	0.317030
936.336807	0.294050
937.026812	0.268250
937.716817	0.239340
938.406822	0.207020
939.096827	0.171010
939.786832	0.131030
940.476837	0.086840
941.166842	0.038240
941.856847	-0.014890
942.546852	-0.072580
943.236857	-0.134660
943.926862	-0.200780
944.616867	-0.270430
945.306872	-0.342900
945.996877	-0.417380
946.686882	-0.492880
947.376887	-0.568300
948.066892	-0.642390
948.756897	-0.713720
949.446902	-0.780750
950.136907	-0.841810
950.826912	-0.895200
951.516917	-0.939230
952.206922	-0.972410
952.896927	-0.993530
953.586932	-1.001730
954.276937	-0.996550
954.966942	-0.977880
955.656947	-0.945950
956.346952	-0.901290
957.036957	-0.844850
957.726962	-0.778140
958.416967	-0.703380
959.106972	-0.623440
959.796977	-0.541560
960.486982	-0.460980
961.176987	-0.384520
961.866992	-0.314250
962.556997	-0.251420
963.247002	-0.196540
963.937007	-0.149520
964.627012	-0.109800
965.317017	-0.076470
966.007022	-0.048400
966.697027	-0.024390
967.387032	-0.003220
968.077037	0.016210
968.767042	0.034940
969.457047	0.053780
970.147052	0.073360
970.837057	0.094080
971.527062	0.116110
972.217067	0.139450
972.907072	0.163960
973.597077	0.189430
974.287082	0.215610
974.977087	0.242200
975.667092	0.268850
976.357097	0.295130
977.047102	0.320590
977.737107	0.344820
978.427112	0.367540
979.117118	0.388610
979.807123	0.408070
980.497128	0.426030
981.187133	0.442680
981.877138	0.458190
982.567143	0.472680
983.257148	0.486250
983.947153	0.498930
984.637158	0.510680
985.327163	0.521380
986.017168	0.530780
986.707173	0.538560
987.397178	0.544360
988.087183	0.547880
988.777188	0.548900
989.467193	0.547330
990.157198	0.543160
990.847203	0.536430
991.537208	0.527180
992.227213	0.515500
992.917218	0.501470
993.607223	0.485240
994.297228	0.467010
994.987233	0.447060
995.677238	0.425720
996.367243	0.403340
997.057248	0.380240
997.747253	0.356690
998.437258	0.332900
999.127263	0.308960
999.817268	0.284920
1000.507273	0.260700
1001.197278	0.236100
1001.887283	0.210800
1002.577288	0.184380
1003.267293	0.156330
1003.957298	0.126160
1004.647303	0.093430
1005.337308	0.057840
1006.027313	0.019240
1006.717318	-0.022310
1007.407323	-0.066580
1008.097328	-0.113130
1008.787333	-0.161390
1009.477338	-0.210650
1010.167343	-0.260100
1010.857348	-0.308810
1011.547353	-0.355760
1012.237358	-0.399880
1012.927363	-0.440130
1013.617368	-0.475610
1014.307373	-0.505700
1014.997378	-0.530060
1015.687383	-0.548720
1016.377388	-0.561940
1017.067393	-0.570180
1017.757398	-0.574000
1018.447403	-0.573920
1019.137408	-0.570420
1019.827413	-0.563910
1020.517418	-0.554710
1021.207423	-0.543020
1021.897428	-0.528980
1022.587434	-0.512670
1023.277439	-0.494070
1023.967444	-0.473090
1024.657449	-0.449570
1025.347454	-0.423270
1026.037459	-0.393930
1026.727464	-0.361410
1027.417469	-0.325760
1028.107474	-0.287360
1028.797479	-0.246900
1029.487484	-0.205350
1030.177489	-0.163820
1030.867494	-0.123510
1031.557499	-0.085580
1032.247504	-0.051060
1032.937509	-0.020820
1033.627514	0.004570
1034.317519	0.024820
1035.007524	0.039870
1035.697529	0.049900
1036.387534	0.055220
1037.077539	0.056350
1037.767544	0.053960
1038.457549	0.048870
1039.147554	0.041950
1039.837559	0.034050
1040.527564	0.025950
1041.217569	0.018260
1041.907574	0.011410
1042.597579	0.005690
1043.287584	0.001220
1043.977589	-0.002000
1044.667594	-0.004040
1045.357599	-0.004960
1046.047604	-0.004770
1046.737609	-0.003430
1047.427614	-0.000920
1048.117619	0.002770
1048.807624	0.007490
1049.497629	0.012990
1050.187634	0.018920
1050.877639	0.024920
1051.567644	0.030710
1052.257649	0.036110
1052.947654	0.041120
1053.637659	0.045790
1054.327664	0.050230
1055.017669	0.054540
1055.707674	0.058720
1056.397679	0.062700
1057.087684	0.066380
1057.777689	0.069680
1058.467694	0.072640
1059.157699	0.075420
1059.847704	0.078300
1060.537709	0.081620
1061.227714	0.085630
1061.917719	0.090510
1062.607724	0.096300
1063.297729	0.102960
1063.987734	0.110410
1064.677739	0.118550
1065.367744	0.127310
1066.057750	0.136610
1066.747755	0.146390
1067.437760	0.156630
1068.127765	0.167300
1068.817770	0.178440
1069.507775	0.190170
1070.197780	0.202690
1070.887785	0.216360
1071.577790	0.231650
1072.267795	0.249140
1072.957800	0.269420
1073.647805	0.293010
1074.337810	0.320290
1075.027815	0.351460
1075.717820	0.386590
1076.407825	0.425620
1077.097830	0.468420
1077.787835	0.514770
1078.477840	0.564290
1079.167845	0.616330
1079.857850	0.669950
1080.547855	0.723880
1081.237860	0.776550
1081.927865	0.826200
1082.617870	0.870930
1083.307875	0.908780
1083.997880	0.937740
1084.687885	0.955800
1085.377890	0.960950
1086.067895	0.951240
1086.757900	0.924840
1087.447905	0.880190
1088.137910	0.816080
1088.827915	0.731850
1089.517920	0.627570
1090.207925	0.504190
1090.897930	0.363720
1091.587935	0.209020
1092.277940	0.043510
1092.967945	-0.129200
1093.657950	-0.305720
1094.347955	-0.483030
1095.037960	-0.658360
1095.727965	-0.828960
1096.417970	-0.991720
1097.107975	-1.143140
1097.797980	-1.279430
1098.487985	-1.396880
1099.177990	-1.492280
1099.867995	-1.563180
1100.558000	-1.607940
1101.248005	-1.625630
1101.938010	-1.615840
1102.628015	-1.578630
1103.318020	-1.514630
1104.008025	-1.425250
1104.698030	-1.312790
1105.388035	-1.180680
1106.078040	-1.033370
1106.768045	-0.876250
1107.458050	-0.715300
1108.148055	-0.556550
1108.838060	-0.405530
1109.528066	-0.266780
1110.218071	-0.143470
1110.908076	-0.037360
1111.598081	0.051050
1112.288086	0.122280
1112.978091	0.177500
1113.668096	0.218290
1114.358101	0.246490
1115.048106	0.264020
1115.738111	0.272840
1116.428116	0.274790
1117.118121	0.271600
1117.808126	0.264760
1118.498131	0.255530
1119.188136	0.244920
1119.878141	0.233710
1120.568146	0.222460
1121.258151	0.211520
1121.948156	0.201080
1122.638161	0.191190
1123.328166	0.181780
1124.018171	0.172700
1124.708176	0.163770
1125.398181	0.154820
1126.088186	0.145820
1126.778191	0.136910
1127.468196	0.128440
1128.158201	0.121040
1128.848206	0.115490
1129.538211	0.112620
1130.228216	0.113140
1130.918221	0.117490
1131.608226	0.125780
1132.298231	0.137840
1132.988236	0.153270
1133.678241	0.171580
1134.368246	0.192240
1135.058251	0.214710
1135.748256	0.238370
1136.438261	0.262570
1137.128266	0.286560
1137.818271	0.309600
1138.508276	0.330950
1139.198281	0.349990
1139.888286	0.366180
1140.578291	0.379170
1141.268296	0.388720
1141.958301	0.394790
1142.648306	0.397430
1143.338311	0.396840
1144.028316	0.393310
1144.718321	0.387240
1145.408326	0.379090
1146.098331	0.369430
1146.788336	0.358860
1147.478341	0.348060
1148.168346	0.337640
1148.858351	0.328180
1149.548356	0.320060
1150.238361	0.313470
1150.928366	0.308380
1151.618371	0.304550
1152.308376	0.301620
1152.998382	0.299210
1153.688387	0.296930
1154.378392	0.294450
1155.068397	0.291430
1155.758402	0.287500
1156.448407	0.282210
1157.138412	0.275050
1157.828417	0.265410
1158.518422	0.252650
1159.208427	0.236130
1159.898432	0.215310
1160.588437	0.189820
1161.278442	0.159520
1161.968447	0.124510
1162.658452	0.085170
1163.348457	0.042130
1164.038462	-0.003800
1164.728467	-0.051710
1165.418472	-0.100680
1166.108477	-0.149890
1166.798482	-0.198690
1167.488487	-0.246660
1168.178492	-0.293440
1168.868497	-0.338730
1169.558502	-0.382150
1170.248507	-0.423220
1170.938512	-0.461360
1171.628517	-0.495970
1172.318522	-0.526470
1173.008527	-0.552410
1173.698532	-0.573440
1174.388537	-0.589390
1175.078542	-0.600240
1175.768547	-0.606080
1176.458552	-0.607130
1177.148557	-0.603700
1177.838562	-0.596160
1178.528567	-0.585010
1179.218572	-0.570850
1179.908577	-0.554420
1180.598582	-0.536500
1181.288587	-0.517810
1181.978592	-0.498840
1182.668597	-0.479730
1183.358602	-0.460210
1184.048607	-0.439610
1184.738612	-0.416990
1185.428617	-0.391300
1186.118622	-0.361620
1186.808627	-0.327340
1187.498632	-0.288370
1188.188637	-0.245230
1188.878642	-0.199080
1189.568647	-0.151580
1190.258652	-0.104660
1190.948657	-0.060320
1191.638662	-0.020350
1192.328667	0.013750
1193.018672	0.040910
1193.708677	0.060480
1194.398682	0.072200
1195.088687	0.076230
1195.778692	0.073090
1196.468698	0.063580
1197.158703	0.048690
1197.848708	0.029550
1198.538713	0.007300
1199.228718	-0.016880
1199.918723	-0.041820
1200.608728	-0.066300
1201.298733	-0.089080
