0.000000	-0.324100
0.690006	-0.212400
1.380012	-0.083900
2.070018	0.057500
2.760024	0.208200
3.450030	0.364300
4.140036	0.522300
4.830042	0.679600
5.520048	0.833700
6.210054	0.982800
6.900060	1.125100
7.590066	1.259000
8.280072	1.383300
8.970078	1.496400
9.660084	1.597200
10.350090	1.684800
11.040096	1.758300
11.730102	1.817000
12.420108	1.860100
13.110114	1.886800
13.800121	1.895900
14.490127	1.886100
15.180133	1.855900
15.870139	1.804200
16.560145	1.730100
17.250151	1.633300
17.940157	1.514700
18.630163	1.375200
19.320169	1.216200
20.010175	1.038600
20.700181	0.842700
21.390187	0.628400
22.080193	0.395600
22.770199	0.144600
23.460205	-0.122600
24.150211	-0.403000
24.840217	-0.692100
25.530223	-0.984700
26.220229	-1.275400
26.910235	-1.559200
27.600241	-1.831100
28.290247	-2.086500
28.980253	-2.321800
29.670259	-2.534300
30.360265	-2.723000
31.050271	-2.888400
31.740277	-3.031700
32.430283	-3.154700
33.120289	-3.259400
33.810295	-3.347700
34.500301	-3.420800
35.190307	-3.479300
35.880313	-3.523000
36.570319	-3.550500
37.260325	-3.559800
37.950331	-3.548000
38.640337	-3.512100
39.330343	-3.448700
40.020349	-3.354200
40.710356	-3.225200
41.400362	-3.058100
42.090368	-2.850400
42.780374	-2.600600
43.470380	-2.309100
44.160386	-1.978900
44.850392	-1.615900
45.540398	-1.229100
46.230404	-0.829600
46.920410	-0.429600
47.610416	-0.041100
48.300422	0.325800
48.990428	0.663100
49.680434	0.965100
50.370440	1.228300
51.060446	1.450600
51.750452	1.631600
52.440458	1.771600
53.130464	1.871900
53.820470	1.934700
54.510476	1.962600
55.200482	1.958900
55.890488	1.927400
56.580494	1.872200
57.270500	1.797700
57.960506	1.708500
58.650512	1.608700
59.340518	1.502000
60.030524	1.391800
60.720530	1.280600
61.410536	1.170500
62.100542	1.063100
62.790548	0.959800
63.480554	0.861700
64.170560	0.769600
64.860566	0.684100
65.550572	0.605600
66.240578	0.534400
66.930584	0.470500
67.620591	0.413700
68.310597	0.363800
69.000603	0.320300
69.690609	0.282900
70.380615	0.251200
71.070621	0.225000
71.760627	0.204300
72.450633	0.188600
73.140639	0.177700
73.830645	0.170900
74.520651	0.167800
75.210657	0.167800
75.900663	0.170700
76.590669	0.176400
77.280675	0.185200
77.970681	0.197300
78.660687	0.213000
79.350693	0.232500
80.040699	0.256200
80.730705	0.284200
81.420711	0.316600
82.110717	0.353700
82.800723	0.395400
83.490729	0.441900
84.180735	0.492900
84.870741	0.548200
85.560747	0.607600
86.250753	0.670500
86.940759	0.736300
87.630765	0.804300
88.320771	0.873700
89.010777	0.943600
89.700783	1.013200
90.390789	1.081400
91.080795	1.147400
91.770801	1.210200
92.460807	1.268700
93.150813	1.321900
93.840820	1.368700
94.530826	1.408000
95.220832	1.438700
95.910838	1.459700
96.600844	1.470200
97.290850	1.469600
97.980856	1.457800
98.670862	1.435000
99.360868	1.402000
100.050874	1.360200
100.740880	1.311400
101.430886	1.258000
102.120892	1.202600
102.810898	1.147800
103.500904	1.096000
104.190910	1.048800
104.880916	1.007100
105.570922	0.970800
106.260928	0.939300
106.950934	0.911300
107.640940	0.885200
108.330946	0.859300
109.020952	0.831600
109.710958	0.800300
110.400964	0.763000
111.090970	0.717500
111.780976	0.660800
112.470982	0.589800
113.160988	0.500800
113.850994	0.390300
114.541000	0.255000
115.231006	0.092400
115.921012	-0.099000
116.611018	-0.318800
117.301024	-0.565000
117.991030	-0.832900
118.681036	-1.115800
119.371042	-1.405700
120.061048	-1.694400
120.751055	-1.975000
121.441061	-2.243100
122.131067	-2.496800
122.821073	-2.736300
123.511079	-2.963300
124.201085	-3.179800
124.891091	-3.387900
125.581097	-3.589600
126.271103	-3.786100
126.961109	-3.977500
127.651115	-4.162300
128.341121	-4.337500
129.031127	-4.498800
129.721133	-4.640900
130.411139	-4.758500
131.101145	-4.845900
131.791151	-4.897700
132.481157	-4.908000
133.171163	-4.871400
133.861169	-4.782400
134.551175	-4.636700
135.241181	-4.431300
135.931187	-4.164800
136.621193	-3.838100
137.311199	-3.454400
138.001205	-3.019000
138.691211	-2.539200
139.381217	-2.024400
140.071223	-1.485700
140.761229	-0.934900
141.451235	-0.384500
142.141241	0.153200
142.831247	0.667600
143.521253	1.149200
144.211259	1.591000
144.901265	1.988200
145.591271	2.338800
146.281277	2.642900
146.971283	2.902200
147.661290	3.120000
148.351296	3.299900
149.041302	3.445700
149.731308	3.561100
150.421314	3.649400
151.111320	3.713600
151.801326	3.756100
152.491332	3.779200
153.181338	3.784600
153.871344	3.773600
154.561350	3.747500
155.251356	3.707100
155.941362	3.653400
156.631368	3.587400
157.321374	3.510400
158.011380	3.424200
158.701386	3.330900
159.391392	3.232800
160.081398	3.132200
160.771404	3.031100
161.461410	2.931200
162.151416	2.833400
162.841422	2.738100
163.531428	2.645400
164.221434	2.555000
164.911440	2.466600
165.601446	2.379800
166.291452	2.294100
166.981458	2.209400
167.671464	2.125200
168.361470	2.041100
169.051476	1.956700
169.741482	1.871400
170.431488	1.784100
171.121494	1.693800
171.811500	1.599100
172.501506	1.498300
173.191512	1.390100
173.881518	1.272700
174.571525	1.144700
175.261531	1.004200
175.951537	0.849300
176.641543	0.677300
177.331549	0.484900
178.021555	0.268200
178.711561	0.023200
179.401567	-0.253700
180.091573	-0.565600
180.781579	-0.913600
181.471585	-1.296900
182.161591	-1.712300
182.851597	-2.154100
183.541603	-2.614700
184.231609	-3.084700
184.921615	-3.554200
185.611621	-4.013400
186.301627	-4.452800
186.991633	-4.863900
187.681639	-5.239500
188.371645	-5.573600
189.061651	-5.861400
189.751657	-6.099200
190.441663	-6.283700
191.131669	-6.412600
191.821675	-6.483600
192.511681	-6.494600
193.201687	-6.443700
193.891693	-6.329100
194.581699	-6.148900
195.271705	-5.901400
195.961711	-5.585100
196.651717	-5.199200
197.341723	-4.744800
198.031729	-4.225100
198.721735	-3.646700
199.411741	-3.019700
200.101747	-2.357900
200.791753	-1.677400
201.481760	-0.995900
202.171766	-0.330600
202.861772	0.303400
203.551778	0.893800
204.241784	1.431300
204.931790	1.909700
205.621796	2.325500
206.311802	2.677600
207.001808	2.966500
207.691814	3.194400
208.381820	3.364600
209.071826	3.481300
209.761832	3.549400
210.451838	3.574400
211.141844	3.561900
211.831850	3.517600
212.521856	3.447000
213.211862	3.355300
213.901868	3.247000
214.591874	3.126200
215.281880	2.996300
215.971886	2.860400
216.661892	2.720800
217.351898	2.579800
218.041904	2.439400
218.731910	2.301500
219.421916	2.167900
220.111922	2.040000
220.801928	1.919300
221.491934	1.806400
222.181940	1.702000
222.871946	1.606300
223.561952	1.519000
224.251958	1.439600
224.941964	1.367200
225.631970	1.301000
226.321976	1.239800
227.011982	1.182500
227.701989	1.128000
228.391995	1.075500
229.082001	1.024000
229.772007	0.973100
230.462013	0.922300
231.152019	0.871400
231.842025	0.820500
232.532031	0.769600
233.222037	0.719200
233.912043	0.669400
234.602049	0.620400
235.292055	0.572100
235.982061	0.524500
236.672067	0.477400
237.362073	0.430600
238.052079	0.384400
238.742085	0.338700
239.432091	0.294000
240.122097	0.250900
240.812103	0.209900
241.502109	0.172100
242.192115	0.138300
242.882121	0.109900
243.572127	0.088100
244.262133	0.074000
244.952139	0.068800
245.642145	0.073100
246.332151	0.087800
247.022157	0.113200
247.712163	0.149200
248.402169	0.195500
249.092175	0.251100
249.782181	0.314600
250.472187	0.384200
251.162193	0.457600
251.852199	0.532400
252.542205	0.606100
253.232211	0.675800
253.922217	0.738900
254.612224	0.792200
255.302230	0.832600
255.992236	0.857000
256.682242	0.862300
257.372248	0.845400
258.062254	0.803900
258.752260	0.735600
259.442266	0.639000
260.132272	0.513100
260.822278	0.356700
261.512284	0.168800
262.202290	-0.051500
262.892296	-0.305000
263.582302	-0.590800
264.272308	-0.906200
264.962314	-1.245800
265.652320	-1.601500
266.342326	-1.962400
267.032332	-2.316000
267.722338	-2.649400
268.412344	-2.950300
269.102350	-3.208500
269.792356	-3.416200
270.482362	-3.568200
271.172368	-3.661900
271.862374	-3.696800
272.552380	-3.673700
273.242386	-3.594500
273.932392	-3.462400
274.622398	-3.281200
275.312404	-3.056200
276.002410	-2.793500
276.692416	-2.500900
277.382422	-2.186800
278.072428	-1.860600
278.762434	-1.531800
279.452440	-1.208600
280.142446	-0.898100
280.832452	-0.605400
281.522459	-0.333800
282.212465	-0.085800
282.902471	0.137300
283.592477	0.334900
284.282483	0.506600
284.972489	0.652900
285.662495	0.775000
286.352501	0.874400
287.042507	0.953300
287.732513	1.014000
288.422519	1.059100
289.112525	1.091200
289.802531	1.113200
290.492537	1.127700
291.182543	1.137300
291.872549	1.144300
292.562555	1.150900
293.252561	1.158500
293.942567	1.168100
294.632573	1.180500
295.322579	1.195900
296.012585	1.214400
296.702591	1.235900
297.392597	1.260100
298.082603	1.286500
298.772609	1.314700
299.462615	1.344200
300.152621	1.374300
300.842627	1.404100
301.532633	1.432800
302.222639	1.459200
302.912645	1.482200
303.602651	1.500500
304.292657	1.512800
304.982663	1.518100
305.672669	1.515500
306.362675	1.504100
307.052681	1.483400
307.742687	1.452800
308.432694	1.411600
309.122700	1.359400
309.812706	1.295800
310.502712	1.220800
311.192718	1.134700
311.882724	1.038400
312.572730	0.933300
313.262736	0.820900
313.952742	0.702900
314.642748	0.581000
315.332754	0.456500
316.022760	0.330800
316.712766	0.205100
317.402772	0.080800
318.092778	-0.040900
318.782784	-0.159100
319.472790	-0.272500
320.162796	-0.379900
320.852802	-0.479900
321.542808	-0.571300
322.232814	-0.653100
322.922820	-0.725100
323.612826	-0.787700
324.302832	-0.841900
324.992838	-0.889000
325.682844	-0.930600
326.372850	-0.968200
327.062856	-1.003600
327.752862	-1.038400
328.442868	-1.073700
329.132874	-1.110100
329.822880	-1.147800
330.512886	-1.186400
331.202892	-1.225100
331.892898	-1.262700
332.582904	-1.298000
333.272910	-1.329200
333.962916	-1.354100
334.652922	-1.370800
335.342929	-1.377300
336.032935	-1.372000
336.722941	-1.353400
337.412947	-1.320400
338.102953	-1.271700
338.792959	-1.206500
339.482965	-1.124500
340.172971	-1.026000
340.862977	-0.912700
341.552983	-0.787200
342.242989	-0.653100
342.932995	-0.514500
343.623001	-0.375500
344.313007	-0.239600
345.003013	-0.109700
345.693019	0.012100
346.383025	0.124800
347.073031	0.227600
347.763037	0.319900
348.453043	0.401400
349.143049	0.471800
349.833055	0.530700
350.523061	0.577500
351.213067	0.612000
351.903073	0.633800
352.593079	0.642800
353.283085	0.639100
353.973091	0.622700
354.663097	0.593800
355.353103	0.552700
356.043109	0.499600
356.733115	0.435500
357.423121	0.361600
358.113127	0.279600
358.803133	0.191500
359.493139	0.099700
360.183145	0.006600
360.873151	-0.085100
361.563157	-0.172700
362.253164	-0.253800
362.943170	-0.326300
363.633176	-0.389100
364.323182	-0.441600
365.013188	-0.484100
365.703194	-0.517000
366.393200	-0.540800
367.083206	-0.556100
367.773212	-0.562900
368.463218	-0.561700
369.153224	-0.552500
369.843230	-0.535700
370.533236	-0.511700
371.223242	-0.480800
371.913248	-0.443300
372.603254	-0.399700
373.293260	-0.350600
373.983266	-0.297000
374.673272	-0.240400
375.363278	-0.182500
376.053284	-0.125200
376.743290	-0.070200
377.433296	-0.018800
378.123302	0.027900
378.813308	0.069400
379.503314	0.105600
380.193320	0.136900
380.883326	0.164100
381.573332	0.188300
382.263338	0.210900
382.953344	0.232900
383.643350	0.254500
384.333356	0.275700
385.023362	0.296000
385.713368	0.315000
386.403374	0.332200
387.093380	0.347500
387.783386	0.360800
388.473393	0.372200
389.163399	0.381700
389.853405	0.389800
390.543411	0.396800
391.233417	0.403400
391.923423	0.410400
392.613429	0.418400
393.303435	0.428100
393.993441	0.440000
394.683447	0.454100
395.373453	0.470500
396.063459	0.489100
396.753465	0.509300
397.443471	0.530600
398.133477	0.551800
398.823483	0.572000
399.513489	0.589600
400.203495	0.603200
400.893501	0.611500
401.583507	0.613000
402.273513	0.606800
402.963519	0.592000
403.653525	0.568100
404.343531	0.535200
405.033537	0.493300
405.723543	0.443100
406.413549	0.385200
407.103555	0.320800
407.793561	0.251000
408.483567	0.177500
409.173573	0.102100
409.863579	0.026900
410.553585	-0.046100
411.243591	-0.115000
411.933597	-0.177600
412.623603	-0.232300
413.313609	-0.277500
414.003615	-0.312000
414.693621	-0.335200
415.383628	-0.347100
416.073634	-0.348100
416.763640	-0.339000
417.453646	-0.321000
418.143652	-0.295600
418.833658	-0.264200
419.523664	-0.228200
420.213670	-0.189100
420.903676	-0.147700
421.593682	-0.105100
422.283688	-0.062100
422.973694	-0.019300
423.663700	0.022300
424.353706	0.062000
425.043712	0.099000
425.733718	0.132800
426.423724	0.163200
427.113730	0.190600
427.803736	0.215700
428.493742	0.239400
429.183748	0.263100
429.873754	0.288200
430.563760	0.316000
431.253766	0.347300
431.943772	0.382600
432.633778	0.422200
433.323784	0.465800
434.013790	0.513000
434.703796	0.563100
435.393802	0.615000
436.083808	0.667300
436.773814	0.718200
437.463820	0.765300
438.153826	0.806400
438.843832	0.838800
439.533838	0.860400
440.223844	0.868800
440.913850	0.862400
441.603856	0.839900
442.293863	0.800600
442.983869	0.744000
443.673875	0.670400
444.363881	0.580700
445.053887	0.476000
445.743893	0.358000
446.433899	0.228700
447.123905	0.090000
447.813911	-0.056100
448.503917	-0.208300
449.193923	-0.364700
449.883929	-0.523600
450.573935	-0.683700
451.263941	-0.843800
451.953947	-1.002800
452.643953	-1.160400
453.333959	-1.316000
454.023965	-1.468900
454.713971	-1.617500
455.403977	-1.759300
456.093983	-1.890800
456.783989	-2.007500
457.473995	-2.104400
458.164001	-2.176500
458.854007	-2.219600
459.544013	-2.230400
460.234019	-2.206500
460.924025	-2.146700
461.614031	-2.050800
462.304037	-1.919400
462.994043	-1.754400
463.684049	-1.559800
464.374055	-1.341200
465.064061	-1.106300
465.754067	-0.863700
466.444073	-0.622400
467.134079	-0.390200
467.824085	-0.173300
468.514091	0.023700
469.204098	0.198100
469.894104	0.348300
470.584110	0.474100
471.274116	0.576200
471.964122	0.656300
472.654128	0.716400
473.344134	0.759000
474.034140	0.786500
474.724146	0.801400
475.414152	0.805500
476.104158	0.800900
476.794164	0.788900
477.484170	0.770900
478.174176	0.748000
478.864182	0.721200
479.554188	0.691500
480.244194	0.659600
480.934200	0.626600
481.624206	0.593500
482.314212	0.561600
483.004218	0.531900
483.694224	0.505700
484.384230	0.484300
485.074236	0.468500
485.764242	0.459300
486.454248	0.457500
487.144254	0.463400
487.834260	0.477500
488.524266	0.499800
489.214272	0.529700
489.904278	0.566300
490.594284	0.607800
491.284290	0.651700
491.974296	0.695000
492.664302	0.734700
493.354308	0.767500
494.044314	0.790900
494.734320	0.802600
495.424326	0.800900
496.114333	0.784500
496.804339	0.752900
497.494345	0.705800
498.184351	0.643300
498.874357	0.566100
499.564363	0.475000
500.254369	0.371400
500.944375	0.257200
501.634381	0.134600
502.324387	0.006500
503.014393	-0.123700
503.704399	-0.252800
504.394405	-0.377100
505.084411	-0.493500
505.774417	-0.599200
506.464423	-0.692200
507.154429	-0.771200
507.844435	-0.835400
508.534441	-0.885000
509.224447	-0.920700
509.914453	-0.943600
510.604459	-0.954800
511.294465	-0.955800
511.984471	-0.947700
512.674477	-0.931400
513.364483	-0.907800
514.054489	-0.877900
514.744495	-0.842100
515.434501	-0.801100
516.124507	-0.755300
516.814513	-0.705100
517.504519	-0.650700
518.194525	-0.592700
518.884531	-0.531800
519.574537	-0.468800
520.264543	-0.404600
520.954549	-0.340300
521.644555	-0.276600
522.334562	-0.214200
523.024568	-0.153700
523.714574	-0.095900
524.404580	-0.041100
525.094586	0.010000
525.784592	0.057200
526.474598	0.100200
527.164604	0.138800
527.854610	0.172900
528.544616	0.202700
529.234622	0.228000
529.924628	0.249100
530.614634	0.266000
531.304640	0.279100
531.994646	0.288700
532.684652	0.295400
533.374658	0.299700
534.064664	0.302200
534.754670	0.303700
535.444676	0.304800
536.134682	0.306200
536.824688	0.308500
537.514694	0.312400
538.204700	0.318400
538.894706	0.326900
539.584712	0.338200
540.274718	0.352600
540.964724	0.370300
541.654730	0.391600
542.344736	0.416500
543.034742	0.445100
543.724748	0.476900
544.414754	0.511700
545.104760	0.548900
545.794766	0.587900
546.484772	0.628200
547.174778	0.669300
547.864784	0.710700
548.554790	0.752200
549.244797	0.793400
549.934803	0.834300
550.624809	0.874700
551.314815	0.915000
552.004821	0.955700
552.694827	0.997500
553.384833	1.041500
554.074839	1.088500
554.764845	1.139400
555.454851	1.194900
556.144857	1.255100
556.834863	1.319700
557.524869	1.388100
558.214875	1.459300
558.904881	1.532000
559.594887	1.604700
560.284893	1.675300
560.974899	1.741500
561.664905	1.800400
562.354911	1.848900
563.044917	1.883100
563.734923	1.899200
564.424929	1.893100
565.114935	1.860500
565.804941	1.797200
566.494947	1.699400
567.184953	1.563900
567.874959	1.388500
568.564965	1.172300
569.254971	0.916600
569.944977	0.624400
570.634983	0.300900
571.324989	-0.046900
572.014995	-0.411400
572.705001	-0.784300
573.395007	-1.157400
574.085013	-1.522100
574.775019	-1.869900
575.465025	-2.191800
576.155032	-2.478900
576.845038	-2.722100
577.535044	-2.913800
578.225050	-3.048500
578.915056	-3.123200
579.605062	-3.137900
580.295068	-3.095400
580.985074	-3.001200
581.675080	-2.862900
582.365086	-2.689400
583.055092	-2.490400
583.745098	-2.275100
584.435104	-2.051500
585.125110	-1.826800
585.815116	-1.606800
586.505122	-1.396000
587.195128	-1.197700
587.885134	-1.013900
588.575140	-0.845100
589.265146	-0.690500
589.955152	-0.548600
590.645158	-0.417600
591.335164	-0.295800
592.025170	-0.181700
592.715176	-0.074600
593.405182	0.026000
594.095188	0.120400
594.785194	0.208500
595.475200	0.289600
596.165206	0.363300
596.855212	0.428700
597.545218	0.484600
598.235224	0.530100
598.925230	0.564000
599.615236	0.585700
600.305242	0.594800
600.995248	0.591800
601.685254	0.578100
602.375260	0.555800
603.065267	0.527500
603.755273	0.495800
604.445279	0.462800
605.135285	0.429800
605.825291	0.397800
606.515297	0.366700
607.205303	0.336400
607.895309	0.306300
608.585315	0.275500
609.275321	0.243500
609.965327	0.209800
610.655333	0.175000
611.345339	0.140200
612.035345	0.107300
612.725351	0.078300
613.415357	0.054900
614.105363	0.037900
614.795369	0.027600
615.485375	0.023500
616.175381	0.025300
616.865387	0.032400
617.555393	0.044200
618.245399	0.060000
618.935405	0.078700
619.625411	0.099100
620.315417	0.119400
621.005423	0.137900
621.695429	0.153100
622.385435	0.163600
623.075441	0.168300
623.765447	0.166100
624.455453	0.156300
625.145459	0.138300
625.835465	0.111900
626.525471	0.077400
627.215477	0.035400
627.905483	-0.012900
628.595489	-0.066400
629.285495	-0.123600
629.975502	-0.183300
630.665508	-0.244100
631.355514	-0.305400
632.045520	-0.366900
632.735526	-0.429000
633.425532	-0.492900
634.115538	-0.559800
634.805544	-0.630700
635.495550	-0.705400
636.185556	-0.781500
636.875562	-0.854100
637.565568	-0.916300
638.255574	-0.960200
638.945580	-0.978400
639.635586	-0.965100
640.325592	-0.916400
641.015598	-0.831100
641.705604	-0.710100
642.395610	-0.556900
643.085616	-0.377400
643.775622	-0.179700
644.465628	0.026700
645.155634	0.232900
645.845640	0.430800
646.535646	0.614700
647.225652	0.780900
647.915658	0.927200
648.605664	1.052800
649.295670	1.157200
649.985676	1.240900
650.675682	1.304300
651.365688	1.347900
652.055694	1.372500
652.745700	1.378300
653.435706	1.365600
654.125712	1.334700
654.815718	1.285600
655.505724	1.218800
656.195730	1.135000
656.885737	1.035600
657.575743	0.921800
658.265749	0.795600
658.955755	0.658400
659.645761	0.511900
660.335767	0.357100
661.025773	0.194900
661.715779	0.025700
662.405785	-0.149700
663.095791	-0.330800
663.785797	-0.515800
664.475803	-0.702000
665.165809	-0.885400
665.855815	-1.060700
666.545821	-1.222300
667.235827	-1.364900
667.925833	-1.484500
668.615839	-1.578400
669.305845	-1.645900
669.995851	-1.687200
670.685857	-1.703600
671.375863	-1.697400
672.065869	-1.671500
672.755875	-1.629800
673.445881	-1.576400
674.135887	-1.515500
674.825893	-1.451000
675.515899	-1.385800
676.205905	-1.321500
676.895911	-1.258500
677.585917	-1.195900
678.275923	-1.131400
678.965929	-1.062300
679.655935	-0.985300
680.345941	-0.897600
681.035947	-0.797400
681.725953	-0.684100
682.415959	-0.558600
683.105966	-0.422800
683.795972	-0.279700
684.485978	-0.132000
685.175984	0.017100
685.865990	0.165300
686.555996	0.310400
687.246002	0.450300
687.936008	0.583500
688.626014	0.709000
689.316020	0.826200
690.006026	0.934800
690.696032	1.034300
691.386038	1.124300
692.076044	1.203700
692.766050	1.271300
693.456056	1.326200
694.146062	1.367600
694.836068	1.395300
695.526074	1.409400
696.216080	1.410100
696.906086	1.398100
697.596092	1.374300
698.286098	1.339800
698.976104	1.295900
699.666110	1.244100
700.356116	1.185900
701.046122	1.122900
701.736128	1.056600
702.426134	0.988400
703.116140	0.919500
703.806146	0.850800
704.496152	0.782900
705.186158	0.716100
705.876164	0.650800
706.566170	0.586700
707.256176	0.523700
707.946182	0.461700
708.636188	0.400200
709.326194	0.338700
710.016201	0.276600
710.706207	0.213700
711.396213	0.149400
712.086219	0.083800
712.776225	0.016900
713.466231	-0.051000
714.156237	-0.119500
714.846243	-0.187900
715.536249	-0.255400
716.226255	-0.321000
716.916261	-0.383500
717.606267	-0.441400
718.296273	-0.493200
718.986279	-0.537200
719.676285	-0.571700
720.366291	-0.595000
721.056297	-0.605400
721.746303	-0.601900
722.436309	-0.583500
723.126315	-0.550500
723.816321	-0.503600
724.506327	-0.444000
725.196333	-0.373000
725.886339	-0.291500
726.576345	-0.200400
727.266351	-0.100500
727.956357	0.006700
728.646363	0.119000
729.336369	0.233400
730.026375	0.346400
730.716381	0.455200
731.406387	0.557000
732.096393	0.650200
732.786399	0.733300
733.476405	0.805300
734.166411	0.865200
734.856417	0.911900
735.546423	0.944300
736.236429	0.961100
736.926436	0.961000
737.616442	0.942600
738.306448	0.905400
738.996454	0.849400
739.686460	0.775500
740.376466	0.685600
741.066472	0.582100
741.756478	0.467900
742.446484	0.345600
743.136490	0.217400
743.826496	0.084600
744.516502	-0.051500
745.206508	-0.190300
745.896514	-0.330400
746.586520	-0.470700
747.276526	-0.609300
747.966532	-0.744600
748.656538	-0.874900
749.346544	-0.998700
750.036550	-1.115100
750.726556	-1.223100
751.416562	-1.322500
752.106568	-1.413200
752.796574	-1.495200
753.486580	-1.568400
754.176586	-1.632800
754.866592	-1.687500
755.556598	-1.731500
756.246604	-1.762800
756.936610	-1.779400
757.626616	-1.778800
758.316622	-1.759200
759.006628	-1.718700
759.696634	-1.656800
760.386640	-1.573600
761.076646	-1.470900
761.766652	-1.351100
762.456658	-1.217800
763.146664	-1.074500
763.836671	-0.924600
764.526677	-0.770900
765.216683	-0.615800
765.906689	-0.461400
766.596695	-0.309600
767.286701	-0.162100
767.976707	-0.020800
768.666713	0.112700
769.356719	0.237100
770.046725	0.351000
770.736731	0.453700
771.426737	0.544400
772.116743	0.623100
772.806749	0.689800
773.496755	0.744700
774.186761	0.788200
774.876767	0.820800
775.566773	0.843100
776.256779	0.855900
776.946785	0.860200
777.636791	0.857100
778.326797	0.847800
779.016803	0.833400
779.706809	0.814800
780.396815	0.793100
781.086821	0.769200
781.776827	0.744300
782.466833	0.719500
783.156839	0.695900
783.846845	0.674800
784.536851	0.657000
785.226857	0.643400
785.916863	0.634400
786.606869	0.630100
787.296875	0.630400
787.986881	0.634700
788.676887	0.642100
789.366893	0.651600
790.056899	0.661600
790.746906	0.670400
791.436912	0.676400
792.126918	0.678000
792.816924	0.674100
793.506930	0.663900
794.196936	0.647400
794.886942	0.624900
795.576948	0.597100
796.266954	0.564800
796.956960	0.528400
797.646966	0.488500
798.336972	0.445400
799.026978	0.399300
799.716984	0.350100
800.406990	0.297700
801.096996	0.242200
801.787002	0.183500
802.477008	0.122000
803.167014	0.058000
803.857020	-0.007400
804.547026	-0.073400
805.237032	-0.138500
805.927038	-0.201400
806.617044	-0.261000
807.307050	-0.316400
807.997056	-0.367000
808.687062	-0.412800
809.377068	-0.453900
810.067074	-0.490700
810.757080	-0.523800
811.447086	-0.553900
812.137092	-0.581500
812.827098	-0.607200
813.517104	-0.631200
814.207110	-0.653400
814.897116	-0.673800
815.587122	-0.692200
816.277128	-0.708400
816.967134	-0.722300
817.657141	-0.733800
818.347147	-0.743200
819.037153	-0.750500
819.727159	-0.756200
820.417165	-0.760500
821.107171	-0.764000
821.797177	-0.766900
822.487183	-0.769600
823.177189	-0.772000
823.867195	-0.774200
824.557201	-0.775900
825.247207	-0.776800
825.937213	-0.776800
826.627219	-0.775400
827.317225	-0.772700
828.007231	-0.768200
828.697237	-0.762000
829.387243	-0.753700
830.077249	-0.743300
830.767255	-0.730300
831.457261	-0.714600
832.147267	-0.695900
832.837273	-0.674100
833.527279	-0.649200
834.217285	-0.621000
834.907291	-0.590000
835.597297	-0.556300
836.287303	-0.520200
836.977309	-0.482100
837.667315	-0.442500
838.357321	-0.401400
839.047327	-0.359200
839.737333	-0.316000
840.427339	-0.272000
841.117345	-0.227100
841.807351	-0.181500
842.497357	-0.135000
843.187363	-0.087600
843.877370	-0.038700
844.567376	0.011800
845.257382	0.064700
845.947388	0.120400
846.637394	0.179400
847.327400	0.241900
848.017406	0.308300
848.707412	0.379000
849.397418	0.454200
850.087424	0.534300
850.777430	0.619700
851.467436	0.710700
852.157442	0.807700
852.847448	0.911000
853.537454	1.020800
854.227460	1.137300
854.917466	1.260400
855.607472	1.390100
856.297478	1.526200
856.987484	1.668300
857.677490	1.815700
858.367496	1.967800
859.057502	2.123600
859.747508	2.281900
860.437514	2.441000
861.127520	2.599200
861.817526	2.754300
862.507532	2.903800
863.197538	3.045400
863.887544	3.176200
864.577550	3.293600
865.267556	3.394800
865.957562	3.477200
866.647568	3.537900
867.337574	3.574400
868.027580	3.584200
868.717586	3.564800
869.407592	3.514400
870.097598	3.430900
870.787605	3.312800
871.477611	3.159100
872.167617	2.969100
872.857623	2.742800
873.547629	2.481400
874.237635	2.187100
874.927641	1.863400
875.617647	1.515100
876.307653	1.148400
876.997659	0.770000
877.687665	0.387000
878.377671	0.006000
879.067677	-0.367000
879.757683	-0.727400
880.447689	-1.070300
881.137695	-1.391100
881.827701	-1.684400
882.517707	-1.944900
883.207713	-2.166700
883.897719	-2.344400
884.587725	-2.473600
885.277731	-2.551800
885.967737	-2.580300
886.657743	-2.563300
887.347749	-2.508200
888.037755	-2.423700
888.727761	-2.318900
889.417767	-2.202200
890.107773	-2.081100
890.797779	-1.961900
891.487785	-1.849000
892.177791	-1.744700
892.867797	-1.649400
893.557803	-1.561800
894.247809	-1.479700
894.937815	-1.401700
895.627821	-1.326600
896.317827	-1.254900
897.007833	-1.187200
897.697840	-1.125000
898.387846	-1.069500
899.077852	-1.022300
899.767858	-0.984400
900.457864	-0.956500
901.147870	-0.939000
901.837876	-0.931300
902.527882	-0.932700
903.217888	-0.941400
903.907894	-0.955400
904.597900	-0.972200
905.287906	-0.990100
905.977912	-1.007800
906.667918	-1.024900
907.357924	-1.041300
908.047930	-1.057200
908.737936	-1.072500
909.427942	-1.087200
910.117948	-1.101100
910.807954	-1.114500
911.497960	-1.127500
912.187966	-1.140300
912.877972	-1.153100
913.567978	-1.165900
914.257984	-1.178300
914.947990	-1.189900
915.637996	-1.200500
916.328002	-1.209800
917.018008	-1.218000
917.708014	-1.225400
918.398020	-1.232300
919.088026	-1.239000
919.778032	-1.245900
920.468038	-1.253600
921.158044	-1.262600
921.848050	-1.273700
922.538056	-1.287300
923.228062	-1.303400
923.918068	-1.321000
924.608075	-1.338100
925.298081	-1.352500
925.988087	-1.361400
926.678093	-1.362200
927.368099	-1.353200
928.058105	-1.333200
928.748111	-1.302000
929.438117	-1.259700
930.128123	-1.207000
930.818129	-1.144200
931.508135	-1.071900
932.198141	-0.991000
932.888147	-0.903100
933.578153	-0.811000
934.268159	-0.718500
934.958165	-0.630000
935.648171	-0.550100
936.338177	-0.483000
937.028183	-0.432100
937.718189	-0.399200
938.408195	-0.384300
939.098201	-0.385500
939.788207	-0.398300
940.478213	-0.416700
941.168219	-0.432800
941.858225	-0.438100
942.548231	-0.424000
943.238237	-0.382400
943.928243	-0.307000
944.618249	-0.194500
945.308255	-0.045300
945.998261	0.135300
946.688267	0.338600
947.378273	0.553400
948.068279	0.768300
948.758285	0.973500
949.448291	1.161300
950.138297	1.326600
950.828303	1.466300
951.518310	1.578300
952.208316	1.661900
952.898322	1.717200
953.588328	1.745500
954.278334	1.748900
954.968340	1.730100
955.658346	1.692400
956.348352	1.639500
957.038358	1.574600
957.728364	1.500800
958.418370	1.421000
959.108376	1.337500
959.798382	1.252600
960.488388	1.168500
961.178394	1.087800
961.868400	1.013200
962.558406	0.947400
963.248412	0.892600
963.938418	0.850100
964.628424	0.819700
965.318430	0.800100
966.008436	0.789600
966.698442	0.786500
967.388448	0.789400
968.078454	0.797600
968.768460	0.811000
969.458466	0.829400
970.148472	0.852600
970.838478	0.880300
971.528484	0.911700
972.218490	0.946000
972.908496	0.982000
973.598502	1.018500
974.288508	1.054300
974.978514	1.088400
975.668520	1.119800
976.358526	1.147600
977.048532	1.170700
977.738539	1.188200
978.428545	1.198900
979.118551	1.201600
979.808557	1.195300
980.498563	1.179000
981.188569	1.152100
981.878575	1.114200
982.568581	1.065300
983.258587	1.006000
983.948593	0.937100
984.638599	0.859900
985.328605	0.775900
986.018611	0.686800
986.708617	0.594600
987.398623	0.500900
988.088629	0.407500
988.778635	0.316000
989.468641	0.227700
990.158647	0.143700
990.848653	0.064600
991.538659	-0.009000
992.228665	-0.076900
992.918671	-0.138800
993.608677	-0.194400
994.298683	-0.243000
994.988689	-0.283900
995.678695	-0.316400
996.368701	-0.339600
997.058707	-0.352900
997.748713	-0.355900
998.438719	-0.348100
999.128725	-0.329600
999.818731	-0.300100
1000.508737	-0.259700
1001.198743	-0.208800
1001.888749	-0.147700
1002.578755	-0.077400
1003.268761	0.000900
1003.958767	0.085300
1004.648774	0.173400
1005.338780	0.262400
1006.028786	0.349200
1006.718792	0.430900
1007.408798	0.505100
1008.098804	0.569900
1008.788810	0.624500
1009.478816	0.668400
1010.168822	0.701400
1010.858828	0.723400
1011.548834	0.734200
1012.238840	0.733500
1012.928846	0.720600
1013.618852	0.695000
1014.308858	0.656200
1014.998864	0.603400
1015.688870	0.536200
1016.378876	0.454000
1017.068882	0.356100
1017.758888	0.241800
1018.448894	0.110600
1019.138900	-0.037700
1019.828906	-0.202700
1020.518912	-0.383400
1021.208918	-0.577600
1021.898924	-0.782100
1022.588930	-0.992800
1023.278936	-1.204600
1023.968942	-1.412200
1024.658948	-1.611000
1025.348954	-1.796900
1026.038960	-1.967200
1026.728966	-2.119700
1027.418972	-2.252400
1028.108978	-2.363800
1028.798984	-2.452200
1029.488990	-2.516600
1030.178996	-2.556200
1030.869002	-2.571000
1031.559009	-2.561300
1032.249015	-2.528100
1032.939021	-2.472200
1033.629027	-2.394800
1034.319033	-2.297000
1035.009039	-2.180300
1035.699045	-2.046100
1036.389051	-1.896100
1037.079057	-1.732600
1037.769063	-1.558900
1038.459069	-1.379000
1039.149075	-1.198200
1039.839081	-1.022100
1040.529087	-0.856300
1041.219093	-0.705400
1041.909099	-0.572500
1042.599105	-0.459500
1043.289111	-0.366800
1043.979117	-0.293600
1044.669123	-0.238000
1045.359129	-0.197400
1046.049135	-0.168500
1046.739141	-0.147900
1047.429147	-0.132400
1048.119153	-0.119000
1048.809159	-0.105300
1049.499165	-0.089300
1050.189171	-0.069800
1050.879177	-0.045400
1051.569183	-0.015400
1052.259189	0.021200
1052.949195	0.065300
1053.639201	0.117600
1054.329207	0.178600
1055.019213	0.248100
1055.709219	0.326100
1056.399225	0.411900
1057.089231	0.504900
1057.779237	0.604200
1058.469244	0.708800
1059.159250	0.817800
1059.849256	0.930100
1060.539262	1.044600
1061.229268	1.160400
1061.919274	1.276400
1062.609280	1.391800
1063.299286	1.505300
1063.989292	1.615900
1064.679298	1.721900
1065.369304	1.821900
1066.059310	1.914200
1066.749316	1.997600
1067.439322	2.071000
1068.129328	2.133600
1068.819334	2.184900
1069.509340	2.224800
1070.199346	2.253200
1070.889352	2.270200
1071.579358	2.276100
1072.269364	2.271400
1072.959370	2.256600
1073.649376	2.232400
1074.339382	2.199600
1075.029388	2.159000
1075.719394	2.111400
1076.409400	2.057700
1077.099406	1.998700
1077.789412	1.935300
1078.479418	1.867900
1079.169424	1.797200
1079.859430	1.723000
1080.549436	1.645500
1081.239442	1.563900
1081.929448	1.477700
1082.619454	1.385900
1083.309460	1.287400
1083.999466	1.180900
1084.689472	1.064800
1085.379479	0.937200
1086.069485	0.796100
1086.759491	0.639200
1087.449497	0.464700
1088.139503	0.271000
1088.829509	0.057700
1089.519515	-0.174400
1090.209521	-0.423100
1090.899527	-0.683900
1091.589533	-0.950000
1092.279539	-1.212600
1092.969545	-1.461400
1093.659551	-1.685900
1094.349557	-1.876800
1095.039563	-2.027600
1095.729569	-2.135000
1096.419575	-2.199500
1097.109581	-2.224500
1097.799587	-2.214700
1098.489593	-2.175900
1099.179599	-2.113800
1099.869605	-2.033500
1100.559611	-1.939200
1101.249617	-1.834400
1101.939623	-1.721500
1102.629629	-1.602100
1103.319635	-1.477300
1104.009641	-1.348400
1104.699647	-1.217000
1105.389653	-1.085200
1106.079659	-0.955500
1106.769665	-0.830800
1107.459671	-0.713800
1108.149677	-0.606900
1108.839683	-0.512200
1109.529689	-0.431100
1110.219695	-0.364100
1110.909701	-0.311100
1111.599707	-0.271400
1112.289714	-0.243400
1112.979720	-0.225300
1113.669726	-0.214800
1114.359732	-0.209400
1115.049738	-0.206700
1115.739744	-0.204500
1116.429750	-0.200900
1117.119756	-0.194200
1117.809762	-0.183200
1118.499768	-0.166800
1119.189774	-0.144100
1119.879780	-0.114300
1120.569786	-0.076700
1121.259792	-0.030500
1121.949798	0.024500
1122.639804	0.089000
1123.329810	0.162600
1124.019816	0.245000
1124.709822	0.335500
1125.399828	0.433100
1126.089834	0.536600
1126.779840	0.644800
1127.469846	0.756100
1128.159852	0.869100
1128.849858	0.982200
1129.539864	1.093700
1130.229870	1.201800
1130.919876	1.304200
1131.609882	1.398900
1132.299888	1.484000
1132.989894	1.557400
1133.679900	1.617900
1134.369906	1.664400
1135.059912	1.696500
1135.749918	1.714100
1136.439924	1.717800
1137.129930	1.708400
1137.819936	1.687000
1138.509943	1.655100
1139.199949	1.613900
1139.889955	1.564200
1140.579961	1.506100
1141.269967	1.438500
1141.959973	1.359300
1142.649979	1.265000
1143.339985	1.152200
1144.029991	1.017200
1144.719997	0.857800
1145.410003	0.672900
1146.100009	0.464000
1146.790015	0.234400
1147.480021	-0.010500
1148.170027	-0.263800
1148.860033	-0.518000
1149.550039	-0.765900
1150.240045	-1.001500
1150.930051	-1.220200
1151.620057	-1.418800
1152.310063	-1.595500
1153.000069	-1.749300
1153.690075	-1.880000
1154.380081	-1.987900
1155.070087	-2.074000
1155.760093	-2.139200
1156.450099	-2.184900
1157.140105	-2.212300
1157.830111	-2.222400
1158.520117	-2.216400
1159.210123	-2.195500
1159.900129	-2.160700
1160.590135	-2.113300
1161.280141	-2.054000
1161.970147	-1.983800
1162.660153	-1.903100
1163.350159	-1.812500
1164.040165	-1.712800
1164.730171	-1.604800
1165.420178	-1.489700
1166.110184	-1.369100
1166.800190	-1.244900
1167.490196	-1.118900
1168.180202	-0.993200
1168.870208	-0.869800
1169.560214	-0.750300
1170.250220	-0.635800
1170.940226	-0.526900
1171.630232	-0.423600
1172.320238	-0.325800
1173.010244	-0.233400
1173.700250	-0.146700
1174.390256	-0.066500
1175.080262	0.006200
1175.770268	0.070500
1176.460274	0.125500
1177.150280	0.170600
1177.840286	0.205500
1178.530292	0.230300
1179.220298	0.246000
1179.910304	0.254000
1180.600310	0.256500
1181.290316	0.255900
1181.980322	0.254800
1182.670328	0.255800
1183.360334	0.260900
1184.050340	0.271700
1184.740346	0.288900
1185.430352	0.312500
1186.120358	0.341500
1186.810364	0.374500
1187.500370	0.410000
1188.190376	0.446900
1188.880382	0.484800
1189.570388	0.523800
1190.260394	0.564100
1190.950400	0.605800
1191.640406	0.648600
1192.330413	0.692000
1193.020419	0.735200
1193.710425	0.777400
1194.400431	0.817500
1195.090437	0.854800
1195.780443	0.888300
1196.470449	0.917500
1197.160455	0.941800
1197.850461	0.960700
1198.540467	0.973900
1199.230473	0.981000
1199.920479	0.981900
1200.610485	0.976100
1201.300491	0.963600
