0.000000	-1.323300
0.690068	-1.322800
1.380135	-1.296300
2.070203	-1.241800
2.760270	-1.158200
3.450338	-1.046000
4.140405	-0.906900
4.830473	-0.744100
5.520540	-0.561700
6.210608	-0.365600
6.900676	-0.162300
7.590743	0.041300
8.280811	0.239100
8.970878	0.425900
9.660946	0.597900
10.351013	0.752900
11.041081	0.889700
11.731148	1.007900
12.421216	1.108100
13.111283	1.190900
13.801351	1.257600
14.491419	1.309200
15.181486	1.346700
15.871554	1.370300
16.561621	1.379700
17.251689	1.374600
17.941756	1.353900
18.631824	1.317000
19.321891	1.263400
20.011959	1.192600
20.702027	1.104600
21.392094	0.999700
22.082162	0.878000
22.772229	0.740300
23.462297	0.587400
24.152364	0.420400
24.842432	0.241200
25.532499	0.052100
26.222567	-0.143300
26.912634	-0.341200
27.602702	-0.536400
28.292770	-0.723200
28.982837	-0.896100
29.672905	-1.050100
30.362972	-1.181000
31.053040	-1.286300
31.743107	-1.364700
32.433175	-1.416400
33.123242	-1.443000
33.813310	-1.447200
34.503378	-1.433000
35.193445	-1.405400
35.883513	-1.369400
36.573580	-1.329500
37.263648	-1.289500
37.953715	-1.251600
38.643783	-1.217000
39.333850	-1.185700
40.023918	-1.156300
40.713986	-1.126800
41.404053	-1.094000
42.094121	-1.053900
42.784188	-1.002000
43.474256	-0.933700
44.164323	-0.845000
44.854391	-0.733300
45.544458	-0.598400
46.234526	-0.442300
46.924593	-0.269300
47.614661	-0.085200
48.304729	0.104000
48.994796	0.293000
49.684864	0.477200
50.374931	0.653100
51.064999	0.818200
51.755066	0.970400
52.445134	1.108200
53.135201	1.229800
53.825269	1.333700
54.515337	1.418200
55.205404	1.482100
55.895472	1.524900
56.585539	1.546200
57.275607	1.546700
57.965674	1.527100
58.655742	1.488700
59.345809	1.433400
60.035877	1.363200
60.725944	1.280500
61.416012	1.187900
62.106080	1.088100
62.796147	0.983800
63.486215	0.877700
64.176282	0.772100
64.866350	0.669300
65.556417	0.570900
66.246485	0.478300
66.936552	0.392300
67.626620	0.313100
68.316688	0.240800
69.006755	0.175100
69.696823	0.115500
70.386890	0.061000
71.076958	0.010600
71.767025	-0.036700
72.457093	-0.082300
73.147160	-0.127400
73.837228	-0.173000
74.527296	-0.219600
75.217363	-0.267600
75.907431	-0.317000
76.597498	-0.367600
77.287566	-0.418800
77.977633	-0.469900
78.667701	-0.519500
79.357768	-0.566400
80.047836	-0.608900
80.737903	-0.645300
81.427971	-0.673700
82.118039	-0.692500
82.808106	-0.699900
83.498174	-0.694600
84.188241	-0.675400
84.878309	-0.642000
85.568376	-0.594600
86.258444	-0.534200
86.948511	-0.462500
87.638579	-0.381500
88.328647	-0.293300
89.018714	-0.199800
89.708782	-0.103000
90.398849	-0.005100
91.088917	0.091500
91.778984	0.184600
92.469052	0.272000
93.159119	0.352400
93.849187	0.424800
94.539254	0.488400
95.229322	0.543100
95.919390	0.588600
96.609457	0.624800
97.299525	0.651300
97.989592	0.667600
98.679660	0.672900
99.369727	0.666200
100.059795	0.645900
100.749862	0.610900
101.439930	0.560300
102.129998	0.493500
102.820065	0.410800
103.510133	0.313200
104.200200	0.202300
104.890268	0.080100
105.580335	-0.051000
106.270403	-0.188900
106.960470	-0.330900
107.650538	-0.474600
108.340606	-0.617500
109.030673	-0.757300
109.720741	-0.891900
110.410808	-1.019700
111.100876	-1.139200
111.790943	-1.249000
112.481011	-1.348000
113.171078	-1.435100
113.861146	-1.509200
114.551213	-1.569300
115.241281	-1.614200
115.931349	-1.642800
116.621416	-1.653800
117.311484	-1.645700
118.001551	-1.617000
118.691619	-1.566100
119.381686	-1.491700
120.071754	-1.392800
120.761821	-1.268900
121.451889	-1.120700
122.141957	-0.950100
122.832024	-0.760600
123.522092	-0.557200
124.212159	-0.345900
124.902227	-0.133000
125.592294	0.075600
126.282362	0.275400
126.972429	0.462500
127.662497	0.634400
128.352564	0.789300
129.042632	0.925900
129.732700	1.043600
130.422767	1.142100
131.112835	1.221400
131.802902	1.282100
132.492970	1.325100
133.183037	1.351900
133.873105	1.364100
134.563172	1.363400
135.253240	1.351800
135.943308	1.331000
136.633375	1.302900
137.323443	1.269000
138.013510	1.230700
138.703578	1.189300
139.393645	1.145800
140.083713	1.101000
140.773780	1.055700
141.463848	1.010400
142.153916	0.965700
142.843983	0.922000
143.534051	0.879700
144.224118	0.839200
144.914186	0.800400
145.604253	0.763500
146.294321	0.728200
146.984388	0.694100
147.674456	0.661000
148.364523	0.628400
149.054591	0.595800
149.744659	0.562800
150.434726	0.528900
151.124794	0.493800
151.814861	0.457100
152.504929	0.418400
153.194996	0.377500
153.885064	0.334300
154.575131	0.288600
155.265199	0.240600
155.955267	0.190400
156.645334	0.138200
157.335402	0.084400
158.025469	0.029300
158.715537	-0.026600
159.405604	-0.083100
160.095672	-0.139900
160.785739	-0.196400
161.475807	-0.252500
162.165874	-0.307600
162.855942	-0.361100
163.546010	-0.412200
164.236077	-0.460200
164.926145	-0.504200
165.616212	-0.543400
166.306280	-0.577100
166.996347	-0.604900
167.686415	-0.626500
168.376482	-0.641800
169.066550	-0.651000
169.756618	-0.654400
170.446685	-0.652400
171.136753	-0.645300
171.826820	-0.634000
172.516888	-0.619000
173.206955	-0.601400
173.897023	-0.582200
174.587090	-0.562200
175.277158	-0.542700
175.967226	-0.524500
176.657293	-0.508700
177.347361	-0.495900
178.037428	-0.486900
178.727496	-0.482100
179.417563	-0.481700
180.107631	-0.485900
180.797698	-0.494400
181.487766	-0.507100
182.177833	-0.523600
182.867901	-0.543300
183.557969	-0.565600
184.248036	-0.589400
184.938104	-0.613900
185.628171	-0.637900
186.318239	-0.660100
187.008306	-0.679300
187.698374	-0.694600
188.388441	-0.704900
189.078509	-0.709600
189.768577	-0.708400
190.458644	-0.701000
191.148712	-0.687700
191.838779	-0.668900
192.528847	-0.644900
193.218914	-0.616200
193.908982	-0.583400
194.599049	-0.546800
195.289117	-0.506900
195.979184	-0.464000
196.669252	-0.418600
197.359320	-0.371300
198.049387	-0.322800
198.739455	-0.273700
199.429522	-0.224700
200.119590	-0.176800
200.809657	-0.130500
201.499725	-0.086300
202.189792	-0.044600
202.879860	-0.005600
203.569928	0.031200
204.259995	0.066000
204.950063	0.099600
205.640130	0.132700
206.330198	0.166100
207.020265	0.200400
207.710333	0.235800
208.400400	0.272700
209.090468	0.310700
209.780535	0.349700
210.470603	0.389500
211.160671	0.429900
211.850738	0.470700
212.540806	0.512000
213.230873	0.553900
213.920941	0.596500
214.611008	0.640000
215.301076	0.684700
215.991143	0.731100
216.681211	0.779900
217.371279	0.831900
218.061346	0.888200
218.751414	0.949900
219.441481	1.018200
220.131549	1.094100
220.821616	1.178700
221.511684	1.272900
222.201751	1.377600
222.891819	1.493300
223.581887	1.620300
224.271954	1.758600
224.962022	1.907600
225.652089	2.066700
226.342157	2.234500
227.032224	2.409600
227.722292	2.589800
228.412359	2.772800
229.102427	2.955500
229.792494	3.134600
230.482562	3.306000
231.172630	3.465200
231.862697	3.607100
232.552765	3.726300
233.242832	3.817000
233.932900	3.873200
234.622967	3.889300
235.313035	3.859600
236.003102	3.779400
236.693170	3.644900
237.383238	3.453500
238.073305	3.204800
238.763373	2.900400
239.453440	2.545000
240.143508	2.146500
240.833575	1.715900
241.523643	1.266600
242.213710	0.812000
242.903778	0.364300
243.593845	-0.066700
244.283913	-0.473400
244.973981	-0.849500
245.664048	-1.189900
246.354116	-1.489900
247.044183	-1.745600
247.734251	-1.954300
248.424318	-2.115600
249.114386	-2.231300
249.804453	-2.305200
250.494521	-2.342900
251.184589	-2.350500
251.874656	-2.334300
252.564724	-2.300300
253.254791	-2.253900
253.944859	-2.199400
254.634926	-2.140200
255.324994	-2.078200
256.015061	-2.014400
256.705129	-1.949500
257.395197	-1.883900
258.085264	-1.818700
258.775332	-1.755500
259.465399	-1.696100
260.155467	-1.642500
260.845534	-1.596600
261.535602	-1.559700
262.225669	-1.533000
262.915737	-1.516900
263.605804	-1.511500
264.295872	-1.516500
264.985940	-1.531100
265.676007	-1.554000
266.366075	-1.583500
267.056142	-1.617700
267.746210	-1.654700
268.436277	-1.692500
269.126345	-1.730000
269.816412	-1.766000
270.506480	-1.800200
271.196548	-1.832000
271.886615	-1.861300
272.576683	-1.888200
273.266750	-1.912700
273.956818	-1.934800
274.646885	-1.954700
275.336953	-1.972300
276.027020	-1.987300
276.717088	-1.999400
277.407155	-2.007900
278.097223	-2.012600
278.787291	-2.013000
279.477358	-2.009100
280.167426	-2.000900
280.857493	-1.988500
281.547561	-1.972200
282.237628	-1.952200
282.927696	-1.928900
283.617763	-1.902900
284.307831	-1.874900
284.997899	-1.845700
285.687966	-1.815800
286.378034	-1.785100
287.068101	-1.752900
287.758169	-1.718000
288.448236	-1.678800
289.138304	-1.634100
289.828371	-1.583100
290.518439	-1.525900
291.208507	-1.463500
291.898574	-1.397000
292.588642	-1.327800
293.278709	-1.257100
293.968777	-1.185600
294.658844	-1.113800
295.348912	-1.042100
296.038979	-0.971100
296.729047	-0.901100
297.419114	-0.832700
298.109182	-0.766400
298.799250	-0.702500
299.489317	-0.641600
300.179385	-0.583500
300.869452	-0.527600
301.559520	-0.472100
302.249587	-0.414100
302.939655	-0.349500
303.629722	-0.273400
304.319790	-0.180800
305.009858	-0.066800
305.699925	0.072300
306.389993	0.238800
307.080060	0.431700
307.770128	0.647200
308.460195	0.878300
309.150263	1.115800
309.840330	1.349600
310.530398	1.569500
311.220465	1.766600
311.910533	1.934100
312.600601	2.067600
313.290668	2.165300
313.980736	2.227400
314.670803	2.256000
315.360871	2.254300
316.050938	2.226200
316.741006	2.176200
317.431073	2.108700
318.121141	2.028400
318.811209	1.939200
319.501276	1.845000
320.191344	1.749300
320.881411	1.655100
321.571479	1.564900
322.261546	1.481200
322.951614	1.406100
323.641681	1.341300
324.331749	1.288200
325.021817	1.247900
325.711884	1.220900
326.401952	1.207000
327.092019	1.205600
327.782087	1.215800
328.472154	1.236500
329.162222	1.266500
329.852289	1.305100
330.542357	1.351400
331.232424	1.404400
331.922492	1.462900
332.612560	1.525100
333.302627	1.588800
333.992695	1.651000
334.682762	1.708600
335.372830	1.758100
336.062897	1.796600
336.752965	1.821500
337.443032	1.831200
338.133100	1.824800
338.823168	1.802200
339.513235	1.764100
340.203303	1.711600
340.893370	1.646300
341.583438	1.569900
342.273505	1.484400
342.963573	1.391500
343.653640	1.292800
344.343708	1.189700
345.033775	1.083200
345.723843	0.974200
346.413911	0.863200
347.103978	0.750300
347.794046	0.635800
348.484113	0.519900
349.174181	0.402600
349.864248	0.284200
350.554316	0.165100
351.244383	0.046100
351.934451	-0.072100
352.624519	-0.188300
353.314586	-0.301300
354.004654	-0.409600
354.694721	-0.511800
355.384789	-0.606500
356.074856	-0.692400
356.764924	-0.768300
357.454991	-0.833400
358.145059	-0.886800
358.835127	-0.928200
359.525194	-0.957300
360.215262	-0.973700
360.905329	-0.977400
361.595397	-0.968300
362.285464	-0.946100
362.975532	-0.910900
363.665599	-0.862800
364.355667	-0.802200
365.045734	-0.730200
365.735802	-0.648100
366.425870	-0.558000
367.115937	-0.462600
367.806005	-0.365100
368.496072	-0.268900
369.186140	-0.177100
369.876207	-0.092200
370.566275	-0.015900
371.256342	0.051100
371.946410	0.109000
372.636478	0.158300
373.326545	0.199600
374.016613	0.233000
374.706680	0.258300
375.396748	0.274500
376.086815	0.280000
376.776883	0.272600
377.466950	0.249800
378.157018	0.209000
378.847085	0.147500
379.537153	0.062600
380.227221	-0.047500
380.917288	-0.184600
381.607356	-0.348900
382.297423	-0.539700
382.987491	-0.754200
383.677558	-0.987700
384.367626	-1.233800
385.057693	-1.484800
385.747761	-1.732400
386.437829	-1.969400
387.127896	-2.190000
387.817964	-2.390200
388.508031	-2.567500
389.198099	-2.720100
389.888166	-2.846800
390.578234	-2.946900
391.268301	-3.019600
391.958369	-3.064800
392.648437	-3.082600
393.338504	-3.073200
394.028572	-3.037100
394.718639	-2.974700
395.408707	-2.886300
396.098774	-2.772100
396.788842	-2.632300
397.478909	-2.467600
398.168977	-2.279100
398.859044	-2.068900
399.549112	-1.840500
400.239180	-1.598200
400.929247	-1.347400
401.619315	-1.093000
402.309382	-0.839500
402.999450	-0.590000
403.689517	-0.346500
404.379585	-0.109800
405.069652	0.119500
405.759720	0.341300
406.449788	0.554900
407.139855	0.759400
407.829923	0.953000
408.519990	1.133800
409.210058	1.299000
409.900125	1.446200
410.590193	1.573300
411.280260	1.679200
411.970328	1.763300
412.660395	1.826000
413.350463	1.868400
414.040531	1.891900
414.730598	1.898400
415.420666	1.890100
416.110733	1.869000
416.800801	1.837300
417.490868	1.797400
418.180936	1.751100
418.871003	1.700500
419.561071	1.647200
420.251139	1.592700
420.941206	1.538500
421.631274	1.485600
422.321341	1.435000
423.011409	1.387400
423.701476	1.343500
424.391544	1.303700
425.081611	1.268200
425.771679	1.237000
426.461747	1.210000
427.151814	1.186700
427.841882	1.166600
428.531949	1.149000
429.222017	1.133100
429.912084	1.118300
430.602152	1.103600
431.292219	1.088300
431.982287	1.071700
432.672354	1.053100
433.362422	1.031900
434.052490	1.007800
434.742557	0.980500
435.432625	0.950100
436.122692	0.916500
436.812760	0.880100
437.502827	0.841000
438.192895	0.799700
438.882962	0.756600
439.573030	0.712300
440.263098	0.667500
440.953165	0.622600
441.643233	0.578300
442.333300	0.535000
443.023368	0.493000
443.713435	0.452500
444.403503	0.413700
445.093570	0.376600
445.783638	0.341000
446.473705	0.306800
447.163773	0.273500
447.853841	0.240900
448.543908	0.208400
449.233976	0.175600
449.924043	0.142000
450.614111	0.107200
451.304178	0.070600
451.994246	0.031700
452.684313	-0.010100
453.374381	-0.055600
454.064449	-0.105800
454.754516	-0.161400
455.444584	-0.223400
456.134651	-0.292600
456.824719	-0.369400
457.514786	-0.453500
458.204854	-0.544300
458.894921	-0.640000
459.584989	-0.738100
460.275057	-0.836000
460.965124	-0.930400
461.655192	-1.018300
462.345259	-1.096500
463.035327	-1.161900
463.725394	-1.211600
464.415462	-1.243500
465.105529	-1.256400
465.795597	-1.250200
466.485664	-1.226000
467.175732	-1.186200
467.865800	-1.133900
468.555867	-1.072500
469.245935	-1.005600
469.936002	-0.936500
470.626070	-0.868100
471.316137	-0.802900
472.006205	-0.742800
472.696272	-0.689100
473.386340	-0.642500
474.076408	-0.603100
474.766475	-0.570600
475.456543	-0.544200
476.146610	-0.522600
476.836678	-0.504400
477.526745	-0.487600
478.216813	-0.470500
478.906880	-0.451200
479.596948	-0.428200
480.287015	-0.400200
480.977083	-0.366400
481.667151	-0.326100
482.357218	-0.278800
483.047286	-0.224100
483.737353	-0.161900
484.427421	-0.092200
485.117488	-0.014900
485.807556	0.069500
486.497623	0.160600
487.187691	0.257500
487.877759	0.359100
488.567826	0.464200
489.257894	0.571600
489.947961	0.680000
490.638029	0.788400
491.328096	0.895300
492.018164	0.999700
492.708231	1.100100
493.398299	1.195100
494.088367	1.283200
494.778434	1.363500
495.468502	1.435200
496.158569	1.498100
496.848637	1.552000
497.538704	1.597200
498.228772	1.633500
498.918839	1.661100
499.608907	1.679700
500.298974	1.688900
500.989042	1.688700
501.679110	1.678600
502.369177	1.658300
503.059245	1.627300
503.749312	1.584300
504.439380	1.527600
505.129447	1.454800
505.819515	1.363300
506.509582	1.250200
507.199650	1.113400
507.889718	0.951700
508.579785	0.765300
509.269853	0.555800
509.959920	0.326200
510.649988	0.080400
511.340055	-0.176900
512.030123	-0.441100
512.720190	-0.707700
513.410258	-0.972900
514.100325	-1.233900
514.790393	-1.488400
515.480461	-1.735200
516.170528	-1.972900
516.860596	-2.200500
517.550663	-2.416300
518.240731	-2.617800
518.930798	-2.802100
519.620866	-2.965300
520.310933	-3.103200
521.001001	-3.211400
521.691069	-3.286000
522.381136	-3.323200
523.071204	-3.320600
523.761271	-3.276500
524.451339	-3.191000
525.141406	-3.065200
525.831474	-2.901600
526.521541	-2.703800
527.211609	-2.476300
527.901677	-2.224200
528.591744	-1.953400
529.281812	-1.670000
529.971879	-1.380100
530.661947	-1.090000
531.352014	-0.805500
532.042082	-0.531500
532.732149	-0.272400
533.422217	-0.031200
534.112284	0.190000
534.802352	0.390700
535.492420	0.570800
536.182487	0.730900
536.872555	0.872200
537.562622	0.996000
538.252690	1.103600
538.942757	1.196200
539.632825	1.274900
540.322892	1.340700
541.012960	1.394100
541.703028	1.435900
542.393095	1.466700
543.083163	1.486800
543.773230	1.496900
544.463298	1.497500
545.153365	1.489300
545.843433	1.473000
546.533500	1.449300
547.223568	1.418900
547.913635	1.382500
548.603703	1.340700
549.293771	1.294000
549.983838	1.242900
550.673906	1.188100
551.363973	1.130100
552.054041	1.069100
552.744108	1.005400
553.434176	0.938800
554.124243	0.869500
554.814311	0.797300
555.504379	0.722200
556.194446	0.644300
556.884514	0.563900
557.574581	0.481300
558.264649	0.397000
558.954716	0.311400
559.644784	0.224900
560.334851	0.138200
561.024919	0.051800
561.714986	-0.033300
562.405054	-0.116400
563.095122	-0.196100
563.785189	-0.270900
564.475257	-0.339400
565.165324	-0.400200
565.855392	-0.452000
566.545459	-0.493900
567.235527	-0.525000
567.925594	-0.545000
568.615662	-0.553800
569.305730	-0.551500
569.995797	-0.538900
570.685865	-0.516700
571.375932	-0.486100
572.066000	-0.448400
572.756067	-0.405100
573.446135	-0.357800
574.136202	-0.308000
574.826270	-0.257300
575.516338	-0.207000
576.206405	-0.158400
576.896473	-0.112600
577.586540	-0.070400
578.276608	-0.032600
578.966675	0.000200
579.656743	0.027900
580.346810	0.050300
581.036878	0.067600
581.726945	0.080100
582.417013	0.088400
583.107081	0.093100
583.797148	0.095000
584.487216	0.094800
585.177283	0.092900
585.867351	0.090000
586.557418	0.086600
587.247486	0.083000
587.937553	0.079400
588.627621	0.075900
589.317689	0.072600
590.007756	0.069300
590.697824	0.065900
591.387891	0.062300
592.077959	0.058300
592.768026	0.053800
593.458094	0.048700
594.148161	0.043200
594.838229	0.037300
595.528296	0.031600
596.218364	0.026000
596.908432	0.020900
597.598499	0.016000
598.288567	0.011000
598.978634	0.005600
599.668702	-0.000700
600.358769	-0.007800
601.048837	-0.015600
601.738904	-0.023200
602.428972	-0.029700
603.119040	-0.034400
603.809107	-0.036200
604.499175	-0.034600
605.189242	-0.028800
605.879310	-0.018500
606.569377	-0.003500
607.259445	0.016500
607.949512	0.041200
608.639580	0.070500
609.329648	0.103700
610.019715	0.140300
610.709783	0.179500
611.399850	0.220400
612.089918	0.262200
612.779985	0.303500
613.470053	0.343300
614.160120	0.380400
614.850188	0.413800
615.540255	0.442500
616.230323	0.465900
616.920391	0.483400
617.610458	0.494900
618.300526	0.500400
618.990593	0.500400
619.680661	0.495400
620.370728	0.486100
621.060796	0.473600
621.750863	0.458600
622.440931	0.442200
623.130999	0.425200
623.821066	0.408300
624.511134	0.392100
625.201201	0.377100
625.891269	0.363100
626.581336	0.349900
627.271404	0.337000
627.961471	0.324000
628.651539	0.310200
629.341606	0.295200
630.031674	0.278600
630.721742	0.260500
631.411809	0.240700
632.101877	0.219500
632.791944	0.197100
633.482012	0.173700
634.172079	0.149400
634.862147	0.124400
635.552214	0.098700
636.242282	0.072000
636.932350	0.044100
637.622417	0.014800
638.312485	-0.016300
639.002552	-0.049800
639.692620	-0.085800
640.382687	-0.124800
641.072755	-0.166900
641.762822	-0.212400
642.452890	-0.261400
643.142958	-0.314300
643.833025	-0.371400
644.523093	-0.433200
645.213160	-0.500200
645.903228	-0.572900
646.593295	-0.651800
647.283363	-0.736500
647.973430	-0.826500
648.663498	-0.920600
649.353565	-1.017300
650.043633	-1.114700
650.733701	-1.211000
651.423768	-1.304200
652.113836	-1.392200
652.803903	-1.473200
653.493971	-1.545400
654.184038	-1.606900
654.874106	-1.656300
655.564173	-1.692100
656.254241	-1.713000
656.944309	-1.718100
657.634376	-1.706500
658.324444	-1.677100
659.014511	-1.629200
659.704579	-1.561600
660.394646	-1.474000
661.084714	-1.367100
661.774781	-1.243600
662.464849	-1.107800
663.154916	-0.965500
663.844984	-0.822500
664.535052	-0.684200
665.225119	-0.554700
665.915187	-0.436500
666.605254	-0.331500
667.295322	-0.240500
667.985389	-0.163400
668.675457	-0.099600
669.365524	-0.047700
670.055592	-0.006000
670.745660	0.027600
671.435727	0.054800
672.125795	0.076900
672.815862	0.094800
673.505930	0.109200
674.195997	0.120100
674.886065	0.127400
675.576132	0.131100
676.266200	0.131400
676.956268	0.129200
677.646335	0.125900
678.336403	0.123700
679.026470	0.125000
679.716538	0.132600
680.406605	0.148700
681.096673	0.175100
681.786740	0.212900
682.476808	0.262400
683.166875	0.323300
683.856943	0.394300
684.547011	0.473800
685.237078	0.559500
685.927146	0.649200
686.617213	0.740700
687.307281	0.831500
687.997348	0.919700
688.687416	1.003100
689.377483	1.079700
690.067551	1.147500
690.757619	1.205000
691.447686	1.251000
692.137754	1.284700
692.827821	1.305900
693.517889	1.314700
694.207956	1.311600
694.898024	1.297100
695.588091	1.272100
696.278159	1.237700
696.968226	1.195100
697.658294	1.145800
698.348362	1.091300
699.038429	1.033300
699.728497	0.973400
700.418564	0.912900
701.108632	0.853400
701.798699	0.795900
702.488767	0.741600
703.178834	0.691300
703.868902	0.645600
704.558970	0.605000
705.249037	0.569400
705.939105	0.538600
706.629172	0.512000
707.319240	0.489100
708.009307	0.469000
708.699375	0.451000
709.389442	0.434300
710.079510	0.418300
710.769578	0.402600
711.459645	0.386800
712.149713	0.370800
712.839780	0.354600
713.529848	0.338300
714.219915	0.322100
714.909983	0.306200
715.600050	0.290700
716.290118	0.275900
716.980185	0.262100
717.670253	0.249400
718.360321	0.238300
719.050388	0.229000
719.740456	0.221900
720.430523	0.217100
721.120591	0.214700
721.810658	0.214400
722.500726	0.215900
723.190793	0.218500
723.880861	0.221700
724.570929	0.224500
725.260996	0.226200
725.951064	0.225700
726.641131	0.222100
727.331199	0.214200
728.021266	0.201300
728.711334	0.182600
729.401401	0.157700
730.091469	0.126500
730.781536	0.089300
731.471604	0.046500
732.161672	-0.001300
732.851739	-0.053100
733.541807	-0.108400
734.231874	-0.166200
734.921942	-0.226000
735.612009	-0.287200
736.302077	-0.349200
736.992144	-0.411600
737.682212	-0.474100
738.372280	-0.536200
739.062347	-0.597600
739.752415	-0.657800
740.442482	-0.716400
741.132550	-0.772500
741.822617	-0.825300
742.512685	-0.873900
743.202752	-0.917100
743.892820	-0.954200
744.582888	-0.984200
745.272955	-1.006400
745.963023	-1.020400
746.653090	-1.025900
747.343158	-1.023000
748.033225	-1.012000
748.723293	-0.993500
749.413360	-0.968200
750.103428	-0.937000
750.793495	-0.901000
751.483563	-0.861300
752.173631	-0.819200
752.863698	-0.775600
753.553766	-0.731700
754.243833	-0.688200
754.933901	-0.645800
755.623968	-0.605000
756.314036	-0.566000
757.004103	-0.529000
757.694171	-0.493800
758.384239	-0.459900
759.074306	-0.427100
759.764374	-0.394600
760.454441	-0.361900
761.144509	-0.328400
761.834576	-0.293700
762.524644	-0.257300
763.214711	-0.219200
763.904779	-0.179100
764.594846	-0.137300
765.284914	-0.094200
765.974982	-0.050300
766.665049	-0.006100
767.355117	0.037700
768.045184	0.080700
768.735252	0.122400
769.425319	0.162500
770.115387	0.201100
770.805454	0.237900
771.495522	0.273200
772.185590	0.307000
772.875657	0.339400
773.565725	0.370500
774.255792	0.400200
774.945860	0.428500
775.635927	0.455400
776.325995	0.480800
777.016062	0.504600
777.706130	0.526800
778.396198	0.547600
779.086265	0.566900
779.776333	0.585100
780.466400	0.602300
781.156468	0.618600
781.846535	0.634300
782.536603	0.649600
783.226670	0.664400
783.916738	0.678800
784.606805	0.692700
785.296873	0.705900
785.986941	0.718100
786.677008	0.729000
787.367076	0.738000
788.057143	0.744700
788.747211	0.748500
789.437278	0.748900
790.127346	0.745400
790.817413	0.737400
791.507481	0.724400
792.197549	0.705800
792.887616	0.681100
793.577684	0.649900
794.267751	0.611700
794.957819	0.566200
795.647886	0.513400
796.337954	0.453400
797.028021	0.387000
797.718089	0.315000
798.408156	0.238800
799.098224	0.160000
799.788292	0.080300
800.478359	0.001300
801.168427	-0.075300
801.858494	-0.148400
802.548562	-0.217000
803.238629	-0.280500
803.928697	-0.338300
804.618764	-0.390500
805.308832	-0.436900
805.998900	-0.477700
806.688967	-0.512800
807.379035	-0.542300
808.069102	-0.566200
808.759170	-0.584400
809.449237	-0.596900
810.139305	-0.603700
810.829372	-0.605000
811.519440	-0.600800
812.209508	-0.591500
812.899575	-0.577300
813.589643	-0.558500
814.279710	-0.535500
814.969778	-0.508800
815.659845	-0.478700
816.349913	-0.445800
817.039980	-0.410400
817.730048	-0.373000
818.420115	-0.334100
819.110183	-0.294000
819.800251	-0.253400
820.490318	-0.212700
821.180386	-0.172700
821.870453	-0.133900
822.560521	-0.097000
823.250588	-0.062800
823.940656	-0.031600
824.630723	-0.004100
825.320791	0.019600
826.010859	0.039100
826.700926	0.054300
827.390994	0.065300
828.081061	0.072200
828.771129	0.075200
829.461196	0.074700
830.151264	0.071100
830.841331	0.064900
831.531399	0.056700
832.221466	0.047300
832.911534	0.037300
833.601602	0.027700
834.291669	0.018900
834.981737	0.011700
835.671804	0.006500
836.361872	0.003300
837.051939	0.002000
837.742007	0.002200
838.432074	0.003300
839.122142	0.004800
839.812210	0.006300
840.502277	0.007700
841.192345	0.008800
841.882412	0.009900
842.572480	0.010900
843.262547	0.011900
843.952615	0.013000
844.642682	0.013900
845.332750	0.014300
846.022818	0.013600
846.712885	0.011600
847.402953	0.007800
848.093020	0.001900
848.783088	-0.006000
849.473155	-0.016000
850.163223	-0.027500
850.853290	-0.039800
851.543358	-0.051900
852.233425	-0.063100
852.923493	-0.072500
853.613561	-0.079300
854.303628	-0.083200
854.993696	-0.083800
855.683763	-0.081100
856.373831	-0.075000
857.063898	-0.065700
857.753966	-0.053600
858.444033	-0.039000
859.134101	-0.022400
859.824169	-0.004200
860.514236	0.015100
861.204304	0.035000
861.894371	0.055000
862.584439	0.074500
863.274506	0.093300
863.964574	0.110700
864.654641	0.126800
865.344709	0.141300
866.034776	0.154400
866.724844	0.166100
867.414912	0.176400
868.104979	0.185400
868.795047	0.192800
869.485114	0.198700
870.175182	0.202800
870.865249	0.205100
871.555317	0.205700
872.245384	0.204600
872.935452	0.202200
873.625520	0.198600
874.315587	0.194100
875.005655	0.189000
875.695722	0.183600
876.385790	0.178100
877.075857	0.172900
877.765925	0.168200
878.455992	0.164000
879.146060	0.160400
879.836128	0.157200
880.526195	0.154400
881.216263	0.152000
881.906330	0.150100
882.596398	0.148900
883.286465	0.148700
883.976533	0.149400
884.666600	0.151100
885.356668	0.153300
886.046735	0.155500
886.736803	0.157000
887.426871	0.156900
888.116938	0.154400
888.807006	0.148700
889.497073	0.139300
890.187141	0.125900
890.877208	0.108400
891.567276	0.087200
892.257343	0.063100
892.947411	0.037100
893.637479	0.010800
894.327546	-0.014300
895.017614	-0.036500
895.707681	-0.054600
896.397749	-0.067400
897.087816	-0.074600
897.777884	-0.076400
898.467951	-0.073900
899.158019	-0.068400
899.848086	-0.061700
900.538154	-0.055900
901.228222	-0.052700
901.918289	-0.053200
902.608357	-0.058300
903.298424	-0.068300
903.988492	-0.083000
904.678559	-0.101900
905.368627	-0.124400
906.058694	-0.149800
906.748762	-0.177100
907.438830	-0.205800
908.128897	-0.235000
908.818965	-0.263900
909.509032	-0.292000
910.199100	-0.318500
910.889167	-0.343000
911.579235	-0.365200
912.269302	-0.384900
912.959370	-0.402100
913.649438	-0.417000
914.339505	-0.429900
915.029573	-0.441100
915.719640	-0.450700
916.409708	-0.458600
917.099775	-0.464700
917.789843	-0.468600
918.479910	-0.469900
919.169978	-0.468500
919.860045	-0.464500
920.550113	-0.458000
921.240181	-0.449300
921.930248	-0.438800
922.620316	-0.426600
923.310383	-0.413000
924.000451	-0.397700
924.690518	-0.380600
925.380586	-0.361500
926.070653	-0.340000
926.760721	-0.315900
927.450789	-0.289100
928.140856	-0.259500
928.830924	-0.227600
929.520991	-0.194100
930.211059	-0.160000
930.901126	-0.126200
931.591194	-0.093800
932.281261	-0.063400
932.971329	-0.035300
933.661396	-0.009700
934.351464	0.013400
935.041532	0.034200
935.731599	0.052500
936.421667	0.068000
937.111734	0.080600
937.801802	0.090200
938.491869	0.096900
939.181937	0.100900
939.872004	0.102600
940.562072	0.102100
941.252140	0.099500
941.942207	0.095000
942.632275	0.088600
943.322342	0.080300
944.012410	0.070700
944.702477	0.060300
945.392545	0.049500
946.082612	0.039100
946.772680	0.029300
947.462747	0.020600
948.152815	0.013000
948.842883	0.006800
949.532950	0.002400
950.223018	0.000200
950.913085	0.000300
951.603153	0.002700
952.293220	0.007300
952.983288	0.013500
953.673355	0.020300
954.363423	0.026600
955.053491	0.031400
955.743558	0.033200
956.433626	0.031000
957.123693	0.023700
957.813761	0.010700
958.503828	-0.008300
959.193896	-0.033600
959.883963	-0.064700
960.574031	-0.101000
961.264099	-0.141700
961.954166	-0.185700
962.644234	-0.231900
963.334301	-0.279000
964.024369	-0.325700
964.714436	-0.370500
965.404504	-0.412200
966.094571	-0.449400
966.784639	-0.481400
967.474706	-0.507300
968.164774	-0.526600
968.854842	-0.539300
969.544909	-0.545300
970.234977	-0.545000
970.925044	-0.538800
971.615112	-0.527300
972.305179	-0.511400
972.995247	-0.491500
973.685314	-0.468100
974.375382	-0.441200
975.065450	-0.410700
975.755517	-0.376400
976.445585	-0.338200
977.135652	-0.296000
977.825720	-0.249900
978.515787	-0.200100
979.205855	-0.146900
979.895922	-0.091100
980.585990	-0.033500
981.276057	0.024900
981.966125	0.083000
982.656193	0.139400
983.346260	0.193000
984.036328	0.243000
984.726395	0.288900
985.416463	0.330300
986.106530	0.367300
986.796598	0.400100
987.486665	0.428800
988.176733	0.453800
988.866801	0.475500
989.556868	0.494500
990.246936	0.511400
990.937003	0.526900
991.627071	0.541800
992.317138	0.557100
993.007206	0.573900
993.697273	0.593100
994.387341	0.616000
995.077409	0.643300
995.767476	0.675400
996.457544	0.712500
997.147611	0.753800
997.837679	0.798400
998.527746	0.845100
999.217814	0.892400
999.907881	0.938900
1000.597949	0.982900
1001.288016	1.022800
1001.978084	1.057100
1002.668152	1.084100
1003.358219	1.102400
1004.048287	1.111100
1004.738354	1.109000
1005.428422	1.095500
1006.118489	1.069900
1006.808557	1.031800
1007.498624	0.980800
1008.188692	0.916500
1008.878760	0.839100
1009.568827	0.748700
1010.258895	0.646000
1010.948962	0.532200
1011.639030	0.408900
1012.329097	0.278800
1013.019165	0.145300
1013.709232	0.012200
1014.399300	-0.117000
1015.089367	-0.239400
1015.779435	-0.352800
1016.469503	-0.456300
1017.159570	-0.549800
1017.849638	-0.634100
1018.539705	-0.710400
1019.229773	-0.780200
1019.919840	-0.845300
1020.609908	-0.906900
1021.299975	-0.965800
1021.990043	-1.022000
1022.680111	-1.074000
1023.370178	-1.119400
1024.060246	-1.154400
1024.750313	-1.175300
1025.440381	-1.178300
1026.130448	-1.160700
1026.820516	-1.121400
1027.510583	-1.060400
1028.200651	-0.979100
1028.890719	-0.880000
1029.580786	-0.766300
1030.270854	-0.641800
1030.960921	-0.510500
1031.650989	-0.376600
1032.341056	-0.244000
1033.031124	-0.116700
1033.721191	0.001900
1034.411259	0.108900
1035.101326	0.201900
1035.791394	0.279000
1036.481462	0.339300
1037.171529	0.382500
1037.861597	0.409200
1038.551664	0.420300
1039.241732	0.417100
1039.931799	0.401000
1040.621867	0.373700
1041.311934	0.336800
1042.002002	0.291800
1042.692070	0.240200
1043.382137	0.183500
1044.072205	0.123400
1044.762272	0.061500
1045.452340	-0.000300
1046.142407	-0.060300
1046.832475	-0.116800
1047.522542	-0.168300
1048.212610	-0.213400
1048.902677	-0.251000
1049.592745	-0.280200
1050.282813	-0.300500
1050.972880	-0.311300
1051.662948	-0.312700
1052.353015	-0.304500
1053.043083	-0.287100
1053.733150	-0.261000
1054.423218	-0.226900
1055.113285	-0.185600
1055.803353	-0.138300
1056.493421	-0.086000
1057.183488	-0.029700
1057.873556	0.029300
1058.563623	0.090000
1059.253691	0.151400
1059.943758	0.212100
1060.633826	0.270900
1061.323893	0.326600
1062.013961	0.378100
1062.704029	0.424600
1063.394096	0.465500
1064.084164	0.501000
1064.774231	0.531500
1065.464299	0.557900
1066.154366	0.581200
1066.844434	0.602700
1067.534501	0.623600
1068.224569	0.645000
1068.914636	0.668100
1069.604704	0.693400
1070.294772	0.721600
1070.984839	0.752900
1071.674907	0.787500
1072.364974	0.825200
1073.055042	0.865700
1073.745109	0.908500
1074.435177	0.953500
1075.125244	1.000100
1075.815312	1.048400
1076.505380	1.098200
1077.195447	1.149400
1077.885515	1.201700
1078.575582	1.254800
1079.265650	1.307800
1079.955717	1.360100
1080.645785	1.410600
1081.335852	1.458200
1082.025920	1.501600
1082.715987	1.539100
1083.406055	1.569200
1084.096123	1.590000
1084.786190	1.599700
1085.476258	1.596700
1086.166325	1.579300
1086.856393	1.546500
1087.546460	1.497400
1088.236528	1.431800
1088.926595	1.349700
1089.616663	1.251700
1090.306731	1.138800
1090.996798	1.012200
1091.686866	0.873100
1092.376933	0.722700
1093.067001	0.562000
1093.757068	0.391700
1094.447136	0.212000
1095.137203	0.022500
1095.827271	-0.177500
1096.517339	-0.389400
1097.207406	-0.614200
1097.897474	-0.853000
1098.587541	-1.105700
1099.277609	-1.370900
1099.967676	-1.645500
1100.657744	-1.925200
1101.347811	-2.204500
1102.037879	-2.477700
1102.727946	-2.739300
1103.418014	-2.984100
1104.108082	-3.207500
1104.798149	-3.405000
1105.488217	-3.573000
1106.178284	-3.708000
1106.868352	-3.807600
1107.558419	-3.870100
1108.248487	-3.894800
1108.938554	-3.881200
1109.628622	-3.829400
1110.318690	-3.739700
1111.008757	-3.612800
1111.698825	-3.449700
1112.388892	-3.252100
1113.078960	-3.022600
1113.769027	-2.764200
1114.459095	-2.480900
1115.149162	-2.177100
1115.839230	-1.857900
1116.529297	-1.529000
1117.219365	-1.196600
1117.909433	-0.867600
1118.599500	-0.548900
1119.289568	-0.247400
1119.979635	0.031100
1120.669703	0.282500
1121.359770	0.503800
1122.049838	0.694000
1122.739905	0.853400
1123.429973	0.983300
1124.120041	1.086100
1124.810108	1.164500
1125.500176	1.221700
1126.190243	1.260900
1126.880311	1.285400
1127.570378	1.298200
1128.260446	1.302200
1128.950513	1.299900
1129.640581	1.293300
1130.330649	1.284200
1131.020716	1.273900
1131.710784	1.263300
1132.400851	1.253100
1133.090919	1.243500
1133.780986	1.234500
1134.471054	1.225900
1135.161121	1.217200
1135.851189	1.208000
1136.541256	1.197800
1137.231324	1.186200
1137.921392	1.172700
1138.611459	1.156700
1139.301527	1.138000
1139.991594	1.116000
1140.681662	1.090400
1141.371729	1.061000
1142.061797	1.027500
1142.751864	0.990000
1143.441932	0.948400
1144.132000	0.902900
1144.822067	0.853800
1145.512135	0.801400
1146.202202	0.746000
1146.892270	0.687900
1147.582337	0.627500
1148.272405	0.565400
1148.962472	0.502000
1149.652540	0.438000
1150.342607	0.374200
1151.032675	0.311100
1151.722743	0.249500
1152.412810	0.190200
1153.102878	0.133800
1153.792945	0.081100
1154.483013	0.032900
1155.173080	-0.010100
1155.863148	-0.047600
1156.553215	-0.079200
1157.243283	-0.105300
1157.933351	-0.125900
1158.623418	-0.141800
1159.313486	-0.153500
1160.003553	-0.161800
1160.693621	-0.167200
1161.383688	-0.170500
1162.073756	-0.172300
1162.763823	-0.172900
1163.453891	-0.172800
1164.143959	-0.172100
1164.834026	-0.170900
1165.524094	-0.169200
1166.214161	-0.166700
1166.904229	-0.163200
1167.594296	-0.158000
1168.284364	-0.150300
1168.974431	-0.139100
1169.664499	-0.123300
1170.354566	-0.101600
1171.044634	-0.073100
1171.734702	-0.036800
1172.424769	0.007900
1173.114837	0.061800
1173.804904	0.124900
1174.494972	0.196800
1175.185039	0.276800
1175.875107	0.363300
1176.565174	0.454400
1177.255242	0.547000
1177.945310	0.637600
1178.635377	0.722000
1179.325445	0.796300
1180.015512	0.856800
1180.705580	0.900900
1181.395647	0.927200
1182.085715	0.935300
1182.775782	0.925200
1183.465850	0.897200
1184.155917	0.851600
1184.845985	0.789200
1185.536053	0.710900
1186.226120	0.618000
1186.916188	0.512300
1187.606255	0.395700
1188.296323	0.270000
1188.986390	0.136800
1189.676458	-0.002200
1190.366525	-0.145600
1191.056593	-0.292400
1191.746661	-0.440900
1192.436728	-0.589500
1193.126796	-0.736000
1193.816863	-0.877900
1194.506931	-1.012300
1195.196998	-1.136000
1195.887066	-1.246100
1196.577133	-1.339800
1197.267201	-1.414500
1197.957269	-1.468100
1198.647336	-1.498900
1199.337404	-1.505300
1200.027471	-1.486300
1200.717539	-1.441400
1201.407606	-1.370400
