0.000000	0.128810
0.690001	0.115330
1.380002	0.102310
2.070003	0.089860
2.760004	0.078040
3.450006	0.066930
4.140007	0.056600
4.830008	0.047140
5.520009	0.038640
6.210010	0.031170
6.900011	0.024800
7.590012	0.019560
8.280013	0.015460
8.970014	0.012490
9.660016	0.010640
10.350017	0.009880
11.040018	0.010220
11.730019	0.011620
12.420020	0.014080
13.110021	0.017550
13.800022	0.021990
14.490023	0.027350
15.180024	0.033590
15.870025	0.040630
16.560027	0.048410
17.250028	0.056830
17.940029	0.065820
18.630030	0.075250
19.320031	0.084970
20.010032	0.094810
20.700033	0.104580
21.390034	0.114050
22.080035	0.123020
22.770037	0.131260
23.460038	0.138550
24.150039	0.144720
24.840040	0.149640
25.530041	0.153220
26.220042	0.155450
26.910043	0.156370
27.600044	0.156060
28.290045	0.154630
28.980047	0.152170
29.670048	0.148770
30.360049	0.144530
31.050050	0.139630
31.740051	0.134240
32.430052	0.128570
33.120053	0.122860
33.810054	0.117340
34.500055	0.112140
35.190056	0.107360
35.880058	0.102940
36.570059	0.098680
37.260060	0.094230
37.950061	0.089080
38.640062	0.082530
39.330063	0.073720
40.020064	0.061620
40.710065	0.045090
41.400066	0.022880
42.090068	-0.006270
42.780069	-0.043550
43.470070	-0.089970
44.160071	-0.146290
44.850072	-0.212870
45.540073	-0.289620
46.230074	-0.375910
46.920075	-0.470550
47.610076	-0.571800
48.300078	-0.677520
48.990079	-0.785300
49.680080	-0.892610
50.370081	-0.997020
51.060082	-1.096330
51.750083	-1.188600
52.440084	-1.272070
53.130085	-1.345110
53.820086	-1.406160
54.510087	-1.453820
55.200089	-1.486980
55.890090	-1.505040
56.580091	-1.507990
57.270092	-1.496580
57.960093	-1.472160
58.650094	-1.436530
59.340095	-1.391620
60.030096	-1.339270
60.720097	-1.280960
61.410099	-1.217820
62.100100	-1.150680
62.790101	-1.080180
63.480102	-1.006910
64.170103	-0.931520
64.860104	-0.854730
65.550105	-0.777400
66.240106	-0.700440
66.930107	-0.624750
67.620109	-0.551130
68.310110	-0.480150
69.000111	-0.412170
69.690112	-0.347250
70.380113	-0.285280
71.070114	-0.225990
71.760115	-0.169030
72.450116	-0.114020
73.140117	-0.060560
73.830118	-0.008310
74.520120	0.042960
75.210121	0.093340
75.900122	0.142740
76.590123	0.190920
77.280124	0.237410
77.970125	0.281610
78.660126	0.322780
79.350127	0.360160
80.040128	0.393090
80.730130	0.421030
81.420131	0.443610
82.110132	0.460620
82.800133	0.472030
83.490134	0.477840
84.180135	0.478150
84.870136	0.473080
85.560137	0.462750
86.250138	0.447320
86.940140	0.426950
87.630141	0.401880
88.320142	0.372390
89.010143	0.338860
89.700144	0.301800
90.390145	0.261820
91.080146	0.219710
91.770147	0.176490
92.460148	0.133340
93.150149	0.091660
93.840151	0.052970
94.530152	0.018770
95.220153	-0.009640
95.910154	-0.031300
96.600155	-0.045760
97.290156	-0.052990
97.980157	-0.053350
98.670158	-0.047430
99.360159	-0.035990
100.050161	-0.019930
100.740162	-0.000270
101.430163	0.021810
102.120164	0.044940
102.810165	0.067720
103.500166	0.088720
104.190167	0.106640
104.880168	0.120390
105.570169	0.129090
106.260171	0.132090
106.950172	0.128950
107.640173	0.119500
108.330174	0.103760
109.020175	0.082120
109.710176	0.055210
110.400177	0.024020
111.090178	-0.010110
111.780179	-0.045570
112.470180	-0.080530
113.160182	-0.113200
113.850183	-0.141960
114.540184	-0.165580
115.230185	-0.183280
115.920186	-0.194790
116.610187	-0.200260
117.300188	-0.200190
117.990189	-0.195360
118.680190	-0.186730
119.370192	-0.175360
120.060193	-0.162320
120.750194	-0.148610
121.440195	-0.135040
122.130196	-0.122160
122.820197	-0.110200
123.510198	-0.099070
124.200199	-0.088340
124.890200	-0.077380
125.580202	-0.065430
126.270203	-0.051750
126.960204	-0.035590
127.650205	-0.016400
128.340206	0.006210
129.030207	0.032360
129.720208	0.061860
130.410209	0.094220
131.100210	0.128670
131.790212	0.164190
132.480213	0.199590
133.170214	0.233520
133.860215	0.264480
134.550216	0.290900
135.240217	0.311180
135.930218	0.323720
136.620219	0.327060
137.310220	0.319950
138.000221	0.301460
138.690223	0.271100
139.380224	0.228920
140.070225	0.175620
140.760226	0.112670
141.450227	0.042320
142.140228	-0.032430
142.830229	-0.107990
143.520230	-0.180480
144.210231	-0.246010
144.900233	-0.301030
145.590234	-0.342520
146.280235	-0.368140
146.970236	-0.376320
147.660237	-0.366390
148.350238	-0.338520
149.040239	-0.293880
149.730240	-0.234550
150.420241	-0.163440
151.110243	-0.084150
151.800244	-0.000770
152.490245	0.082390
153.180246	0.161020
153.870247	0.231100
154.560248	0.289230
155.250249	0.332740
155.940250	0.359880
156.630251	0.369820
157.320252	0.362640
158.010254	0.339340
158.700255	0.301930
159.390256	0.253480
160.080257	0.198150
160.770258	0.140960
161.460259	0.087480
162.150260	0.043180
162.840261	0.012920
163.530262	0.000420
164.220264	0.007880
164.910265	0.035760
165.600266	0.082730
166.290267	0.145840
166.980268	0.220880
167.670269	0.302980
168.360270	0.387160
169.050271	0.468870
169.740272	0.544380
170.430274	0.610860
171.120275	0.666470
171.810276	0.710220
172.500277	0.741850
173.190278	0.761670
173.880279	0.770390
174.570280	0.768860
175.260281	0.757870
175.950282	0.738050
176.640283	0.709850
177.330285	0.673660
178.020286	0.629990
178.710287	0.579730
179.400288	0.524350
180.090289	0.466030
180.780290	0.407600
181.470291	0.352190
182.160292	0.302770
182.850293	0.261730
183.540295	0.230570
184.230296	0.209800
184.920297	0.199050
185.610298	0.197190
186.300299	0.202450
186.990300	0.212700
187.680301	0.225580
188.370302	0.238870
189.060303	0.250600
189.750305	0.259210
190.440306	0.263520
191.130307	0.262680
191.820308	0.256160
192.510309	0.243610
193.200310	0.224790
193.890311	0.199580
194.580312	0.167860
195.270313	0.129560
195.960314	0.084740
196.650316	0.033580
197.340317	-0.023530
198.030318	-0.086060
198.720319	-0.153340
199.410320	-0.224680
200.100321	-0.299310
200.790322	-0.376530
201.480323	-0.455580
202.170324	-0.535640
202.860326	-0.615750
203.550327	-0.694750
204.240328	-0.771260
204.930329	-0.843720
205.620330	-0.910580
206.310331	-0.970410
207.000332	-1.022040
207.690333	-1.064670
208.380334	-1.097900
209.070336	-1.121650
209.760337	-1.136170
210.450338	-1.141950
211.140339	-1.139750
211.830340	-1.130520
212.520341	-1.115360
213.210342	-1.095430
213.900343	-1.071860
214.590344	-1.045640
215.280345	-1.017510
215.970347	-0.987980
216.660348	-0.957220
217.350349	-0.925170
218.040350	-0.891480
218.730351	-0.855630
219.420352	-0.816970
220.110353	-0.774800
220.800354	-0.728500
221.490355	-0.677580
222.180357	-0.621740
222.870358	-0.560920
223.560359	-0.495260
224.250360	-0.425150
224.940361	-0.351160
225.630362	-0.274130
226.320363	-0.195100
227.010364	-0.115380
227.700365	-0.036430
228.390367	0.040210
229.080368	0.112990
229.770369	0.180420
230.460370	0.241140
231.150371	0.293940
231.840372	0.337850
232.530373	0.372260
233.220374	0.397050
233.910375	0.412600
234.600376	0.419890
235.290378	0.420460
235.980379	0.416280
236.670380	0.409650
237.360381	0.402970
238.050382	0.398540
238.740383	0.398200
239.430384	0.403220
240.120385	0.414010
240.810386	0.430160
241.500388	0.450470
242.190389	0.473080
242.880390	0.495720
243.570391	0.516040
244.260392	0.531820
244.950393	0.541200
245.640394	0.542830
246.330395	0.535850
247.020396	0.519910
247.710398	0.495180
248.400399	0.462230
249.090400	0.421990
249.780401	0.375690
250.470402	0.324740
251.160403	0.270750
251.850404	0.215430
252.540405	0.160550
253.230406	0.107800
253.920407	0.058750
254.610409	0.014690
255.300410	-0.023470
255.990411	-0.055230
256.680412	-0.080610
257.370413	-0.100070
258.060414	-0.114470
258.750415	-0.124930
259.440416	-0.132660
260.130417	-0.138820
260.820419	-0.144290
261.510420	-0.149620
262.200421	-0.154950
262.890422	-0.160100
263.580423	-0.164670
264.270424	-0.168150
264.960425	-0.170080
265.650426	-0.170000
266.340427	-0.167630
267.030429	-0.162760
267.720430	-0.155290
268.410431	-0.145270
269.100432	-0.132870
269.790433	-0.118420
270.480434	-0.102480
271.170435	-0.085760
271.860436	-0.069070
272.550437	-0.053300
273.240439	-0.039220
273.930440	-0.027460
274.620441	-0.018380
275.310442	-0.012120
276.000443	-0.008570
276.690444	-0.007430
277.380445	-0.008190
278.070446	-0.010230
278.760447	-0.012770
279.450448	-0.015030
280.140450	-0.016280
280.830451	-0.015950
281.520452	-0.013730
282.210453	-0.009620
282.900454	-0.004010
283.590455	0.002400
284.280456	0.008630
284.970457	0.013520
285.660458	0.015790
286.350460	0.014130
287.040461	0.007260
287.730462	-0.006050
288.420463	-0.026840
289.110464	-0.055980
289.800465	-0.094080
290.490466	-0.141420
291.180467	-0.197910
291.870468	-0.262920
292.560470	-0.335270
293.250471	-0.413000
293.940472	-0.493440
294.630473	-0.573280
295.320474	-0.648870
296.010475	-0.716630
296.700476	-0.773450
297.390477	-0.816880
298.080478	-0.845330
298.770479	-0.858050
299.460481	-0.855150
300.150482	-0.837480
300.840483	-0.806590
301.530484	-0.764650
302.220485	-0.714290
302.910486	-0.658480
303.600487	-0.600290
304.290488	-0.542610
304.980489	-0.487990
305.670491	-0.438400
306.360492	-0.395240
307.050493	-0.359280
307.740494	-0.330750
308.430495	-0.309400
309.120496	-0.294560
309.810497	-0.285230
310.500498	-0.280230
311.190499	-0.278130
311.880501	-0.277460
312.570502	-0.276680
313.260503	-0.274280
313.950504	-0.268850
314.640505	-0.259120
315.330506	-0.244110
316.020507	-0.223080
316.710508	-0.195640
317.400509	-0.161680
318.090510	-0.121420
318.780512	-0.075390
319.470513	-0.024470
320.160514	0.030170
320.850515	0.087010
321.540516	0.144270
322.230517	0.199960
322.920518	0.252070
323.610519	0.298640
324.300520	0.337990
324.990522	0.368800
325.680523	0.390200
326.370524	0.401820
327.060525	0.403780
327.750526	0.396670
328.440527	0.381440
329.130528	0.359340
329.820529	0.331730
330.510530	0.300080
331.200532	0.265830
331.890533	0.230400
332.580534	0.195110
333.270535	0.161200
333.960536	0.129710
334.650537	0.101470
335.340538	0.077080
336.030539	0.056840
336.720540	0.040810
337.410541	0.028790
338.100543	0.020370
338.790544	0.014950
339.480545	0.011820
340.170546	0.010220
340.860547	0.009450
341.550548	0.008870
342.240549	0.007970
342.930550	0.006390
343.620551	0.003920
344.310553	0.000430
345.000554	-0.004070
345.690555	-0.009490
346.380556	-0.015630
347.070557	-0.022200
347.760558	-0.028730
348.450559	-0.034680
349.140560	-0.039340
349.830561	-0.041930
350.520563	-0.041620
351.210564	-0.037620
351.900565	-0.029200
352.590566	-0.015760
353.280567	0.003220
353.970568	0.028080
354.660569	0.059010
355.350570	0.096090
356.040571	0.139240
356.730572	0.188340
357.420574	0.243200
358.110575	0.303570
358.800576	0.369190
359.490577	0.439680
360.180578	0.514550
360.870579	0.593080
361.560580	0.674380
362.250581	0.757310
362.940582	0.840650
363.630584	0.923090
364.320585	1.003310
365.010586	1.079990
365.700587	1.151840
366.390588	1.217600
367.080589	1.276100
367.770590	1.326340
368.460591	1.367470
369.150592	1.398870
369.840594	1.420120
370.530595	1.431000
371.220596	1.431440
371.910597	1.421570
372.600598	1.401710
373.290599	1.372400
373.980600	1.334380
374.670601	1.288600
375.360602	1.236170
376.050603	1.178280
376.740605	1.116160
377.430606	1.051060
378.120607	0.984190
378.810608	0.916740
379.500609	0.849840
380.190610	0.784550
380.880611	0.721830
381.570612	0.662500
382.260613	0.607190
382.950615	0.556330
383.640616	0.510060
384.330617	0.468290
385.020618	0.430620
385.710619	0.396270
386.400620	0.364110
387.090621	0.332680
387.780622	0.300300
388.470623	0.265290
389.160625	0.226220
389.850626	0.181980
390.540627	0.132010
391.230628	0.076290
391.920629	0.015430
392.610630	-0.049460
393.300631	-0.116910
393.990632	-0.185330
394.680633	-0.253250
395.370635	-0.319480
396.060636	-0.383040
396.750637	-0.443100
397.440638	-0.498860
398.130639	-0.549460
398.820640	-0.594040
399.510641	-0.631870
400.200642	-0.662480
400.890643	-0.685800
401.580644	-0.702340
402.270646	-0.713150
402.960647	-0.719940
403.650648	-0.724820
404.340649	-0.730050
405.030650	-0.737560
405.720651	-0.748650
406.410652	-0.763690
407.100653	-0.782000
407.790654	-0.802050
408.480656	-0.821710
409.170657	-0.838610
409.860658	-0.850640
410.550659	-0.856200
411.240660	-0.854420
411.930661	-0.845240
412.620662	-0.829290
413.310663	-0.807780
414.000664	-0.782200
414.690666	-0.754220
415.380667	-0.725400
416.070668	-0.697190
416.760669	-0.670860
417.450670	-0.647450
418.140671	-0.627800
418.830672	-0.612500
419.520673	-0.601940
420.210674	-0.596320
420.900675	-0.595650
421.590677	-0.599790
422.280678	-0.608450
422.970679	-0.621240
423.660680	-0.637710
424.350681	-0.657380
425.040682	-0.679780
425.730683	-0.704440
426.420684	-0.730890
427.110685	-0.758610
427.800687	-0.786980
428.490688	-0.815210
429.180689	-0.842340
429.870690	-0.867260
430.560691	-0.888740
431.250692	-0.905510
431.940693	-0.916370
432.630694	-0.920330
433.320695	-0.916710
434.010697	-0.905240
434.700698	-0.886140
435.390699	-0.860190
436.080700	-0.828690
436.770701	-0.793330
437.460702	-0.756010
438.150703	-0.718530
438.840704	-0.682380
439.530705	-0.648460
440.220706	-0.617050
440.910708	-0.587710
441.600709	-0.559280
442.290710	-0.530090
442.980711	-0.498070
443.670712	-0.461140
444.360713	-0.417490
445.050714	-0.365840
445.740715	-0.305620
446.430716	-0.236930
447.120718	-0.160640
447.810719	-0.078180
448.500720	0.008380
449.190721	0.096560
449.880722	0.183500
450.570723	0.266200
451.260724	0.341690
451.950725	0.407310
452.640726	0.460970
453.330728	0.501410
454.020729	0.528360
454.710730	0.542620
455.400731	0.545790
456.090732	0.540230
456.780733	0.528710
457.470734	0.514230
458.160735	0.499680
458.850736	0.487630
459.540737	0.480050
460.230739	0.478160
460.920740	0.482360
461.610741	0.492190
462.300742	0.506490
462.990743	0.523560
463.680744	0.541440
464.370745	0.558160
465.060746	0.572020
465.750747	0.581760
466.440749	0.586620
467.130750	0.586270
467.820751	0.580720
468.510752	0.570200
469.200753	0.555090
469.890754	0.535860
470.580755	0.513090
471.270756	0.487430
471.960757	0.459640
472.650759	0.430500
473.340760	0.400810
474.030761	0.371370
474.720762	0.342880
475.410763	0.316000
476.100764	0.291260
476.790765	0.269120
477.480766	0.249910
478.170767	0.233870
478.860768	0.221160
479.550770	0.211920
480.240771	0.206260
480.930772	0.204390
481.620773	0.206500
482.310774	0.212820
483.000775	0.223590
483.690776	0.238990
484.380777	0.259090
485.070778	0.283840
485.760780	0.313020
486.450781	0.346210
487.140782	0.382850
487.830783	0.422130
488.520784	0.463060
489.210785	0.504450
489.900786	0.544910
490.590787	0.582950
491.280788	0.616930
491.970790	0.645270
492.660791	0.666480
493.350792	0.679360
494.040793	0.683140
494.730794	0.677530
495.420795	0.662780
496.110796	0.639620
496.800797	0.609190
497.490798	0.572910
498.180799	0.532340
498.870801	0.489060
499.560802	0.444610
500.250803	0.400420
500.940804	0.357740
501.630805	0.317600
502.320806	0.280770
503.010807	0.247710
503.700808	0.218460
504.390809	0.192680
505.080811	0.169670
505.770812	0.148360
506.460813	0.127510
507.150814	0.105720
507.840815	0.081510
508.530816	0.053440
509.220817	0.020070
509.910818	-0.019950
510.600819	-0.067870
511.290821	-0.124670
511.980822	-0.190960
512.670823	-0.266850
513.360824	-0.351800
514.050825	-0.444580
514.740826	-0.543260
515.430827	-0.645220
516.120828	-0.747460
516.810829	-0.846850
517.500830	-0.940510
518.190832	-1.026020
518.880833	-1.101590
519.570834	-1.165910
520.260835	-1.218120
520.950836	-1.257660
521.640837	-1.284130
522.330838	-1.297330
523.020839	-1.297160
523.710840	-1.283670
524.400842	-1.257090
525.090843	-1.217850
525.780844	-1.166630
526.470845	-1.104410
527.160846	-1.032440
527.850847	-0.952320
528.540848	-0.865900
529.230849	-0.775260
529.920850	-0.682620
530.610852	-0.590150
531.300853	-0.499850
531.990854	-0.413360
532.680855	-0.331850
533.370856	-0.256000
534.060857	-0.186030
534.750858	-0.121680
535.440859	-0.062380
536.130860	-0.007270
536.820862	0.044480
537.510863	0.093610
538.200864	0.140580
538.890865	0.185500
539.580866	0.228280
540.270867	0.268630
540.960868	0.306220
541.650869	0.340730
542.340870	0.371860
543.030871	0.399350
543.720873	0.422990
544.410874	0.442580
545.100875	0.457980
545.790876	0.469100
546.480877	0.475880
547.170878	0.478380
547.860879	0.476710
548.550880	0.471180
549.240881	0.462220
549.930883	0.450400
550.620884	0.436380
551.310885	0.420850
552.000886	0.404450
552.690887	0.387770
553.380888	0.371300
554.070889	0.355410
554.760890	0.340370
555.450891	0.326340
556.140893	0.313380
556.830894	0.301480
557.520895	0.290590
558.210896	0.280660
558.900897	0.271680
559.590898	0.263630
560.280899	0.256590
560.970900	0.250590
561.660901	0.245700
562.350902	0.241920
563.040904	0.239180
563.730905	0.237350
564.420906	0.236230
565.110907	0.235580
565.800908	0.235160
566.490909	0.234740
567.180910	0.234150
567.870911	0.233250
568.560912	0.231970
569.250914	0.230290
569.940915	0.228210
570.630916	0.225790
571.320917	0.223140
572.010918	0.220420
572.700919	0.217830
573.390920	0.215640
574.080921	0.214180
574.770922	0.213770
575.460924	0.214670
576.150925	0.217090
576.840926	0.221110
577.530927	0.226700
578.220928	0.233770
578.910929	0.242070
579.600930	0.251270
580.290931	0.260980
580.980932	0.270760
581.670933	0.280210
582.360935	0.288980
583.050936	0.296770
583.740937	0.303410
584.430938	0.308780
585.120939	0.312930
585.810940	0.315960
586.500941	0.318080
587.190942	0.319590
587.880943	0.320850
588.570945	0.322250
589.260946	0.324190
589.950947	0.327020
590.640948	0.331070
591.330949	0.336620
592.020950	0.343900
592.710951	0.353100
593.400952	0.364380
594.090953	0.377870
594.780955	0.393640
595.470956	0.411690
596.160957	0.431900
596.850958	0.454080
597.540959	0.477940
598.230960	0.503200
598.920961	0.529560
599.610962	0.556780
600.300963	0.584670
600.990964	0.613050
601.680966	0.641740
602.370967	0.670530
603.060968	0.699190
603.750969	0.727430
604.440970	0.754950
605.130971	0.781420
605.820972	0.806460
606.510973	0.829690
607.200974	0.850710
607.890976	0.869140
608.580977	0.884590
609.270978	0.896720
609.960979	0.905280
610.650980	0.910040
611.340981	0.910890
612.030982	0.907680
612.720983	0.900280
613.410984	0.888490
614.100986	0.871990
614.790987	0.850370
615.480988	0.823090
616.170989	0.789580
616.860990	0.749270
617.550991	0.701730
618.240992	0.646740
618.930993	0.584510
619.620994	0.515780
620.310995	0.441890
621.000997	0.364660
621.690998	0.286140
622.380999	0.208270
623.071000	0.132640
623.761001	0.060410
624.451002	-0.007570
625.141003	-0.070820
625.831004	-0.129000
626.521005	-0.181950
627.211007	-0.229650
627.901008	-0.272220
628.591009	-0.309910
629.281010	-0.343070
629.971011	-0.372120
630.661012	-0.397530
631.351013	-0.419790
632.041014	-0.439410
632.731015	-0.456810
633.421017	-0.472380
634.111018	-0.486390
634.801019	-0.499010
635.491020	-0.510330
636.181021	-0.520360
636.871022	-0.529030
637.561023	-0.536270
638.251024	-0.542000
638.941025	-0.546130
639.631026	-0.548630
640.321028	-0.549560
641.011029	-0.549030
641.701030	-0.547310
642.391031	-0.544780
643.081032	-0.541900
643.771033	-0.539180
644.461034	-0.537180
645.151035	-0.536420
645.841036	-0.537380
646.531038	-0.540510
647.221039	-0.546150
647.911040	-0.554540
648.601041	-0.565800
649.291042	-0.579890
649.981043	-0.596630
650.671044	-0.615710
651.361045	-0.636720
652.051046	-0.659150
652.741048	-0.682470
653.431049	-0.706130
654.121050	-0.729560
654.811051	-0.752240
655.501052	-0.773680
656.191053	-0.793450
656.881054	-0.811140
657.571055	-0.826470
658.261056	-0.839200
658.951058	-0.849200
659.641059	-0.856350
660.331060	-0.860610
661.021061	-0.861960
661.711062	-0.860410
662.401063	-0.856010
663.091064	-0.848800
663.781065	-0.838850
664.471066	-0.826240
665.161067	-0.811010
665.851069	-0.793220
666.541070	-0.772960
667.231071	-0.750370
667.921072	-0.725690
668.611073	-0.699210
669.301074	-0.671310
669.991075	-0.642370
670.681076	-0.612830
671.371077	-0.583130
672.061079	-0.553700
672.751080	-0.525020
673.441081	-0.497540
674.131082	-0.471750
674.821083	-0.448080
675.511084	-0.426920
676.201085	-0.408540
676.891086	-0.393110
677.581087	-0.380650
678.271089	-0.371060
678.961090	-0.364120
679.651091	-0.359540
680.341092	-0.356990
681.031093	-0.356170
681.721094	-0.356790
682.411095	-0.358660
683.101096	-0.361600
683.791097	-0.365470
684.481098	-0.370160
685.171100	-0.375500
685.861101	-0.381300
686.551102	-0.387260
687.241103	-0.393020
687.931104	-0.398130
688.621105	-0.402110
689.311106	-0.404350
690.001107	-0.404250
690.691108	-0.401160
691.381110	-0.394440
692.071111	-0.383460
692.761112	-0.367700
693.451113	-0.346710
694.141114	-0.320140
694.831115	-0.287810
695.521116	-0.249630
696.211117	-0.205710
696.901118	-0.156260
697.591120	-0.101650
698.281121	-0.042330
698.971122	0.021180
699.661123	0.088300
700.351124	0.158450
701.041125	0.230980
701.731126	0.305230
702.421127	0.380540
703.111128	0.456220
703.801129	0.531550
704.491131	0.605860
705.181132	0.678470
705.871133	0.748760
706.561134	0.816140
707.251135	0.880140
707.941136	0.940340
708.631137	0.996450
709.321138	1.048260
710.011139	1.095610
710.701141	1.138390
711.391142	1.176550
712.081143	1.210070
712.771144	1.239020
713.461145	1.263510
714.151146	1.283710
714.841147	1.299800
715.531148	1.312000
716.221149	1.320500
716.911151	1.325440
717.601152	1.326980
718.291153	1.325260
718.981154	1.320470
719.671155	1.312860
720.361156	1.302770
721.051157	1.290640
721.741158	1.277030
722.431159	1.262550
723.121160	1.247860
723.811162	1.233550
724.501163	1.220150
725.191164	1.208060
725.881165	1.197560
726.571166	1.188860
727.261167	1.182060
727.951168	1.177150
728.641169	1.174050
729.331170	1.172570
730.021172	1.172400
730.711173	1.173200
731.401174	1.174620
732.091175	1.176320
732.781176	1.177970
733.471177	1.179280
734.161178	1.179970
734.851179	1.179790
735.541180	1.178420
736.231182	1.175570
736.921183	1.170900
737.611184	1.164070
738.301185	1.154750
738.991186	1.142600
739.681187	1.127330
740.371188	1.108680
741.061189	1.086430
741.751190	1.060440
742.441191	1.030600
743.131193	0.996830
743.821194	0.959080
744.511195	0.917310
745.201196	0.871460
745.891197	0.821430
746.581198	0.767070
747.271199	0.708180
747.961200	0.644590
748.651201	0.576110
749.341203	0.502670
750.031204	0.424300
750.721205	0.341150
751.411206	0.253490
752.101207	0.161680
752.791208	0.066150
753.481209	-0.032550
754.171210	-0.133850
754.861211	-0.237010
755.551213	-0.341240
756.241214	-0.445600
756.931215	-0.549080
757.621216	-0.650650
758.311217	-0.749260
759.001218	-0.843970
759.691219	-0.933930
760.381220	-1.018450
761.071221	-1.096890
761.761222	-1.168740
762.451224	-1.233520
763.141225	-1.290800
763.831226	-1.340170
764.521227	-1.381270
765.211228	-1.413770
765.901229	-1.437450
766.591230	-1.452220
767.281231	-1.458050
767.971232	-1.455050
768.661234	-1.443390
769.351235	-1.423330
770.041236	-1.395200
770.731237	-1.359460
771.421238	-1.316700
772.111239	-1.267650
772.801240	-1.213210
773.491241	-1.154400
774.181242	-1.092290
774.871244	-1.028040
775.561245	-0.962740
776.251246	-0.897410
776.941247	-0.832920
777.631248	-0.770000
778.321249	-0.709270
779.011250	-0.651220
779.701251	-0.596260
780.391252	-0.544670
781.081253	-0.496620
781.771255	-0.452160
782.461256	-0.411220
783.151257	-0.373630
783.841258	-0.339180
784.531259	-0.307570
785.221260	-0.278510
785.911261	-0.251690
786.601262	-0.226800
787.291263	-0.203530
787.981265	-0.181640
788.671266	-0.160890
789.361267	-0.141090
790.051268	-0.122070
790.741269	-0.103720
791.431270	-0.085940
792.121271	-0.068660
792.811272	-0.051800
793.501273	-0.035250
794.191275	-0.018920
794.881276	-0.002640
795.571277	0.013750
796.261278	0.030450
796.951279	0.047630
797.641280	0.065470
798.331281	0.084070
799.021282	0.103530
799.711283	0.123860
800.401285	0.145040
801.091286	0.167000
801.781287	0.189580
802.471288	0.212620
803.161289	0.235880
803.851290	0.259110
804.541291	0.282030
805.231292	0.304310
805.921293	0.325580
806.611294	0.345430
807.301296	0.363360
807.991297	0.378840
808.681298	0.391360
809.371299	0.400480
810.061300	0.405860
810.751301	0.407280
811.441302	0.404620
812.131303	0.397860
812.821304	0.387070
813.511306	0.372460
814.201307	0.354320
814.891308	0.333130
815.581309	0.309530
816.271310	0.284300
816.961311	0.258370
817.651312	0.232740
818.341313	0.208440
819.031314	0.186430
819.721316	0.167570
820.411317	0.152480
821.101318	0.141540
821.791319	0.134850
822.481320	0.132280
823.171321	0.133490
823.861322	0.138060
824.551323	0.145490
825.241324	0.155310
825.931325	0.167070
826.621327	0.180340
827.311328	0.194730
828.001329	0.209880
828.691330	0.225470
829.381331	0.241200
830.071332	0.256790
830.761333	0.271860
831.451334	0.285950
832.141335	0.298540
832.831337	0.309110
833.521338	0.317220
834.211339	0.322590
834.901340	0.325110
835.591341	0.324810
836.281342	0.321810
836.971343	0.316270
837.661344	0.308440
838.351345	0.298560
839.041347	0.286990
839.731348	0.274150
840.421349	0.260480
841.111350	0.246500
841.801351	0.232710
842.491352	0.219600
843.181353	0.207600
843.871354	0.197100
844.561355	0.188400
845.251356	0.181680
845.941358	0.177070
846.631359	0.174540
847.321360	0.174030
848.011361	0.175390
848.701362	0.178450
849.391363	0.183010
850.081364	0.188920
850.771365	0.196030
851.461366	0.204240
852.151368	0.213530
852.841369	0.223880
853.531370	0.235240
854.221371	0.247520
854.911372	0.260510
855.601373	0.273900
856.291374	0.287300
856.981375	0.300320
857.671376	0.312600
858.361378	0.323850
859.051379	0.333900
859.741380	0.342690
860.431381	0.350240
861.121382	0.356710
861.811383	0.362320
862.501384	0.367380
863.191385	0.372210
863.881386	0.377110
864.571387	0.382340
865.261389	0.388120
865.951390	0.394510
866.641391	0.401500
867.331392	0.408970
868.021393	0.416700
868.711394	0.424420
869.401395	0.431840
870.091396	0.438640
870.781397	0.444550
871.471399	0.449290
872.161400	0.452650
872.851401	0.454450
873.541402	0.454520
874.231403	0.452760
874.921404	0.449080
875.611405	0.443440
876.301406	0.435770
876.991407	0.426000
877.681409	0.414040
878.371410	0.399810
879.061411	0.383240
879.751412	0.364310
880.441413	0.343110
881.131414	0.319870
881.821415	0.294950
882.511416	0.268860
883.201417	0.242200
883.891418	0.215570
884.581420	0.189570
885.271421	0.164710
885.961422	0.141390
886.651423	0.119920
887.341424	0.100540
888.031425	0.083340
888.721426	0.068350
889.411427	0.055430
890.101428	0.044360
890.791430	0.034810
891.481431	0.026470
892.171432	0.018980
892.861433	0.012060
893.551434	0.005470
894.241435	-0.000960
894.931436	-0.007330
895.621437	-0.013670
896.311438	-0.019910
897.001440	-0.025950
897.691441	-0.031560
898.381442	-0.036470
899.071443	-0.040390
899.761444	-0.042970
900.451445	-0.043920
901.141446	-0.042930
901.831447	-0.039800
902.521448	-0.034400
903.211449	-0.026700
903.901451	-0.016820
904.591452	-0.004960
905.281453	0.008540
905.971454	0.023280
906.661455	0.038830
907.351456	0.054810
908.041457	0.070870
908.731458	0.086710
909.421459	0.102090
910.111461	0.116820
910.801462	0.130770
911.491463	0.143890
912.181464	0.156220
912.871465	0.167890
913.561466	0.179060
914.251467	0.189950
914.941468	0.200710
915.631469	0.211450
916.321471	0.222220
917.011472	0.233000
917.701473	0.243770
918.391474	0.254500
919.081475	0.265100
919.771476	0.275500
920.461477	0.285510
921.151478	0.294840
921.841479	0.303150
922.531481	0.310010
923.221482	0.314970
923.911483	0.317640
924.601484	0.317630
925.291485	0.314580
925.981486	0.308220
926.671487	0.298370
927.361488	0.285000
928.051489	0.268270
928.741490	0.248570
929.431492	0.226510
930.121493	0.202860
930.811494	0.178560
931.501495	0.154570
932.191496	0.131770
932.881497	0.110960
933.571498	0.092750
934.261499	0.077630
934.951500	0.065910
935.641502	0.057810
936.331503	0.053400
937.021504	0.052700
937.711505	0.055600
938.401506	0.061940
939.091507	0.071480
939.781508	0.083940
940.471509	0.099000
941.161510	0.116390
941.851512	0.135860
942.541513	0.157210
943.231514	0.180240
943.921515	0.204710
944.611516	0.230300
945.301517	0.256540
945.991518	0.282820
946.681519	0.308380
947.371520	0.332340
948.061521	0.353820
948.751523	0.372060
949.441524	0.386420
950.131525	0.396540
950.821526	0.402240
951.511527	0.403570
952.201528	0.400730
952.891529	0.394090
953.581530	0.384170
954.271531	0.371590
954.961533	0.357080
955.651534	0.341360
956.341535	0.325150
957.031536	0.309070
957.721537	0.293610
958.411538	0.279120
959.101539	0.265860
959.791540	0.253950
960.481541	0.243450
961.171543	0.234410
961.861544	0.226840
962.551545	0.220780
963.241546	0.216300
963.931547	0.213470
964.621548	0.212360
965.311549	0.213030
966.001550	0.215540
966.691551	0.219890
967.381552	0.226070
968.071554	0.233990
968.761555	0.243560
969.451556	0.254650
970.141557	0.267050
970.831558	0.280550
971.521559	0.294920
972.211560	0.309930
972.901561	0.325400
973.591562	0.341160
974.281564	0.357100
974.971565	0.373170
975.661566	0.389340
976.351567	0.405620
977.041568	0.421980
977.731569	0.438340
978.421570	0.454550
979.111571	0.470430
979.801572	0.485710
980.491574	0.500130
981.181575	0.513390
981.871576	0.525150
982.561577	0.535080
983.251578	0.542780
983.941579	0.547900
984.631580	0.550040
985.321581	0.548890
986.011582	0.544190
986.701583	0.535740
987.391585	0.523460
988.081586	0.507310
988.771587	0.487310
989.461588	0.463580
990.151589	0.436260
990.841590	0.405630
991.531591	0.372040
992.221592	0.335920
992.911593	0.297770
993.601595	0.258150
994.291596	0.217640
994.981597	0.176840
995.671598	0.136410
996.361599	0.096960
997.051600	0.059090
997.741601	0.023310
998.431602	-0.009950
999.121603	-0.040400
999.811605	-0.067900
1000.501606	-0.092490
1001.191607	-0.114380
1001.881608	-0.133880
1002.571609	-0.151430
1003.261610	-0.167510
1003.951611	-0.182640
1004.641612	-0.197260
1005.331613	-0.211740
1006.021614	-0.226270
1006.711616	-0.240880
1007.401617	-0.255450
1008.091618	-0.269760
1008.781619	-0.283550
1009.471620	-0.296500
1010.161621	-0.308310
1010.851622	-0.318660
1011.541623	-0.327240
1012.231624	-0.333760
1012.921626	-0.337980
1013.611627	-0.339720
1014.301628	-0.338850
1014.991629	-0.335330
1015.681630	-0.329170
1016.371631	-0.320440
1017.061632	-0.309290
1017.751633	-0.295900
1018.441634	-0.280490
1019.131636	-0.263330
1019.821637	-0.244690
1020.511638	-0.224880
1021.201639	-0.204210
1021.891640	-0.182990
1022.581641	-0.161570
1023.271642	-0.140240
1023.961643	-0.119310
1024.651644	-0.099030
1025.341645	-0.079630
1026.031647	-0.061320
1026.721648	-0.044220
1027.411649	-0.028410
1028.101650	-0.013840
1028.791651	-0.000440
1029.481652	0.011950
1030.171653	0.023480
1030.861654	0.034340
1031.551655	0.044700
1032.241657	0.054730
1032.931658	0.064670
1033.621659	0.074750
1034.311660	0.085270
1035.001661	0.096550
1035.691662	0.108900
1036.381663	0.122640
1037.071664	0.138090
1037.761665	0.155530
1038.451667	0.175170
1039.141668	0.197090
1039.831669	0.221240
1040.521670	0.247390
1041.211671	0.275180
1041.901672	0.304110
1042.591673	0.333600
1043.281674	0.363040
1043.971675	0.391760
1044.661676	0.419090
1045.351678	0.444350
1046.041679	0.466900
1046.731680	0.486120
1047.421681	0.501510
1048.111682	0.512720
1048.801683	0.519500
1049.491684	0.521720
1050.181685	0.519400
1050.871686	0.512650
1051.561688	0.501730
1052.251689	0.486980
1052.941690	0.468890
1053.631691	0.448010
1054.321692	0.425000
1055.011693	0.400550
1055.701694	0.375390
1056.391695	0.350260
1057.081696	0.325820
1057.771698	0.302680
1058.461699	0.281340
1059.151700	0.262190
1059.841701	0.245480
1060.531702	0.231300
1061.221703	0.219610
1061.911704	0.210100
1062.601705	0.202280
1063.291706	0.195460
1063.981708	0.188850
1064.671709	0.181560
1065.361710	0.172650
1066.051711	0.161170
1066.741712	0.146080
1067.431713	0.126390
1068.121714	0.101160
1068.811715	0.069590
1069.501716	0.031070
1070.191717	-0.014640
1070.881719	-0.067440
1071.571720	-0.126770
1072.261721	-0.191640
1072.951722	-0.260620
1073.641723	-0.332020
1074.331724	-0.403970
1075.021725	-0.474730
1075.711726	-0.542760
1076.401727	-0.606780
1077.091729	-0.665880
1077.781730	-0.719390
1078.471731	-0.766930
1079.161732	-0.808300
1079.851733	-0.843410
1080.541734	-0.872230
1081.231735	-0.894770
1081.921736	-0.911130
1082.611737	-0.921560
1083.301739	-0.926490
1083.991740	-0.926580
1084.681741	-0.922650
1085.371742	-0.915570
1086.061743	-0.906150
1086.751744	-0.895050
1087.441745	-0.882830
1088.131746	-0.870000
1088.821747	-0.857000
1089.511748	-0.844260
1090.201750	-0.832200
1090.891751	-0.821150
1091.581752	-0.811420
1092.271753	-0.803200
1092.961754	-0.796610
1093.651755	-0.791550
1094.341756	-0.787840
1095.031757	-0.785130
1095.721758	-0.783090
1096.411760	-0.781420
1097.101761	-0.779960
1097.791762	-0.778710
1098.481763	-0.777760
1099.171764	-0.777220
1099.861765	-0.777160
1100.551766	-0.777570
1101.241767	-0.778370
1101.931768	-0.779460
1102.621770	-0.780780
1103.311771	-0.782290
1104.001772	-0.783980
1104.691773	-0.785710
1105.381774	-0.787230
1106.071775	-0.788050
1106.761776	-0.787440
1107.451777	-0.784450
1108.141778	-0.777950
1108.831779	-0.766690
1109.521781	-0.749430
1110.211782	-0.725070
1110.901783	-0.692800
1111.591784	-0.652180
1112.281785	-0.603270
1112.971786	-0.546640
1113.661787	-0.483370
1114.351788	-0.414930
1115.041789	-0.342980
1115.731791	-0.269160
1116.421792	-0.194880
1117.111793	-0.121210
1117.801794	-0.048860
1118.491795	0.021710
1119.181796	0.090120
1119.871797	0.155960
1120.561798	0.218540
1121.251799	0.276980
1121.941801	0.330250
1122.631802	0.377380
1123.321803	0.417600
1124.011804	0.450480
1124.701805	0.475930
1125.391806	0.494160
1126.081807	0.505700
1126.771808	0.511220
1127.461809	0.511590
1128.151810	0.507750
1128.841812	0.500700
1129.531813	0.491350
1130.221814	0.480470
1130.911815	0.468670
1131.601816	0.456400
1132.291817	0.443960
1132.981818	0.431590
1133.671819	0.419470
1134.361820	0.407750
1135.051822	0.396550
1135.741823	0.385970
1136.431824	0.376060
1137.121825	0.366770
1137.811826	0.358020
1138.501827	0.349640
1139.191828	0.341470
1139.881829	0.333370
1140.571830	0.325260
1141.261832	0.317100
1141.951833	0.308920
1142.641834	0.300750
1143.331835	0.292600
1144.021836	0.284430
1144.711837	0.276190
1145.401838	0.267830
1146.091839	0.259300
1146.781840	0.250570
1147.471841	0.241610
1148.161843	0.232380
1148.851844	0.222910
1149.541845	0.213230
1150.231846	0.203400
1150.921847	0.193520
1151.611848	0.183680
1152.301849	0.173970
1152.991850	0.164480
1153.681851	0.155280
1154.371853	0.146430
1155.061854	0.137990
1155.751855	0.130010
1156.441856	0.122540
1157.131857	0.115650
1157.821858	0.109420
1158.511859	0.103970
1159.201860	0.099340
1159.891861	0.095510
1160.581863	0.092330
1161.271864	0.089550
1161.961865	0.086890
1162.651866	0.084010
1163.341867	0.080680
1164.031868	0.076740
1164.721869	0.072110
1165.411870	0.066810
1166.101871	0.060870
1166.791872	0.054350
1167.481874	0.047310
1168.171875	0.039840
1168.861876	0.032010
1169.551877	0.023850
1170.241878	0.015370
1170.931879	0.006560
1171.621880	-0.002620
1172.311881	-0.012210
1173.001882	-0.022260
1173.691884	-0.032760
1174.381885	-0.043680
1175.071886	-0.054950
1175.761887	-0.066450
1176.451888	-0.078030
1177.141889	-0.089560
1177.831890	-0.100910
1178.521891	-0.111990
1179.211892	-0.122770
1179.901894	-0.133330
1180.591895	-0.143820
1181.281896	-0.154470
1181.971897	-0.165600
1182.661898	-0.177510
1183.351899	-0.190520
1184.041900	-0.204880
1184.731901	-0.220750
1185.421902	-0.238200
1186.111904	-0.257210
1186.801905	-0.277700
1187.491906	-0.299580
1188.181907	-0.322790
1188.871908	-0.347310
1189.561909	-0.373220
1190.251910	-0.400590
1190.941911	-0.429450
1191.631912	-0.459680
1192.321913	-0.491070
1193.011915	-0.523250
1193.701916	-0.555830
1194.391917	-0.588360
1195.081918	-0.620410
1195.771919	-0.651610
1196.461920	-0.681610
1197.151921	-0.710220
1197.841922	-0.737300
1198.531923	-0.762900
1199.221925	-0.787110
1199.911926	-0.810060
1200.601927	-0.831890
1201.291928	-0.852670
1201.981929	-0.872450
1202.671930	-0.891250
1203.361931	-0.909080
1204.051932	-0.925960
1204.741933	-0.941890
1205.431935	-0.956830
1206.121936	-0.970630
1206.811937	-0.983060
1207.501938	-0.993830
1208.191939	-1.002560
1208.881940	-1.008850
1209.571941	-1.012250
1210.261942	-1.012240
1210.951943	-1.008200
1211.641944	-0.999530
1212.331946	-0.985770
1213.021947	-0.966620
1213.711948	-0.942050
1214.401949	-0.912230
1215.091950	-0.877510
1215.781951	-0.838310
1216.471952	-0.795110
1217.161953	-0.748390
1217.851954	-0.698630
1218.541956	-0.646320
1219.231957	-0.591980
1219.921958	-0.536190
1220.611959	-0.479580
1221.301960	-0.422860
1221.991961	-0.366810
1222.681962	-0.312170
1223.371963	-0.259620
1224.061964	-0.209720
1224.751966	-0.162840
1225.441967	-0.119170
1226.131968	-0.078750
1226.821969	-0.041470
1227.511970	-0.007110
