0.000000	-0.804460
0.690004	-0.731800
1.380008	-0.659520
2.070012	-0.587840
2.760016	-0.516880
3.450020	-0.446800
4.140024	-0.377730
4.830028	-0.309910
5.520032	-0.243490
6.210036	-0.178600
6.900040	-0.115160
7.590044	-0.053020
8.280048	0.008140
8.970052	0.068560
9.660056	0.128410
10.350060	0.187610
11.040064	0.245740
11.730068	0.302110
12.420071	0.355700
13.110075	0.405370
13.800079	0.449900
14.490083	0.488240
15.180087	0.519480
15.870091	0.543070
16.560095	0.558660
17.250099	0.566300
17.940103	0.566250
18.630107	0.559120
19.320111	0.545710
20.010115	0.527030
20.700119	0.504170
21.390123	0.478230
22.080127	0.450280
22.770131	0.421260
23.460135	0.392000
24.150139	0.363180
24.840143	0.335430
25.530147	0.309260
26.220151	0.285180
26.910155	0.263660
27.600159	0.245200
28.290163	0.230240
28.980167	0.219260
29.670171	0.212650
30.360175	0.210680
31.050179	0.213530
31.740183	0.221080
32.430187	0.232980
33.120191	0.248530
33.810195	0.266700
34.500199	0.286140
35.190203	0.305360
35.880207	0.322810
36.570211	0.337170
37.260214	0.347380
37.950218	0.352780
38.640222	0.353080
39.330226	0.348350
40.020230	0.338890
40.710234	0.325140
41.400238	0.307670
42.090242	0.287090
42.780246	0.264040
43.470250	0.239210
44.160254	0.213410
44.850258	0.187500
45.540262	0.162460
46.230266	0.139290
46.920270	0.118930
47.610274	0.102130
48.300278	0.089400
48.990282	0.080900
49.680286	0.076450
50.370290	0.075600
51.060294	0.077690
51.750298	0.081970
52.440302	0.087660
53.130306	0.094030
53.820310	0.100390
54.510314	0.106140
55.200318	0.110720
55.890322	0.113650
56.580326	0.114460
57.270330	0.112780
57.960334	0.108310
58.650338	0.100930
59.340342	0.090710
60.030346	0.077880
60.720350	0.062950
61.410353	0.046570
62.100357	0.029620
62.790361	0.013120
63.480365	-0.001740
64.170369	-0.013850
64.860373	-0.022090
65.550377	-0.025640
66.240381	-0.023980
66.930385	-0.017070
67.620389	-0.005270
68.310393	0.010630
69.000397	0.029540
69.690401	0.050290
70.380405	0.071660
71.070409	0.092620
71.760413	0.112310
72.450417	0.130130
73.140421	0.145740
73.830425	0.159060
74.520429	0.170250
75.210433	0.179750
75.900437	0.188200
76.590441	0.196450
77.280445	0.205430
77.970449	0.216080
78.660453	0.229300
79.350457	0.245770
80.040461	0.265920
80.730465	0.289780
81.420469	0.317030
82.110473	0.346870
82.800477	0.378200
83.490481	0.409540
84.180485	0.439270
84.870489	0.465720
85.560492	0.487370
86.250496	0.502990
86.940500	0.511690
87.630504	0.512930
88.320508	0.506400
89.010512	0.492020
89.700516	0.469790
90.390520	0.439930
91.080524	0.402890
91.770528	0.359490
92.460532	0.310960
93.150536	0.258960
93.840540	0.205430
94.530544	0.152470
95.220548	0.102140
95.910552	0.056310
96.600556	0.016500
97.290560	-0.016160
97.980564	-0.041000
98.670568	-0.057720
99.360572	-0.066360
100.050576	-0.067200
100.740580	-0.060630
101.430584	-0.047220
102.120588	-0.027620
102.810592	-0.002700
103.500596	0.026470
104.190600	0.058510
104.880604	0.091800
105.570608	0.124510
106.260612	0.154740
106.950616	0.180720
107.640620	0.200930
108.330624	0.214320
109.020628	0.220440
109.710632	0.219620
110.400635	0.212970
111.090639	0.202420
111.780643	0.190460
112.470647	0.179910
113.160651	0.173430
113.850655	0.173250
114.540659	0.180880
115.230663	0.197050
115.920667	0.221670
116.610671	0.253920
117.300675	0.292400
117.990679	0.335230
118.680683	0.380230
119.370687	0.425000
120.060691	0.467130
120.750695	0.504220
121.440699	0.534170
122.130703	0.555160
122.820707	0.565870
123.510711	0.565470
124.200715	0.553660
124.890719	0.530590
125.580723	0.496750
126.270727	0.452950
126.960731	0.400180
127.650735	0.339650
128.340739	0.272720
129.030743	0.200980
129.720747	0.126230
130.410751	0.050520
131.100755	-0.024030
131.790759	-0.095340
132.480763	-0.161670
133.170767	-0.221770
133.860771	-0.275110
134.550774	-0.321880
135.240778	-0.362920
135.930782	-0.399610
136.620786	-0.433580
137.310790	-0.466530
138.000794	-0.499930
138.690798	-0.534980
139.380802	-0.572400
140.070806	-0.612580
140.760810	-0.655460
141.450814	-0.700640
142.140818	-0.747340
142.830822	-0.794510
143.520826	-0.840850
144.210830	-0.885050
144.900834	-0.925920
145.590838	-0.962480
146.280842	-0.994150
146.970846	-1.020610
147.660850	-1.041910
148.350854	-1.058260
149.040858	-1.070030
149.730862	-1.077610
150.420866	-1.081450
151.110870	-1.081900
151.800874	-1.079320
152.490878	-1.073920
153.180882	-1.065830
153.870886	-1.055020
154.560890	-1.041340
155.250894	-1.024550
155.940898	-1.004350
156.630902	-0.980410
157.320906	-0.952360
158.010910	-0.919780
158.700914	-0.882190
159.390917	-0.839070
160.080921	-0.789870
160.770925	-0.734180
161.460929	-0.671640
162.150933	-0.602190
162.840937	-0.525920
163.530941	-0.443230
164.220945	-0.354750
164.910949	-0.261420
165.600953	-0.164500
166.290957	-0.065570
166.980961	0.033450
167.670965	0.130500
168.360969	0.223450
169.050973	0.310350
169.740977	0.389510
170.430981	0.459710
171.120985	0.520130
171.810989	0.570390
172.500993	0.610480
173.190997	0.640660
173.881001	0.661460
174.571005	0.673480
175.261009	0.677460
175.951013	0.674200
176.641017	0.664590
177.331021	0.649520
178.021025	0.629900
178.711029	0.606510
179.401033	0.580040
180.091037	0.550950
180.781041	0.519650
181.471045	0.486380
182.161049	0.451380
182.851053	0.414900
183.541056	0.377210
184.231060	0.338720
184.921064	0.299870
185.611068	0.261320
186.301072	0.223840
186.991076	0.188430
187.681080	0.156250
188.371084	0.128620
189.061088	0.106820
189.751092	0.092110
190.441096	0.085420
191.131100	0.087330
191.821104	0.097870
192.511108	0.116480
193.201112	0.142060
193.891116	0.172950
194.581120	0.207220
195.271124	0.242640
195.961128	0.277000
196.651132	0.308090
197.341136	0.333920
198.031140	0.352780
198.721144	0.363440
199.411148	0.365170
200.101152	0.357880
200.791156	0.342050
201.481160	0.318640
202.171164	0.289000
202.861168	0.254690
203.551172	0.217360
204.241176	0.178620
204.931180	0.139990
205.621184	0.102850
206.311188	0.068420
207.001192	0.037690
207.691195	0.011440
208.381199	-0.009860
209.071203	-0.026010
209.761207	-0.037140
210.451211	-0.043640
211.141215	-0.046240
211.831219	-0.045880
212.521223	-0.043630
213.211227	-0.040620
213.901231	-0.037870
214.591235	-0.036220
215.281239	-0.036230
215.971243	-0.038190
216.661247	-0.042100
217.351251	-0.047750
218.041255	-0.054720
218.731259	-0.062500
219.421263	-0.070440
220.111267	-0.077950
220.801271	-0.084420
221.491275	-0.089360
222.181279	-0.092450
222.871283	-0.093590
223.561287	-0.092980
224.251291	-0.091110
224.941295	-0.088810
225.631299	-0.087110
226.321303	-0.087270
227.011307	-0.090620
227.701311	-0.098590
228.391315	-0.112530
229.081319	-0.133750
229.771323	-0.163350
230.461327	-0.202130
231.151331	-0.250450
231.841335	-0.308080
232.531338	-0.374120
233.221342	-0.446900
233.911346	-0.524020
234.601350	-0.602480
235.291354	-0.678950
235.981358	-0.749980
236.671362	-0.812450
237.361366	-0.863660
238.051370	-0.901600
238.741374	-0.924970
239.431378	-0.933200
240.121382	-0.926440
240.811386	-0.905470
241.501390	-0.871720
242.191394	-0.827110
242.881398	-0.774050
243.571402	-0.715190
244.261406	-0.653320
244.951410	-0.591150
245.641414	-0.531140
246.331418	-0.475390
247.021422	-0.425570
247.711426	-0.382780
248.401430	-0.347660
249.091434	-0.320300
249.781438	-0.300340
250.471442	-0.287060
251.161446	-0.279470
251.851450	-0.276500
252.541454	-0.276920
253.231458	-0.279620
253.921462	-0.283470
254.611466	-0.287480
255.301470	-0.290720
255.991474	-0.292380
256.681477	-0.291730
257.371481	-0.288080
258.061485	-0.280840
258.751489	-0.269400
259.441493	-0.253270
260.131497	-0.232010
260.821501	-0.205360
261.511505	-0.173210
262.201509	-0.135700
262.891513	-0.093170
263.581517	-0.046260
264.271521	0.004200
264.961525	0.057190
265.651529	0.111580
266.341533	0.166210
267.031537	0.220010
267.721541	0.272000
268.411545	0.321310
269.101549	0.367220
269.791553	0.409030
270.481557	0.446150
271.171561	0.477960
271.861565	0.503900
272.551569	0.523470
273.241573	0.536280
273.931577	0.542130
274.621581	0.541060
275.311585	0.533340
276.001589	0.519480
276.691593	0.500100
277.381597	0.475890
278.071601	0.447560
278.761605	0.415790
279.451609	0.381350
280.141613	0.344990
280.831617	0.307550
281.521620	0.269880
282.211624	0.232870
282.901628	0.197340
283.591632	0.164090
284.281636	0.133780
284.971640	0.106960
285.661644	0.083990
286.351648	0.065100
287.041652	0.050270
287.731656	0.039300
288.421660	0.031860
289.111664	0.027450
289.801668	0.025550
290.491672	0.025540
291.181676	0.026880
291.871680	0.029030
292.561684	0.031510
293.251688	0.033930
293.941692	0.035990
294.631696	0.037470
295.321700	0.038280
296.011704	0.038410
296.701708	0.037920
297.391712	0.037010
298.081716	0.035880
298.771720	0.034840
299.461724	0.034150
300.151728	0.034160
300.841732	0.035160
301.531736	0.037520
302.221740	0.041550
302.911744	0.047640
303.601748	0.056140
304.291752	0.067450
304.981756	0.081900
305.671759	0.099820
306.361763	0.121520
307.051767	0.147220
307.741771	0.177150
308.431775	0.211470
309.121779	0.250330
309.811783	0.293790
310.501787	0.341900
311.191791	0.394540
311.881795	0.451570
312.571799	0.512660
313.261803	0.577390
313.951807	0.645180
314.641811	0.715320
315.331815	0.786940
316.021819	0.858950
316.711823	0.930120
317.401827	0.998950
318.091831	1.063820
318.781835	1.122920
319.471839	1.174400
320.161843	1.216430
320.851847	1.247330
321.541851	1.265670
322.231855	1.270390
322.921859	1.260840
323.611863	1.236870
324.301867	1.198780
324.991871	1.147240
325.681875	1.083260
326.371879	1.008060
327.061883	0.923060
327.751887	0.829860
328.441891	0.730260
329.131895	0.626170
329.821898	0.519590
330.511902	0.412490
331.201906	0.306740
331.891910	0.203960
332.581914	0.105500
333.271918	0.012300
333.961922	-0.075060
334.651926	-0.156410
335.341930	-0.231840
336.031934	-0.301610
336.721938	-0.366090
337.411942	-0.425610
338.101946	-0.480460
338.791950	-0.530810
339.481954	-0.576780
340.171958	-0.618410
340.861962	-0.655800
341.551966	-0.689090
342.241970	-0.718630
342.931974	-0.744950
343.621978	-0.768750
344.311982	-0.790770
345.001986	-0.811580
345.691990	-0.831480
346.381994	-0.850330
347.071998	-0.867630
347.762002	-0.882500
348.452006	-0.893880
349.142010	-0.900680
349.832014	-0.901980
350.522018	-0.897110
351.212022	-0.885880
351.902026	-0.868520
352.592030	-0.845750
353.282034	-0.818760
353.972038	-0.789020
354.662041	-0.758170
355.352045	-0.727770
356.042049	-0.699160
356.732053	-0.673280
357.422057	-0.650700
358.112061	-0.631610
358.802065	-0.616040
359.492069	-0.603860
360.182073	-0.594980
360.872077	-0.589280
361.562081	-0.586740
362.252085	-0.587370
362.942089	-0.591200
363.632093	-0.598320
364.322097	-0.608700
365.012101	-0.622340
365.702105	-0.639120
366.392109	-0.658890
367.082113	-0.681430
367.772117	-0.706510
368.462121	-0.733800
369.152125	-0.762930
369.842129	-0.793440
370.532133	-0.824760
371.222137	-0.856200
371.912141	-0.887000
372.602145	-0.916320
373.292149	-0.943290
373.982153	-0.967120
374.672157	-0.987120
375.362161	-1.002850
376.052165	-1.014090
376.742169	-1.021040
377.432173	-1.024150
378.122177	-1.024180
378.812180	-1.021870
379.502184	-1.017890
380.192188	-1.012490
380.882192	-1.005500
381.572196	-0.996190
382.262200	-0.983470
382.952204	-0.965980
383.642208	-0.942220
384.332212	-0.910750
385.022216	-0.870240
385.712220	-0.819610
386.402224	-0.758070
387.092228	-0.685210
387.782232	-0.601100
388.472236	-0.506430
389.162240	-0.402630
389.852244	-0.292010
390.542248	-0.177770
391.232252	-0.063810
391.922256	0.045610
392.612260	0.146510
393.302264	0.235570
393.992268	0.310710
394.682272	0.371100
395.372276	0.417130
396.062280	0.450110
396.752284	0.471920
397.442288	0.484690
398.132292	0.490560
398.822296	0.491420
399.512300	0.488820
400.202304	0.483930
400.892308	0.477510
401.582312	0.470030
402.272316	0.461690
402.962320	0.452580
403.652323	0.442680
404.342327	0.431980
405.032331	0.420490
405.722335	0.408360
406.412339	0.395850
407.102343	0.383390
407.792347	0.371490
408.482351	0.360740
409.172355	0.351700
409.862359	0.344930
410.552363	0.340800
411.242367	0.339580
411.932371	0.341400
412.622375	0.346160
413.312379	0.353650
414.002383	0.363470
414.692387	0.375080
415.382391	0.387780
416.072395	0.400790
416.762399	0.413190
417.452403	0.424080
418.142407	0.432570
418.832411	0.437900
419.522415	0.439470
420.212419	0.436870
420.902423	0.430010
421.592427	0.419000
422.282431	0.404280
422.972435	0.386480
423.662439	0.366450
424.352443	0.345130
425.042447	0.323500
425.732451	0.302450
426.422455	0.282800
427.112459	0.265190
427.802462	0.250160
428.492466	0.238100
429.182470	0.229250
429.872474	0.223800
430.562478	0.221760
431.252482	0.223070
431.942486	0.227550
432.632490	0.234920
433.322494	0.244800
434.012498	0.256780
434.702502	0.270340
435.392506	0.284970
436.082510	0.300090
436.772514	0.315180
437.462518	0.329740
438.152522	0.343420
438.842526	0.355930
439.532530	0.367100
440.222534	0.376860
440.912538	0.385170
441.602542	0.392000
442.292546	0.397230
442.982550	0.400720
443.672554	0.402170
444.362558	0.401230
445.052562	0.397510
445.742566	0.390670
446.432570	0.380400
447.122574	0.366440
447.812578	0.348580
448.502582	0.326600
449.192586	0.300320
449.882590	0.269500
450.572594	0.233950
451.262598	0.193410
451.952601	0.147610
452.642605	0.096240
453.332609	0.039010
454.022613	-0.024360
454.712617	-0.094070
455.402621	-0.170170
456.092625	-0.252500
456.782629	-0.340630
457.472633	-0.433830
458.162637	-0.531000
458.852641	-0.630670
459.542645	-0.730960
460.232649	-0.829790
460.922653	-0.924940
461.612657	-1.014340
462.302661	-1.096120
462.992665	-1.168790
463.682669	-1.231140
464.372673	-1.282280
465.062677	-1.321520
465.752681	-1.348360
466.442685	-1.362400
467.132689	-1.363390
467.822693	-1.351170
468.512697	-1.325670
469.202701	-1.287020
469.892705	-1.235500
470.582709	-1.171700
471.272713	-1.096510
471.962717	-1.011240
472.652721	-0.917650
473.342725	-0.817880
474.032729	-0.714350
474.722733	-0.609610
475.412737	-0.506110
476.102741	-0.406100
476.792744	-0.311450
477.482748	-0.223640
478.172752	-0.143780
478.862756	-0.072550
479.552760	-0.010380
480.242764	0.042620
480.932768	0.086560
481.622772	0.121760
482.312776	0.148700
483.002780	0.168030
483.692784	0.180490
484.382788	0.186930
485.072792	0.188190
485.762796	0.185170
486.452800	0.178770
487.142804	0.169890
487.832808	0.159490
488.522812	0.148530
489.212816	0.137990
489.902820	0.128750
490.592824	0.121620
491.282828	0.117260
491.972832	0.116170
492.662836	0.118660
493.352840	0.124870
494.042844	0.134720
494.732848	0.147990
495.422852	0.164270
496.112856	0.183050
496.802860	0.203700
497.492864	0.225560
498.182868	0.247930
498.872872	0.270110
499.562876	0.291500
500.252880	0.311510
500.942883	0.329660
501.632887	0.345580
502.322891	0.359020
503.012895	0.369830
503.702899	0.378030
504.392903	0.383750
505.082907	0.387240
505.772911	0.388840
506.462915	0.388940
507.152919	0.388000
507.842923	0.386430
508.532927	0.384680
509.222931	0.383090
509.912935	0.381980
510.602939	0.381500
511.292943	0.381710
511.982947	0.382530
512.672951	0.383810
513.362955	0.385270
514.052959	0.386650
514.742963	0.387660
515.432967	0.388020
516.122971	0.387560
516.812975	0.386180
517.502979	0.383950
518.192983	0.381060
518.882987	0.377820
519.572991	0.374630
520.262995	0.371910
520.952999	0.370040
521.643003	0.369360
522.333007	0.370060
523.023011	0.372250
523.713015	0.375910
524.403019	0.380910
525.093023	0.387100
525.783026	0.394220
526.473030	0.402050
527.163034	0.410280
527.853038	0.418650
528.543042	0.426860
529.233046	0.434670
529.923050	0.441860
530.613054	0.448290
531.303058	0.453860
531.993062	0.458580
532.683066	0.462430
533.373070	0.465450
534.063074	0.467660
534.753078	0.469120
535.443082	0.469940
536.133086	0.470250
536.823090	0.470290
537.513094	0.470340
538.203098	0.470760
538.893102	0.471910
539.583106	0.474190
540.273110	0.477910
540.963114	0.483340
541.653118	0.490670
542.343122	0.500080
543.033126	0.511680
543.723130	0.525520
544.413134	0.541620
545.103138	0.559830
545.793142	0.579880
546.483146	0.601300
547.173150	0.623480
547.863154	0.645630
548.553158	0.666890
549.243162	0.686310
549.933165	0.702980
550.623169	0.716060
551.313173	0.724820
552.003177	0.728690
552.693181	0.727230
553.383185	0.720150
554.073189	0.707320
554.763193	0.688780
555.453197	0.664670
556.143201	0.635360
556.833205	0.601230
557.523209	0.562810
558.213213	0.520600
558.903217	0.475120
559.593221	0.426820
560.283225	0.376110
560.973229	0.323340
561.663233	0.268840
562.353237	0.212890
563.043241	0.155730
563.733245	0.097590
564.423249	0.038600
565.113253	-0.021070
565.803257	-0.081320
566.493261	-0.141870
567.183265	-0.202390
567.873269	-0.262310
568.563273	-0.320910
569.253277	-0.377320
569.943281	-0.430680
570.633285	-0.480190
571.323289	-0.525220
572.013293	-0.565460
572.703297	-0.600810
573.393301	-0.631470
574.083305	-0.657830
574.773308	-0.680450
575.463312	-0.699930
576.153316	-0.716930
576.843320	-0.732020
577.533324	-0.745720
578.223328	-0.758410
578.913332	-0.770390
579.603336	-0.781860
580.293340	-0.792950
580.983344	-0.803740
581.673348	-0.814270
582.363352	-0.824540
583.053356	-0.834520
583.743360	-0.844150
584.433364	-0.853360
585.123368	-0.862080
585.813372	-0.870240
586.503376	-0.877820
587.193380	-0.884750
587.883384	-0.891030
588.573388	-0.896630
589.263392	-0.901570
589.953396	-0.905870
590.643400	-0.909600
591.333404	-0.912900
592.023408	-0.915880
592.713412	-0.918700
593.403416	-0.921480
594.093420	-0.924350
594.783424	-0.927360
595.473428	-0.930560
596.163432	-0.933920
596.853436	-0.937380
597.543440	-0.940810
598.233444	-0.944100
598.923447	-0.947050
599.613451	-0.949490
600.303455	-0.951260
600.993459	-0.952170
601.683463	-0.952070
602.373467	-0.950770
603.063471	-0.948130
603.753475	-0.943960
604.443479	-0.938140
605.133483	-0.930570
605.823487	-0.921250
606.513491	-0.910210
607.203495	-0.897590
607.893499	-0.883570
608.583503	-0.868380
609.273507	-0.852290
609.963511	-0.835610
610.653515	-0.818670
611.343519	-0.801760
612.033523	-0.785160
612.723527	-0.769080
613.413531	-0.753730
614.103535	-0.739160
614.793539	-0.725470
615.483543	-0.712630
616.173547	-0.700670
616.863551	-0.689560
617.553555	-0.679330
618.243559	-0.669960
618.933563	-0.661430
619.623567	-0.653690
620.313571	-0.646590
621.003575	-0.640040
621.693579	-0.633890
622.383583	-0.628050
623.073586	-0.622410
623.763590	-0.616870
624.453594	-0.611310
625.143598	-0.605600
625.833602	-0.599600
626.523606	-0.593220
627.213610	-0.586350
627.903614	-0.578960
628.593618	-0.571000
629.283622	-0.562340
629.973626	-0.552780
630.663630	-0.541890
631.353634	-0.529170
632.043638	-0.513910
632.733642	-0.495360
633.423646	-0.472700
634.113650	-0.445120
634.803654	-0.411860
635.493658	-0.372260
636.183662	-0.325850
636.873666	-0.272390
637.563670	-0.211860
638.253674	-0.144580
638.943678	-0.071130
639.633682	0.007640
640.323686	0.090660
641.013690	0.176700
641.703694	0.264430
642.393698	0.352540
643.083702	0.439750
643.773706	0.524900
644.463710	0.606980
645.153714	0.685150
645.843718	0.758740
646.533722	0.827280
647.223726	0.890430
647.913729	0.948010
648.603733	0.999960
649.293737	1.046270
649.983741	1.087030
650.673745	1.122320
651.363749	1.152290
652.053753	1.177110
652.743757	1.197000
653.433761	1.212210
654.123765	1.223110
654.813769	1.230090
655.503773	1.233640
656.193777	1.234250
656.883781	1.232490
657.573785	1.228860
658.263789	1.223820
658.953793	1.217810
659.643797	1.211170
660.333801	1.204230
661.023805	1.197230
661.713809	1.190450
662.403813	1.184120
663.093817	1.178500
663.783821	1.173800
664.473825	1.170240
665.163829	1.167990
665.853833	1.167170
666.543837	1.167800
667.233841	1.169840
667.923845	1.173160
668.613849	1.177520
669.303853	1.182660
669.993857	1.188240
670.683861	1.193940
671.373865	1.199390
672.063868	1.204280
672.753872	1.208250
673.443876	1.210990
674.133880	1.212140
674.823884	1.211390
675.513888	1.208390
676.203892	1.202830
676.893896	1.194460
677.583900	1.183050
678.273904	1.168510
678.963908	1.150830
679.653912	1.130150
680.343916	1.106700
681.033920	1.080820
681.723924	1.052840
682.413928	1.023100
683.103932	0.991830
683.793936	0.959170
684.483940	0.925070
685.173944	0.889420
685.863948	0.851930
686.553952	0.812240
687.243956	0.769930
687.933960	0.724550
688.623964	0.675670
689.313968	0.622870
690.003972	0.565830
690.693976	0.504290
691.383980	0.438090
692.073984	0.367170
692.763988	0.291580
693.453992	0.211460
694.143996	0.127050
694.834000	0.038690
695.524004	-0.053160
696.214008	-0.147940
696.904011	-0.244970
697.594015	-0.343440
698.284019	-0.442450
698.974023	-0.540970
699.664027	-0.637940
700.354031	-0.732230
701.044035	-0.822800
701.734039	-0.908660
702.424043	-0.989030
703.114047	-1.063250
703.804051	-1.130900
704.494055	-1.191660
705.184059	-1.245370
705.874063	-1.291990
706.564067	-1.331480
707.254071	-1.363880
707.944075	-1.389190
708.634079	-1.407430
709.324083	-1.418550
710.014087	-1.422520
710.704091	-1.419260
711.394095	-1.408730
712.084099	-1.390890
712.774103	-1.365790
713.464107	-1.333550
714.154111	-1.294470
714.844115	-1.248960
715.534119	-1.197580
716.224123	-1.141090
716.914127	-1.080350
717.604131	-1.016350
718.294135	-0.950170
718.984139	-0.882920
719.674143	-0.815700
720.364147	-0.749560
721.054150	-0.685390
721.744154	-0.623970
722.434158	-0.565850
723.124162	-0.511430
723.814166	-0.460910
724.504170	-0.414280
725.194174	-0.371410
725.884178	-0.332020
726.574182	-0.295740
727.264186	-0.262130
727.954190	-0.230760
728.644194	-0.201180
729.334198	-0.173020
730.024202	-0.145930
730.714206	-0.119690
731.404210	-0.094120
732.094214	-0.069190
732.784218	-0.044860
733.474222	-0.021180
734.164226	0.001790
734.854230	0.024020
735.544234	0.045420
736.234238	0.065940
736.924242	0.085500
737.614246	0.104070
738.304250	0.121600
738.994254	0.138100
739.684258	0.153540
740.374262	0.167990
741.064266	0.181430
741.754270	0.193910
742.444274	0.205430
743.134278	0.216000
743.824282	0.225650
744.514286	0.234370
745.204289	0.242230
745.894293	0.249280
746.584297	0.255660
747.274301	0.261470
747.964305	0.266870
748.654309	0.271960
749.344313	0.276850
750.034317	0.281550
750.724321	0.286090
751.414325	0.290410
752.104329	0.294430
752.794333	0.297990
753.484337	0.300890
754.174341	0.302890
754.864345	0.303670
755.554349	0.302890
756.244353	0.300150
756.934357	0.295060
757.624361	0.287190
758.314365	0.276180
759.004369	0.261690
759.694373	0.243520
760.384377	0.221590
761.074381	0.196020
761.764385	0.167140
762.454389	0.135480
763.144393	0.101810
763.834397	0.067010
764.524401	0.032110
765.214405	-0.001940
765.904409	-0.034160
766.594413	-0.063830
767.284417	-0.090290
767.974421	-0.113140
768.664425	-0.132100
769.354429	-0.147130
770.044432	-0.158230
770.734436	-0.165530
771.424440	-0.169210
772.114444	-0.169410
772.804448	-0.166310
773.494452	-0.160020
774.184456	-0.150680
774.874460	-0.138390
775.564464	-0.123340
776.254468	-0.105720
776.944472	-0.085810
777.634476	-0.063930
778.324480	-0.040480
779.014484	-0.015860
779.704488	0.009510
780.394492	0.035220
781.084496	0.060840
781.774500	0.085990
782.464504	0.110340
783.154508	0.133590
783.844512	0.155600
784.534516	0.176250
785.224520	0.195540
785.914524	0.213450
786.604528	0.230040
787.294532	0.245310
787.984536	0.259300
788.674540	0.271980
789.364544	0.283350
790.054548	0.293370
790.744552	0.301950
791.434556	0.309060
792.124560	0.314630
792.814564	0.318660
793.504568	0.321180
794.194571	0.322300
794.884575	0.322140
795.574579	0.320890
796.264583	0.318740
796.954587	0.315930
797.644591	0.312700
798.334595	0.309310
799.024599	0.305960
799.714603	0.302780
800.404607	0.299800
801.094611	0.296980
801.784615	0.294210
802.474619	0.291360
803.164623	0.288300
803.854627	0.284870
804.544631	0.280950
805.234635	0.276360
805.924639	0.270970
806.614643	0.264600
807.304647	0.257140
807.994651	0.248500
808.684655	0.238670
809.374659	0.227700
810.064663	0.215740
810.754667	0.203060
811.444671	0.190010
812.134675	0.177040
812.824679	0.164650
813.514683	0.153410
814.204687	0.143830
814.894691	0.136440
815.584695	0.131650
816.274699	0.129770
816.964703	0.130930
817.654707	0.135060
818.344711	0.141840
819.034714	0.150730
819.724718	0.161050
820.414722	0.171940
821.104726	0.182550
821.794730	0.191950
822.484734	0.199320
823.174738	0.203920
823.864742	0.205220
824.554746	0.202910
825.244750	0.196910
825.934754	0.187320
826.624758	0.174390
827.314762	0.158420
828.004766	0.139810
828.694770	0.118950
829.384774	0.096260
830.074778	0.072190
830.764782	0.047130
831.454786	0.021500
832.144790	-0.004380
832.834794	-0.030190
833.524798	-0.055680
834.214802	-0.080570
834.904806	-0.104600
835.594810	-0.127390
836.284814	-0.148580
836.974818	-0.167710
837.664822	-0.184380
838.354826	-0.198240
839.044830	-0.209040
839.734834	-0.216670
840.424838	-0.221140
841.114842	-0.222620
841.804846	-0.221390
842.494850	-0.217900
843.184853	-0.212630
843.874857	-0.206150
844.564861	-0.198980
845.254865	-0.191640
845.944869	-0.184540
846.634873	-0.178040
847.324877	-0.172370
848.014881	-0.167620
848.704885	-0.163780
849.394889	-0.160730
850.084893	-0.158270
850.774897	-0.156140
851.464901	-0.154110
852.154905	-0.151910
852.844909	-0.149300
853.534913	-0.146060
854.224917	-0.142040
854.914921	-0.137100
855.604925	-0.131200
856.294929	-0.124360
856.984933	-0.116680
857.674937	-0.108350
858.364941	-0.099560
859.054945	-0.090600
859.744949	-0.081640
860.434953	-0.072910
861.124957	-0.064480
861.814961	-0.056420
862.504965	-0.048730
863.194969	-0.041390
863.884973	-0.034310
864.574977	-0.027470
865.264981	-0.020750
865.954985	-0.014130
866.644989	-0.007560
867.334992	-0.001020
868.024996	0.005470
868.715000	0.011910
869.405004	0.018240
870.095008	0.024420
870.785012	0.030340
871.475016	0.035930
872.165020	0.041060
872.855024	0.045570
873.545028	0.049250
874.235032	0.051850
874.925036	0.053020
875.615040	0.052450
876.305044	0.049780
876.995048	0.044730
877.685052	0.037120
878.375056	0.026790
879.065060	0.013690
879.755064	-0.002210
880.445068	-0.020840
881.135072	-0.042050
881.825076	-0.065570
882.515080	-0.091020
883.205084	-0.117880
883.895088	-0.145650
884.585092	-0.173730
885.275096	-0.201600
885.965100	-0.228760
886.655104	-0.254720
887.345108	-0.279050
888.035112	-0.301320
888.725116	-0.321200
889.415120	-0.338420
890.105124	-0.352830
890.795128	-0.364340
891.485132	-0.372980
892.175135	-0.378770
892.865139	-0.381790
893.555143	-0.382040
894.245147	-0.379520
894.935151	-0.374170
895.625155	-0.365930
896.315159	-0.354810
897.005163	-0.340860
897.695167	-0.324250
898.385171	-0.305200
899.075175	-0.284050
899.765179	-0.261170
900.455183	-0.237040
901.145187	-0.212170
901.835191	-0.187150
902.525195	-0.162490
903.215199	-0.138730
903.905203	-0.116240
904.595207	-0.095360
905.285211	-0.076260
905.975215	-0.059010
906.665219	-0.043610
907.355223	-0.029950
908.045227	-0.017880
908.735231	-0.007220
909.425235	0.002240
910.115239	0.010770
910.805243	0.018610
911.495247	0.026050
912.185251	0.033330
912.875255	0.040750
913.565259	0.048530
914.255263	0.056880
914.945267	0.065970
915.635271	0.075890
916.325274	0.086680
917.015278	0.098290
917.705282	0.110640
918.395286	0.123590
919.085290	0.136970
919.775294	0.150580
920.465298	0.164230
921.155302	0.177720
921.845306	0.190920
922.535310	0.203700
923.225314	0.216050
923.915318	0.227940
924.605322	0.239420
925.295326	0.250530
925.985330	0.261250
926.675334	0.271560
927.365338	0.281310
928.055342	0.290320
928.745346	0.298350
929.435350	0.305220
930.125354	0.310710
930.815358	0.314690
931.505362	0.316990
932.195366	0.317440
932.885370	0.315810
933.575374	0.311820
934.265378	0.305250
934.955382	0.295890
935.645386	0.283640
936.335390	0.268540
937.025394	0.250770
937.715398	0.230650
938.405402	0.208650
939.095406	0.185290
939.785410	0.161140
940.475414	0.136740
941.165417	0.112560
941.855421	0.088960
942.545425	0.066210
943.235429	0.044480
943.925433	0.023870
944.615437	0.004480
945.305441	-0.013630
945.995445	-0.030360
946.685449	-0.045620
947.375453	-0.059310
948.065457	-0.071310
948.755461	-0.081460
949.445465	-0.089670
950.135469	-0.095790
950.825473	-0.099770
951.515477	-0.101600
952.205481	-0.101400
952.895485	-0.099410
953.585489	-0.095940
954.275493	-0.091480
954.965497	-0.086560
955.655501	-0.081790
956.345505	-0.077720
957.035509	-0.074840
957.725513	-0.073450
958.415517	-0.073750
959.105521	-0.075710
959.795525	-0.079200
960.485529	-0.083910
961.175533	-0.089500
961.865537	-0.095540
962.555541	-0.101530
963.245545	-0.107050
963.935549	-0.111700
964.625553	-0.115210
965.315556	-0.117360
966.005560	-0.118070
966.695564	-0.117270
967.385568	-0.114970
968.075572	-0.111190
968.765576	-0.105990
969.455580	-0.099400
970.145584	-0.091490
970.835588	-0.082360
971.525592	-0.072080
972.215596	-0.060790
972.905600	-0.048580
973.595604	-0.035610
974.285608	-0.022040
974.975612	-0.008120
975.665616	0.005860
976.355620	0.019400
977.045624	0.032000
977.735628	0.043070
978.425632	0.052110
979.115636	0.058750
979.805640	0.062900
980.495644	0.064650
981.185648	0.064370
981.875652	0.062690
982.565656	0.060340
983.255660	0.058230
983.945664	0.057190
984.635668	0.058040
985.325672	0.061430
986.015676	0.067910
986.705680	0.077850
987.395684	0.091510
988.085688	0.109010
988.775692	0.130340
989.465695	0.155330
990.155699	0.183640
990.845703	0.214840
991.535707	0.248320
992.225711	0.283440
992.915715	0.319440
993.605719	0.355540
994.295723	0.390900
994.985727	0.424700
995.675731	0.456060
996.365735	0.484190
997.055739	0.508340
997.745743	0.527970
998.435747	0.542640
999.125751	0.552210
999.815755	0.556710
1000.505759	0.556400
1001.195763	0.551750
1001.885767	0.543390
1002.575771	0.532040
1003.265775	0.518460
1003.955779	0.503400
1004.645783	0.487460
1005.335787	0.471140
1006.025791	0.454750
1006.715795	0.438540
1007.405799	0.422610
1008.095803	0.407030
1008.785807	0.391750
1009.475811	0.376660
1010.165815	0.361540
1010.855819	0.346070
1011.545823	0.329830
1012.235827	0.312340
1012.925831	0.293110
1013.615835	0.271620
1014.305838	0.247470
1014.995842	0.220240
1015.685846	0.189660
1016.375850	0.155500
1017.065854	0.117690
1017.755858	0.076240
1018.445862	0.031360
1019.135866	-0.016560
1019.825870	-0.066950
1020.515874	-0.119120
1021.205878	-0.172280
1021.895882	-0.225590
1022.585886	-0.278290
1023.275890	-0.329650
1023.965894	-0.379100
1024.655898	-0.426120
1025.345902	-0.470350
1026.035906	-0.511480
1026.725910	-0.549340
1027.415914	-0.583820
1028.105918	-0.614900
1028.795922	-0.642630
1029.485926	-0.667010
1030.175930	-0.688000
1030.865934	-0.705460
1031.555938	-0.719220
1032.245942	-0.729040
1032.935946	-0.734820
1033.625950	-0.736580
1034.315954	-0.734520
1035.005958	-0.729010
1035.695962	-0.720540
1036.385966	-0.709600
1037.075970	-0.696760
1037.765974	-0.682590
1038.455977	-0.667670
1039.145981	-0.652620
1039.835985	-0.638010
1040.525989	-0.624420
1041.215993	-0.612320
1041.905997	-0.602140
1042.596001	-0.594160
1043.286005	-0.588580
1043.976009	-0.585390
1044.666013	-0.584460
1045.356017	-0.585500
1046.046021	-0.588130
1046.736025	-0.591970
1047.426029	-0.596660
1048.116033	-0.601930
1048.806037	-0.607510
1049.496041	-0.613210
1050.186045	-0.618780
1050.876049	-0.624060
1051.566053	-0.628840
1052.256057	-0.633030
1052.946061	-0.636560
1053.636065	-0.639530
1054.326069	-0.642070
1055.016073	-0.644460
1055.706077	-0.646920
1056.396081	-0.649690
1057.086085	-0.652830
1057.776089	-0.656190
1058.466093	-0.659390
1059.156097	-0.661720
1059.846101	-0.662260
1060.536105	-0.659880
1061.226109	-0.653430
1061.916113	-0.641770
1062.606117	-0.623940
1063.296120	-0.599190
1063.986124	-0.567120
1064.676128	-0.527650
1065.366132	-0.481060
1066.056136	-0.428010
1066.746140	-0.369360
1067.436144	-0.306210
1068.126148	-0.239750
1068.816152	-0.171240
1069.506156	-0.101920
1070.196160	-0.033040
1070.886164	0.034320
1071.576168	0.099100
1072.266172	0.160460
1072.956176	0.217680
1073.646180	0.270290
1074.336184	0.317970
1075.026188	0.360640
1075.716192	0.398350
1076.406196	0.431270
1077.096200	0.459750
1077.786204	0.484150
1078.476208	0.504950
1079.166212	0.522610
1079.856216	0.537630
1080.546220	0.550430
1081.236224	0.561460
1081.926228	0.571070
1082.616232	0.579590
1083.306236	0.587250
1083.996240	0.594240
1084.686244	0.600690
1085.376248	0.606650
1086.066252	0.612180
1086.756256	0.617230
1087.446259	0.621750
1088.136263	0.625590
1088.826267	0.628630
1089.516271	0.630660
1090.206275	0.631540
1090.896279	0.631080
1091.586283	0.629130
1092.276287	0.625540
1092.966291	0.620230
1093.656295	0.613110
1094.346299	0.604200
1095.036303	0.593580
1095.726307	0.581400
1096.416311	0.567920
1097.106315	0.553430
1097.796319	0.538280
1098.486323	0.522790
1099.176327	0.507270
1099.866331	0.491940
1100.556335	0.476910
1101.246339	0.462180
1101.936343	0.447670
1102.626347	0.433150
1103.316351	0.418400
1104.006355	0.403100
1104.696359	0.386940
1105.386363	0.369640
1106.076367	0.350970
1106.766371	0.330790
1107.456375	0.309070
1108.146379	0.285910
1108.836383	0.261590
1109.526387	0.236550
1110.216391	0.211370
1110.906395	0.186770
1111.596398	0.163530
1112.286402	0.142420
1112.976406	0.124130
1113.666410	0.109190
1114.356414	0.097970
1115.046418	0.090590
1115.736422	0.087030
1116.426426	0.087050
1117.116430	0.090340
1117.806434	0.096490
1118.496438	0.105020
1119.186442	0.115430
1119.876446	0.127150
1120.566450	0.139600
1121.256454	0.152190
1121.946458	0.164290
1122.636462	0.175340
1123.326466	0.184780
1124.016470	0.192120
1124.706474	0.197020
1125.396478	0.199190
1126.086482	0.198530
1126.776486	0.195030
1127.466490	0.188850
1128.156494	0.180210
1128.846498	0.169460
1129.536502	0.156990
1130.226506	0.143250
1130.916510	0.128670
1131.606514	0.113710
1132.296518	0.098700
1132.986522	0.083910
1133.676526	0.069500
1134.366530	0.055460
1135.056534	0.041730
1135.746538	0.028140
1136.436541	0.014530
1137.126545	0.000670
1137.816549	-0.013610
1138.506553	-0.028570
1139.196557	-0.044370
1139.886561	-0.061220
1140.576565	-0.079190
1141.266569	-0.098260
1141.956573	-0.118310
1142.646577	-0.139060
1143.336581	-0.160160
1144.026585	-0.181200
1144.716589	-0.201820
1145.406593	-0.221660
1146.096597	-0.240510
1146.786601	-0.258230
1147.476605	-0.274780
1148.166609	-0.290180
1148.856613	-0.304510
1149.546617	-0.317890
1150.236621	-0.330500
1150.926625	-0.342570
1151.616629	-0.354360
1152.306633	-0.366150
1152.996637	-0.378140
1153.686641	-0.390530
1154.376645	-0.403400
1155.066649	-0.416830
1155.756653	-0.430840
1156.446657	-0.445490
1157.136661	-0.460780
1157.826665	-0.476720
1158.516669	-0.493240
1159.206673	-0.510270
1159.896677	-0.527620
1160.586680	-0.545060
1161.276684	-0.562270
1161.966688	-0.578820
1162.656692	-0.594270
1163.346696	-0.608070
1164.036700	-0.619730
1164.726704	-0.628710
1165.416708	-0.634520
1166.106712	-0.636690
1166.796716	-0.634850
1167.486720	-0.628630
1168.176724	-0.617790
1168.866728	-0.602110
1169.556732	-0.581500
1170.246736	-0.555930
1170.936740	-0.525530
1171.626744	-0.490560
1172.316748	-0.451440
1173.006752	-0.408730
1173.696756	-0.363070
1174.386760	-0.315160
1175.076764	-0.265660
1175.766768	-0.215220
1176.456772	-0.164380
1177.146776	-0.113680
1177.836780	-0.063630
1178.526784	-0.014780
1179.216788	0.032350
1179.906792	0.077170
1180.596796	0.119150
1181.286800	0.157810
1181.976804	0.192770
1182.666808	0.223790
1183.356812	0.250760
1184.046816	0.273730
1184.736820	0.292890
1185.426823	0.308550
1186.116827	0.321060
1186.806831	0.330850
1187.496835	0.338300
1188.186839	0.343790
1188.876843	0.347650
1189.566847	0.350190
1190.256851	0.351750
1190.946855	0.352610
1191.636859	0.353090
1192.326863	0.353480
1193.016867	0.354030
1193.706871	0.354920
1194.396875	0.356290
1195.086879	0.358170
1195.776883	0.360540
1196.466887	0.363280
1197.156891	0.366260
1197.846895	0.369270
1198.536899	0.372160
1199.226903	0.374760
1199.916907	0.376940
1200.606911	0.378690
1201.296915	0.379970
1201.986919	0.380830
1202.676923	0.381270
1203.366927	0.381340
1204.056931	0.381020
1204.746935	0.380290
1205.436939	0.379110
1206.126943	0.377420
1206.816947	0.375110
1207.506951	0.372040
1208.196955	0.367980
1208.886959	0.362710
1209.576962	0.356000
1210.266966	0.347630
1210.956970	0.337470
1211.646974	0.325440
1212.336978	0.311590
1213.026982	0.296010
1213.716986	0.278880
1214.406990	0.260440
1215.096994	0.240930
1215.786998	0.220600
1216.477002	0.199710
1217.167006	0.178490
1217.857010	0.157150
1218.547014	0.135930
1219.237018	0.114990
1219.927022	0.094470
1220.617026	0.074400
1221.307030	0.054780
1221.997034	0.035520
1222.687038	0.016540
1223.377042	-0.002230
1224.067046	-0.020770
1224.757050	-0.039040
1225.447054	-0.056820
1226.137058	-0.073910
1226.827062	-0.089970
1227.517066	-0.104650
