0.000000	-0.129360
0.690028	-0.142630
1.380056	-0.155140
2.070084	-0.166560
2.760112	-0.176540
3.450139	-0.184800
4.140167	-0.191180
4.830195	-0.195530
5.520223	-0.197860
6.210251	-0.198140
6.900279	-0.196460
7.590307	-0.192910
8.280335	-0.187710
8.970363	-0.181080
9.660391	-0.173360
10.350418	-0.164820
11.040446	-0.155750
11.730474	-0.146300
12.420502	-0.136560
13.110530	-0.126590
13.800558	-0.116380
14.490586	-0.105930
15.180614	-0.095200
15.870642	-0.084180
16.560669	-0.072840
17.250697	-0.061280
17.940725	-0.049640
18.630753	-0.038190
19.320781	-0.027260
20.010809	-0.017170
20.700837	-0.008220
21.390865	-0.000610
22.080893	0.005540
22.770921	0.010240
23.460948	0.013540
24.150976	0.015600
24.841004	0.016600
25.531032	0.016790
26.221060	0.016410
26.911088	0.015720
27.601116	0.014910
28.291144	0.014160
28.981172	0.013570
29.671199	0.013190
30.361227	0.012980
31.051255	0.012890
31.741283	0.012830
32.431311	0.012650
33.121339	0.012230
33.811367	0.011390
34.501395	0.009960
35.191423	0.007750
35.881451	0.004630
36.571478	0.000510
37.261506	-0.004580
37.951534	-0.010530
38.641562	-0.017090
39.331590	-0.023940
40.021618	-0.030690
40.711646	-0.036890
41.401674	-0.042120
42.091702	-0.045930
42.781729	-0.048000
43.471757	-0.048080
44.161785	-0.046110
44.851813	-0.042100
45.541841	-0.036270
46.231869	-0.028900
46.921897	-0.020430
47.611925	-0.011360
48.301953	-0.002270
48.991981	0.006300
49.682008	0.013900
50.372036	0.020140
51.062064	0.024780
51.752092	0.027670
52.442120	0.028730
53.132148	0.027910
53.822176	0.025220
54.512204	0.020660
55.202232	0.014260
55.892259	0.006010
56.582287	-0.004070
57.272315	-0.015950
57.962343	-0.029460
58.652371	-0.044320
59.342399	-0.060100
60.032427	-0.076180
60.722455	-0.091930
61.412483	-0.106610
62.102511	-0.119530
62.792538	-0.130020
63.482566	-0.137580
64.172594	-0.141820
64.862622	-0.142600
65.552650	-0.139930
66.242678	-0.134040
66.932706	-0.125240
67.622734	-0.113960
68.312762	-0.100660
69.002789	-0.085820
69.692817	-0.070010
70.382845	-0.053800
71.072873	-0.037840
71.762901	-0.022730
72.452929	-0.009080
73.142957	0.002670
73.832985	0.012180
74.523013	0.019360
75.213041	0.024240
75.903068	0.027050
76.593096	0.028080
77.283124	0.027730
77.973152	0.026410
78.663180	0.024530
79.353208	0.022530
80.043236	0.020810
80.733264	0.019730
81.423292	0.019580
82.113319	0.020550
82.803347	0.022720
83.493375	0.026100
84.183403	0.030630
84.873431	0.036250
85.563459	0.042820
86.253487	0.050190
86.943515	0.058170
87.633543	0.066490
88.323571	0.074900
89.013598	0.083110
89.703626	0.090930
90.393654	0.098130
91.083682	0.104610
91.773710	0.110220
92.463738	0.114950
93.153766	0.118740
93.843794	0.121630
94.533822	0.123650
95.223849	0.124880
95.913877	0.125420
96.603905	0.125370
97.293933	0.124870
97.983961	0.124010
98.673989	0.122930
99.364017	0.121690
100.054045	0.120320
100.744073	0.118790
101.434100	0.117040
102.124128	0.114930
102.814156	0.112390
103.504184	0.109350
104.194212	0.105850
104.884240	0.101980
105.574268	0.097940
106.264296	0.093930
106.954324	0.090140
107.644352	0.086770
108.334379	0.083940
109.024407	0.081770
109.714435	0.080270
110.404463	0.079420
111.094491	0.079110
111.784519	0.079230
112.474547	0.079570
113.164575	0.080000
113.854603	0.080340
114.544630	0.080500
115.234658	0.080430
115.924686	0.080110
116.614714	0.079560
117.304742	0.078750
117.994770	0.077670
118.684798	0.076210
119.374826	0.074330
120.064854	0.072020
120.754882	0.069330
121.444909	0.066380
122.134937	0.063310
122.824965	0.060180
123.514993	0.057010
124.205021	0.053720
124.895049	0.050160
125.585077	0.046180
126.275105	0.041630
126.965133	0.036430
127.655160	0.030460
128.345188	0.023760
129.035216	0.016360
129.725244	0.008440
130.415272	0.000210
131.105300	-0.007990
131.795328	-0.015820
132.485356	-0.022900
133.175384	-0.028890
133.865412	-0.033530
134.555439	-0.036610
135.245467	-0.038050
135.935495	-0.037820
136.625523	-0.036000
137.315551	-0.032720
138.005579	-0.028180
138.695607	-0.022600
139.385635	-0.016240
140.075663	-0.009350
140.765690	-0.002210
141.455718	0.004960
142.145746	0.011890
142.835774	0.018340
143.525802	0.024130
144.215830	0.029070
144.905858	0.033110
145.595886	0.036230
146.285914	0.038550
146.975942	0.040130
147.665969	0.041130
148.355997	0.041670
149.046025	0.041940
149.736053	0.042200
150.426081	0.042810
151.116109	0.044160
151.806137	0.046680
152.496165	0.050790
153.186193	0.056800
153.876220	0.064950
154.566248	0.075360
155.256276	0.088090
155.946304	0.103090
156.636332	0.120340
157.326360	0.139680
158.016388	0.160980
158.706416	0.183980
159.396444	0.208400
160.086472	0.233880
160.776499	0.260070
161.466527	0.286620
162.156555	0.313190
162.846583	0.339470
163.536611	0.365110
164.226639	0.389780
164.916667	0.413070
165.606695	0.434530
166.296723	0.453670
166.986750	0.469940
167.676778	0.482760
168.366806	0.491540
169.056834	0.495720
169.746862	0.494820
170.436890	0.488430
171.126918	0.476270
171.816946	0.458200
172.506974	0.434140
173.197002	0.404210
173.887029	0.368580
174.577057	0.327570
175.267085	0.281530
175.957113	0.230920
176.647141	0.176210
177.337169	0.117950
178.027197	0.056700
178.717225	-0.006970
179.407253	-0.072590
180.097280	-0.139700
180.787308	-0.207950
181.477336	-0.277060
182.167364	-0.346720
182.857392	-0.416620
183.547420	-0.486330
184.237448	-0.555350
184.927476	-0.623010
185.617504	-0.688510
186.307532	-0.750850
186.997559	-0.808880
187.687587	-0.861220
188.377615	-0.906420
189.067643	-0.942950
189.757671	-0.969410
190.447699	-0.984620
191.137727	-0.987740
191.827755	-0.978460
192.517783	-0.956930
193.207810	-0.923980
193.897838	-0.880940
194.587866	-0.829590
195.277894	-0.771870
195.967922	-0.709730
196.657950	-0.644910
197.347978	-0.578900
198.038006	-0.512870
198.728034	-0.447760
199.418062	-0.384310
200.108089	-0.323080
200.798117	-0.264500
201.488145	-0.208850
202.178173	-0.156280
202.868201	-0.106750
203.558229	-0.060070
204.248257	-0.015940
204.938285	0.025880
205.628313	0.065570
206.318340	0.103080
207.008368	0.138160
207.698396	0.170370
208.388424	0.199290
209.078452	0.224580
209.768480	0.245990
210.458508	0.263450
211.148536	0.276940
211.838564	0.286510
212.528592	0.292210
213.218619	0.294190
213.908647	0.292640
214.598675	0.287910
215.288703	0.280410
215.978731	0.270710
216.668759	0.259390
217.358787	0.247100
218.048815	0.234510
218.738843	0.222230
219.428870	0.210860
220.118898	0.200860
220.808926	0.192640
221.498954	0.186430
222.188982	0.182370
222.879010	0.180430
223.569038	0.180460
224.259066	0.182180
224.949094	0.185190
225.639122	0.188990
226.329149	0.193010
227.019177	0.196680
227.709205	0.199520
228.399233	0.201190
229.089261	0.201570
229.779289	0.200840
230.469317	0.199370
231.159345	0.197770
231.849373	0.196660
232.539400	0.196710
233.229428	0.198340
233.919456	0.201810
234.609484	0.207000
235.299512	0.213500
235.989540	0.220580
236.679568	0.227210
237.369596	0.232310
238.059624	0.234810
238.749652	0.233940
239.439679	0.229240
240.129707	0.220720
240.819735	0.208810
241.509763	0.194380
242.199791	0.178540
242.889819	0.162630
243.579847	0.147970
244.269875	0.135820
244.959903	0.127120
245.649930	0.122540
246.339958	0.122350
247.029986	0.126400
247.720014	0.134200
248.410042	0.144950
249.100070	0.157660
249.790098	0.171220
250.480126	0.184600
251.170154	0.196870
251.860182	0.207330
252.550209	0.215510
253.240237	0.221220
253.930265	0.224440
254.620293	0.225360
255.310321	0.224260
256.000349	0.221420
256.690377	0.217180
257.380405	0.211790
258.070433	0.205580
258.760460	0.198850
259.450488	0.192010
260.140516	0.185480
260.830544	0.179790
261.520572	0.175460
262.210600	0.173000
262.900628	0.172770
263.590656	0.175040
264.280684	0.179860
264.970712	0.187060
265.660739	0.196360
266.350767	0.207290
267.040795	0.219370
267.730823	0.232060
268.420851	0.244810
269.110879	0.257020
269.800907	0.268110
270.490935	0.277420
271.180963	0.284370
271.870990	0.288400
272.561018	0.289110
273.251046	0.286300
273.941074	0.279950
274.631102	0.270360
275.321130	0.258000
276.011158	0.243590
276.701186	0.227980
277.391214	0.212150
278.081241	0.197030
278.771269	0.183570
279.461297	0.172500
280.151325	0.164400
280.841353	0.159580
281.531381	0.158110
282.221409	0.159750
282.911437	0.164060
283.601465	0.170390
284.291493	0.177920
284.981520	0.185840
285.671548	0.193300
286.361576	0.199600
287.051604	0.204160
287.741632	0.206640
288.431660	0.206850
289.121688	0.204900
289.811716	0.201000
290.501744	0.195580
291.191771	0.189080
291.881799	0.182000
292.571827	0.174780
293.261855	0.167770
293.951883	0.161230
294.641911	0.155310
295.331939	0.150060
296.021967	0.145420
296.711995	0.141280
297.402023	0.137430
298.092050	0.133680
298.782078	0.129780
299.472106	0.125540
300.162134	0.120730
300.852162	0.115180
301.542190	0.108740
302.232218	0.101260
302.922246	0.092680
303.612274	0.082950
304.302301	0.072090
304.992329	0.060120
305.682357	0.047160
306.372385	0.033290
307.062413	0.018700
307.752441	0.003550
308.442469	-0.011920
309.132497	-0.027500
309.822525	-0.042910
310.512553	-0.057910
311.202580	-0.072240
311.892608	-0.085660
312.582636	-0.097980
313.272664	-0.108990
313.962692	-0.118560
314.652720	-0.126510
315.342748	-0.132760
316.032776	-0.137200
316.722804	-0.139810
317.412831	-0.140580
318.102859	-0.139590
318.792887	-0.136950
319.482915	-0.132870
320.172943	-0.127580
320.862971	-0.121340
321.552999	-0.114450
322.243027	-0.107150
322.933055	-0.099680
323.623083	-0.092200
324.313110	-0.084810
325.003138	-0.077490
325.693166	-0.070220
326.383194	-0.062860
327.073222	-0.055270
327.763250	-0.047300
328.453278	-0.038880
329.143306	-0.030010
329.833334	-0.020830
330.523361	-0.011690
331.213389	-0.003090
331.903417	0.004220
332.593445	0.009390
333.283473	0.011390
333.973501	0.009200
334.663529	0.001780
335.353557	-0.011740
336.043585	-0.032060
336.733613	-0.059540
337.423640	-0.094100
338.113668	-0.135100
338.803696	-0.181310
339.493724	-0.230940
340.183752	-0.281770
340.873780	-0.331480
341.563808	-0.377810
342.253836	-0.418870
342.943864	-0.453220
343.633891	-0.479910
344.323919	-0.498380
345.013947	-0.508500
345.703975	-0.510390
346.394003	-0.504520
347.084031	-0.491550
347.774059	-0.472460
348.464087	-0.448400
349.154115	-0.420680
349.844143	-0.390740
350.534170	-0.359890
351.224198	-0.329310
351.914226	-0.299880
352.604254	-0.272240
353.294282	-0.246670
353.984310	-0.223200
354.674338	-0.201580
355.364366	-0.181380
356.054394	-0.162000
356.744421	-0.142800
357.434449	-0.123150
358.124477	-0.102470
358.814505	-0.080320
359.504533	-0.056240
360.194561	-0.029890
360.884589	-0.000910
361.574617	0.030920
362.264645	0.065760
362.954673	0.103500
363.644700	0.143840
364.334728	0.186210
365.024756	0.229810
365.714784	0.273500
366.404812	0.315950
367.094840	0.355590
367.784868	0.390740
368.474896	0.419790
369.164924	0.441350
369.854951	0.454430
370.544979	0.458490
371.235007	0.453540
371.925035	0.439980
372.615063	0.418640
373.305091	0.390580
373.995119	0.357080
374.685147	0.319490
375.375175	0.279230
376.065203	0.237720
376.755230	0.196230
377.445258	0.155920
378.135286	0.117690
378.825314	0.082270
379.515342	0.050110
380.205370	0.021500
380.895398	-0.003520
381.585426	-0.025010
382.275454	-0.043210
382.965481	-0.058400
383.655509	-0.070930
384.345537	-0.081160
385.035565	-0.089470
385.725593	-0.096160
386.415621	-0.101520
387.105649	-0.105810
387.795677	-0.109190
388.485705	-0.111820
389.175733	-0.113780
389.865760	-0.115150
390.555788	-0.115990
391.245816	-0.116400
391.935844	-0.116470
392.625872	-0.116380
393.315900	-0.116280
394.005928	-0.116350
394.695956	-0.116720
395.385984	-0.117480
396.076011	-0.118670
396.766039	-0.120230
397.456067	-0.122120
398.146095	-0.124200
398.836123	-0.126360
399.526151	-0.128500
400.216179	-0.130560
400.906207	-0.132470
401.596235	-0.134280
402.286263	-0.136030
402.976290	-0.137860
403.666318	-0.139940
404.356346	-0.142450
405.046374	-0.145630
405.736402	-0.149650
406.426430	-0.154690
407.116458	-0.160830
407.806486	-0.168110
408.496514	-0.176480
409.186541	-0.185890
409.876569	-0.196190
410.566597	-0.207280
411.256625	-0.218950
411.946653	-0.231040
412.636681	-0.243320
413.326709	-0.255500
414.016737	-0.267320
414.706765	-0.278480
415.396793	-0.288680
416.086820	-0.297650
416.776848	-0.305130
417.466876	-0.310870
418.156904	-0.314680
418.846932	-0.316360
419.536960	-0.315780
420.226988	-0.312800
420.917016	-0.307370
421.607044	-0.299440
422.297071	-0.289050
422.987099	-0.276260
423.677127	-0.261180
424.367155	-0.244010
425.057183	-0.224920
425.747211	-0.204190
426.437239	-0.182150
427.127267	-0.159200
427.817295	-0.135790
428.507323	-0.112480
429.197350	-0.089860
429.887378	-0.068600
430.577406	-0.049400
431.267434	-0.032990
431.957462	-0.020080
432.647490	-0.011290
433.337518	-0.007150
434.027546	-0.007970
434.717574	-0.013810
435.407601	-0.024380
436.097629	-0.039050
436.787657	-0.056770
437.477685	-0.076150
438.167713	-0.095580
438.857741	-0.113420
439.547769	-0.128120
440.237797	-0.138380
440.927825	-0.143170
441.617853	-0.141740
442.307880	-0.133720
442.997908	-0.119080
443.687936	-0.098220
444.377964	-0.072000
445.067992	-0.041790
445.758020	-0.009360
446.448048	0.023190
447.138076	0.053730
447.828104	0.080250
448.518131	0.101190
449.208159	0.115500
449.898187	0.122750
450.588215	0.123030
451.278243	0.116860
451.968271	0.105190
452.658299	0.089200
453.348327	0.070290
454.038355	0.049940
454.728382	0.029620
455.418410	0.010640
456.108438	-0.005890
456.798466	-0.019140
457.488494	-0.028530
458.178522	-0.033710
458.868550	-0.034480
459.558578	-0.030780
460.248606	-0.022630
460.938634	-0.010120
461.628661	0.006500
462.318689	0.026900
463.008717	0.050540
463.698745	0.076850
464.388773	0.105110
465.078801	0.134660
465.768829	0.164770
466.458857	0.194730
467.148885	0.223800
467.838912	0.251230
468.528940	0.276300
469.218968	0.298400
469.908996	0.317110
470.599024	0.332140
471.289052	0.343430
471.979080	0.351030
472.669108	0.355180
473.359136	0.356180
474.049164	0.354460
474.739191	0.350480
475.429219	0.344810
476.119247	0.338070
476.809275	0.330940
477.499303	0.324080
478.189331	0.318160
478.879359	0.313720
479.569387	0.311090
480.259415	0.310450
480.949442	0.311750
481.639470	0.314810
482.329498	0.319330
483.019526	0.325010
483.709554	0.331490
484.399582	0.338490
485.089610	0.345760
485.779638	0.353130
486.469666	0.360490
487.159694	0.367870
487.849721	0.375290
488.539749	0.382870
489.229777	0.390750
489.919805	0.398990
490.609833	0.407670
491.299861	0.416790
491.989889	0.426350
492.679917	0.436280
493.369945	0.446500
494.059972	0.456880
494.750000	0.467270
495.440028	0.477490
496.130056	0.487370
496.820084	0.496690
497.510112	0.505320
498.200140	0.513140
498.890168	0.520030
499.580196	0.525980
500.270224	0.530980
500.960251	0.535040
501.650279	0.538180
502.340307	0.540380
503.030335	0.541550
503.720363	0.541570
504.410391	0.540210
505.100419	0.537290
505.790447	0.532600
506.480475	0.526030
507.170502	0.517570
507.860530	0.507320
508.550558	0.495510
509.240586	0.482450
509.930614	0.468520
510.620642	0.454050
511.310670	0.439410
512.000698	0.424840
512.690726	0.410600
513.380754	0.396830
514.070781	0.383700
514.760809	0.371280
515.450837	0.359610
516.140865	0.348660
516.830893	0.338290
517.520921	0.328330
518.210949	0.318510
518.900977	0.308550
519.591005	0.298090
520.281032	0.286820
520.971060	0.274350
521.661088	0.260380
522.351116	0.244640
523.041144	0.226940
523.731172	0.207180
524.421200	0.185340
525.111228	0.161520
525.801256	0.135940
526.491284	0.108960
527.181311	0.081080
527.871339	0.052930
528.561367	0.025120
529.251395	-0.001730
529.941423	-0.027200
530.631451	-0.051050
531.321479	-0.073290
532.011507	-0.094050
532.701535	-0.113660
533.391562	-0.132490
534.081590	-0.150950
534.771618	-0.169460
535.461646	-0.188390
536.151674	-0.208170
536.841702	-0.229220
537.531730	-0.251980
538.221758	-0.276880
538.911786	-0.304330
539.601814	-0.334650
540.291841	-0.368070
540.981869	-0.404680
541.671897	-0.444430
542.361925	-0.487120
543.051953	-0.532370
543.741981	-0.579580
544.432009	-0.628010
545.122037	-0.676820
545.812065	-0.725020
546.502092	-0.771530
547.192120	-0.815120
547.882148	-0.854420
548.572176	-0.887900
549.262204	-0.914040
549.952232	-0.931420
550.642260	-0.938930
551.332288	-0.935910
552.022316	-0.922270
552.712344	-0.898520
553.402371	-0.865730
554.092399	-0.825530
554.782427	-0.779900
555.472455	-0.731110
556.162483	-0.681470
556.852511	-0.633150
557.542539	-0.587890
558.232567	-0.546820
558.922595	-0.510390
559.612622	-0.478430
560.302650	-0.450310
560.992678	-0.425200
561.682706	-0.402210
562.372734	-0.380670
563.062762	-0.360190
563.752790	-0.340720
564.442818	-0.322610
565.132846	-0.306480
565.822874	-0.293140
566.512901	-0.283420
567.202929	-0.278090
567.892957	-0.277650
568.582985	-0.282430
569.273013	-0.292420
569.963041	-0.307470
570.653069	-0.327180
571.343097	-0.351090
572.033125	-0.378590
572.723152	-0.409040
573.413180	-0.441780
574.103208	-0.476150
574.793236	-0.511490
575.483264	-0.547130
576.173292	-0.582410
576.863320	-0.616610
577.553348	-0.649020
578.243376	-0.678910
578.933404	-0.705710
579.623431	-0.729060
580.313459	-0.748970
581.003487	-0.765750
581.693515	-0.780000
582.383543	-0.792340
583.073571	-0.803170
583.763599	-0.812460
584.453627	-0.819600
585.143655	-0.823480
585.833682	-0.822570
586.523710	-0.815180
587.213738	-0.799530
587.903766	-0.773970
588.593794	-0.737010
589.283822	-0.687470
589.973850	-0.624540
590.663878	-0.547970
591.353906	-0.458270
592.043934	-0.356810
592.733961	-0.246030
593.423989	-0.129270
594.114017	-0.010680
594.804045	0.105360
595.494073	0.214520
596.184101	0.313100
596.874129	0.398170
597.564157	0.467840
598.254185	0.521080
598.944212	0.557820
599.634240	0.578750
600.324268	0.585280
601.014296	0.579370
601.704324	0.563280
602.394352	0.539470
603.084380	0.510380
603.774408	0.478330
604.464436	0.445390
605.154464	0.413430
605.844491	0.383980
606.534519	0.358290
607.224547	0.337300
607.914575	0.321680
608.604603	0.311790
609.294631	0.307710
609.984659	0.309310
610.674687	0.316190
611.364715	0.327810
612.054742	0.343440
612.744770	0.362250
613.434798	0.383280
614.124826	0.405540
614.814854	0.427940
615.504882	0.449410
616.194910	0.468890
616.884938	0.485510
617.574966	0.498500
618.264994	0.507370
618.955021	0.511910
619.645049	0.512100
620.335077	0.508180
621.025105	0.500500
621.715133	0.489520
622.405161	0.475720
623.095189	0.459590
623.785217	0.441580
624.475245	0.422150
625.165272	0.401700
625.855300	0.380650
626.545328	0.359370
627.235356	0.338220
627.925384	0.317530
628.615412	0.297580
629.305440	0.278630
629.995468	0.260830
630.685496	0.244330
631.375524	0.229150
632.065551	0.215310
632.755579	0.202720
633.445607	0.191360
634.135635	0.181170
634.825663	0.172130
635.515691	0.164200
636.205719	0.157320
636.895747	0.151340
637.585775	0.146010
638.275802	0.140970
638.965830	0.135750
639.655858	0.129870
640.345886	0.122800
641.035914	0.114060
641.725942	0.103220
642.415970	0.090010
643.105998	0.074280
643.796026	0.056150
644.486053	0.035940
645.176081	0.014220
645.866109	-0.008310
646.556137	-0.030840
647.246165	-0.052530
647.936193	-0.072580
648.626221	-0.090190
649.316249	-0.104710
650.006277	-0.115540
650.696305	-0.122300
651.386332	-0.124800
652.076360	-0.123110
652.766388	-0.117510
653.456416	-0.108540
654.146444	-0.096950
654.836472	-0.083740
655.526500	-0.070110
656.216528	-0.057450
656.906556	-0.047420
657.596583	-0.041710
658.286611	-0.042080
658.976639	-0.050090
659.666667	-0.067040
660.356695	-0.093870
661.046723	-0.131080
661.736751	-0.178750
662.426779	-0.236440
663.116807	-0.303110
663.806835	-0.377120
664.496862	-0.456200
665.186890	-0.537730
665.876918	-0.618930
666.566946	-0.697100
667.256974	-0.769900
667.947002	-0.835290
668.637030	-0.891640
669.327058	-0.937650
670.017086	-0.972360
670.707113	-0.995030
671.397141	-1.005220
672.087169	-1.002670
672.777197	-0.987360
673.467225	-0.959440
674.157253	-0.919360
674.847281	-0.867810
675.537309	-0.805800
676.227337	-0.734750
676.917365	-0.656350
677.607392	-0.572550
678.297420	-0.485400
678.987448	-0.396940
679.677476	-0.309030
680.367504	-0.223360
681.057532	-0.141340
681.747560	-0.064160
682.437588	0.007260
683.127616	0.072230
683.817643	0.130280
684.507671	0.181160
685.197699	0.224800
685.887727	0.261340
686.577755	0.291070
687.267783	0.314450
687.957811	0.332070
688.647839	0.344620
689.337867	0.352820
690.027895	0.357450
690.717922	0.359180
691.407950	0.358650
692.097978	0.356330
692.788006	0.352580
693.478034	0.347630
694.168062	0.341550
694.858090	0.334450
695.548118	0.326370
696.238146	0.317470
696.928173	0.307940
697.618201	0.298110
698.308229	0.288300
698.998257	0.278890
699.688285	0.270170
700.378313	0.262440
701.068341	0.255870
701.758369	0.250610
702.448397	0.246650
703.138425	0.243980
703.828452	0.242460
704.518480	0.241890
705.208508	0.242060
705.898536	0.242700
706.588564	0.243570
707.278592	0.244400
707.968620	0.244990
708.658648	0.245100
709.348676	0.244590
710.038703	0.243280
710.728731	0.241090
711.418759	0.237970
712.108787	0.233950
712.798815	0.229130
713.488843	0.223660
714.178871	0.217780
714.868899	0.211760
715.558927	0.205910
716.248955	0.200490
716.938982	0.195790
717.629010	0.191980
718.319038	0.189230
719.009066	0.187610
719.699094	0.187160
720.389122	0.187870
721.079150	0.189730
721.769178	0.192740
722.459206	0.196850
723.149233	0.202070
723.839261	0.208360
724.529289	0.215740
725.219317	0.224140
725.909345	0.233550
726.599373	0.243880
727.289401	0.255070
727.979429	0.266980
728.669457	0.279490
729.359485	0.292430
730.049512	0.305660
730.739540	0.319080
731.429568	0.332570
732.119596	0.346100
732.809624	0.359620
733.499652	0.373130
734.189680	0.386600
734.879708	0.400000
735.569736	0.413260
736.259763	0.426330
736.949791	0.439110
737.639819	0.451530
738.329847	0.463510
739.019875	0.474970
739.709903	0.485820
740.399931	0.495950
741.089959	0.505260
741.779987	0.513600
742.470015	0.520920
743.160042	0.527180
743.850070	0.532450
744.540098	0.536810
745.230126	0.540410
745.920154	0.543360
746.610182	0.545750
747.300210	0.547620
747.990238	0.549030
748.680266	0.549990
749.370293	0.550600
750.060321	0.550980
750.750349	0.551270
751.440377	0.551630
752.130405	0.552190
752.820433	0.553030
753.510461	0.554120
754.200489	0.555410
754.890517	0.556720
755.580545	0.557810
756.270572	0.558350
756.960600	0.557970
757.650628	0.556160
758.340656	0.552360
759.030684	0.545890
759.720712	0.535970
760.410740	0.521820
761.100768	0.502590
761.790796	0.477570
762.480823	0.446140
763.170851	0.407990
763.860879	0.363110
764.550907	0.311860
765.240935	0.254940
765.930963	0.193280
766.620991	0.127950
767.311019	0.060060
768.001047	-0.009310
768.691075	-0.079180
769.381102	-0.148600
770.071130	-0.216740
770.761158	-0.282760
771.451186	-0.345950
772.141214	-0.405670
772.831242	-0.461370
773.521270	-0.512610
774.211298	-0.559100
774.901326	-0.600640
775.591353	-0.637220
776.281381	-0.668920
776.971409	-0.696010
777.661437	-0.718870
778.351465	-0.737990
779.041493	-0.754020
779.731521	-0.767660
780.421549	-0.779680
781.111577	-0.790800
781.801605	-0.801750
782.491632	-0.813110
783.181660	-0.825350
783.871688	-0.838760
784.561716	-0.853510
785.251744	-0.869550
785.941772	-0.886760
786.631800	-0.904920
787.321828	-0.923740
788.011856	-0.942910
788.701883	-0.962100
789.391911	-0.980990
790.081939	-0.999230
790.771967	-1.016520
791.461995	-1.032580
792.152023	-1.047200
792.842051	-1.060190
793.532079	-1.071430
794.222107	-1.080840
794.912135	-1.088390
795.602162	-1.094040
796.292190	-1.097760
796.982218	-1.099560
797.672246	-1.099400
798.362274	-1.097290
799.052302	-1.093160
799.742330	-1.086990
800.432358	-1.078690
801.122386	-1.068190
801.812413	-1.055400
802.502441	-1.040290
803.192469	-1.022860
803.882497	-1.003190
804.572525	-0.981440
805.262553	-0.957780
805.952581	-0.932510
806.642609	-0.905880
807.332637	-0.878230
808.022665	-0.849880
808.712692	-0.821200
809.402720	-0.792590
810.092748	-0.764510
810.782776	-0.737420
811.472804	-0.711800
812.162832	-0.688060
812.852860	-0.666570
813.542888	-0.647570
814.232916	-0.631190
814.922943	-0.617440
815.612971	-0.606200
816.302999	-0.597320
816.993027	-0.590580
817.683055	-0.585770
818.373083	-0.582650
819.063111	-0.580990
819.753139	-0.580510
820.443167	-0.580920
821.133194	-0.581900
821.823222	-0.583150
822.513250	-0.584380
823.203278	-0.585420
823.893306	-0.586110
824.583334	-0.586320
825.273362	-0.585960
825.963390	-0.584840
826.653418	-0.582790
827.343446	-0.579520
828.033473	-0.574720
828.723501	-0.568030
829.413529	-0.559030
830.103557	-0.547290
830.793585	-0.532360
831.483613	-0.513790
832.173641	-0.491200
832.863669	-0.464230
833.553697	-0.432600
834.243724	-0.396130
834.933752	-0.354690
835.623780	-0.308250
836.313808	-0.256830
837.003836	-0.200560
837.693864	-0.139650
838.383892	-0.074470
839.073920	-0.005540
839.763948	0.066500
840.453976	0.140880
841.144003	0.216760
841.834031	0.293330
842.524059	0.369790
843.214087	0.445410
843.904115	0.519580
844.594143	0.591720
845.284171	0.661370
845.974199	0.728130
846.664227	0.791660
847.354254	0.851620
848.044282	0.907760
848.734310	0.959780
849.424338	1.007460
850.114366	1.050610
850.804394	1.089120
851.494422	1.122930
852.184450	1.152100
852.874478	1.176750
853.564506	1.197060
854.254533	1.213300
854.944561	1.225720
855.634589	1.234640
856.324617	1.240330
857.014645	1.243030
857.704673	1.242930
858.394701	1.240260
859.084729	1.235230
859.774757	1.228170
860.464784	1.219440
861.154812	1.209550
861.844840	1.199030
862.534868	1.188450
863.224896	1.178410
863.914924	1.169440
864.604952	1.162010
865.294980	1.156440
865.985008	1.152920
866.675036	1.151460
867.365063	1.151990
868.055091	1.154320
868.745119	1.158220
869.435147	1.163370
870.125175	1.169460
870.815203	1.176080
871.505231	1.182800
872.195259	1.189190
872.885287	1.194790
873.575314	1.199250
874.265342	1.202200
874.955370	1.203330
875.645398	1.202340
876.335426	1.198940
877.025454	1.192840
877.715482	1.183770
878.405510	1.171450
879.095538	1.155680
879.785566	1.136250
880.475593	1.112970
881.165621	1.085690
881.855649	1.054180
882.545677	1.018230
883.235705	0.977580
883.925733	0.931970
884.615761	0.881190
885.305789	0.825080
885.995817	0.763620
886.685844	0.696930
887.375872	0.625240
888.065900	0.548930
888.755928	0.468430
889.445956	0.384220
890.135984	0.296830
890.826012	0.206750
891.516040	0.114540
892.206068	0.020690
892.896096	-0.074250
893.586123	-0.169800
894.276151	-0.265450
894.966179	-0.360690
895.656207	-0.455010
896.346235	-0.547900
897.036263	-0.638900
897.726291	-0.727560
898.416319	-0.813450
899.106347	-0.896170
899.796374	-0.975310
900.486402	-1.050440
901.176430	-1.121130
901.866458	-1.186930
902.556486	-1.247430
903.246514	-1.302200
903.936542	-1.350890
904.626570	-1.393150
905.316598	-1.428730
906.006626	-1.457360
906.696653	-1.478870
907.386681	-1.493100
908.076709	-1.499920
908.766737	-1.499310
909.456765	-1.491260
910.146793	-1.475870
910.836821	-1.453330
911.526849	-1.423940
912.216877	-1.388100
912.906904	-1.346330
913.596932	-1.299200
914.286960	-1.247460
914.976988	-1.191900
915.667016	-1.133400
916.357044	-1.072840
917.047072	-1.011130
917.737100	-0.949120
918.427128	-0.887620
919.117156	-0.827380
919.807183	-0.769050
920.497211	-0.713210
921.187239	-0.660270
921.877267	-0.610560
922.567295	-0.564230
923.257323	-0.521370
923.947351	-0.481870
924.637379	-0.445620
925.327407	-0.412330
926.017434	-0.381750
926.707462	-0.353530
927.397490	-0.327330
928.087518	-0.302850
928.777546	-0.279790
929.467574	-0.257920
930.157602	-0.237040
930.847630	-0.217040
931.537658	-0.197810
932.227686	-0.179320
932.917713	-0.161510
933.607741	-0.144390
934.297769	-0.127920
934.987797	-0.112100
935.677825	-0.096910
936.367853	-0.082340
937.057881	-0.068400
937.747909	-0.055050
938.437937	-0.042270
939.127964	-0.029990
939.817992	-0.018170
940.508020	-0.006700
941.198048	0.004480
941.888076	0.015520
942.578104	0.026510
943.268132	0.037630
943.958160	0.049020
944.648188	0.060850
945.338216	0.073320
946.028243	0.086540
946.718271	0.100630
947.408299	0.115550
948.098327	0.131200
948.788355	0.147290
949.478383	0.163460
950.168411	0.179210
950.858439	0.194080
951.548467	0.207550
952.238494	0.219160
952.928522	0.228480
953.618550	0.235170
954.308578	0.238940
954.998606	0.239610
955.688634	0.237130
956.378662	0.231530
957.068690	0.222990
957.758718	0.211760
958.448746	0.198180
959.138773	0.182580
959.828801	0.165340
960.518829	0.146740
961.208857	0.127090
961.898885	0.106570
962.588913	0.085370
963.278941	0.063610
963.968969	0.041430
964.658997	0.019020
965.349024	-0.003380
966.039052	-0.025390
966.729080	-0.046520
967.419108	-0.066170
968.109136	-0.083710
968.799164	-0.098510
969.489192	-0.110010
970.179220	-0.117790
970.869248	-0.121640
971.559276	-0.121520
972.249303	-0.117670
972.939331	-0.110470
973.629359	-0.100460
974.319387	-0.088350
975.009415	-0.074850
975.699443	-0.060740
976.389471	-0.046690
977.079499	-0.033300
977.769527	-0.020970
978.459554	-0.009970
979.149582	-0.000350
979.839610	0.007900
980.529638	0.014890
981.219666	0.020730
981.909694	0.025610
982.599722	0.029730
983.289750	0.033370
983.979778	0.036880
984.669806	0.040560
985.359833	0.044720
986.049861	0.049510
986.739889	0.054940
987.429917	0.060890
988.119945	0.067120
988.809973	0.073340
989.500001	0.079320
990.190029	0.084850
990.880057	0.089890
991.570084	0.094410
992.260112	0.098510
992.950140	0.102300
993.640168	0.105860
994.330196	0.109300
995.020224	0.112680
995.710252	0.116070
996.400280	0.119480
997.090308	0.122970
997.780335	0.126590
998.470363	0.130390
999.160391	0.134430
999.850419	0.138840
1000.540447	0.143690
1001.230475	0.149140
1001.920503	0.155350
1002.610531	0.162410
1003.300559	0.170430
1003.990587	0.179390
1004.680614	0.189270
1005.370642	0.199950
1006.060670	0.211330
1006.750698	0.223290
1007.440726	0.235730
1008.130754	0.248550
1008.820782	0.261650
1009.510810	0.274880
1010.200838	0.288090
1010.890865	0.301070
1011.580893	0.313550
1012.270921	0.325290
1012.960949	0.335950
1013.650977	0.345180
1014.341005	0.352560
1015.031033	0.357690
1015.721061	0.360140
1016.411089	0.359610
1017.101117	0.355860
1017.791144	0.348830
1018.481172	0.338590
1019.171200	0.325320
1019.861228	0.309300
1020.551256	0.290910
1021.241284	0.270610
1021.931312	0.248900
1022.621340	0.226390
1023.311368	0.203680
1024.001395	0.181390
1024.691423	0.160060
1025.381451	0.140190
1026.071479	0.122080
1026.761507	0.105910
1027.451535	0.091590
1028.141563	0.078930
1028.831591	0.067510
1029.521619	0.056880
1030.211647	0.046600
1030.901674	0.036280
1031.591702	0.025680
1032.281730	0.014670
1032.971758	0.003260
1033.661786	-0.008500
1034.351814	-0.020490
1035.041842	-0.032600
1035.731870	-0.044730
1036.421898	-0.056830
1037.111925	-0.068880
1037.801953	-0.080930
1038.491981	-0.093070
1039.182009	-0.105350
1039.872037	-0.117870
1040.562065	-0.130640
1041.252093	-0.143640
1041.942121	-0.156720
1042.632149	-0.169670
1043.322177	-0.182160
1044.012204	-0.193840
1044.702232	-0.204280
1045.392260	-0.213170
1046.082288	-0.220200
1046.772316	-0.225240
1047.462344	-0.228210
1048.152372	-0.229130
1048.842400	-0.228130
1049.532428	-0.225390
1050.222455	-0.221200
1050.912483	-0.215890
1051.602511	-0.209900
1052.292539	-0.203680
1052.982567	-0.197680
1053.672595	-0.192230
1054.362623	-0.187580
1055.052651	-0.183800
1055.742679	-0.180820
1056.432707	-0.178420
1057.122734	-0.176330
1057.812762	-0.174200
1058.502790	-0.171700
1059.192818	-0.168570
1059.882846	-0.164560
1060.572874	-0.159510
1061.262902	-0.153250
1061.952930	-0.145730
1062.642958	-0.136920
1063.332985	-0.126920
1064.023013	-0.115850
1064.713041	-0.103960
1065.403069	-0.091560
1066.093097	-0.079030
1066.783125	-0.066820
1067.473153	-0.055330
1068.163181	-0.045000
1068.853209	-0.036090
1069.543237	-0.028760
1070.233264	-0.022990
1070.923292	-0.018650
1071.613320	-0.015500
1072.303348	-0.013280
1072.993376	-0.011700
1073.683404	-0.010480
1074.373432	-0.009300
1075.063460	-0.007900
1075.753488	-0.006020
1076.443515	-0.003460
1077.133543	-0.000100
1077.823571	0.004160
1078.513599	0.009290
1079.203627	0.015260
1079.893655	0.021880
1080.583683	0.028880
1081.273711	0.035850
1081.963739	0.042240
1082.653767	0.047390
1083.343794	0.050570
1084.033822	0.051040
1084.723850	0.048130
1085.413878	0.041320
1086.103906	0.030280
1086.793934	0.014900
1087.483962	-0.004730
1088.173990	-0.028270
1088.864018	-0.055280
1089.554045	-0.085100
1090.244073	-0.117050
1090.934101	-0.150360
1091.624129	-0.184350
1092.314157	-0.218390
1093.004185	-0.251940
1093.694213	-0.284450
1094.384241	-0.315420
1095.074269	-0.344220
1095.764297	-0.370280
1096.454324	-0.393040
1097.144352	-0.412010
1097.834380	-0.426820
1098.524408	-0.437210
1099.214436	-0.443000
1099.904464	-0.444090
1100.594492	-0.440460
1101.284520	-0.432060
1101.974548	-0.418870
1102.664575	-0.400810
1103.354603	-0.377860
1104.044631	-0.350120
1104.734659	-0.317850
1105.424687	-0.281600
1106.114715	-0.242130
1106.804743	-0.200460
1107.494771	-0.157800
1108.184799	-0.115510
1108.874827	-0.074930
1109.564854	-0.037340
1110.254882	-0.003770
1110.944910	0.025010
1111.634938	0.048650
1112.324966	0.067050
1113.014994	0.080380
1113.705022	0.089010
1114.395050	0.093410
1115.085078	0.094160
1115.775105	0.091810
1116.465133	0.087010
1117.155161	0.080350
1117.845189	0.072500
1118.535217	0.064100
1119.225245	0.055850
1119.915273	0.048410
1120.605301	0.042410
1121.295329	0.038360
1121.985357	0.036590
1122.675384	0.037210
1123.365412	0.040020
1124.055440	0.044680
1124.745468	0.050650
1125.435496	0.057490
1126.125524	0.064790
1126.815552	0.072330
1127.505580	0.079980
1128.195608	0.087740
1128.885635	0.095580
1129.575663	0.103520
1130.265691	0.111530
1130.955719	0.119640
1131.645747	0.127860
1132.335775	0.136170
1133.025803	0.144520
1133.715831	0.152760
1134.405859	0.160730
1135.095887	0.168170
1135.785914	0.174860
1136.475942	0.180530
1137.165970	0.184960
1137.855998	0.187920
1138.546026	0.189270
1139.236054	0.188880
1139.926082	0.186750
1140.616110	0.182840
1141.306138	0.177160
1141.996165	0.169650
1142.686193	0.160190
1143.376221	0.148630
1144.066249	0.134820
1144.756277	0.118730
1145.446305	0.100420
1146.136333	0.080100
1146.826361	0.058100
1147.516389	0.034830
1148.206417	0.010730
1148.896444	-0.013740
1149.586472	-0.038160
1150.276500	-0.062060
1150.966528	-0.084980
1151.656556	-0.106470
1152.346584	-0.126120
1153.036612	-0.143570
1153.726640	-0.158540
1154.416668	-0.170870
1155.106695	-0.180450
1155.796723	-0.187310
1156.486751	-0.191460
1157.176779	-0.193060
1157.866807	-0.192290
1158.556835	-0.189490
1159.246863	-0.185090
1159.936891	-0.179660
1160.626919	-0.173800
1161.316947	-0.168060
1162.006974	-0.162920
1162.697002	-0.158570
1163.387030	-0.155020
1164.077058	-0.152060
1164.767086	-0.149360
1165.457114	-0.146530
1166.147142	-0.143210
1166.837170	-0.139060
1167.527198	-0.133820
1168.217225	-0.127290
1168.907253	-0.119360
1169.597281	-0.109960
1170.287309	-0.099050
1170.977337	-0.086710
1171.667365	-0.072950
1172.357393	-0.057930
1173.047421	-0.041820
1173.737449	-0.024890
1174.427477	-0.007450
1175.117504	0.010120
1175.807532	0.027440
1176.497560	0.044120
1177.187588	0.059810
1177.877616	0.074240
1178.567644	0.087230
1179.257672	0.098710
1179.947700	0.108670
1180.637728	0.117170
1181.327755	0.124230
1182.017783	0.129900
1182.707811	0.134180
1183.397839	0.137100
1184.087867	0.138720
1184.777895	0.139210
1185.467923	0.138810
1186.157951	0.137900
1186.847979	0.136900
1187.538006	0.136330
1188.228034	0.136700
1188.918062	0.138540
1189.608090	0.142360
1190.298118	0.148580
1190.988146	0.157600
1191.678174	0.169630
1192.368202	0.184790
1193.058230	0.202940
1193.748258	0.223800
1194.438285	0.246920
1195.128313	0.271800
1195.818341	0.297810
1196.508369	0.324370
1197.198397	0.350810
1197.888425	0.376540
1198.578453	0.400990
1199.268481	0.423640
1199.958509	0.444060
1200.648536	0.461890
1201.338564	0.476840
1202.028592	0.488660
1202.718620	0.497230
1203.408648	0.502500
1204.098676	0.504560
1204.788704	0.503540
1205.478732	0.499740
1206.168760	0.493460
1206.858788	0.485100
1207.548815	0.475110
1208.238843	0.463950
1208.928871	0.452120
1209.618899	0.440090
1210.308927	0.428320
1210.998955	0.417100
1211.688983	0.406620
1212.379011	0.396840
1213.069039	0.387570
1213.759066	0.378440
1214.449094	0.369050
1215.139122	0.358920
1215.829150	0.347620
1216.519178	0.334760
1217.209206	0.319880
1217.899234	0.302600
1218.589262	0.282470
1219.279290	0.259120
1219.969318	0.232120
1220.659345	0.201160
1221.349373	0.165880
1222.039401	0.126040
1222.729429	0.081370
1223.419457	0.031740
1224.109485	-0.022890
1224.799513	-0.082320
1225.489541	-0.146110
1226.179569	-0.213570
1226.869596	-0.283660
1227.559624	-0.355170
