0.000000	0.085850
0.690016	0.096590
1.380032	0.104270
2.070048	0.108570
2.760065	0.109510
3.450081	0.107390
4.140097	0.102740
4.830113	0.096210
5.520129	0.088530
6.210145	0.080380
6.900161	0.072370
7.590178	0.065000
8.280194	0.058550
8.970210	0.053160
9.660226	0.048740
10.350242	0.045030
11.040258	0.041630
11.730274	0.038110
12.420291	0.034160
13.110307	0.029530
13.800323	0.024240
14.490339	0.018460
15.180355	0.012530
15.870371	0.006880
16.560387	0.002000
17.250404	-0.001660
17.940420	-0.003670
18.630436	-0.003720
19.320452	-0.001620
20.010468	0.002700
20.700484	0.009150
21.390500	0.017500
22.080517	0.027280
22.770533	0.037810
23.460549	0.048220
24.150565	0.057490
24.840581	0.064590
25.530597	0.068660
26.220613	0.069090
26.910630	0.065680
27.600646	0.058580
28.290662	0.048310
28.980678	0.035640
29.670694	0.021470
30.360710	0.006710
31.050726	-0.007860
31.740743	-0.021670
32.430759	-0.034420
33.120775	-0.046080
33.810791	-0.056860
34.500807	-0.067130
35.190823	-0.077350
35.880839	-0.087970
36.570856	-0.099380
37.260872	-0.111890
37.950888	-0.125680
38.640904	-0.140800
39.330920	-0.157200
40.020936	-0.174800
40.710953	-0.193420
41.400969	-0.212850
42.090985	-0.232880
42.781001	-0.253300
43.471017	-0.273930
44.161033	-0.294640
44.851049	-0.315300
45.541066	-0.335780
46.231082	-0.355860
46.921098	-0.375240
47.611114	-0.393490
48.301130	-0.410090
48.991146	-0.424520
49.681162	-0.436220
50.371179	-0.444740
51.061195	-0.449700
51.751211	-0.450850
52.441227	-0.448050
53.131243	-0.441320
53.821259	-0.430750
54.511275	-0.416530
55.201292	-0.399000
55.891308	-0.378570
56.581324	-0.355770
57.271340	-0.331190
57.961356	-0.305510
58.651372	-0.279390
59.341388	-0.253440
60.031405	-0.228240
60.721421	-0.204240
61.411437	-0.181800
62.101453	-0.161150
62.791469	-0.142380
63.481485	-0.125470
64.171501	-0.110290
64.861518	-0.096660
65.551534	-0.084360
66.241550	-0.073150
66.931566	-0.062860
67.621582	-0.053280
68.311598	-0.044280
69.001614	-0.035730
69.691631	-0.027490
70.381647	-0.019440
71.071663	-0.011460
71.761679	-0.003440
72.451695	0.004750
73.141711	0.013220
73.831727	0.022110
74.521744	0.031500
75.211760	0.041480
75.901776	0.051930
76.591792	0.062630
77.281808	0.073250
77.971824	0.083360
78.661840	0.092600
79.351857	0.100660
80.041873	0.107320
80.731889	0.112520
81.421905	0.116270
82.111921	0.118650
82.801937	0.119810
83.491953	0.119910
84.181970	0.119180
84.871986	0.117850
85.562002	0.116190
86.252018	0.114520
86.942034	0.113150
87.632050	0.112400
88.322066	0.112540
89.012083	0.113780
89.702099	0.116220
90.392115	0.119890
91.082131	0.124660
91.772147	0.130250
92.462163	0.136250
93.152179	0.142150
93.842196	0.147370
94.532212	0.151330
95.222228	0.153540
95.912244	0.153600
96.602260	0.151270
97.292276	0.146530
97.982292	0.139570
98.672309	0.130800
99.362325	0.120840
100.052341	0.110380
100.742357	0.100200
101.432373	0.091000
102.122389	0.083430
102.812405	0.077980
103.502422	0.075050
104.192438	0.074940
104.882454	0.077900
105.572470	0.084140
106.262486	0.093890
106.952502	0.107320
107.642518	0.124610
108.332535	0.145870
109.022551	0.171040
109.712567	0.199920
110.402583	0.232110
111.092599	0.267050
111.782615	0.304050
112.472632	0.342340
113.162648	0.381120
113.852664	0.419580
114.542680	0.456930
115.232696	0.492400
115.922712	0.525200
116.612728	0.554580
117.302745	0.579770
117.992761	0.600100
118.682777	0.615020
119.372793	0.624220
120.062809	0.627620
120.752825	0.625370
121.442841	0.617830
122.132858	0.605510
122.822874	0.588960
123.512890	0.568740
124.202906	0.545400
124.892922	0.519470
125.582938	0.491480
126.272954	0.462000
126.962971	0.431600
127.652987	0.400810
128.343003	0.370050
129.033019	0.339630
129.723035	0.309670
130.413051	0.280170
131.103067	0.250990
131.793084	0.221970
132.483100	0.192900
133.173116	0.163640
133.863132	0.134110
134.553148	0.104370
135.243164	0.074700
135.933180	0.045490
136.623197	0.017290
137.313213	-0.009330
138.003229	-0.033770
138.693245	-0.055520
139.383261	-0.074110
140.073277	-0.089240
140.763293	-0.100790
141.453310	-0.108910
142.143326	-0.114040
142.833342	-0.116860
143.523358	-0.118170
144.213374	-0.118770
144.903390	-0.119360
145.593406	-0.120480
146.283423	-0.122530
146.973439	-0.125690
147.663455	-0.130100
148.353471	-0.135710
149.043487	-0.142460
149.733503	-0.150180
150.423519	-0.158710
151.113536	-0.167810
151.803552	-0.177260
152.493568	-0.186760
153.183584	-0.196000
153.873600	-0.204600
154.563616	-0.212220
155.253632	-0.218480
155.943649	-0.223090
156.633665	-0.225870
157.323681	-0.226700
158.013697	-0.225610
158.703713	-0.222670
159.393729	-0.218020
160.083745	-0.211800
160.773762	-0.204220
161.463778	-0.195490
162.153794	-0.185880
162.843810	-0.175740
163.533826	-0.165460
164.223842	-0.155480
164.913858	-0.146260
165.603875	-0.138250
166.293891	-0.131800
166.983907	-0.127160
167.673923	-0.124460
168.363939	-0.123660
169.053955	-0.124600
169.743971	-0.127050
170.433988	-0.130710
171.124004	-0.135260
171.814020	-0.140400
172.504036	-0.145850
173.194052	-0.151350
173.884068	-0.156680
174.574084	-0.161640
175.264101	-0.166040
175.954117	-0.169680
176.644133	-0.172450
177.334149	-0.174250
178.024165	-0.175080
178.714181	-0.175040
179.404197	-0.174250
180.094214	-0.172900
180.784230	-0.171150
181.474246	-0.169080
182.164262	-0.166680
182.854278	-0.163840
183.544294	-0.160340
184.234311	-0.155880
184.924327	-0.150120
185.614343	-0.142790
186.304359	-0.133720
186.994375	-0.122870
187.684391	-0.110450
188.374407	-0.096790
189.064424	-0.082350
189.754440	-0.067690
190.444456	-0.053380
191.134472	-0.039980
191.824488	-0.027950
192.514504	-0.017670
193.204520	-0.009350
193.894537	-0.003040
194.584553	0.001340
195.274569	0.003970
195.964585	0.005070
196.654601	0.004870
197.344617	0.003570
198.034633	0.001340
198.724650	-0.001700
199.414666	-0.005480
200.104682	-0.009960
200.794698	-0.015130
201.484714	-0.021020
202.174730	-0.027630
202.864746	-0.034970
203.554763	-0.043020
204.244779	-0.051720
204.934795	-0.060970
205.624811	-0.070640
206.314827	-0.080510
207.004843	-0.090330
207.694859	-0.099790
208.384876	-0.108540
209.074892	-0.116220
209.764908	-0.122480
210.454924	-0.127060
211.144940	-0.129760
211.834956	-0.130440
212.524972	-0.129020
213.214989	-0.125460
213.905005	-0.119770
214.595021	-0.112070
215.285037	-0.102680
215.975053	-0.092090
216.665069	-0.080970
217.355085	-0.070110
218.045102	-0.060310
218.735118	-0.052290
219.425134	-0.046620
220.115150	-0.043620
220.805166	-0.043430
221.495182	-0.045950
222.185198	-0.050970
222.875215	-0.058150
223.565231	-0.067140
224.255247	-0.077560
224.945263	-0.088940
225.635279	-0.100830
226.325295	-0.112710
227.015311	-0.124160
227.705328	-0.134760
228.395344	-0.144250
229.085360	-0.152360
229.775376	-0.158900
230.465392	-0.163690
231.155408	-0.166590
231.845424	-0.167460
232.535441	-0.166200
233.225457	-0.162800
233.915473	-0.157260
234.605489	-0.149650
235.295505	-0.140130
235.985521	-0.128950
236.675537	-0.116400
237.365554	-0.102880
238.055570	-0.088770
238.745586	-0.074480
239.435602	-0.060420
240.125618	-0.046960
240.815634	-0.034400
241.505650	-0.022980
242.195667	-0.012850
242.885683	-0.004020
243.575699	0.003590
244.265715	0.010150
244.955731	0.015870
245.645747	0.021010
246.335763	0.025740
247.025780	0.030250
247.715796	0.034620
248.405812	0.038870
249.095828	0.043010
249.785844	0.047020
250.475860	0.050920
251.165876	0.054780
251.855893	0.058710
252.545909	0.062880
253.235925	0.067430
253.925941	0.072460
254.615957	0.078060
255.305973	0.084170
255.995990	0.090700
256.686006	0.097450
257.376022	0.104160
258.066038	0.110520
258.756054	0.116170
259.446070	0.120780
260.136086	0.123990
260.826103	0.125560
261.516119	0.125280
262.206135	0.123040
262.896151	0.118840
263.586167	0.112820
264.276183	0.105190
264.966199	0.096270
265.656216	0.086460
266.346232	0.076150
267.036248	0.065750
267.726264	0.055600
268.416280	0.046010
269.106296	0.037200
269.796312	0.029340
270.486329	0.022560
271.176345	0.016950
271.866361	0.012550
272.556377	0.009460
273.246393	0.007740
273.936409	0.007510
274.626425	0.008890
275.316442	0.012020
276.006458	0.016990
276.696474	0.023810
277.386490	0.032420
278.076506	0.042620
278.766522	0.054150
279.456538	0.066680
280.146555	0.079860
280.836571	0.093320
281.526587	0.106720
282.216603	0.119690
282.906619	0.132000
283.596635	0.143450
284.286651	0.153940
284.976668	0.163410
285.666684	0.171840
286.356700	0.179160
287.046716	0.185260
287.736732	0.189990
288.426748	0.193150
289.116764	0.194590
289.806781	0.194160
290.496797	0.191800
291.186813	0.187450
291.876829	0.181080
292.566845	0.172700
293.256861	0.162350
293.946877	0.150140
294.636894	0.136250
295.326910	0.120960
296.016926	0.104560
296.706942	0.087420
297.396958	0.069940
298.086974	0.052560
298.776990	0.035710
299.467007	0.019860
300.157023	0.005450
300.847039	-0.007130
301.537055	-0.017530
302.227071	-0.025540
302.917087	-0.031000
303.607103	-0.033920
304.297120	-0.034370
304.987136	-0.032560
305.677152	-0.028750
306.367168	-0.023280
307.057184	-0.016530
307.747200	-0.008910
308.437216	-0.000790
309.127233	0.007450
309.817249	0.015560
310.507265	0.023290
311.197281	0.030550
311.887297	0.037230
312.577313	0.043310
313.267329	0.048820
313.957346	0.053850
314.647362	0.058550
315.337378	0.063150
316.027394	0.067880
316.717410	0.072980
317.407426	0.078690
318.097442	0.085220
318.787459	0.092760
319.477475	0.101530
320.167491	0.111670
320.857507	0.123330
321.547523	0.136570
322.237539	0.151420
322.927555	0.167790
323.617572	0.185540
324.307588	0.204470
324.997604	0.224330
325.687620	0.244870
326.377636	0.265800
327.067652	0.286840
327.757668	0.307700
328.447685	0.328120
329.137701	0.347840
329.827717	0.366610
330.517733	0.384230
331.207749	0.400510
331.897765	0.415230
332.587782	0.428210
333.277798	0.439230
333.967814	0.448040
334.657830	0.454320
335.347846	0.457730
336.037862	0.457850
336.727878	0.454270
337.417895	0.446620
338.107911	0.434590
338.797927	0.417950
339.487943	0.396570
340.177959	0.370380
340.867975	0.339390
341.557991	0.303640
342.248008	0.263250
342.938024	0.218340
343.628040	0.169100
344.318056	0.115740
345.008072	0.058490
345.698088	-0.002380
346.388104	-0.066600
347.078121	-0.133870
347.768137	-0.203850
348.458153	-0.276210
349.148169	-0.350570
349.838185	-0.426560
350.528201	-0.503740
351.218217	-0.581600
351.908234	-0.659560
352.598250	-0.736850
353.288266	-0.812560
353.978282	-0.885570
354.668298	-0.954560
355.358314	-1.018020
356.048330	-1.074330
356.738347	-1.121820
357.428363	-1.158900
358.118379	-1.184170
358.808395	-1.196590
359.498411	-1.195500
360.188427	-1.180770
360.878443	-1.152800
361.568460	-1.112570
362.258476	-1.061520
362.948492	-1.001480
363.638508	-0.934350
364.328524	-0.861970
365.018540	-0.785960
365.708556	-0.707680
366.398573	-0.628240
367.088589	-0.548600
367.778605	-0.469660
368.468621	-0.392250
369.158637	-0.317150
369.848653	-0.245070
370.538669	-0.176630
371.228686	-0.112290
371.918702	-0.052420
372.608718	0.002760
373.298734	0.053050
373.988750	0.098260
374.678766	0.138150
375.368782	0.172480
376.058799	0.201020
376.748815	0.223650
377.438831	0.240420
378.128847	0.251540
378.818863	0.257380
379.508879	0.258470
380.198895	0.255450
380.888912	0.249060
381.578928	0.240120
382.268944	0.229510
382.958960	0.218090
383.648976	0.206640
384.338992	0.195840
385.029008	0.186200
385.719025	0.178070
386.409041	0.171660
387.099057	0.167090
387.789073	0.164340
388.479089	0.163330
389.169105	0.163930
389.859121	0.165920
390.549138	0.169050
391.239154	0.173020
391.929170	0.177470
392.619186	0.181990
393.309202	0.186170
393.999218	0.189590
394.689234	0.191900
395.379251	0.192870
396.069267	0.192470
396.759283	0.190870
397.449299	0.188460
398.139315	0.185860
398.829331	0.183750
399.519347	0.182830
400.209364	0.183700
400.899380	0.186760
401.589396	0.192160
402.279412	0.199760
402.969428	0.209130
403.659444	0.219480
404.349461	0.229770
405.039477	0.238810
405.729493	0.245400
406.419509	0.248570
407.109525	0.247670
407.799541	0.242410
408.489557	0.232950
409.179574	0.219750
409.869590	0.203580
410.559606	0.185470
411.249622	0.166620
411.939638	0.148420
412.629654	0.132200
413.319670	0.119200
414.009687	0.110350
414.699703	0.106120
415.389719	0.106550
416.079735	0.111220
416.769751	0.119390
417.459767	0.130120
418.149783	0.142390
418.839800	0.155220
419.529816	0.167730
420.219832	0.179210
420.909848	0.189160
421.599864	0.197240
422.289880	0.203320
422.979896	0.207460
423.669913	0.209770
424.359929	0.210480
425.049945	0.209840
425.739961	0.208070
426.429977	0.205440
427.119993	0.202140
427.810009	0.198360
428.500026	0.194240
429.190042	0.189940
429.880058	0.185650
430.570074	0.181550
431.260090	0.177910
431.950106	0.174990
432.640122	0.173080
433.330139	0.172480
434.020155	0.173440
434.710171	0.176070
435.400187	0.180390
436.090203	0.186180
436.780219	0.193020
437.470235	0.200310
438.160252	0.207330
438.850268	0.213350
439.540284	0.217680
440.230300	0.219770
440.920316	0.219290
441.610332	0.216120
442.300348	0.210340
442.990365	0.202280
443.680381	0.192400
444.370397	0.181280
445.060413	0.169570
445.750429	0.157880
446.440445	0.146750
447.130461	0.136610
447.820478	0.127780
448.510494	0.120380
449.200510	0.114460
449.890526	0.109930
450.580542	0.106610
451.270558	0.104230
451.960574	0.102420
452.650591	0.100750
453.340607	0.098800
454.030623	0.096200
454.720639	0.092670
455.410655	0.088140
456.100671	0.082750
456.790687	0.076820
457.480704	0.070750
458.170720	0.065020
458.860736	0.060070
459.550752	0.056260
460.240768	0.053860
460.930784	0.053100
461.620800	0.054070
462.310817	0.056790
463.000833	0.061200
463.690849	0.067080
464.380865	0.074130
465.070881	0.081930
465.760897	0.090050
466.450913	0.097980
467.140930	0.105270
467.830946	0.111470
468.520962	0.116240
469.210978	0.119280
469.900994	0.120450
470.591010	0.119670
471.281026	0.116950
471.971043	0.112420
472.661059	0.106190
473.351075	0.098410
474.041091	0.089220
474.731107	0.078710
475.421123	0.066950
476.111140	0.054000
476.801156	0.039930
477.491172	0.024830
478.181188	0.008870
478.871204	-0.007650
479.561220	-0.024430
480.251236	-0.040980
480.941253	-0.056800
481.631269	-0.071360
482.321285	-0.084160
483.011301	-0.094740
483.701317	-0.102690
484.391333	-0.107730
485.081349	-0.109660
485.771366	-0.108440
486.461382	-0.104200
487.151398	-0.097210
487.841414	-0.087890
488.531430	-0.076770
489.221446	-0.064420
489.911462	-0.051370
490.601479	-0.038120
491.291495	-0.025040
491.981511	-0.012410
492.671527	-0.000380
493.361543	0.010890
494.051559	0.021380
494.741575	0.031020
495.431592	0.039780
496.121608	0.047660
496.811624	0.054620
497.501640	0.060620
498.191656	0.065570
498.881672	0.069310
499.571688	0.071610
500.261705	0.072180
500.951721	0.070650
501.641737	0.066610
502.331753	0.059520
503.021769	0.048780
503.711785	0.033720
504.401801	0.013650
505.091818	-0.011950
505.781834	-0.043320
506.471850	-0.080120
507.161866	-0.121350
507.851882	-0.165400
508.541898	-0.210230
509.231914	-0.253650
509.921931	-0.293550
510.611947	-0.328100
511.301963	-0.355840
511.991979	-0.375670
512.681995	-0.386850
513.372011	-0.389080
514.062027	-0.382450
514.752044	-0.367480
515.442060	-0.345130
516.132076	-0.316690
516.822092	-0.283750
517.512108	-0.248030
518.202124	-0.211230
518.892140	-0.174900
519.582157	-0.140270
520.272173	-0.108220
520.962189	-0.079200
521.652205	-0.053270
522.342221	-0.030180
523.032237	-0.009390
523.722253	0.009780
524.412270	0.028090
525.102286	0.046280
525.792302	0.065080
526.482318	0.085140
527.172334	0.107090
527.862350	0.131530
528.552366	0.158920
529.242383	0.189570
529.932399	0.223530
530.622415	0.260650
531.312431	0.300500
532.002447	0.342480
532.692463	0.385800
533.382479	0.429500
534.072496	0.472510
534.762512	0.513580
535.452528	0.551360
536.142544	0.584510
536.832560	0.611810
537.522576	0.632330
538.212592	0.645480
538.902609	0.651080
539.592625	0.649380
540.282641	0.640940
540.972657	0.626560
541.662673	0.607280
542.352689	0.584160
543.042705	0.558320
543.732722	0.530670
544.422738	0.501920
545.112754	0.472430
545.802770	0.442230
546.492786	0.411020
547.182802	0.378220
547.872819	0.343030
548.562835	0.304540
549.252851	0.261720
549.942867	0.213600
550.632883	0.159300
551.322899	0.098060
552.012915	0.029450
552.702932	-0.046620
553.392948	-0.129790
554.082964	-0.219170
554.772980	-0.313340
555.462996	-0.410480
556.153012	-0.508530
556.843028	-0.605430
557.533045	-0.699320
558.223061	-0.788720
558.913077	-0.872610
559.603093	-0.950420
560.293109	-1.022020
560.983125	-1.087520
561.673141	-1.147230
562.363158	-1.201550
563.053174	-1.250890
563.743190	-1.295630
564.433206	-1.336090
565.123222	-1.372510
565.813238	-1.404980
566.503254	-1.433440
567.193271	-1.457650
567.883287	-1.477150
568.573303	-1.491260
569.263319	-1.499180
569.953335	-1.499930
570.643351	-1.492490
571.333367	-1.475910
572.023384	-1.449320
572.713400	-1.412070
573.403416	-1.363750
574.093432	-1.304350
574.783448	-1.234180
575.473464	-1.154020
576.163480	-1.065160
576.853497	-0.969470
577.543513	-0.869410
578.233529	-0.767940
578.923545	-0.668240
579.613561	-0.573380
580.303577	-0.485980
580.993593	-0.407940
581.683610	-0.340380
582.373626	-0.283610
583.063642	-0.237270
583.753658	-0.200430
584.443674	-0.171780
585.133690	-0.149710
585.823706	-0.132530
586.513723	-0.118600
587.203739	-0.106470
587.893755	-0.094930
588.583771	-0.083090
589.273787	-0.070340
589.963803	-0.056310
590.653819	-0.040840
591.343836	-0.023910
592.033852	-0.005640
592.723868	0.013750
593.413884	0.034010
594.103900	0.054820
594.793916	0.075830
595.483932	0.096700
596.173949	0.117050
596.863965	0.136460
597.553981	0.154490
598.243997	0.170620
598.934013	0.184310
599.624029	0.195030
600.314045	0.202260
601.004062	0.205510
601.694078	0.204470
602.384094	0.198980
603.074110	0.189190
603.764126	0.175590
604.454142	0.159040
605.144158	0.140700
605.834175	0.121990
606.524191	0.104360
607.214207	0.089250
607.904223	0.077900
608.594239	0.071380
609.284255	0.070500
609.974271	0.075780
610.664288	0.087450
611.354304	0.105410
612.044320	0.129140
612.734336	0.157710
613.424352	0.189740
614.114368	0.223430
614.804384	0.256720
615.494401	0.287470
616.184417	0.313690
616.874433	0.333710
617.564449	0.346330
618.254465	0.350920
618.944481	0.347330
619.634497	0.335970
620.324514	0.317610
621.014530	0.293330
621.704546	0.264380
622.394562	0.232110
623.084578	0.197880
623.774594	0.163080
624.464611	0.129050
625.154627	0.097080
625.844643	0.068390
626.534659	0.044030
627.224675	0.024880
627.914691	0.011530
628.604707	0.004380
629.294724	0.003550
629.984740	0.009000
630.674756	0.020500
631.364772	0.037730
632.054788	0.060260
632.744804	0.087560
633.434820	0.118970
634.124837	0.153670
634.814853	0.190680
635.504869	0.228920
636.194885	0.267270
636.884901	0.304680
637.574917	0.340260
638.264933	0.373290
638.954950	0.403230
639.644966	0.429720
640.334982	0.452570
641.024998	0.471710
641.715014	0.487260
642.405030	0.499470
643.095046	0.508720
643.785063	0.515550
644.475079	0.520530
645.165095	0.524320
645.855111	0.527410
646.545127	0.530160
647.235143	0.532690
647.925159	0.534810
648.615176	0.536160
649.305192	0.536340
649.995208	0.534980
650.685224	0.531960
651.375240	0.527420
652.065256	0.521760
652.755272	0.515560
653.445289	0.509480
654.135305	0.504190
654.825321	0.500210
655.515337	0.497970
656.205353	0.497680
656.895369	0.499370
657.585385	0.502890
658.275402	0.507930
658.965418	0.514030
659.655434	0.520710
660.345450	0.527490
661.035466	0.533920
661.725482	0.539650
662.415498	0.544460
663.105515	0.548210
663.795531	0.550840
664.485547	0.552430
665.175563	0.553140
665.865579	0.553240
666.555595	0.553030
667.245611	0.552810
667.935628	0.552830
668.625644	0.553260
669.315660	0.554180
670.005676	0.555530
670.695692	0.557160
671.385708	0.558860
672.075724	0.560370
672.765741	0.561410
673.455757	0.561810
674.145773	0.561430
674.835789	0.560220
675.525805	0.558210
676.215821	0.555450
676.905837	0.552000
677.595854	0.547940
678.285870	0.543320
678.975886	0.538190
679.665902	0.532550
680.355918	0.526380
681.045934	0.519630
681.735950	0.512160
682.425967	0.503810
683.115983	0.494390
683.805999	0.483650
684.496015	0.471300
685.186031	0.457070
685.876047	0.440660
686.566063	0.421790
687.256080	0.400250
687.946096	0.375880
688.636112	0.348630
689.326128	0.318550
690.016144	0.285810
690.706160	0.250690
691.396176	0.213610
692.086193	0.175080
692.776209	0.135720
693.466225	0.096140
694.156241	0.057000
694.846257	0.018900
695.536273	-0.017540
696.226290	-0.051790
696.916306	-0.083350
697.606322	-0.111840
698.296338	-0.137120
698.986354	-0.159240
699.676370	-0.178540
700.366386	-0.195550
701.056403	-0.210900
701.746419	-0.225270
702.436435	-0.239350
703.126451	-0.253760
703.816467	-0.269150
704.506483	-0.286070
705.196499	-0.305050
705.886516	-0.326550
706.576532	-0.350940
707.266548	-0.378460
707.956564	-0.409170
708.646580	-0.443060
709.336596	-0.479900
710.026612	-0.519370
710.716629	-0.560960
711.406645	-0.604050
712.096661	-0.647860
712.786677	-0.691480
713.476693	-0.733970
714.166709	-0.774210
714.856725	-0.810980
715.546742	-0.842980
716.236758	-0.868880
716.926774	-0.887490
717.616790	-0.897870
718.306806	-0.899370
718.996822	-0.891750
719.686838	-0.875170
720.376855	-0.850200
721.066871	-0.817820
721.756887	-0.779380
722.446903	-0.736560
723.136919	-0.691220
723.826935	-0.645230
724.516951	-0.600270
725.206968	-0.557690
725.896984	-0.518390
726.587000	-0.482830
727.277016	-0.451060
727.967032	-0.422840
728.657048	-0.397730
729.347064	-0.375230
730.037081	-0.354790
730.727097	-0.335990
731.417113	-0.318620
732.107129	-0.302710
732.797145	-0.288580
733.487161	-0.276720
734.177177	-0.267720
734.867194	-0.262080
735.557210	-0.260190
736.247226	-0.262230
736.937242	-0.268210
737.627258	-0.278060
738.317274	-0.291650
739.007290	-0.308760
739.697307	-0.329120
740.387323	-0.352350
741.077339	-0.377930
741.767355	-0.405200
742.457371	-0.433390
743.147387	-0.461700
743.837403	-0.489300
744.527420	-0.515460
745.217436	-0.539530
745.907452	-0.561070
746.597468	-0.579850
747.287484	-0.595940
747.977500	-0.609690
748.667516	-0.621720
749.357533	-0.632750
750.047549	-0.643410
750.737565	-0.653980
751.427581	-0.664290
752.117597	-0.673590
752.807613	-0.680700
753.497629	-0.684200
754.187646	-0.682530
754.877662	-0.674250
755.567678	-0.658050
756.257694	-0.632860
756.947710	-0.597820
757.637726	-0.552350
758.327742	-0.496230
759.017759	-0.429600
759.707775	-0.353180
760.397791	-0.268340
761.087807	-0.177230
761.777823	-0.082710
762.467839	0.011780
763.157855	0.102740
763.847872	0.186880
764.537888	0.261600
765.227904	0.325190
765.917920	0.376880
766.607936	0.416740
767.297952	0.445500
767.987969	0.464380
768.677985	0.474830
769.368001	0.478440
770.058017	0.476730
770.748033	0.471120
771.438049	0.462850
772.128065	0.453020
772.818082	0.442580
773.508098	0.432330
774.198114	0.422970
774.888130	0.415060
775.578146	0.409030
776.268162	0.405150
776.958178	0.403510
777.648195	0.404030
778.338211	0.406490
779.028227	0.410580
779.718243	0.415970
780.408259	0.422340
781.098275	0.429440
781.788291	0.437090
782.478308	0.445070
783.168324	0.453200
783.858340	0.461240
784.548356	0.468960
785.238372	0.476030
785.928388	0.482180
786.618404	0.487070
787.308421	0.490360
787.998437	0.491690
788.688453	0.490740
789.378469	0.487190
790.068485	0.480900
790.758501	0.471850
791.448517	0.460220
792.138534	0.446360
792.828550	0.430830
793.518566	0.414250
794.208582	0.397250
794.898598	0.380440
795.588614	0.364300
796.278630	0.349210
796.968647	0.335440
797.658663	0.323200
798.348679	0.312590
799.038695	0.303660
799.728711	0.296330
800.418727	0.290370
801.108743	0.285410
801.798760	0.280960
802.488776	0.276430
803.178792	0.271160
803.868808	0.264490
804.558824	0.255790
805.248840	0.244490
805.938856	0.230170
806.628873	0.212590
807.318889	0.191700
808.008905	0.167680
808.698921	0.140860
809.388937	0.111730
810.078953	0.080880
810.768969	0.048980
811.458986	0.016780
812.149002	-0.015010
812.839018	-0.045670
813.529034	-0.074520
814.219050	-0.100960
814.909066	-0.124500
815.599082	-0.144730
816.289099	-0.161380
816.979115	-0.174290
817.669131	-0.183410
818.359147	-0.188810
819.049163	-0.190730
819.739179	-0.189520
820.429195	-0.185680
821.119212	-0.179870
821.809228	-0.172820
822.499244	-0.165420
823.189260	-0.158630
823.879276	-0.153520
824.569292	-0.151240
825.259308	-0.153000
825.949325	-0.160010
826.639341	-0.173390
827.329357	-0.194080
828.019373	-0.222670
828.709389	-0.259350
829.399405	-0.303790
830.089421	-0.355100
830.779438	-0.411720
831.469454	-0.471570
832.159470	-0.532190
832.849486	-0.591020
833.539502	-0.645650
834.229518	-0.694110
834.919534	-0.734910
835.609551	-0.767030
836.299567	-0.789830
836.989583	-0.802960
837.679599	-0.806200
838.369615	-0.799450
839.059631	-0.782700
839.749648	-0.755990
840.439664	-0.719520
841.129680	-0.673640
841.819696	-0.618920
842.509712	-0.556210
843.199728	-0.486650
843.889744	-0.411610
844.579761	-0.332720
845.269777	-0.251760
845.959793	-0.170560
846.649809	-0.090970
847.339825	-0.014720
848.029841	0.056600
848.719857	0.121690
849.409874	0.179510
850.099890	0.229410
850.789906	0.271110
851.479922	0.304690
852.169938	0.330540
852.859954	0.349280
853.549970	0.361670
854.239987	0.368570
854.930003	0.370900
855.620019	0.369540
856.310035	0.365360
857.000051	0.359110
857.690067	0.351440
858.380083	0.342880
859.070100	0.333820
859.760116	0.324520
860.450132	0.315190
861.140148	0.305910
861.830164	0.296800
862.520180	0.287980
863.210196	0.279550
863.900213	0.271640
864.590229	0.264380
865.280245	0.257880
865.970261	0.252170
866.660277	0.247320
867.350293	0.243330
868.040309	0.240180
868.730326	0.237830
869.420342	0.236180
870.110358	0.235100
870.800374	0.234460
871.490390	0.234070
872.180406	0.233810
872.870422	0.233540
873.560439	0.233160
874.250455	0.232620
874.940471	0.231860
875.630487	0.230880
876.320503	0.229680
877.010519	0.228300
877.700535	0.226730
878.390552	0.225010
879.080568	0.223110
879.770584	0.221030
880.460600	0.218780
881.150616	0.216380
881.840632	0.213920
882.530648	0.211540
883.220665	0.209450
883.910681	0.207870
884.600697	0.207070
885.290713	0.207290
885.980729	0.208760
886.670745	0.211640
887.360761	0.216080
888.050778	0.222110
888.740794	0.229730
889.430810	0.238870
890.120826	0.249380
890.810842	0.261090
891.500858	0.273830
892.190874	0.287400
892.880891	0.301590
893.570907	0.316220
894.260923	0.331140
894.950939	0.346160
895.640955	0.361140
896.330971	0.375970
897.020987	0.390540
897.711004	0.404770
898.401020	0.418590
899.091036	0.431940
899.781052	0.444750
900.471068	0.456990
901.161084	0.468640
901.851100	0.479710
902.541117	0.490230
903.231133	0.500220
903.921149	0.509690
904.611165	0.518650
905.301181	0.527120
905.991197	0.535130
906.681213	0.542780
907.371230	0.550140
908.061246	0.557270
908.751262	0.564190
909.441278	0.570860
910.131294	0.577240
910.821310	0.583210
911.511327	0.588670
912.201343	0.593520
912.891359	0.597630
913.581375	0.600880
914.271391	0.603180
914.961407	0.604450
915.651423	0.604710
916.341440	0.604000
917.031456	0.602440
917.721472	0.600150
918.411488	0.597300
919.101504	0.594080
919.791520	0.590640
920.481536	0.587180
921.171553	0.583850
921.861569	0.580780
922.551585	0.578000
923.241601	0.575450
923.931617	0.572910
924.621633	0.570010
925.311649	0.566240
926.001666	0.560940
926.691682	0.553410
927.381698	0.542930
928.071714	0.528810
928.761730	0.510470
929.451746	0.487440
930.141762	0.459440
930.831779	0.426380
931.521795	0.388380
932.211811	0.345780
932.901827	0.299050
933.591843	0.248750
934.281859	0.195430
934.971875	0.139610
935.661892	0.081780
936.351908	0.022440
937.041924	-0.037820
937.731940	-0.098450
938.421956	-0.158750
939.111972	-0.218030
939.801988	-0.275600
940.492005	-0.330790
941.182021	-0.382970
941.872037	-0.431650
942.562053	-0.476420
943.252069	-0.517000
943.942085	-0.553270
944.632101	-0.585220
945.322118	-0.613010
946.012134	-0.636960
946.702150	-0.657530
947.392166	-0.675300
948.082182	-0.690940
948.772198	-0.705130
949.462214	-0.718550
950.152231	-0.731820
950.842247	-0.745490
951.532263	-0.760010
952.222279	-0.775730
952.912295	-0.792910
953.602311	-0.811680
954.292327	-0.832060
954.982344	-0.853950
955.672360	-0.877140
956.362376	-0.901320
957.052392	-0.926110
957.742408	-0.951130
958.432424	-0.975940
959.122440	-1.000070
959.812457	-1.023110
960.502473	-1.044620
961.192489	-1.064220
961.882505	-1.081600
962.572521	-1.096520
963.262537	-1.108800
963.952553	-1.118290
964.642570	-1.124920
965.332586	-1.128630
966.022602	-1.129390
966.712618	-1.127240
967.402634	-1.122210
968.092650	-1.114400
968.782666	-1.103880
969.472683	-1.090700
970.162699	-1.074890
970.852715	-1.056470
971.542731	-1.035460
972.232747	-1.011930
972.922763	-0.985980
973.612779	-0.957840
974.302796	-0.927730
974.992812	-0.895960
975.682828	-0.862870
976.372844	-0.828850
977.062860	-0.794350
977.752876	-0.759880
978.442892	-0.725980
979.132909	-0.693220
979.822925	-0.662110
980.512941	-0.633100
981.202957	-0.606550
981.892973	-0.582690
982.582989	-0.561670
983.273005	-0.543540
983.963022	-0.528280
984.653038	-0.515780
985.343054	-0.505880
986.033070	-0.498350
986.723086	-0.492940
987.413102	-0.489390
988.103119	-0.487450
988.793135	-0.486930
989.483151	-0.487640
990.173167	-0.489420
990.863183	-0.492080
991.553199	-0.495430
992.243215	-0.499220
992.933232	-0.503170
993.623248	-0.506960
994.313264	-0.510250
995.003280	-0.512660
995.693296	-0.513810
996.383312	-0.513270
997.073328	-0.510610
997.763345	-0.505390
998.453361	-0.497160
999.143377	-0.485490
999.833393	-0.469940
1000.523409	-0.450170
1001.213425	-0.425820
1001.903441	-0.396610
1002.593458	-0.362290
1003.283474	-0.322730
1003.973490	-0.277840
1004.663506	-0.227690
1005.353522	-0.172430
1006.043538	-0.112340
1006.733554	-0.047840
1007.423571	0.020580
1008.113587	0.092310
1008.803603	0.166660
1009.493619	0.242880
1010.183635	0.320240
1010.873651	0.398010
1011.563667	0.475560
1012.253684	0.552270
1012.943700	0.627580
1013.633716	0.700920
1014.323732	0.771760
1015.013748	0.839570
1015.703764	0.903840
1016.393780	0.964110
1017.083797	1.019970
1017.773813	1.071070
1018.463829	1.117140
1019.153845	1.158030
1019.843861	1.193680
1020.533877	1.224140
1021.223893	1.249550
1021.913910	1.270130
1022.603926	1.286150
1023.293942	1.297960
1023.983958	1.305960
1024.673974	1.310590
1025.363990	1.312300
1026.054006	1.311570
1026.744023	1.308900
1027.434039	1.304740
1028.124055	1.299560
1028.814071	1.293740
1029.504087	1.287630
1030.194103	1.281530
1030.884119	1.275680
1031.574136	1.270270
1032.264152	1.265490
1032.954168	1.261470
1033.644184	1.258300
1034.334200	1.255990
1035.024216	1.254520
1035.714232	1.253780
1036.404249	1.253630
1037.094265	1.253880
1037.784281	1.254310
1038.474297	1.254660
1039.164313	1.254610
1039.854329	1.253860
1040.544345	1.252030
1041.234362	1.248810
1041.924378	1.243870
1042.614394	1.236900
1043.304410	1.227580
1043.994426	1.215630
1044.684442	1.200800
1045.374458	1.182890
1046.064475	1.161780
1046.754491	1.137480
1047.444507	1.110070
1048.134523	1.079700
1048.824539	1.046540
1049.514555	1.010710
1050.204571	0.972290
1050.894588	0.931260
1051.584604	0.887530
1052.274620	0.840960
1052.964636	0.791390
1053.654652	0.738680
1054.344668	0.682660
1055.034684	0.623260
1055.724701	0.560450
1056.414717	0.494230
1057.104733	0.424680
1057.794749	0.351940
1058.484765	0.276170
1059.174781	0.197560
1059.864798	0.116290
1060.554814	0.032540
1061.244830	-0.053510
1061.934846	-0.141680
1062.624862	-0.231640
1063.314878	-0.323010
1064.004894	-0.415200
1064.694911	-0.507580
1065.384927	-0.599400
1066.074943	-0.689940
1066.764959	-0.778430
1067.454975	-0.864190
1068.144991	-0.946500
1068.835007	-1.024680
1069.525024	-1.098090
1070.215040	-1.166150
1070.905056	-1.228390
1071.595072	-1.284450
1072.285088	-1.334080
1072.975104	-1.377160
1073.665120	-1.413670
1074.355137	-1.443680
1075.045153	-1.467290
1075.735169	-1.484580
1076.425185	-1.495590
1077.115201	-1.500270
1077.805217	-1.498490
1078.495233	-1.490050
1079.185250	-1.474750
1079.875266	-1.452430
1080.565282	-1.422940
1081.255298	-1.386320
1081.945314	-1.342700
1082.635330	-1.292450
1083.325346	-1.236170
1084.015363	-1.174730
1084.705379	-1.109220
1085.395395	-1.040980
1086.085411	-0.971400
1086.775427	-0.901920
1087.465443	-0.833910
1088.155459	-0.768560
1088.845476	-0.706820
1089.535492	-0.649320
1090.225508	-0.596450
1090.915524	-0.548270
1091.605540	-0.504670
1092.295556	-0.465380
1092.985572	-0.430050
1093.675589	-0.398280
1094.365605	-0.369710
1095.055621	-0.343960
1095.745637	-0.320680
1096.435653	-0.299540
1097.125669	-0.280250
1097.815685	-0.262550
1098.505702	-0.246220
1099.195718	-0.231120
1099.885734	-0.217160
1100.575750	-0.204270
1101.265766	-0.192440
1101.955782	-0.181600
1102.645798	-0.171680
1103.335815	-0.162520
1104.025831	-0.153870
1104.715847	-0.145390
1105.405863	-0.136710
1106.095879	-0.127420
1106.785895	-0.117120
1107.475911	-0.105470
1108.165928	-0.092250
1108.855944	-0.077320
1109.545960	-0.060650
1110.235976	-0.042340
1110.925992	-0.022580
1111.616008	-0.001610
1112.306024	0.020260
1112.996041	0.042720
1113.686057	0.065480
1114.376073	0.088220
1115.066089	0.110630
1115.756105	0.132390
1116.446121	0.153150
1117.136137	0.172590
1117.826154	0.190440
1118.516170	0.206480
1119.206186	0.220610
1119.896202	0.232770
1120.586218	0.242910
1121.276234	0.250960
1121.966250	0.256840
1122.656267	0.260410
1123.346283	0.261530
1124.036299	0.260080
1124.726315	0.256000
1125.416331	0.249290
1126.106347	0.240000
1126.796363	0.228260
1127.486380	0.214240
1128.176396	0.198180
1128.866412	0.180360
1129.556428	0.161110
1130.246444	0.140800
1130.936460	0.119820
1131.626477	0.098630
1132.316493	0.077660
1133.006509	0.057380
1133.696525	0.038210
1134.386541	0.020600
1135.076557	0.004910
1135.766573	-0.008490
1136.456590	-0.019260
1137.146606	-0.027140
1137.836622	-0.031910
1138.526638	-0.033450
1139.216654	-0.031790
1139.906670	-0.027020
1140.596686	-0.019400
1141.286703	-0.009320
1141.976719	0.002700
1142.666735	0.016020
1143.356751	0.029940
1144.046767	0.043680
1144.736783	0.056580
1145.426799	0.068050
1146.116816	0.077640
1146.806832	0.085090
1147.496848	0.090270
1148.186864	0.093180
1148.876880	0.093950
1149.566896	0.092780
1150.256912	0.089900
1150.946929	0.085520
1151.636945	0.079770
1152.326961	0.072760
1153.016977	0.064540
1153.706993	0.055270
1154.397009	0.045170
1155.087025	0.034550
1155.777042	0.023800
1156.467058	0.013370
1157.157074	0.003650
1157.847090	-0.004960
1158.537106	-0.012150
1159.227122	-0.017690
1159.917138	-0.021420
1160.607155	-0.023320
1161.297171	-0.023380
1161.987187	-0.021730
1162.677203	-0.018430
1163.367219	-0.013600
1164.057235	-0.007320
1164.747251	0.000330
1165.437268	0.009310
1166.127284	0.019570
1166.817300	0.031130
1167.507316	0.043980
1168.197332	0.058130
1168.887348	0.073510
1169.577364	0.090010
1170.267381	0.107460
1170.957397	0.125650
1171.647413	0.144380
1172.337429	0.163570
1173.027445	0.183180
1173.717461	0.203310
1174.407477	0.224100
1175.097494	0.245660
1175.787510	0.268060
1176.477526	0.291260
1177.167542	0.315090
1177.857558	0.339210
1178.547574	0.363190
1179.237590	0.386480
1179.927607	0.408430
1180.617623	0.428430
1181.307639	0.445890
1181.997655	0.460290
1182.687671	0.471230
1183.377687	0.478430
1184.067703	0.481740
1184.757720	0.481120
1185.447736	0.476710
1186.137752	0.468720
1186.827768	0.457460
1187.517784	0.443260
1188.207800	0.426500
1188.897816	0.407450
1189.587833	0.386390
1190.277849	0.363500
1190.967865	0.338910
1191.657881	0.312700
1192.347897	0.284940
1193.037913	0.255700
1193.727929	0.225090
1194.417946	0.193320
1195.107962	0.160670
1195.797978	0.127490
1196.487994	0.094210
1197.178010	0.061240
1197.868026	0.028970
1198.558042	-0.002230
1199.248059	-0.032050
1199.938075	-0.060240
1200.628091	-0.086540
1201.318107	-0.110750
1202.008123	-0.132710
1202.698139	-0.152360
1203.388156	-0.169720
1204.078172	-0.184860
1204.768188	-0.197990
1205.458204	-0.209310
1206.148220	-0.219060
1206.838236	-0.227510
1207.528252	-0.234870
1208.218269	-0.241330
1208.908285	-0.247000
1209.598301	-0.251960
1210.288317	-0.256180
1210.978333	-0.259600
1211.668349	-0.262100
1212.358365	-0.263520
1213.048382	-0.263700
1213.738398	-0.262460
1214.428414	-0.259660
1215.118430	-0.255230
1215.808446	-0.249240
1216.498462	-0.241870
1217.188478	-0.233440
1217.878495	-0.224350
1218.568511	-0.214990
1219.258527	-0.205730
1219.948543	-0.196840
1220.638559	-0.188500
1221.328575	-0.180770
1222.018591	-0.173650
1222.708608	-0.167020
1223.398624	-0.160730
1224.088640	-0.154590
1224.778656	-0.148400
1225.468672	-0.141910
1226.158688	-0.134890
1226.848704	-0.127100
1227.538721	-0.118350
