0.000000	-0.450860
0.690024	-0.441730
1.380048	-0.425800
2.070072	-0.408340
2.760096	-0.392460
3.450119	-0.375840
4.140143	-0.354640
4.830167	-0.329170
5.520191	-0.302360
6.210215	-0.275610
6.900239	-0.248730
7.590263	-0.220340
8.280287	-0.189540
8.970310	-0.159590
9.660334	-0.133760
10.350358	-0.112350
11.040382	-0.094720
11.730406	-0.080390
12.420430	-0.069190
13.110454	-0.061130
13.800478	-0.056110
14.490502	-0.053740
15.180525	-0.053230
15.870549	-0.053310
16.560573	-0.052480
17.250597	-0.049520
17.940621	-0.043860
18.630645	-0.035670
19.320669	-0.025710
20.010693	-0.015120
20.700717	-0.005190
21.390740	0.002860
22.080764	0.008070
22.770788	0.010280
23.460812	0.011820
24.150836	0.016810
24.840860	0.025210
25.530884	0.034430
26.220908	0.043570
26.910931	0.053140
27.600955	0.065160
28.290979	0.080720
28.981003	0.096250
29.671027	0.107860
30.361051	0.115010
31.051075	0.120380
31.741099	0.127610
32.431123	0.137270
33.121146	0.147940
33.811170	0.159030
34.501194	0.171250
35.191218	0.185600
35.881242	0.199830
36.571266	0.209770
37.261290	0.214210
37.951314	0.213900
38.641338	0.209890
39.331361	0.203340
40.021385	0.195450
40.711409	0.187170
41.401433	0.178940
42.091457	0.170880
42.781481	0.163090
43.471505	0.155690
44.161529	0.148840
44.851552	0.142620
45.541576	0.137050
46.231600	0.132310
46.921624	0.128900
47.611648	0.127600
48.301672	0.129300
48.991696	0.134850
49.681720	0.144830
50.371744	0.158260
51.061767	0.168050
51.751791	0.164760
52.441815	0.155970
53.131839	0.149690
53.821863	0.145830
54.511887	0.144280
55.201911	0.142360
55.891935	0.130030
56.581958	0.109720
57.271982	0.092060
57.962006	0.080170
58.652030	0.073880
59.342054	0.072770
60.032078	0.076600
60.722102	0.084910
61.412126	0.096110
62.102150	0.107210
62.792173	0.115340
63.482197	0.119250
64.172221	0.119040
64.862245	0.115080
65.552269	0.107530
66.242293	0.096710
66.932317	0.083840
67.622341	0.070820
68.312365	0.059180
69.002388	0.049620
69.692412	0.042220
70.382436	0.036910
71.072460	0.033480
71.762484	0.031630
72.452508	0.030940
73.142532	0.031030
73.832556	0.031800
74.522579	0.033690
75.212603	0.037510
75.902627	0.044040
76.592651	0.053700
77.282675	0.066430
77.972699	0.081530
78.662723	0.097500
79.352747	0.112430
80.042771	0.124740
80.732794	0.133630
81.422818	0.139000
82.112842	0.141220
82.802866	0.141100
83.492890	0.139700
84.182914	0.137940
84.872938	0.136250
85.562962	0.134440
86.252986	0.131930
86.943009	0.128010
87.633033	0.122180
88.323057	0.114420
89.013081	0.105390
89.703105	0.096330
90.393129	0.088700
91.083153	0.083620
91.773177	0.081670
92.463200	0.082970
93.153224	0.087220
93.843248	0.093650
94.533272	0.101160
95.223296	0.108550
95.913320	0.114810
96.603344	0.119210
97.293368	0.121250
97.983392	0.120580
98.673415	0.117000
99.363439	0.110420
100.053463	0.100790
100.743487	0.088100
101.433511	0.072500
102.123535	0.054280
102.813559	0.034040
103.503583	0.012760
104.193606	-0.008280
104.883630	-0.027730
105.573654	-0.044440
106.263678	-0.057610
106.953702	-0.066840
107.643726	-0.071970
108.333750	-0.073070
109.023774	-0.070340
109.713798	-0.064150
110.403821	-0.055140
111.093845	-0.044200
111.783869	-0.032440
112.473893	-0.021160
113.163917	-0.011630
113.853941	-0.004880
114.543965	-0.001490
115.233989	-0.001570
115.924013	-0.004620
116.614036	-0.009320
117.304060	-0.013670
117.994084	-0.015780
118.684108	-0.014510
119.374132	-0.009470
120.064156	-0.000840
120.754180	0.010510
121.444204	0.022950
122.134227	0.034570
122.824251	0.043890
123.514275	0.050130
124.204299	0.053100
124.894323	0.052920
125.584347	0.049990
126.274371	0.044970
126.964395	0.038770
127.654419	0.032440
128.344442	0.026970
129.034466	0.023090
129.724490	0.021140
130.414514	0.021070
131.104538	0.022450
131.794562	0.024650
132.484586	0.027050
133.174610	0.029200
133.864634	0.030920
134.554657	0.032190
135.244681	0.033010
135.934705	0.033250
136.624729	0.032680
137.314753	0.031150
138.004777	0.028910
138.694801	0.026960
139.384825	0.026670
140.074848	0.029170
140.764872	0.034990
141.454896	0.044280
142.144920	0.056720
142.834944	0.071140
143.524968	0.085410
144.214992	0.097370
144.905016	0.105720
145.595040	0.110070
146.285063	0.110540
146.975087	0.107560
147.665111	0.101910
148.355135	0.094520
149.045159	0.086190
149.735183	0.077320
150.425207	0.067960
151.115231	0.058100
151.805255	0.047920
152.495278	0.037860
153.185302	0.028570
153.875326	0.020740
154.565350	0.014850
155.255374	0.011140
155.945398	0.009590
156.635422	0.010100
157.325446	0.012620
158.015469	0.017290
158.705493	0.024400
159.395517	0.034310
160.085541	0.047040
160.775565	0.061290
161.465589	0.073550
162.155613	0.081090
162.845637	0.085230
163.535661	0.087960
164.225684	0.089670
164.915708	0.090220
165.605732	0.091220
166.295756	0.095030
166.985780	0.100110
167.675804	0.105300
168.365828	0.110670
169.055852	0.117560
169.745875	0.127490
170.435899	0.137600
171.125923	0.144050
171.815947	0.146760
172.505971	0.147200
173.195995	0.146890
173.886019	0.146830
174.576043	0.146860
175.266067	0.146120
175.956090	0.144140
176.646114	0.140930
177.336138	0.136930
178.026162	0.133930
178.716186	0.133420
179.406210	0.133750
180.096234	0.133560
180.786258	0.132020
181.476282	0.130570
182.166305	0.135900
182.856329	0.148690
183.546353	0.161600
184.236377	0.171060
184.926401	0.176830
185.616425	0.179330
186.306449	0.178850
186.996473	0.175350
187.686496	0.168420
188.376520	0.157540
189.066544	0.142670
189.756568	0.125560
190.446592	0.109480
191.136616	0.096020
191.826640	0.084550
192.516664	0.074590
193.206688	0.066780
193.896711	0.061970
194.586735	0.058540
195.276759	0.053060
195.966783	0.043990
196.656807	0.031940
197.346831	0.018460
198.036855	0.005320
198.726879	-0.006250
199.416903	-0.015990
200.106926	-0.024600
200.796950	-0.033250
201.486974	-0.042990
202.176998	-0.054450
202.867022	-0.067760
203.557046	-0.082630
204.247070	-0.098340
204.937094	-0.113460
205.627117	-0.126150
206.317141	-0.135220
207.007165	-0.140660
207.697189	-0.142850
208.387213	-0.141750
209.077237	-0.137050
209.767261	-0.129000
210.457285	-0.119050
211.147309	-0.109080
211.837332	-0.100480
212.527356	-0.095120
213.217380	-0.100250
213.907404	-0.139470
214.597428	-0.235960
215.287452	-0.351760
215.977476	-0.449700
216.667500	-0.535130
217.357523	-0.617700
218.047547	-0.701560
218.737571	-0.784340
219.427595	-0.857940
220.117619	-0.926750
220.807643	-0.994720
221.497667	-1.066760
222.187691	-1.152490
222.877715	-1.249480
223.567738	-1.312370
224.257762	-1.317620
224.947786	-1.292220
225.637810	-1.255160
226.327834	-1.211880
227.017858	-1.163660
227.707882	-1.110780
228.397906	-1.053300
229.087930	-0.991280
229.777953	-0.925370
230.467977	-0.858120
231.158001	-0.793750
231.848025	-0.733530
232.538049	-0.675410
233.228073	-0.618080
233.918097	-0.561610
234.608121	-0.507560
235.298144	-0.457980
235.988168	-0.411920
236.678192	-0.366170
237.368216	-0.319210
238.058240	-0.272780
238.748264	-0.235230
239.438288	-0.221740
240.128312	-0.227510
240.818336	-0.230680
241.508359	-0.227670
242.198383	-0.221890
242.888407	-0.215580
243.578431	-0.214190
244.268455	-0.220540
244.958479	-0.227390
245.648503	-0.230470
246.338527	-0.229930
247.028551	-0.227130
247.718574	-0.223730
248.408598	-0.221330
249.098622	-0.221360
249.788646	-0.224710
250.478670	-0.230610
251.168694	-0.232320
251.858718	-0.217920
252.548742	-0.194550
253.238765	-0.174960
253.928789	-0.159010
254.618813	-0.145770
255.308837	-0.134060
255.998861	-0.114210
256.688885	-0.084070
257.378909	-0.054290
258.068933	-0.029060
258.758957	-0.008180
259.448980	0.009420
260.139004	0.024970
260.829028	0.039720
261.519052	0.054720
262.209076	0.070300
262.899100	0.086030
263.589124	0.100970
264.279148	0.114120
264.969171	0.124710
265.659195	0.132330
266.349219	0.136820
267.039243	0.138250
267.729267	0.136920
268.419291	0.133270
269.109315	0.127920
269.799339	0.121640
270.489363	0.115250
271.179386	0.109550
271.869410	0.105110
272.559434	0.102120
273.249458	0.100230
273.939482	0.098610
274.629506	0.096190
275.319530	0.092030
276.009554	0.085670
276.699578	0.077350
277.389601	0.068080
278.079625	0.059350
278.769649	0.052510
279.459673	0.048280
280.149697	0.046540
280.839721	0.046280
281.529745	0.045900
282.219769	0.043840
282.909792	0.039140
283.599816	0.031820
284.289840	0.022940
284.979864	0.014360
285.669888	0.007970
286.359912	0.004960
287.049936	0.005720
287.739960	0.009920
288.429984	0.016440
289.120007	0.023450
289.810031	0.029010
290.500055	0.031750
291.190079	0.031020
291.880103	0.026720
292.570127	0.019070
293.260151	0.008580
293.950175	-0.003890
294.640199	-0.017010
295.330222	-0.028560
296.020246	-0.035840
296.710270	-0.037520
297.400294	-0.034380
298.090318	-0.027680
298.780342	-0.017750
299.470366	-0.003680
300.160390	0.016250
300.850413	0.042200
301.540437	0.071200
302.230461	0.099430
302.920485	0.124500
303.610509	0.145500
304.300533	0.162280
304.990557	0.175000
305.680581	0.184010
306.370605	0.189880
307.060628	0.193390
307.750652	0.195210
308.440676	0.195660
309.130700	0.194600
309.820724	0.191670
310.510748	0.186470
311.200772	0.178830
311.890796	0.168780
312.580819	0.156610
313.270843	0.142720
313.960867	0.127540
314.650891	0.111410
315.340915	0.094620
316.030939	0.077480
316.720963	0.060370
317.410987	0.043830
318.101011	0.028500
318.791034	0.015060
319.481058	0.004130
320.171082	-0.003870
320.861106	-0.008740
321.551130	-0.010510
322.241154	-0.009520
322.931178	-0.006330
323.621202	-0.001790
324.311226	0.003110
325.001249	0.007440
325.691273	0.010380
326.381297	0.011330
327.071321	0.009970
327.761345	0.006340
328.451369	0.000840
329.141393	-0.005710
329.831417	-0.012270
330.521440	-0.017810
331.211464	-0.021600
331.901488	-0.023160
332.591512	-0.022260
333.281536	-0.018770
333.971560	-0.012690
334.661584	-0.004260
335.351608	0.006020
336.041632	0.017350
336.731655	0.028780
337.421679	0.039490
338.111703	0.049000
338.801727	0.057140
339.491751	0.063940
340.181775	0.069450
340.871799	0.073610
341.561823	0.076320
342.251847	0.077470
342.941870	0.077000
343.631894	0.074860
344.321918	0.070940
345.011942	0.065140
345.701966	0.057450
346.391990	0.048180
347.082014	0.037970
347.772038	0.027740
348.462061	0.018380
349.152085	0.010470
349.842109	0.004100
350.532133	-0.000990
351.222157	-0.005240
351.912181	-0.008930
352.602205	-0.012020
353.292229	-0.014180
353.982253	-0.014940
354.672276	-0.014000
355.362300	-0.011310
356.052324	-0.007190
356.742348	-0.002190
357.432372	0.003040
358.122396	0.007970
358.812420	0.012410
359.502444	0.016400
360.192467	0.020120
360.882491	0.023620
361.572515	0.026700
362.262539	0.028920
362.952563	0.029800
363.642587	0.028990
364.332611	0.026400
365.022635	0.022250
365.712659	0.017060
366.402682	0.011640
367.092706	0.006970
367.782730	0.004010
368.472754	0.003420
369.162778	0.005450
369.852802	0.009900
370.542826	0.016100
371.232850	0.023010
371.922874	0.029520
372.612897	0.034780
373.302921	0.038410
373.992945	0.040370
374.682969	0.040810
375.372993	0.039860
376.063017	0.037620
376.753041	0.034240
377.443065	0.029980
378.133088	0.025300
378.823112	0.020760
379.513136	0.016940
380.203160	0.014350
380.893184	0.013320
381.583208	0.014110
382.273232	0.016940
382.963256	0.022000
383.653280	0.029430
384.343303	0.039250
385.033327	0.051120
385.723351	0.064170
386.413375	0.076950
387.103399	0.087790
387.793423	0.095290
388.483447	0.098560
389.173471	0.097540
389.863495	0.093900
390.553518	0.090900
391.243542	0.090580
391.933566	0.092980
392.623590	0.098050
393.313614	0.106640
394.003638	0.119900
394.693662	0.135200
395.383686	0.141850
396.073709	0.138650
396.763733	0.134330
397.453757	0.131160
398.143781	0.128240
398.833805	0.124550
399.523829	0.119160
400.213853	0.112840
400.903877	0.106930
401.593901	0.101230
402.283924	0.095370
402.973948	0.090180
403.663972	0.088410
404.353996	0.089470
405.044020	0.088390
405.734044	0.083110
406.424068	0.074540
407.114092	0.064450
407.804115	0.054610
408.494139	0.046460
409.184163	0.040900
409.874187	0.038350
410.564211	0.038880
411.254235	0.042410
411.944259	0.048850
412.634283	0.058080
413.324307	0.069870
414.014330	0.083740
414.704354	0.098970
415.394378	0.114700
416.084402	0.130290
416.774426	0.145510
417.464450	0.160460
418.154474	0.175130
418.844498	0.189030
419.534522	0.201430
420.224545	0.211670
420.914569	0.219420
421.604593	0.224710
422.294617	0.227980
422.984641	0.229600
423.674665	0.228880
424.364689	0.224760
425.054713	0.217350
425.744736	0.207220
426.434760	0.194220
427.124784	0.177030
427.814808	0.153250
428.504832	0.120960
429.194856	0.086210
429.884880	0.060840
430.574904	0.039140
431.264928	0.016040
431.954951	-0.008660
432.644975	-0.037590
433.334999	-0.074080
434.025023	-0.096640
434.715047	-0.092130
435.405071	-0.082410
436.095095	-0.074430
436.785119	-0.068300
437.475143	-0.063910
438.165166	-0.061760
438.855190	-0.062580
439.545214	-0.066810
440.235238	-0.076610
440.925262	-0.097990
441.615286	-0.126560
442.305310	-0.153540
442.995334	-0.178190
443.685357	-0.200080
444.375381	-0.215760
445.065405	-0.229090
445.755429	-0.259370
446.445453	-0.304950
447.135477	-0.354930
447.825501	-0.406490
448.515525	-0.460200
449.205549	-0.517090
449.895572	-0.578000
450.585596	-0.643570
451.275620	-0.714390
451.965644	-0.791120
452.655668	-0.874530
453.345692	-0.965000
454.035716	-1.058850
454.725740	-1.147240
455.415764	-1.231380
456.105787	-1.315850
456.795811	-1.401580
457.485835	-1.490260
458.175859	-1.585890
458.865883	-1.673510
459.555907	-1.679060
460.245931	-1.621060
460.935955	-1.553730
461.625978	-1.486330
462.316002	-1.419770
463.006026	-1.356160
463.696050	-1.298200
464.386074	-1.237460
465.076098	-1.153590
465.766122	-1.051760
466.456146	-0.949050
467.146170	-0.852300
467.836193	-0.761850
468.526217	-0.676190
469.216241	-0.594200
469.906265	-0.515810
470.596289	-0.441740
471.286313	-0.372810
471.976337	-0.309880
472.666361	-0.256450
473.356384	-0.216100
474.046408	-0.181300
474.736432	-0.145430
475.426456	-0.107610
476.116480	-0.065050
476.806504	-0.014440
477.496528	0.028220
478.186552	0.039720
478.876576	0.029360
479.566599	0.010910
480.256623	-0.010250
480.946647	-0.031620
481.636671	-0.051300
482.326695	-0.068000
483.016719	-0.081090
483.706743	-0.090460
484.396767	-0.096500
485.086791	-0.100510
485.776814	-0.104640
486.466838	-0.110910
487.156862	-0.120510
487.846886	-0.133550
488.536910	-0.148340
489.226934	-0.158900
489.916958	-0.154220
490.606982	-0.132450
491.297005	-0.106090
491.987029	-0.081430
492.677053	-0.057930
493.367077	-0.034420
494.057101	-0.006890
494.747125	0.032490
495.437149	0.080750
496.127173	0.126560
496.817197	0.166090
497.507220	0.200590
498.197244	0.231430
498.887268	0.258890
499.577292	0.281750
500.267316	0.297350
500.957340	0.303780
501.647364	0.301780
502.337388	0.293020
503.027412	0.278810
503.717435	0.261210
504.407459	0.244320
505.097483	0.230580
505.787507	0.218790
506.477531	0.207660
507.167555	0.197190
507.857579	0.189020
508.547603	0.185430
509.237626	0.185400
509.927650	0.186160
510.617674	0.187220
511.307698	0.189650
511.997722	0.194520
512.687746	0.202070
513.377770	0.211240
514.067794	0.220030
514.757818	0.226660
515.447841	0.230190
516.137865	0.230050
516.827889	0.225600
517.517913	0.216540
518.207937	0.203730
518.897961	0.189310
519.587985	0.175660
520.278009	0.164440
520.968032	0.156530
521.658056	0.152260
522.348080	0.151730
523.038104	0.154820
523.728128	0.161170
524.418152	0.170160
525.108176	0.180990
525.798200	0.192930
526.488224	0.205540
527.178247	0.218790
527.868271	0.233070
528.558295	0.249070
529.248319	0.267580
529.938343	0.289330
530.628367	0.314300
531.318391	0.339300
532.008415	0.354330
532.698439	0.354800
533.388462	0.352830
534.078486	0.354160
534.768510	0.357120
535.458534	0.360090
536.148558	0.360460
536.838582	0.355010
537.528606	0.347970
538.218630	0.341760
538.908653	0.336080
539.598677	0.330880
540.288701	0.328140
540.978725	0.330620
541.668749	0.335800
542.358773	0.338470
543.048797	0.336440
543.738821	0.329680
544.428845	0.318840
545.118868	0.304980
545.808892	0.289620
546.498916	0.274480
547.188940	0.261020
547.878964	0.249970
548.568988	0.241170
549.259012	0.233680
549.949036	0.226060
550.639060	0.216920
551.329083	0.205270
552.019107	0.190680
552.709131	0.173150
553.399155	0.153090
554.089179	0.131200
554.779203	0.108470
555.469227	0.085970
556.159251	0.064760
556.849274	0.045670
557.539298	0.029360
558.229322	0.016440
558.919346	0.007550
559.609370	0.003420
560.299394	0.004570
560.989418	0.011020
561.679442	0.022390
562.369466	0.038330
563.059489	0.058530
563.749513	0.082320
564.439537	0.107950
565.129561	0.132800
565.819585	0.154520
566.509609	0.171840
567.199633	0.184370
567.889657	0.192080
568.579680	0.195090
569.269704	0.193690
569.959728	0.188370
570.649752	0.179730
571.339776	0.168350
572.029800	0.154560
572.719824	0.138570
573.409848	0.120600
574.099872	0.101020
574.789895	0.080470
575.479919	0.059740
576.169943	0.039640
576.859967	0.020810
577.549991	0.003720
578.240015	-0.011170
578.930039	-0.023250
579.620063	-0.031800
580.310087	-0.036380
581.000110	-0.036930
581.690134	-0.033590
582.380158	-0.026730
583.070182	-0.017240
583.760206	-0.006900
584.450230	0.002160
585.140254	0.008420
585.830278	0.011290
586.520301	0.011080
587.210325	0.008810
587.900349	0.006080
588.590373	0.004520
589.280397	0.005330
589.970421	0.009000
590.660445	0.015420
591.350469	0.023890
592.040493	0.033310
592.730516	0.042470
593.420540	0.050540
594.110564	0.057580
594.800588	0.064730
595.490612	0.073780
596.180636	0.086130
596.870660	0.102370
597.560684	0.122650
598.250708	0.146920
598.940731	0.174580
599.630755	0.203600
600.320779	0.230850
601.010803	0.253730
601.700827	0.271140
602.390851	0.282850
603.080875	0.288570
603.770899	0.287670
604.460922	0.279370
605.150946	0.263840
605.840970	0.245700
606.530994	0.232110
607.221018	0.221840
607.911042	0.211560
608.601066	0.199990
609.291090	0.186340
609.981114	0.174440
610.671137	0.172390
611.361161	0.177730
612.051185	0.184200
612.741209	0.189760
613.431233	0.194280
614.121257	0.197690
614.811281	0.199490
615.501305	0.198850
616.191328	0.194920
616.881352	0.187100
617.571376	0.175170
618.261400	0.159320
618.951424	0.140640
619.641448	0.121260
620.331472	0.103650
621.021496	0.089290
621.711520	0.078530
622.401543	0.071200
623.091567	0.066690
623.781591	0.063800
624.471615	0.060910
625.161639	0.056980
625.851663	0.052090
626.541687	0.047070
627.231711	0.042830
627.921735	0.039890
628.611758	0.038240
629.301782	0.037490
629.991806	0.037060
630.681830	0.036460
631.371854	0.035300
632.061878	0.033380
632.751902	0.030760
633.441926	0.028000
634.131949	0.026020
634.821973	0.025830
635.511997	0.027950
636.202021	0.032260
636.892045	0.037910
637.582069	0.043510
638.272093	0.047500
638.962117	0.048740
639.652141	0.046810
640.342164	0.042070
641.032188	0.035550
641.722212	0.028720
642.412236	0.023060
643.102260	0.019690
643.792284	0.019190
644.482308	0.021720
645.172332	0.027180
645.862356	0.035260
646.552379	0.045550
647.242403	0.057830
647.932427	0.072390
648.622451	0.089820
649.312475	0.110470
650.002499	0.134300
650.692523	0.160960
651.382547	0.189640
652.072570	0.218970
652.762594	0.247570
653.452618	0.275230
654.142642	0.303100
654.832666	0.332710
655.522690	0.365230
656.212714	0.401640
656.902738	0.442760
657.592762	0.487820
658.282785	0.526960
658.972809	0.529670
659.662833	0.496540
660.352857	0.472340
661.042881	0.460830
661.732905	0.454070
662.422929	0.451130
663.112953	0.450170
663.802976	0.432990
664.493000	0.399740
665.183024	0.367300
665.873048	0.339350
666.563072	0.315080
667.253096	0.293870
667.943120	0.275100
668.633144	0.256220
669.323168	0.235160
670.013191	0.213400
670.703215	0.192920
671.393239	0.176340
672.083263	0.163370
672.773287	0.140420
673.463311	0.095280
674.153335	0.038530
674.843359	-0.015720
675.533383	-0.060150
676.223406	-0.095170
676.913430	-0.125630
677.603454	-0.154710
678.293478	-0.182830
678.983502	-0.209150
679.673526	-0.232630
680.363550	-0.256010
681.053574	-0.284010
681.743597	-0.312900
682.433621	-0.341000
683.123645	-0.367460
683.813669	-0.390820
684.503693	-0.414550
685.193717	-0.448840
685.883741	-0.491240
686.573765	-0.533390
687.263789	-0.573590
687.953812	-0.614290
688.643836	-0.657310
689.333860	-0.702090
690.023884	-0.747760
690.713908	-0.794200
691.403932	-0.841830
692.093956	-0.890130
692.783980	-0.934760
693.474004	-0.975930
694.164027	-1.016730
694.854051	-1.058130
695.544075	-1.101850
696.234099	-1.150070
696.924123	-1.193790
697.614147	-1.197690
698.304171	-1.159260
698.994195	-1.106880
699.684218	-1.051610
700.374242	-0.995740
701.064266	-0.939990
701.754290	-0.884480
702.444314	-0.826610
703.134338	-0.761650
703.824362	-0.689800
704.514386	-0.614920
705.204410	-0.539420
705.894433	-0.466020
706.584457	-0.406350
707.274481	-0.381020
707.964505	-0.368220
708.654529	-0.341460
709.344553	-0.306280
710.034577	-0.264190
710.724601	-0.207710
711.414625	-0.149240
712.104648	-0.130410
712.794672	-0.137010
713.484696	-0.146160
714.174720	-0.154640
714.864744	-0.163790
715.554768	-0.174020
716.244792	-0.185050
716.934816	-0.196810
717.624839	-0.209450
718.314863	-0.221890
719.004887	-0.231370
719.694911	-0.236050
720.384935	-0.235870
721.074959	-0.231270
721.764983	-0.222580
722.455007	-0.209940
723.145031	-0.193490
723.835054	-0.173510
724.525078	-0.150710
725.215102	-0.126370
725.905126	-0.102210
726.595150	-0.079900
727.285174	-0.060320
727.975198	-0.043400
728.665222	-0.028140
729.355245	-0.012970
730.045269	0.003840
730.735293	0.023730
731.425317	0.047470
732.115341	0.074100
732.805365	0.096080
733.495389	0.094040
734.185413	0.071310
734.875437	0.054980
735.565460	0.046460
736.255484	0.040090
736.945508	0.031900
737.635532	0.018300
738.325556	0.005110
739.015580	-0.000720
739.705604	-0.000160
740.395628	0.004760
741.085652	0.012520
741.775675	0.021850
742.465699	0.031740
743.155723	0.041680
743.845747	0.051810
744.535771	0.062820
745.225795	0.075480
745.915819	0.090400
746.605843	0.107920
747.295866	0.128180
747.985890	0.151250
748.675914	0.177230
749.365938	0.206340
750.055962	0.238780
750.745986	0.273400
751.436010	0.302790
752.126034	0.317330
752.816058	0.328220
753.506081	0.343380
754.196105	0.362980
754.886129	0.392770
755.576153	0.433080
756.266177	0.449410
756.956201	0.435520
757.646225	0.415060
758.336249	0.396450
759.026273	0.380260
759.716296	0.365500
760.406320	0.351020
761.096344	0.335850
761.786368	0.319360
762.476392	0.301300
763.166416	0.281850
763.856440	0.261590
764.546464	0.241500
765.236487	0.222910
765.926511	0.207240
766.616535	0.195500
767.306559	0.188110
767.996583	0.185110
768.686607	0.186420
769.376631	0.191810
770.066655	0.200570
770.756679	0.211290
771.446702	0.222270
772.136726	0.232170
772.826750	0.240280
773.516774	0.246420
774.206798	0.250730
774.896822	0.253500
775.586846	0.255100
776.276870	0.255580
776.966893	0.253830
777.656917	0.246340
778.346941	0.230940
779.036965	0.211720
779.726989	0.192450
780.417013	0.173500
781.107037	0.154010
781.797061	0.131860
782.487085	0.106400
783.177108	0.081880
783.867132	0.061950
784.557156	0.047400
785.247180	0.038110
785.937204	0.033970
786.627228	0.034870
787.317252	0.040600
788.007276	0.050810
788.697300	0.064950
789.387323	0.082070
790.077347	0.100680
790.767371	0.119040
791.457395	0.135670
792.147419	0.149790
792.837443	0.161370
793.527467	0.171060
794.217491	0.180020
794.907514	0.189640
795.597538	0.201070
796.287562	0.214960
796.977586	0.231440
797.667610	0.250150
798.357634	0.270340
799.047658	0.290940
799.737682	0.310860
800.427706	0.329190
801.117729	0.345400
801.807753	0.359190
802.497777	0.370230
803.187801	0.377710
803.877825	0.380400
804.567849	0.377620
805.257873	0.370050
805.947897	0.358630
806.637921	0.343660
807.327944	0.324520
808.017968	0.300320
808.707992	0.271040
809.398016	0.238390
810.088040	0.206250
810.778064	0.181880
811.468088	0.170450
812.158112	0.165060
812.848135	0.158730
813.538159	0.150850
814.228183	0.141770
814.918207	0.133450
815.608231	0.132150
816.298255	0.138600
816.988279	0.146570
817.678303	0.152820
818.368327	0.156990
819.058350	0.159530
819.748374	0.161000
820.438398	0.161880
821.128422	0.162530
821.818446	0.163210
822.508470	0.164060
823.198494	0.165220
823.888518	0.166770
824.578541	0.168860
825.268565	0.171670
825.958589	0.175460
826.648613	0.180530
827.338637	0.187090
828.028661	0.195160
828.718685	0.204490
829.408709	0.214560
830.098733	0.224710
830.788756	0.234190
831.478780	0.242280
832.168804	0.248270
832.858828	0.251480
833.548852	0.251330
834.238876	0.247460
834.928900	0.239860
835.618924	0.229000
836.308948	0.216120
836.998971	0.203070
837.688995	0.191680
838.379019	0.183060
839.069043	0.177630
839.759067	0.175250
840.449091	0.175350
841.139115	0.177180
841.829139	0.180440
842.519162	0.185540
843.209186	0.193370
843.899210	0.204930
844.589234	0.221070
845.279258	0.241420
845.969282	0.260940
846.659306	0.273320
847.349330	0.282340
848.039354	0.292160
848.729377	0.303850
849.419401	0.318390
850.109425	0.331300
850.799449	0.332110
851.489473	0.323130
852.179497	0.311700
852.869521	0.300080
853.559545	0.288230
854.249569	0.275790
854.939592	0.262670
855.629616	0.248990
856.319640	0.234980
857.009664	0.220780
857.699688	0.206350
858.389712	0.191680
859.079736	0.178270
859.769760	0.171860
860.459783	0.176310
861.149807	0.183730
861.839831	0.189110
862.529855	0.192420
863.219879	0.192910
863.909903	0.192980
864.599927	0.204430
865.289951	0.231650
865.979975	0.264950
866.669998	0.295190
867.360022	0.316240
868.050046	0.327810
868.740070	0.335180
869.430094	0.341850
870.120118	0.348040
870.810142	0.352770
871.500166	0.354440
872.190189	0.353950
872.880213	0.357950
873.570237	0.364840
874.260261	0.371600
874.950285	0.378020
875.640309	0.384310
876.330333	0.391230
877.020357	0.400390
877.710381	0.411390
878.400404	0.423280
879.090428	0.437520
879.780452	0.454800
880.470476	0.474320
881.160500	0.495370
881.850524	0.518020
882.540548	0.543470
883.230572	0.574170
883.920596	0.607350
884.610619	0.610750
885.300643	0.578230
885.990667	0.555410
886.680691	0.543520
887.370715	0.535060
888.060739	0.526890
888.750763	0.516040
889.440787	0.502140
890.130810	0.490540
890.820834	0.481630
891.510858	0.473440
892.200882	0.464290
892.890906	0.453010
893.580930	0.438870
894.270954	0.421380
894.960978	0.400240
895.651002	0.375370
896.341025	0.347160
897.031049	0.317930
897.721073	0.292600
898.411097	0.271100
899.101121	0.249360
899.791145	0.226610
900.481169	0.203080
901.171193	0.179250
901.861217	0.157610
902.551240	0.139450
903.241264	0.122600
903.931288	0.106780
904.621312	0.093150
905.311336	0.082830
906.001360	0.076870
906.691384	0.075520
907.381408	0.075400
908.071431	0.073090
908.761455	0.069890
909.451479	0.068040
910.141503	0.069220
910.831527	0.070050
911.521551	0.059630
912.211575	0.036970
912.901599	0.009850
913.591623	-0.017060
914.281646	-0.041850
914.971670	-0.063740
915.661694	-0.082500
916.351718	-0.098200
917.041742	-0.111000
917.731766	-0.121480
918.421790	-0.130540
919.111814	-0.137710
919.801837	-0.139480
920.491861	-0.136500
921.181885	-0.133860
921.871909	-0.132710
922.561933	-0.132180
923.251957	-0.131670
923.941981	-0.137420
924.632005	-0.178410
925.322029	-0.237180
926.012052	-0.294130
926.702076	-0.349600
927.392100	-0.398060
928.082124	-0.428680
928.772148	-0.454880
929.462172	-0.525130
930.152196	-0.633280
930.842220	-0.751080
931.532244	-0.868340
932.222267	-0.982670
932.912291	-1.093200
933.602315	-1.199490
934.292339	-1.301200
934.982363	-1.397820
935.672387	-1.488250
936.362411	-1.569020
937.052435	-1.626040
937.742458	-1.621030
938.432482	-1.551930
939.122506	-1.490300
939.812530	-1.450360
940.502554	-1.419720
941.192578	-1.399180
941.882602	-1.387340
942.572626	-1.347750
943.262650	-1.268450
943.952673	-1.172970
944.642697	-1.072330
945.332721	-0.968810
946.022745	-0.862960
946.712769	-0.755370
947.402793	-0.647130
948.092817	-0.540780
948.782841	-0.444050
949.472865	-0.378890
950.162888	-0.366000
950.852912	-0.370760
951.542936	-0.360640
952.232960	-0.340940
952.922984	-0.319490
953.613008	-0.299170
954.303032	-0.283400
954.993056	-0.279740
955.683079	-0.280470
956.373103	-0.278740
957.063127	-0.276430
957.753151	-0.274220
958.443175	-0.272030
959.133199	-0.269720
959.823223	-0.268120
960.513247	-0.271010
961.203271	-0.276700
961.893294	-0.281940
962.583318	-0.286970
963.273342	-0.291970
963.963366	-0.297070
964.653390	-0.302580
965.343414	-0.305380
966.033438	-0.286730
966.723462	-0.259070
967.413485	-0.232860
968.103509	-0.206870
968.793533	-0.182930
969.483557	-0.167550
970.173581	-0.164370
970.863605	-0.144580
971.553629	-0.094900
972.243653	-0.037970
972.933677	0.015900
973.623700	0.065060
974.313724	0.109550
975.003748	0.149970
975.693772	0.187940
976.383796	0.226100
977.073820	0.266160
977.763844	0.308100
978.453868	0.351610
979.143892	0.397000
979.833915	0.445030
980.523939	0.495020
981.213963	0.537260
981.903987	0.556470
982.594011	0.563960
983.284035	0.573980
983.974059	0.587280
984.664083	0.605090
985.354106	0.630380
986.044130	0.649950
986.734154	0.642000
987.424178	0.615530
988.114202	0.583920
988.804226	0.551190
989.494250	0.517760
990.184274	0.483320
990.874298	0.447580
991.564321	0.410490
992.254345	0.372300
992.944369	0.333560
993.634393	0.295010
994.324417	0.257350
995.014441	0.221070
995.704465	0.186340
996.394489	0.153050
997.084513	0.120840
997.774536	0.089440
998.464560	0.059580
999.154584	0.034340
999.844608	0.016820
1000.534632	0.004410
1001.224656	-0.006770
1001.914680	-0.017930
1002.604704	-0.029210
1003.294727	-0.038180
1003.984751	-0.037870
1004.674775	-0.024570
1005.364799	-0.002460
1006.054823	0.022970
1006.744847	0.045780
1007.434871	0.058960
1008.124895	0.063700
1008.814919	0.067430
1009.504942	0.072530
1010.194966	0.078950
1010.884990	0.086060
1011.575014	0.088580
1012.265038	0.081990
1012.955062	0.072310
1013.645086	0.065080
1014.335110	0.061510
1015.025134	0.061170
1015.715157	0.063240
1016.405181	0.066730
1017.095205	0.070740
1017.785229	0.074770
1018.475253	0.079020
1019.165277	0.084340
1019.855301	0.092010
1020.545325	0.103210
1021.235348	0.117120
1021.925372	0.129610
1022.615396	0.138960
1023.305420	0.147180
1023.995444	0.155960
1024.685468	0.166290
1025.375492	0.175310
1026.065516	0.174630
1026.755540	0.163210
1027.445563	0.147190
1028.135587	0.130240
1028.825611	0.113560
1029.515635	0.097690
1030.205659	0.083190
1030.895683	0.070740
1031.585707	0.061100
1032.275731	0.054980
1032.965754	0.052830
1033.655778	0.054810
1034.345802	0.060750
1035.035826	0.070090
1035.725850	0.081680
1036.415874	0.093780
1037.105898	0.104540
1037.795922	0.112620
1038.485946	0.117430
1039.175969	0.118990
1039.865993	0.117960
1040.556017	0.115580
1041.246041	0.113350
1041.936065	0.112510
1042.626089	0.113710
1043.316113	0.116980
1044.006137	0.121810
1044.696161	0.127370
1045.386184	0.132830
1046.076208	0.137640
1046.766232	0.141610
1047.456256	0.144660
1048.146280	0.146470
1048.836304	0.146250
1049.526328	0.143090
1050.216352	0.136320
1050.906375	0.125580
1051.596399	0.110650
1052.286423	0.091540
1052.976447	0.068730
1053.666471	0.043680
1054.356495	0.018530
1055.046519	-0.004640
1055.736543	-0.024400
1056.426567	-0.039940
1057.116590	-0.050810
1057.806614	-0.056830
1058.496638	-0.058350
1059.186662	-0.056630
1059.876686	-0.053680
1060.566710	-0.051540
1061.256734	-0.051660
1061.946758	-0.054780
