0.000000	-0.232350
0.690008	-0.224220
1.380016	-0.223130
2.070025	-0.224990
2.760033	-0.227360
3.450041	-0.229850
4.140049	-0.232330
4.830058	-0.234070
5.520066	-0.230620
6.210074	-0.221120
6.900082	-0.213970
7.590090	-0.208430
8.280099	-0.201740
8.970107	-0.188970
9.660115	-0.162080
10.350123	-0.128710
11.040132	-0.140310
11.730140	-0.211610
12.420148	-0.289100
13.110156	-0.328210
13.800165	-0.344890
14.490173	-0.366620
15.180181	-0.394380
15.870189	-0.427780
16.560197	-0.478390
17.250206	-0.561860
17.940214	-0.625960
18.630222	-0.610000
19.320230	-0.554050
20.010239	-0.489200
20.700247	-0.423230
21.390255	-0.360810
22.080263	-0.317020
22.770271	-0.308410
23.460280	-0.305700
24.150288	-0.289370
24.840296	-0.265950
25.530304	-0.236220
26.220313	-0.194130
26.910321	-0.157660
27.600329	-0.152080
28.290337	-0.158550
28.980345	-0.164280
29.670354	-0.166870
30.360362	-0.166140
31.050370	-0.162220
31.740378	-0.155260
32.430387	-0.145410
33.120395	-0.132810
33.810403	-0.117620
34.500411	-0.099990
35.190420	-0.080050
35.880428	-0.057990
36.570436	-0.034170
37.260444	-0.009490
37.950452	0.014490
38.640461	0.036180
39.330469	0.054850
40.020477	0.070630
40.710485	0.083680
41.400494	0.093840
42.090502	0.100980
42.780510	0.105690
43.470518	0.109420
44.160526	0.113490
44.850535	0.118540
45.540543	0.124640
46.230551	0.131570
46.920559	0.139070
47.610568	0.146860
48.300576	0.154770
48.990584	0.162710
49.680592	0.170650
50.370600	0.178600
51.060609	0.186500
51.750617	0.194200
52.440625	0.201370
53.130633	0.207530
53.820642	0.212160
54.510650	0.214800
55.200658	0.215270
55.890666	0.213600
56.580675	0.210150
57.270683	0.205530
57.960691	0.200520
58.650699	0.195810
59.340707	0.191730
60.030716	0.188270
60.720724	0.185240
61.410732	0.182460
62.100740	0.179890
62.790749	0.177630
63.480757	0.175750
64.170765	0.174290
64.860773	0.173170
65.550781	0.172310
66.240790	0.171690
66.930798	0.171450
67.620806	0.171800
68.310814	0.172990
69.000823	0.175150
69.690831	0.178210
70.380839	0.181950
71.070847	0.185970
71.760856	0.189850
72.450864	0.193240
73.140872	0.195890
73.830880	0.197670
74.520888	0.198550
75.210897	0.198560
75.900905	0.197800
76.590913	0.196410
77.280921	0.194630
77.970930	0.192720
78.660938	0.190930
79.350946	0.189500
80.040954	0.188580
80.730962	0.188290
81.420971	0.188580
82.110979	0.189180
82.800987	0.189580
83.490995	0.189070
84.181004	0.187030
84.871012	0.183040
85.561020	0.176990
86.251028	0.169110
86.941036	0.160020
87.631045	0.150670
88.321053	0.142050
89.011061	0.134910
89.701069	0.129620
90.391078	0.126290
91.081086	0.124900
91.771094	0.125440
92.461102	0.128030
93.151111	0.132900
93.841119	0.140260
94.531127	0.150120
95.221135	0.162220
95.911143	0.175900
96.601152	0.190010
97.291160	0.203170
97.981168	0.214270
98.671176	0.222780
99.361185	0.228600
100.051193	0.231920
100.741201	0.233090
101.431209	0.232330
102.121217	0.229420
102.811226	0.223810
103.501234	0.215150
104.191242	0.203480
104.881250	0.188910
105.571259	0.171460
106.261267	0.151310
106.951275	0.129480
107.641283	0.107900
108.331291	0.088650
109.021300	0.073150
109.711308	0.062080
110.401316	0.055500
111.091324	0.053180
111.781333	0.054860
112.471341	0.060290
113.161349	0.069020
113.851357	0.079980
114.541366	0.091510
115.231374	0.102000
115.921382	0.110470
116.611390	0.116620
117.301398	0.120530
117.991407	0.122520
118.681415	0.123070
119.371423	0.122760
120.061431	0.122190
120.751440	0.121810
121.441448	0.121840
122.131456	0.122160
122.821464	0.122350
123.511472	0.121890
124.201481	0.120360
124.891489	0.117590
125.581497	0.113660
126.271505	0.108750
126.961514	0.102900
127.651522	0.095650
128.341530	0.086180
129.031538	0.073730
129.721546	0.057930
130.411555	0.038580
131.101563	0.015380
131.791571	-0.012140
132.481579	-0.043690
133.171588	-0.075870
133.861596	-0.103270
134.551604	-0.127070
135.241612	-0.150720
135.931621	-0.174970
136.621629	-0.199830
137.311637	-0.223700
138.001645	-0.242800
138.691653	-0.257520
139.381662	-0.271660
140.071670	-0.286630
140.761678	-0.301510
141.451686	-0.314120
142.141695	-0.322590
142.831703	-0.326830
143.521711	-0.327950
144.211719	-0.326650
144.901727	-0.322710
145.591736	-0.314950
146.281744	-0.302120
146.971752	-0.284370
147.661760	-0.263120
148.351769	-0.239600
149.041777	-0.214390
149.731785	-0.187710
150.421793	-0.159770
151.111801	-0.131450
151.801810	-0.105250
152.491818	-0.084150
153.181826	-0.067530
153.871834	-0.052610
154.561843	-0.038140
155.251851	-0.024140
155.941859	-0.012030
156.631867	-0.004890
157.321876	-0.003410
158.011884	-0.004560
158.701892	-0.005850
159.391900	-0.006480
160.081908	-0.006620
160.771917	-0.006960
161.461925	-0.008480
162.151933	-0.012030
162.841941	-0.018050
163.531950	-0.026610
164.221958	-0.037510
164.911966	-0.050250
165.601974	-0.063990
166.291982	-0.077740
166.981991	-0.090910
167.671999	-0.103410
168.362007	-0.115620
169.052015	-0.128040
169.742024	-0.141120
170.432032	-0.154600
171.122040	-0.164850
171.812048	-0.159620
172.502056	-0.134770
173.192065	-0.111610
173.882073	-0.095620
174.572081	-0.082530
175.262089	-0.071220
175.952098	-0.061350
176.642106	-0.043530
177.332114	-0.015380
178.022122	0.010760
178.712131	0.033620
179.402139	0.054870
180.092147	0.075510
180.782155	0.095930
181.472163	0.114720
182.162172	0.128180
182.852180	0.135120
183.542188	0.138100
184.232196	0.139310
184.922205	0.139950
185.612213	0.141240
186.302221	0.144650
186.992229	0.151050
187.682237	0.160490
188.372246	0.172760
189.062254	0.187720
189.752262	0.204790
190.442270	0.222140
191.132279	0.237750
191.822287	0.250680
192.512295	0.260770
193.202303	0.267790
193.892312	0.271730
194.582320	0.273620
195.272328	0.275400
195.962336	0.278500
196.652344	0.282830
197.342353	0.287150
198.032361	0.290010
198.722369	0.290580
199.412377	0.288720
200.102386	0.284550
200.792394	0.278450
201.482402	0.271340
202.172410	0.264570
202.862418	0.259380
203.552427	0.256700
204.242435	0.257530
204.932443	0.263230
205.622451	0.274180
206.312460	0.288910
207.002468	0.305770
207.692476	0.324140
208.382484	0.344140
209.072492	0.365620
209.762501	0.386790
210.452509	0.405000
211.142517	0.418990
211.832525	0.428250
212.522534	0.430970
213.212542	0.420290
213.902550	0.381650
214.592558	0.316320
215.282567	0.248770
215.972575	0.186300
216.662583	0.125590
217.352591	0.064520
218.042599	0.001570
218.732608	-0.066430
219.422616	-0.132510
220.112624	-0.156710
220.802632	-0.156890
221.492641	-0.166290
222.182649	-0.182660
222.872657	-0.202250
223.562665	-0.226830
224.252673	-0.259130
224.942682	-0.282580
225.632690	-0.283550
226.322698	-0.276220
227.012706	-0.268550
227.702715	-0.259340
228.392723	-0.245390
229.082731	-0.228180
229.772739	-0.210640
230.462747	-0.193640
231.152756	-0.177470
231.842764	-0.161550
232.532772	-0.142260
233.222780	-0.117880
233.912789	-0.091500
234.602797	-0.064910
235.292805	-0.038070
235.982813	-0.010470
236.672822	0.018260
237.362830	0.047750
238.052838	0.074130
238.742846	0.082390
239.432854	0.055630
240.122863	0.018680
240.812871	-0.006230
241.502879	-0.024060
242.192887	-0.040190
242.882896	-0.056340
243.572904	-0.075630
244.262912	-0.110320
244.952920	-0.155040
245.642928	-0.194190
246.332937	-0.231010
247.022945	-0.267840
247.712953	-0.309220
248.402961	-0.367360
249.092970	-0.444300
249.782978	-0.487070
250.472986	-0.476540
251.162994	-0.445500
251.853002	-0.409810
252.543011	-0.373000
253.233019	-0.335820
253.923027	-0.298690
254.613035	-0.262080
255.303044	-0.226580
255.993052	-0.192740
256.683060	-0.160940
257.373068	-0.131310
258.063077	-0.103760
258.753085	-0.077940
259.443093	-0.053340
260.133101	-0.029590
260.823109	-0.007040
261.513118	0.013080
262.203126	0.029760
262.893134	0.043160
263.583142	0.053960
264.273151	0.062400
264.963159	0.068190
265.653167	0.071130
266.343175	0.072410
267.033183	0.074220
267.723192	0.078050
268.413200	0.084250
269.103208	0.092540
269.793216	0.102330
270.483225	0.112940
271.173233	0.123790
271.863241	0.134620
272.553249	0.145470
273.243257	0.156520
273.933266	0.167880
274.623274	0.179360
275.313282	0.190460
276.003290	0.200610
276.693299	0.209540
277.383307	0.217510
278.073315	0.225290
278.763323	0.233800
279.453332	0.243540
280.143340	0.254080
280.833348	0.264180
281.523356	0.272630
282.213364	0.278730
282.903373	0.281990
283.593381	0.281900
284.283389	0.277950
284.973397	0.270070
285.663406	0.258650
286.353414	0.244390
287.043422	0.228100
287.733430	0.210850
288.423438	0.193960
289.113447	0.178590
289.803455	0.165410
290.493463	0.154710
291.183471	0.146550
291.873480	0.140690
292.563488	0.136490
293.253496	0.133080
293.943504	0.129710
294.633512	0.125940
295.323521	0.121640
296.013529	0.116890
296.703537	0.112010
297.393545	0.107540
298.083554	0.104140
298.773562	0.102460
299.463570	0.102860
300.153578	0.105500
300.843587	0.110200
301.533595	0.116550
302.223603	0.123960
302.913611	0.131780
303.603619	0.139510
304.293628	0.146850
304.983636	0.153600
305.673644	0.159670
306.363652	0.165000
307.053661	0.169640
307.743669	0.173770
308.433677	0.177700
309.123685	0.181770
309.813693	0.186210
310.503702	0.191040
311.193710	0.195990
311.883718	0.200640
312.573726	0.204510
313.263735	0.207200
313.953743	0.208430
314.643751	0.208020
315.333759	0.205810
316.023768	0.201650
316.713776	0.195350
317.403784	0.186740
318.093792	0.175910
318.783800	0.164340
319.473809	0.156660
320.163817	0.155350
320.853825	0.155560
321.543833	0.154660
322.233842	0.152850
322.923850	0.150650
323.613858	0.150550
324.303866	0.154780
324.993874	0.159880
325.683883	0.162790
326.373891	0.163400
327.063899	0.162870
327.753907	0.162750
328.443916	0.164430
329.133924	0.168870
329.823932	0.176730
330.513940	0.188600
331.203948	0.204680
331.893957	0.222570
332.583965	0.230100
333.273973	0.217170
333.963981	0.203180
334.653990	0.195910
335.343998	0.191710
336.034006	0.189530
336.724014	0.189920
337.414023	0.185180
338.104031	0.161040
338.794039	0.136870
339.484047	0.120440
340.174055	0.106330
340.864064	0.092300
341.554072	0.076110
342.244080	0.053270
342.934088	0.026360
343.624097	0.018140
344.314105	0.035380
345.004113	0.064160
345.694121	0.096960
346.384129	0.131990
347.074138	0.169000
347.764146	0.207960
348.454154	0.248680
349.144162	0.289980
349.834171	0.325450
350.524179	0.334710
351.214187	0.311260
351.904195	0.291000
352.594203	0.282530
353.284212	0.279970
353.974220	0.285370
354.664228	0.296930
355.354236	0.287050
356.044245	0.252040
356.734253	0.211010
357.424261	0.171700
358.114269	0.135920
358.804278	0.104520
359.494286	0.078090
360.184294	0.056680
360.874302	0.039600
361.564310	0.026060
362.254319	0.015670
362.944327	0.008430
363.634335	0.004300
364.324343	0.002710
365.014352	0.002710
365.704360	0.003490
366.394368	0.004430
367.084376	0.003940
367.774384	-0.000460
368.464393	-0.008500
369.154401	-0.017550
369.844409	-0.026470
370.534417	-0.035100
371.224426	-0.044330
371.914434	-0.057360
372.604442	-0.075360
373.294450	-0.095110
373.984458	-0.114270
374.674467	-0.132520
375.364475	-0.150390
376.054483	-0.168640
376.744491	-0.188000
377.434500	-0.208980
378.124508	-0.231790
378.814516	-0.256350
379.504524	-0.282270
380.194533	-0.308850
380.884541	-0.334920
381.574549	-0.358000
382.264557	-0.372500
382.954565	-0.372900
383.644574	-0.365090
384.334582	-0.357860
385.024590	-0.352320
385.714598	-0.347820
386.404607	-0.343170
387.094615	-0.332880
387.784623	-0.313570
388.474631	-0.290690
389.164639	-0.268930
389.854648	-0.249550
390.544656	-0.232560
391.234664	-0.217680
391.924672	-0.204640
392.614681	-0.193210
393.304689	-0.183370
393.994697	-0.175310
394.684705	-0.169250
395.374713	-0.164560
396.064722	-0.157590
396.754730	-0.143170
397.444738	-0.124280
398.134746	-0.106210
398.824755	-0.089310
399.514763	-0.072510
400.204771	-0.054670
400.894779	-0.035010
401.584788	-0.017330
402.274796	-0.002290
402.964804	0.012170
403.654812	0.027580
404.344820	0.046830
405.034829	0.070270
405.724837	0.083970
406.414845	0.079180
407.104853	0.067770
407.794862	0.057910
408.484870	0.051440
409.174878	0.048440
409.864886	0.048710
410.554894	0.052110
411.244903	0.058490
411.934911	0.067660
412.624919	0.079260
413.314927	0.092040
414.004936	0.099710
414.694944	0.079720
415.384952	0.019080
416.074960	-0.039620
416.764968	-0.082480
417.454977	-0.118690
418.144985	-0.150480
418.834993	-0.176530
419.525001	-0.210080
420.215010	-0.273630
420.905018	-0.351140
421.595026	-0.415590
422.285034	-0.465420
422.975043	-0.512460
423.665051	-0.561230
424.355059	-0.611150
425.045067	-0.661590
425.735075	-0.713210
426.425084	-0.761370
427.115092	-0.771220
427.805100	-0.748400
428.495108	-0.722810
429.185117	-0.697640
429.875125	-0.672750
430.565133	-0.648490
431.255141	-0.624410
431.945149	-0.597720
432.635158	-0.567450
433.325166	-0.536060
434.015174	-0.505090
434.705182	-0.475560
435.395191	-0.451550
436.085199	-0.442640
436.775207	-0.446330
437.465215	-0.447030
438.155223	-0.443040
438.845232	-0.436740
439.535240	-0.427580
440.225248	-0.415840
440.915256	-0.412410
441.605265	-0.425370
442.295273	-0.444120
442.985281	-0.452960
443.675289	-0.435560
444.365298	-0.398400
445.055306	-0.363550
445.745314	-0.335470
446.435322	-0.310380
447.125330	-0.285710
447.815339	-0.260360
448.505347	-0.235110
449.195355	-0.212950
449.885363	-0.192960
450.575372	-0.173660
451.265380	-0.151860
451.955388	-0.121280
452.645396	-0.082400
453.335404	-0.064140
454.025413	-0.086750
454.715421	-0.131940
455.405429	-0.182810
456.095437	-0.233000
456.785446	-0.280490
457.475454	-0.324790
458.165462	-0.365730
458.855470	-0.402870
459.545479	-0.434840
460.235487	-0.456970
460.925495	-0.454620
461.615503	-0.417140
462.305511	-0.372500
462.995520	-0.337000
463.685528	-0.306050
464.375536	-0.276580
465.065544	-0.247200
465.755553	-0.212690
466.445561	-0.171940
467.135569	-0.131670
467.825577	-0.095320
468.515585	-0.063530
469.205594	-0.036370
469.895602	-0.013720
470.585610	0.004550
471.275618	0.018530
471.965627	0.028320
472.655635	0.034170
473.345643	0.036830
474.035651	0.037770
474.725659	0.038950
475.415668	0.042050
476.105676	0.047870
476.795684	0.056480
477.485692	0.067550
478.175701	0.080340
478.865709	0.093630
479.555717	0.106000
480.245725	0.116420
480.935734	0.124530
481.625742	0.130510
482.315750	0.134890
483.005758	0.138320
483.695766	0.141400
484.385775	0.144670
485.075783	0.148560
485.765791	0.153510
486.455799	0.159910
487.145808	0.168030
487.835816	0.177980
488.525824	0.189680
489.215832	0.202820
489.905840	0.216860
490.595849	0.231100
491.285857	0.244770
491.975865	0.257230
492.665873	0.268020
493.355882	0.276930
494.045890	0.283930
494.735898	0.289140
495.425906	0.292690
496.115914	0.294590
496.805923	0.294640
497.495931	0.292510
498.185939	0.288000
498.875947	0.281090
499.565956	0.272030
500.255964	0.261290
500.945972	0.249640
501.635980	0.237960
502.325989	0.227020
503.015997	0.217300
503.706005	0.209150
504.396013	0.202820
505.086021	0.198540
505.776030	0.196430
506.466038	0.196410
507.156046	0.198110
507.846054	0.200830
508.536063	0.203560
509.226071	0.205270
509.916079	0.205210
510.606087	0.202990
511.296095	0.198510
511.986104	0.191900
512.676112	0.183420
513.366120	0.173370
514.056128	0.162030
514.746137	0.149660
515.436145	0.136600
516.126153	0.123400
516.816161	0.110840
517.506169	0.099630
518.196178	0.090260
518.886186	0.082920
519.576194	0.077540
520.266202	0.073830
520.956211	0.071360
521.646219	0.069790
522.336227	0.068970
523.026235	0.068910
523.716244	0.069590
524.406252	0.070920
525.096260	0.072740
525.786268	0.075000
526.476276	0.077910
527.166285	0.081920
527.856293	0.087550
528.546301	0.095180
529.236309	0.104960
529.926318	0.116790
530.616326	0.130280
531.306334	0.144810
531.996342	0.159480
532.686350	0.173230
533.376359	0.184790
534.066367	0.193060
534.756375	0.197530
535.446383	0.198310
536.136392	0.195590
536.826400	0.189670
537.516408	0.181540
538.206416	0.173260
538.896424	0.166550
539.586433	0.161880
540.276441	0.159330
540.966449	0.159300
541.656457	0.162060
542.346466	0.166690
543.036474	0.171120
543.726482	0.173780
544.416490	0.174200
545.106499	0.172520
545.796507	0.169170
546.486515	0.164670
547.176523	0.159590
547.866531	0.154470
548.556540	0.149710
549.246548	0.145610
549.936556	0.142320
550.626564	0.139890
551.316573	0.138280
552.006581	0.137360
552.696589	0.136890
553.386597	0.136590
554.076605	0.136190
554.766614	0.135580
555.456622	0.134910
556.146630	0.134590
556.836638	0.135080
557.526647	0.136720
558.216655	0.139380
558.906663	0.142440
559.596671	0.144830
560.286679	0.145470
560.976688	0.143640
561.666696	0.138990
562.356704	0.131510
563.046712	0.121730
563.736721	0.110910
564.426729	0.100790
565.116737	0.092780
565.806745	0.087520
566.496754	0.085090
567.186762	0.085290
567.876770	0.087540
568.566778	0.090700
569.256786	0.093180
569.946795	0.093370
570.636803	0.089960
571.326811	0.082170
572.016819	0.070000
572.706828	0.053900
573.396836	0.034250
574.086844	0.011170
574.776852	-0.015050
575.466860	-0.042860
576.156869	-0.069580
576.846877	-0.093390
577.536885	-0.113940
578.226893	-0.131270
578.916902	-0.144990
579.606910	-0.154170
580.296918	-0.158080
580.986926	-0.157230
581.676935	-0.153280
582.366943	-0.148190
583.056951	-0.143620
583.746959	-0.140890
584.436967	-0.140980
585.126976	-0.144130
585.816984	-0.148680
586.506992	-0.151780
587.197000	-0.153160
587.887009	-0.154000
588.577017	-0.154820
589.267025	-0.155260
589.957033	-0.153480
590.647041	-0.147740
591.337050	-0.139080
592.027058	-0.128990
592.717066	-0.118080
593.407074	-0.106710
594.097083	-0.095470
594.787091	-0.085150
595.477099	-0.076440
596.167107	-0.069760
596.857115	-0.065170
597.547124	-0.062300
598.237132	-0.060440
598.927140	-0.058650
599.617148	-0.056240
600.307157	-0.052920
600.997165	-0.048890
601.687173	-0.044790
602.377181	-0.041530
603.067190	-0.040080
603.757198	-0.041250
604.447206	-0.045510
605.137214	-0.053040
605.827222	-0.063820
606.517231	-0.077810
607.207239	-0.094790
607.897247	-0.114370
608.587255	-0.135930
609.277264	-0.158770
609.967272	-0.182070
610.657280	-0.203890
611.347288	-0.217140
612.037296	-0.208250
612.727305	-0.184020
613.417313	-0.164940
614.107321	-0.151810
614.797329	-0.141360
615.487338	-0.132640
616.177346	-0.120250
616.867354	-0.098820
617.557362	-0.075040
618.247370	-0.053900
618.937379	-0.036020
619.627387	-0.020870
620.317395	-0.007680
621.007403	0.004430
621.697412	0.016280
622.387420	0.028470
623.077428	0.041180
623.767436	0.054090
624.457445	0.066610
625.147453	0.078080
625.837461	0.087990
626.527469	0.096130
627.217477	0.102560
627.907486	0.107580
628.597494	0.111620
629.287502	0.115150
629.977510	0.118600
630.667519	0.122360
631.357527	0.126850
632.047535	0.132540
632.737543	0.139830
633.427551	0.148980
634.117560	0.160000
634.807568	0.172630
635.497576	0.186410
636.187584	0.200750
636.877593	0.215130
637.567601	0.229270
638.257609	0.243130
638.947617	0.256770
639.637625	0.269910
640.327634	0.280200
641.017642	0.278860
641.707650	0.256910
642.397658	0.228640
643.087667	0.206000
643.777675	0.187120
644.467683	0.171540
645.157691	0.160010
645.847700	0.141820
646.537708	0.104750
647.227716	0.055690
647.917724	0.002790
648.607732	-0.049790
649.297741	-0.097650
649.987749	-0.138490
650.677757	-0.175950
651.367765	-0.213300
652.057774	-0.251260
652.747782	-0.290570
653.437790	-0.329700
654.127798	-0.359780
654.817806	-0.375430
655.507815	-0.381360
656.197823	-0.381780
656.887831	-0.378060
657.577839	-0.370780
658.267848	-0.362360
658.957856	-0.356980
659.647864	-0.354250
660.337872	-0.351670
661.027880	-0.348370
661.717889	-0.344030
662.407897	-0.340790
663.097905	-0.343780
663.787913	-0.350960
664.477922	-0.356180
665.167930	-0.356900
665.857938	-0.352670
666.547946	-0.343660
667.237955	-0.330100
667.927963	-0.312050
668.617971	-0.289350
669.307979	-0.261870
669.997987	-0.230450
670.687996	-0.201240
671.378004	-0.191310
672.068012	-0.198890
672.758020	-0.202000
673.448029	-0.199220
674.138037	-0.191930
674.828045	-0.175520
675.518053	-0.153030
676.208061	-0.155510
676.898070	-0.190980
677.588078	-0.238550
678.278086	-0.284910
678.968094	-0.321190
679.658103	-0.346910
680.348111	-0.370690
681.038119	-0.396270
681.728127	-0.423290
682.418135	-0.451720
683.108144	-0.480650
683.798152	-0.503870
684.488160	-0.515810
685.178168	-0.520360
685.868177	-0.519110
686.558185	-0.499230
687.248193	-0.449600
687.938201	-0.397000
688.628210	-0.355200
689.318218	-0.318720
690.008226	-0.285120
690.698234	-0.255040
691.388242	-0.219880
692.078251	-0.173390
692.768259	-0.126480
693.458267	-0.083620
694.148275	-0.044910
694.838284	-0.010030
695.528292	0.021070
696.218300	0.048260
696.908308	0.071340
697.598316	0.090320
698.288325	0.105330
698.978333	0.116590
699.668341	0.124380
700.358349	0.129050
701.048358	0.131190
701.738366	0.131760
702.428374	0.132110
703.118382	0.133760
703.808391	0.138240
704.498399	0.146990
705.188407	0.159790
705.878415	0.171160
706.568423	0.178510
707.258432	0.184960
707.948440	0.193950
708.638448	0.211960
709.328456	0.238240
710.018465	0.241890
710.708473	0.214910
711.398481	0.178100
712.088489	0.141400
712.778497	0.107330
713.468506	0.076440
714.158514	0.048780
714.848522	0.024310
715.538530	0.003100
716.228539	-0.014730
716.918547	-0.029030
717.608555	-0.039380
718.298563	-0.044920
718.988571	-0.044950
719.678580	-0.039760
720.368588	-0.030350
721.058596	-0.017380
721.748604	-0.000680
722.438613	0.020570
723.128621	0.047280
723.818629	0.078870
724.508637	0.110100
725.198646	0.133770
725.888654	0.152170
726.578662	0.170300
727.268670	0.189400
727.958678	0.210520
728.648687	0.233370
729.338695	0.249150
730.028703	0.250820
730.718711	0.244470
731.408720	0.236140
732.098728	0.228080
732.788736	0.221020
733.478744	0.215200
734.168752	0.210610
734.858761	0.206980
735.548769	0.203840
736.238777	0.200550
736.928785	0.196480
737.618794	0.191110
738.308802	0.184060
738.998810	0.175100
739.688818	0.164120
740.378826	0.151040
741.068835	0.135820
741.758843	0.118540
742.448851	0.099740
743.138859	0.081650
743.828868	0.069000
744.518876	0.063200
745.208884	0.059590
745.898892	0.055570
746.588901	0.050860
747.278909	0.045700
747.968917	0.043520
748.658925	0.049770
749.348933	0.062390
750.038942	0.075730
750.728950	0.086870
751.418958	0.094910
752.108966	0.099800
752.798975	0.101800
753.488983	0.101480
754.178991	0.099820
754.868999	0.098250
755.559007	0.098230
756.249016	0.100670
756.939024	0.105830
757.629032	0.113340
758.319040	0.122160
759.009049	0.130790
759.699057	0.137780
760.389065	0.142220
761.079073	0.143740
761.769081	0.142380
762.459090	0.138520
763.149098	0.133100
763.839106	0.127530
764.529114	0.123190
765.219123	0.120900
765.909131	0.120760
766.599139	0.122120
767.289147	0.123730
767.979156	0.124150
768.669164	0.122280
769.359172	0.117590
770.049180	0.110250
770.739188	0.101630
771.429197	0.094050
772.119205	0.089140
772.809213	0.087040
773.499221	0.087450
774.189230	0.090510
774.879238	0.096640
775.569246	0.105580
776.259254	0.115800
776.949262	0.125530
777.639271	0.134000
778.329279	0.141340
779.019287	0.148000
779.709295	0.154380
780.399304	0.160520
781.089312	0.166060
781.779320	0.170390
782.469328	0.172980
783.159336	0.173510
783.849345	0.171950
784.539353	0.168530
785.229361	0.163720
785.919369	0.158080
786.609378	0.152100
787.299386	0.146060
787.989394	0.140020
788.679402	0.133980
789.369411	0.127860
790.059419	0.121580
790.749427	0.114960
791.439435	0.107640
792.129443	0.099080
792.819452	0.088740
793.509460	0.076220
794.199468	0.061440
794.889476	0.044620
795.579485	0.026370
796.269493	0.007690
796.959501	-0.010340
797.649509	-0.026950
798.339517	-0.041960
799.029526	-0.055720
799.719534	-0.068970
800.409542	-0.082710
801.099550	-0.097860
801.789559	-0.114670
802.479567	-0.131200
803.169575	-0.144150
803.859583	-0.154460
804.549591	-0.164600
805.239600	-0.175500
805.929608	-0.187860
806.619616	-0.199800
807.309624	-0.204560
807.999633	-0.201270
808.689641	-0.194970
809.379649	-0.188300
810.069657	-0.181790
810.759666	-0.175270
811.449674	-0.168310
812.139682	-0.160230
812.829690	-0.150250
813.519698	-0.137750
814.209707	-0.122460
814.899715	-0.104330
815.589723	-0.083380
816.279731	-0.059750
816.969740	-0.033960
817.659748	-0.007660
818.349756	0.014080
819.039764	0.017190
819.729772	-0.008600
820.419781	-0.040600
821.109789	-0.064000
821.799797	-0.082880
822.489805	-0.100930
823.179814	-0.120560
823.869822	-0.144720
824.559830	-0.169870
825.249838	-0.190950
825.939847	-0.207280
826.629855	-0.219490
827.319863	-0.228170
828.009871	-0.233930
828.699879	-0.237660
829.389888	-0.240790
830.079896	-0.244880
830.769904	-0.251100
831.459912	-0.260030
832.149921	-0.271810
832.839929	-0.286070
833.529937	-0.300700
834.219945	-0.307800
834.909953	-0.296250
835.599962	-0.275880
836.289970	-0.259970
836.979978	-0.247880
837.669986	-0.238970
838.359995	-0.234240
839.050003	-0.224100
839.740011	-0.196210
840.430019	-0.159790
841.120027	-0.124690
841.810036	-0.094020
842.500044	-0.068360
843.190052	-0.047360
843.880060	-0.030430
844.570069	-0.017250
845.260077	-0.007920
845.950085	-0.002610
846.640093	-0.000840
847.330102	-0.001230
848.020110	-0.002140
848.710118	-0.002430
849.400126	-0.001600
850.090134	0.000410
850.780143	0.003370
851.470151	0.006920
852.160159	0.010700
852.850167	0.014390
853.540176	0.017870
854.230184	0.021200
854.920192	0.024600
855.610200	0.028360
856.300208	0.032730
856.990217	0.037700
857.680225	0.043030
858.370233	0.048170
859.060241	0.052520
859.750250	0.055610
860.440258	0.057300
861.130266	0.057830
861.820274	0.057870
862.510282	0.058320
863.200291	0.060040
863.890299	0.063650
864.580307	0.069460
865.270315	0.077590
865.960324	0.088030
866.650332	0.100650
867.340340	0.115240
868.030348	0.131360
868.720357	0.148190
869.410365	0.164620
870.100373	0.179630
870.790381	0.192610
871.480389	0.203440
872.170398	0.212400
872.860406	0.220250
873.550414	0.228190
874.240422	0.237520
874.930431	0.249020
875.620439	0.261590
876.310447	0.268880
877.000455	0.264060
877.690463	0.255730
878.380472	0.250660
879.070480	0.247580
879.760488	0.245390
880.450496	0.243000
881.140505	0.237110
881.830513	0.227980
882.520521	0.218610
883.210529	0.209940
883.900537	0.201800
884.590546	0.193750
885.280554	0.185370
885.970562	0.176380
886.660570	0.166690
887.350579	0.156540
888.040587	0.146430
888.730595	0.137030
889.420603	0.128910
890.110612	0.122360
890.800620	0.117280
891.490628	0.113180
892.180636	0.109330
892.870644	0.104970
893.560653	0.099620
894.250661	0.093230
894.940669	0.086120
895.630677	0.078820
896.320686	0.071830
897.010694	0.065440
897.700702	0.059700
898.390710	0.054370
899.080718	0.049080
899.770727	0.043250
900.460735	0.035970
901.150743	0.025570
901.840751	0.009810
902.530760	-0.012070
903.220768	-0.038170
903.910776	-0.066440
904.600784	-0.096200
905.290792	-0.127650
905.980801	-0.160730
906.670809	-0.193500
907.360817	-0.223160
908.050825	-0.248590
908.740834	-0.269850
909.430842	-0.287070
910.120850	-0.300230
910.810858	-0.309490
911.500867	-0.315220
912.190875	-0.317770
912.880883	-0.317350
913.570891	-0.314090
914.260899	-0.308170
914.950908	-0.299810
915.640916	-0.289390
916.330924	-0.277420
917.020932	-0.264260
917.710941	-0.249870
918.400949	-0.233870
919.090957	-0.215770
919.780965	-0.195210
920.470973	-0.172430
921.160982	-0.149000
921.850990	-0.127510
922.540998	-0.109170
923.231006	-0.093250
923.921015	-0.079070
924.611023	-0.066820
925.301031	-0.057590
925.991039	-0.052800
926.681047	-0.052690
927.371056	-0.056430
928.061064	-0.064240
928.751072	-0.081000
929.441080	-0.122920
930.131089	-0.209950
930.821097	-0.321610
931.511105	-0.423800
932.201113	-0.515290
932.891122	-0.603750
933.581130	-0.692960
934.271138	-0.783380
934.961146	-0.861120
935.651154	-0.848300
936.341163	-0.814160
937.031171	-0.814540
937.721179	-0.821300
938.411187	-0.828710
939.101196	-0.837970
939.791204	-0.863640
940.481212	-0.940140
941.171220	-0.944150
941.861228	-0.865210
942.551237	-0.776550
943.241245	-0.687670
943.931253	-0.598930
944.621261	-0.510110
945.311270	-0.421190
946.001278	-0.333410
946.691286	-0.252580
947.381294	-0.194530
948.071303	-0.162810
948.761311	-0.135790
949.451319	-0.106660
950.141327	-0.076210
950.831335	-0.042770
951.521344	-0.000710
952.211352	0.045740
952.901360	0.069630
953.591368	0.071870
954.281377	0.068450
954.971385	0.065000
955.661393	0.062570
956.351401	0.061420
957.041409	0.061750
957.731418	0.063820
958.421426	0.067840
959.111434	0.073880
959.801442	0.081650
960.491451	0.090450
961.181459	0.099280
961.871467	0.107170
962.561475	0.113520
963.251483	0.118240
963.941492	0.121690
964.631500	0.124580
965.321508	0.127580
966.011516	0.131050
966.701525	0.134960
967.391533	0.139040
968.081541	0.143160
968.771549	0.147550
969.461558	0.152800
970.151566	0.159600
970.841574	0.168390
971.531582	0.179180
972.221590	0.191370
972.911599	0.203780
973.601607	0.215130
974.291615	0.224490
974.981623	0.231440
975.671632	0.235910
976.361640	0.238180
977.051648	0.238780
977.741656	0.238340
978.431664	0.237290
979.121673	0.235890
979.811681	0.234320
980.501689	0.232840
981.191697	0.231710
981.881706	0.231100
982.571714	0.230830
983.261722	0.230290
983.951730	0.228660
984.641738	0.225250
985.331747	0.219690
986.021755	0.211930
986.711763	0.202310
987.401771	0.191480
988.091780	0.180320
988.781788	0.169490
989.471796	0.159180
990.161804	0.149150
990.851813	0.138900
991.541821	0.127890
992.231829	0.115790
992.921837	0.102550
993.611845	0.088490
994.301854	0.074270
994.991862	0.060680
995.681870	0.048420
996.371878	0.037890
997.061887	0.029170
997.751895	0.021970
998.441903	0.015750
999.131911	0.009870
999.821919	0.003870
1000.511928	-0.002100
1001.201936	-0.007000
1001.891944	-0.009320
1002.581952	-0.008160
1003.271961	-0.003630
1003.961969	0.003950
1004.651977	0.014670
1005.341985	0.029120
1006.031993	0.047670
1006.722002	0.069430
1007.412010	0.092320
1008.102018	0.114370
1008.792026	0.134350
1009.482035	0.151710
1010.172043	0.166250
1010.862051	0.177960
1011.552059	0.186970
1012.242068	0.193560
1012.932076	0.198090
1013.622084	0.200990
1014.312092	0.202690
1015.002100	0.203570
1015.692109	0.203980
1016.382117	0.204280
1017.072125	0.204980
1017.762133	0.206740
1018.452142	0.210190
1019.142150	0.215730
1019.832158	0.223480
1020.522166	0.233190
1021.212174	0.244220
1021.902183	0.255610
1022.592191	0.266400
1023.282199	0.275880
1023.972207	0.283680
1024.662216	0.289540
1025.352224	0.292760
1026.042232	0.291580
1026.732240	0.284040
1027.422248	0.270380
1028.112257	0.252790
1028.802265	0.232930
1029.492273	0.210970
1030.182281	0.185610
1030.872290	0.154270
1031.562298	0.115040
1032.252306	0.069200
1032.942314	0.021710
1033.632323	-0.019190
1034.322331	-0.047990
1035.012339	-0.070100
1035.702347	-0.092010
1036.392355	-0.114960
1037.082364	-0.139050
1037.772372	-0.162790
1038.462380	-0.179430
1039.152388	-0.185040
1039.842397	-0.184630
1040.532405	-0.182510
1041.222413	-0.179410
1041.912421	-0.174400
1042.602429	-0.166350
1043.292438	-0.154690
1043.982446	-0.139390
1044.672454	-0.120470
1045.362462	-0.097810
1046.052471	-0.071550
1046.742479	-0.042720
1047.432487	-0.013310
1048.122495	0.014580
1048.812503	0.039410
1049.502512	0.060270
1050.192520	0.077770
1050.882528	0.095690
1051.572536	0.116480
1052.262545	0.138500
1052.952553	0.160260
1053.642561	0.181140
1054.332569	0.202530
1055.022578	0.229760
1055.712586	0.264110
1056.402594	0.300320
1057.092602	0.334710
1057.782610	0.365690
1058.472619	0.390980
1059.162627	0.404530
1059.852635	0.399570
1060.542643	0.383990
1061.232652	0.370490
1061.922660	0.359890
