0.000000	0.094980
0.690011	0.094540
1.380021	0.099660
2.070032	0.103600
2.760043	0.106090
3.450053	0.107620
4.140064	0.109460
4.830075	0.115740
5.520085	0.124610
6.210096	0.129620
6.900107	0.129300
7.590117	0.124250
8.280128	0.115190
8.970139	0.102850
9.660149	0.088160
10.350160	0.072340
11.040170	0.056710
11.730181	0.042330
12.420192	0.029700
13.110202	0.018770
13.800213	0.008940
14.490224	-0.000790
15.180234	-0.011570
15.870245	-0.024430
16.560256	-0.040120
17.250266	-0.059180
17.940277	-0.081970
18.630288	-0.108680
19.320298	-0.139390
20.010309	-0.174160
20.700320	-0.213100
21.390330	-0.256310
22.080341	-0.303330
22.770352	-0.350870
23.460362	-0.391090
24.150373	-0.422970
24.840384	-0.453720
25.530394	-0.485840
26.220405	-0.521350
26.910416	-0.563820
27.600426	-0.602220
28.290437	-0.611800
28.980448	-0.595910
29.670458	-0.568090
30.360469	-0.533880
31.050480	-0.495080
31.740490	-0.453690
32.430501	-0.413200
33.120511	-0.376390
33.810522	-0.343070
34.500533	-0.311980
35.190543	-0.282770
35.880554	-0.256490
36.570565	-0.235500
37.260575	-0.221040
37.950586	-0.211420
38.640597	-0.204310
39.330607	-0.198470
40.020618	-0.193390
40.710629	-0.188740
41.400639	-0.184090
42.090650	-0.178960
42.780661	-0.172990
43.470671	-0.166210
44.160682	-0.159300
44.850693	-0.153480
45.540703	-0.149940
46.230714	-0.149340
46.920725	-0.151850
47.610735	-0.157360
48.300746	-0.165360
48.990757	-0.174750
49.680767	-0.184060
50.370778	-0.192230
51.060789	-0.199150
51.750799	-0.205570
52.440810	-0.212660
53.130820	-0.221600
53.820831	-0.233300
54.510842	-0.248290
55.200852	-0.266290
55.890863	-0.283240
56.580874	-0.286390
57.270884	-0.273790
57.960895	-0.263660
58.650906	-0.258850
59.340916	-0.256480
60.030927	-0.255540
60.720938	-0.251460
61.410948	-0.240100
62.100959	-0.228820
62.790970	-0.221990
63.480980	-0.219580
64.170991	-0.220720
64.861002	-0.224350
65.551012	-0.229230
66.241023	-0.234090
66.931034	-0.237910
67.621044	-0.240220
68.311055	-0.241100
69.001066	-0.240950
69.691076	-0.240220
70.381087	-0.239230
71.071098	-0.238080
71.761108	-0.236640
72.451119	-0.234560
73.141130	-0.231340
73.831140	-0.226400
74.521151	-0.219140
75.211161	-0.208950
75.901172	-0.195140
76.591183	-0.176790
77.281193	-0.153110
77.971204	-0.123990
78.661215	-0.090160
79.351225	-0.052450
80.041236	-0.011290
80.731247	0.033160
81.421257	0.080100
82.111268	0.127310
82.801279	0.171910
83.491289	0.212010
84.181300	0.246690
84.871311	0.275150
85.561321	0.296190
86.251332	0.308740
86.941343	0.313060
87.631353	0.310800
88.321364	0.303480
89.011375	0.291610
89.701385	0.274890
90.391396	0.253150
91.081407	0.229750
91.771417	0.210840
92.461428	0.195460
93.151439	0.180540
93.841449	0.164880
94.531460	0.147520
95.221470	0.131130
95.911481	0.124650
96.601492	0.129020
97.291502	0.137090
97.981513	0.144680
98.671524	0.150510
99.361534	0.154280
100.051545	0.156100
100.741556	0.156300
101.431566	0.155320
102.121577	0.153510
102.811588	0.150900
103.501598	0.147060
104.191609	0.141410
104.881620	0.133590
105.571630	0.123950
106.261641	0.113680
106.951652	0.104460
107.641662	0.097580
108.331673	0.093620
109.021684	0.092830
109.711694	0.095320
110.401705	0.100780
111.091716	0.108330
111.781726	0.117020
112.471737	0.126420
113.161748	0.136680
113.851758	0.148180
114.541769	0.161070
115.231779	0.174600
115.921790	0.186830
116.611801	0.195720
117.301811	0.200720
117.991822	0.202350
118.681833	0.200920
119.371843	0.195950
120.061854	0.186450
120.751865	0.172270
121.441875	0.155080
122.131886	0.137310
122.821897	0.120710
123.511907	0.106150
124.201918	0.093950
124.891929	0.084060
125.581939	0.076230
126.271950	0.069910
126.961961	0.064390
127.651971	0.058880
128.341982	0.052810
129.031993	0.045980
129.722003	0.038830
130.412014	0.032310
131.102025	0.027590
131.792035	0.025490
132.482046	0.026430
133.172057	0.030500
133.862067	0.037510
134.552078	0.046880
135.242089	0.057550
135.932099	0.068240
136.622110	0.077890
137.312120	0.085820
138.002131	0.091700
138.692142	0.095450
139.382152	0.097140
140.072163	0.096940
140.762174	0.095110
141.452184	0.091870
142.142195	0.087360
142.832206	0.081620
143.522216	0.074600
144.212227	0.066330
144.902238	0.057070
145.592248	0.047490
146.282259	0.038640
146.972270	0.031650
147.662280	0.027320
148.352291	0.025990
149.042302	0.027610
149.732312	0.031820
150.422323	0.037760
151.112334	0.044130
151.802344	0.049630
152.492355	0.053470
153.182366	0.055470
153.872376	0.055960
154.562387	0.055590
155.252398	0.055170
155.942408	0.055420
156.632419	0.056810
157.322429	0.059450
158.012440	0.063070
158.702451	0.066960
159.392461	0.070100
160.082472	0.071340
160.772483	0.069690
161.462493	0.064510
162.152504	0.055450
162.842515	0.042340
163.532525	0.025420
164.222536	0.005910
164.912547	-0.013620
165.602557	-0.030640
166.292568	-0.044210
166.982579	-0.054440
167.672589	-0.061220
168.362600	-0.063770
169.052611	-0.060840
169.742621	-0.051920
170.432632	-0.038000
171.122643	-0.020760
171.812653	-0.001730
172.502664	0.017860
173.192675	0.037030
173.882685	0.055010
174.572696	0.071160
175.262707	0.085050
175.952717	0.096400
176.642728	0.105140
177.332739	0.111460
178.022749	0.115840
178.712760	0.119080
179.402770	0.122180
180.092781	0.125990
180.782792	0.130660
181.472802	0.135460
182.162813	0.139070
182.852824	0.140400
183.542834	0.138900
184.232845	0.134370
184.922856	0.126960
185.612866	0.117570
186.302877	0.108140
186.992888	0.100790
187.682898	0.096790
188.372909	0.096430
189.062920	0.099430
189.752930	0.104960
190.442941	0.111420
191.132952	0.116720
191.822962	0.118920
192.512973	0.116940
193.202984	0.112110
193.892994	0.108100
194.583005	0.106120
195.273016	0.104890
195.963026	0.103610
196.653037	0.102670
197.343048	0.104890
198.033058	0.112980
198.723069	0.124180
199.413079	0.134110
200.103090	0.140620
200.793101	0.143150
201.483111	0.141810
202.173122	0.136990
202.863133	0.129180
203.553143	0.119230
204.243154	0.108560
204.933165	0.098830
205.623175	0.091160
206.313186	0.085820
207.003197	0.082350
207.693207	0.079690
208.383218	0.076610
209.073229	0.072080
209.763239	0.065470
210.453250	0.056570
211.143261	0.045580
211.833271	0.033430
212.523282	0.022340
213.213293	0.015200
213.903303	0.013070
214.593314	0.014730
215.283325	0.018990
215.973335	0.025770
216.663346	0.036010
217.353357	0.050640
218.043367	0.068110
218.733378	0.084400
219.423389	0.096670
220.113399	0.104360
220.803410	0.107760
221.493420	0.107090
222.183431	0.102360
222.873442	0.093870
223.563452	0.082830
224.253463	0.071270
224.943474	0.061110
225.633484	0.053580
226.323495	0.049250
227.013506	0.048260
227.703516	0.050540
228.393527	0.055860
229.083538	0.063680
229.773548	0.073110
230.463559	0.082970
231.153570	0.091950
231.843580	0.098880
232.533591	0.102960
233.223602	0.103660
233.913612	0.100730
234.603623	0.094340
235.293634	0.085610
235.983644	0.076840
236.673655	0.070230
237.363666	0.066520
238.053676	0.065590
238.743687	0.067360
239.433698	0.071790
240.123708	0.077940
240.813719	0.083550
241.503729	0.086610
242.193740	0.086280
242.883751	0.082650
243.573761	0.076300
244.263772	0.068240
244.953783	0.059670
245.643793	0.051590
246.333804	0.043680
247.023815	0.031790
247.713825	0.007390
248.403836	-0.027600
249.093847	-0.061710
249.783857	-0.092680
250.473868	-0.122590
251.163879	-0.152960
251.853889	-0.185050
252.543900	-0.216300
253.233911	-0.243540
253.923921	-0.269000
254.613932	-0.294360
255.303943	-0.321450
255.993953	-0.351260
256.683964	-0.377080
257.373975	-0.388760
258.063985	-0.389270
258.753996	-0.384970
259.444007	-0.377880
260.134017	-0.368030
260.824028	-0.355110
261.514038	-0.339000
262.204049	-0.320580
262.894060	-0.302850
263.584070	-0.288910
264.274081	-0.278210
264.964092	-0.268960
265.654102	-0.260510
266.344113	-0.253330
267.034124	-0.249900
267.724134	-0.253680
268.414145	-0.264930
269.104156	-0.281680
269.794166	-0.302900
270.484177	-0.328370
271.174188	-0.358130
271.864198	-0.392200
272.554209	-0.430620
273.244220	-0.473360
273.934230	-0.520100
274.624241	-0.570180
275.314252	-0.622090
276.004262	-0.671170
276.694273	-0.701740
277.384284	-0.692170
278.074294	-0.664050
278.764305	-0.647530
279.454316	-0.639950
280.144326	-0.635120
280.834337	-0.631570
281.524348	-0.624240
282.214358	-0.600520
282.904369	-0.570640
283.594379	-0.542710
284.284390	-0.516150
284.974401	-0.489710
285.664411	-0.462400
286.354422	-0.436680
287.044433	-0.420550
287.734443	-0.417300
288.424454	-0.422450
289.114465	-0.432300
289.804475	-0.445640
290.494486	-0.462200
291.184497	-0.481020
291.874507	-0.497200
292.564518	-0.503470
293.254529	-0.504610
293.944539	-0.507390
294.634550	-0.512620
295.324561	-0.523010
296.014571	-0.540020
296.704582	-0.545340
297.394593	-0.525680
298.084603	-0.493780
298.774614	-0.458760
299.464625	-0.423010
300.154635	-0.386840
300.844646	-0.349920
301.534657	-0.311710
302.224667	-0.271550
302.914678	-0.229280
303.604688	-0.186890
304.294699	-0.148470
304.984710	-0.114070
305.674720	-0.080660
306.364731	-0.046670
307.054742	-0.010890
307.744752	0.024830
308.434763	0.050800
309.124774	0.062640
309.814784	0.066950
310.504795	0.069210
311.194806	0.071610
311.884816	0.074980
312.574827	0.079580
313.264838	0.085310
313.954848	0.091570
314.644859	0.097280
315.334870	0.101240
316.024880	0.102570
316.714891	0.100920
317.404902	0.096300
318.094912	0.089040
318.784923	0.079950
319.474934	0.070480
320.164944	0.062560
320.854955	0.058420
321.544966	0.058840
322.234976	0.059010
322.924987	0.056420
323.614998	0.053230
324.305008	0.051090
324.995019	0.051550
325.685029	0.051920
326.375040	0.044250
327.065051	0.031980
327.755061	0.021140
328.445072	0.013570
329.135083	0.009660
329.825093	0.009460
330.515104	0.012840
331.205115	0.019530
331.895125	0.029160
332.585136	0.041090
333.275147	0.054390
333.965157	0.068040
334.655168	0.081300
335.345179	0.093790
336.035189	0.105440
336.725200	0.116160
337.415211	0.125670
338.105221	0.133510
338.795232	0.139210
339.485243	0.142500
340.175253	0.143320
340.865264	0.141890
341.555275	0.138640
342.245285	0.134110
342.935296	0.128750
343.625307	0.122810
344.315317	0.116390
345.005328	0.109610
345.695338	0.102780
346.385349	0.096380
347.075360	0.091020
347.765370	0.087230
348.455381	0.085370
349.145392	0.085550
349.835402	0.087630
350.525413	0.091230
351.215424	0.095780
351.905434	0.100580
352.595445	0.104870
353.285456	0.107920
353.975466	0.109100
354.665477	0.107990
355.355488	0.104440
356.045498	0.098620
356.735509	0.091110
357.425520	0.082940
358.115530	0.075280
358.805541	0.069130
359.495552	0.065040
360.185562	0.063160
360.875573	0.063340
361.565584	0.065250
362.255594	0.068600
362.945605	0.073260
363.635616	0.079300
364.325626	0.086980
365.015637	0.096620
365.705648	0.108510
366.395658	0.122740
367.085669	0.138860
367.775679	0.155360
368.465690	0.169780
369.155701	0.180490
369.845711	0.187610
370.535722	0.191770
371.225733	0.192990
371.915743	0.190520
372.605754	0.183750
373.295765	0.173890
373.985775	0.163660
374.675786	0.155200
375.365797	0.149370
376.055807	0.146170
376.745818	0.145100
377.435829	0.145350
378.125839	0.145970
378.815850	0.146190
379.505861	0.145760
380.195871	0.145010
380.885882	0.144750
381.575893	0.145810
382.265903	0.148750
382.955914	0.153590
383.645925	0.159650
384.335935	0.165620
385.025946	0.170120
385.715957	0.172150
386.405967	0.171260
387.095978	0.167380
387.785988	0.160790
388.475999	0.152120
389.166010	0.142230
389.856020	0.131810
390.546031	0.121080
391.236042	0.109780
391.926052	0.097390
392.616063	0.083490
393.306074	0.067940
393.996084	0.051030
394.686095	0.033530
395.376106	0.016420
396.066116	0.000670
396.756127	-0.013080
397.446138	-0.024510
398.136148	-0.033490
398.826159	-0.039940
399.516170	-0.043730
400.206180	-0.044690
400.896191	-0.042690
401.586202	-0.037680
402.276212	-0.029710
402.966223	-0.018970
403.656234	-0.005810
404.346244	0.009180
405.036255	0.025270
405.726266	0.041510
406.416276	0.056940
407.106287	0.070670
407.796298	0.082120
408.486308	0.091070
409.176319	0.097580
409.866329	0.102120
410.556340	0.105520
411.246351	0.108830
411.936361	0.112930
412.626372	0.118400
413.316383	0.125380
414.006393	0.133720
414.696404	0.142860
415.386415	0.151870
416.076425	0.159480
416.766436	0.164420
417.456447	0.165890
418.146457	0.163600
418.836468	0.157530
419.526479	0.147810
420.216489	0.134960
420.906500	0.120340
421.596511	0.105930
422.286521	0.093390
422.976532	0.083600
423.666543	0.076840
424.356553	0.073060
425.046564	0.072050
425.736575	0.073640
426.426585	0.078050
427.116596	0.085720
427.806607	0.096990
428.496617	0.111970
429.186628	0.130620
429.876638	0.152770
430.566649	0.177700
431.256660	0.203610
431.946670	0.228010
432.636681	0.248810
433.326692	0.264910
434.016702	0.275940
434.706713	0.281750
435.396724	0.282170
436.086734	0.276950
436.776745	0.265930
437.466756	0.249290
438.156766	0.229040
438.846777	0.212250
439.536788	0.204190
440.226798	0.198710
440.916809	0.191850
441.606820	0.183410
442.296830	0.173170
442.986841	0.164950
443.676852	0.166210
444.366862	0.172230
445.056873	0.175680
445.746884	0.174690
446.436894	0.169310
447.126905	0.159790
447.816916	0.146400
448.506926	0.129820
449.196937	0.111660
449.886947	0.094320
450.576958	0.079750
451.266969	0.068540
451.956979	0.060560
452.646990	0.055810
453.337001	0.054810
454.027011	0.058280
454.717022	0.066490
455.407033	0.078880
456.097043	0.094200
456.787054	0.110820
457.477065	0.126900
458.167075	0.141000
458.857086	0.152390
459.547097	0.160800
460.237107	0.166200
460.927118	0.168920
461.617129	0.169950
462.307139	0.170710
462.997150	0.172290
463.687161	0.175060
464.377171	0.178950
465.067182	0.183710
465.757193	0.189130
466.447203	0.195030
467.137214	0.201020
467.827225	0.206270
468.517235	0.209730
469.207246	0.210610
469.897257	0.208590
470.587267	0.203590
471.277278	0.195660
471.967288	0.185390
472.657299	0.174070
473.347310	0.163340
474.037320	0.154410
474.727331	0.147770
475.417342	0.143250
476.107352	0.140250
476.797363	0.137890
477.487374	0.135300
478.177384	0.132000
478.867395	0.128170
479.557406	0.124570
480.247416	0.122060
480.937427	0.121240
481.627438	0.122230
482.317448	0.124660
483.007459	0.127710
483.697470	0.130380
484.387480	0.131730
485.077491	0.130940
485.767502	0.127190
486.457512	0.119700
487.147523	0.108190
487.837534	0.092900
488.527544	0.074180
489.217555	0.052210
489.907566	0.027190
490.597576	-0.000070
491.287587	-0.027960
491.977597	-0.054870
492.667608	-0.079900
493.357619	-0.102880
494.047629	-0.124060
494.737640	-0.144010
495.427651	-0.163520
496.117661	-0.183460
496.807672	-0.204550
497.497683	-0.227220
498.187693	-0.251600
498.877704	-0.277510
499.567715	-0.304540
500.257725	-0.332030
500.947736	-0.359150
501.637747	-0.385050
502.327757	-0.408950
503.017768	-0.430200
503.707779	-0.448250
504.397789	-0.462600
505.087800	-0.472740
505.777811	-0.478130
506.467821	-0.478930
507.157832	-0.479310
507.847843	-0.484130
508.537853	-0.490840
509.227864	-0.496990
509.917875	-0.501580
510.607885	-0.503530
511.297896	-0.506290
511.987907	-0.523010
512.677917	-0.555040
513.367928	-0.576820
514.057938	-0.568720
514.747949	-0.549120
515.437960	-0.534420
516.127970	-0.524010
516.817981	-0.516180
517.507992	-0.512390
518.198002	-0.512070
518.888013	-0.499420
519.578024	-0.463580
520.268034	-0.423220
520.958045	-0.403170
521.648056	-0.409410
522.338066	-0.421700
523.028077	-0.429590
523.718088	-0.433910
524.408098	-0.433890
525.098109	-0.427270
525.788120	-0.426420
526.478130	-0.447740
527.168141	-0.480740
527.858152	-0.514720
528.548162	-0.546740
529.238173	-0.575680
529.928184	-0.597920
530.618194	-0.601360
531.308205	-0.569980
531.998216	-0.518220
532.688226	-0.473040
533.378237	-0.436270
534.068247	-0.402130
534.758258	-0.367530
535.448269	-0.330560
536.138279	-0.289060
536.828290	-0.247180
537.518301	-0.206460
538.208311	-0.165080
538.898322	-0.118550
539.588333	-0.060310
540.278343	-0.002030
540.968354	0.021070
541.658365	0.016380
542.348375	0.007670
543.038386	0.002880
543.728397	0.002920
544.418407	0.007520
545.108418	0.016750
545.798429	0.031170
546.488439	0.050630
547.178450	0.072310
547.868461	0.093040
548.558471	0.112060
549.248482	0.129520
549.938493	0.145040
550.628503	0.158340
551.318514	0.172020
552.008525	0.188080
552.698535	0.204700
553.388546	0.220490
554.078557	0.233650
554.768567	0.244910
555.458578	0.264760
556.148588	0.296830
556.838599	0.331340
557.528610	0.362820
558.218620	0.390240
558.908631	0.413540
559.598642	0.432510
560.288652	0.446040
560.978663	0.450470
561.668674	0.439900
562.358684	0.416520
563.048695	0.390840
563.738706	0.366560
564.428716	0.342950
565.118727	0.319250
565.808738	0.292900
566.498748	0.259020
567.188759	0.218450
567.878770	0.179250
568.568780	0.147610
569.258791	0.122950
569.948802	0.101350
570.638812	0.080590
571.328823	0.060370
572.018834	0.041480
572.708844	0.025740
573.398855	0.013090
574.088866	0.000190
574.778876	-0.015410
575.468887	-0.033850
576.158897	-0.053600
576.848908	-0.072080
577.538919	-0.087250
578.228929	-0.099020
578.918940	-0.108030
579.608951	-0.114360
580.298961	-0.117310
580.988972	-0.115930
581.678983	-0.109720
582.368993	-0.097510
583.059004	-0.076040
583.749015	-0.046050
584.439025	-0.013850
585.129036	0.017650
585.819047	0.048380
586.509057	0.078770
587.199068	0.111650
587.889079	0.150640
588.579089	0.192670
589.269100	0.233030
589.959111	0.270120
590.649121	0.303470
591.339132	0.331880
592.029143	0.351190
592.719153	0.354400
593.409164	0.343160
594.099175	0.329470
594.789185	0.318040
595.479196	0.307430
596.169206	0.295950
596.859217	0.282050
597.549228	0.266630
598.239238	0.257110
598.929249	0.251320
599.619260	0.245690
600.309270	0.238870
600.999281	0.227970
601.689292	0.211960
602.379302	0.205740
603.069313	0.221940
603.759324	0.247230
604.449334	0.270240
605.139345	0.287820
605.829356	0.299910
606.519366	0.307260
607.209377	0.310460
607.899388	0.309580
608.589398	0.304200
609.279409	0.294170
609.969420	0.280380
610.659430	0.264540
611.349441	0.248210
612.039452	0.232330
612.729462	0.217280
613.419473	0.203000
614.109484	0.189180
614.799494	0.175450
615.489505	0.161570
616.179516	0.147680
616.869526	0.134470
617.559537	0.123000
618.249547	0.114370
618.939558	0.109340
619.629569	0.108310
620.319579	0.111520
621.009590	0.119200
621.699601	0.131530
622.389611	0.148260
623.079622	0.167140
623.769633	0.179800
624.459643	0.178240
625.149654	0.172310
625.839665	0.169470
626.529675	0.169260
627.219686	0.172390
627.909697	0.177640
628.599707	0.172580
629.289718	0.153600
629.979729	0.130970
630.669739	0.110100
631.359750	0.092240
632.049761	0.077560
632.739771	0.065930
633.429782	0.057080
634.119793	0.050600
634.809803	0.045920
635.499814	0.042370
636.189825	0.039420
636.879835	0.036710
637.569846	0.034070
638.259856	0.031400
638.949867	0.028650
639.639878	0.025900
640.329888	0.023430
641.019899	0.021660
641.709910	0.020990
642.399920	0.021630
643.089931	0.023520
643.779942	0.026410
644.469952	0.030000
645.159963	0.034170
645.849974	0.039050
646.539984	0.044900
647.229995	0.051970
647.920006	0.060280
648.610016	0.069600
649.300027	0.079440
649.990038	0.089080
650.680048	0.097770
651.370059	0.104790
652.060070	0.109620
652.750080	0.111920
653.440091	0.111570
654.130102	0.108590
654.820112	0.103160
655.510123	0.095590
656.200134	0.086320
656.890144	0.076040
657.580155	0.065680
658.270166	0.056400
658.960176	0.049290
659.650187	0.045010
660.340197	0.043830
661.030208	0.045850
661.720219	0.050980
662.410229	0.058710
663.100240	0.067930
663.790251	0.077100
664.480261	0.084800
665.170272	0.090120
665.860283	0.092700
666.550293	0.092630
667.240304	0.090610
667.930315	0.087940
668.620325	0.086220
669.310336	0.086740
670.000347	0.090220
670.690357	0.096880
671.380368	0.106630
672.070379	0.119010
672.760389	0.133170
673.450400	0.148110
674.140411	0.162960
674.830421	0.177160
675.520432	0.190390
676.210443	0.202470
676.900453	0.213260
677.590464	0.222610
678.280475	0.230310
678.970485	0.236130
679.660496	0.239800
680.350506	0.241160
681.040517	0.240110
681.730528	0.236730
682.420538	0.231270
683.110549	0.224210
683.800560	0.216210
684.490570	0.207960
685.180581	0.200060
685.870592	0.192810
686.560602	0.186280
687.250613	0.180390
687.940624	0.175160
688.630634	0.170770
689.320645	0.167550
690.010656	0.165810
690.700666	0.165580
691.390677	0.166480
692.080688	0.167650
692.770698	0.168020
693.460709	0.166660
694.150720	0.163140
694.840730	0.157700
695.530741	0.151240
696.220752	0.145170
696.910762	0.140800
697.600773	0.138970
698.290784	0.140010
698.980794	0.143820
699.670805	0.149860
700.360816	0.157190
701.050826	0.164780
701.740837	0.171920
702.430847	0.178400
703.120858	0.184520
703.810869	0.190860
704.500879	0.197970
705.190890	0.205930
705.880901	0.214030
706.570911	0.221020
707.260922	0.225800
707.950933	0.227840
708.640943	0.227030
709.330954	0.223480
710.020965	0.217830
710.710975	0.211410
711.400986	0.205930
712.090997	0.202470
712.781007	0.200410
713.471018	0.197260
714.161029	0.191740
714.851039	0.184710
715.541050	0.177060
716.231061	0.168700
716.921071	0.158420
717.611082	0.144850
718.301093	0.129200
718.991103	0.113670
719.681114	0.098940
720.371125	0.084570
721.061135	0.069850
721.751146	0.054140
722.441156	0.036960
723.131167	0.018070
723.821178	-0.002580
724.511188	-0.024930
725.201199	-0.048820
725.891210	-0.074110
726.581220	-0.100810
727.271231	-0.129120
727.961242	-0.159440
728.651252	-0.192330
729.341263	-0.228320
730.031274	-0.267130
730.721284	-0.304310
731.411295	-0.329610
732.101306	-0.346200
732.791316	-0.364660
733.481327	-0.386590
734.171338	-0.415250
734.861348	-0.454800
735.551359	-0.484730
736.241370	-0.481160
736.931380	-0.459220
737.621391	-0.432930
738.311402	-0.405920
739.001412	-0.378570
739.691423	-0.350840
740.381434	-0.324070
741.071444	-0.306760
741.761455	-0.314160
742.451466	-0.329330
743.141476	-0.333630
743.831487	-0.332330
744.521497	-0.329680
745.211508	-0.327970
745.901519	-0.330160
746.591529	-0.332900
747.281540	-0.332460
747.971551	-0.328830
748.661561	-0.322280
749.351572	-0.312570
750.041583	-0.299230
750.731593	-0.281990
751.421604	-0.261060
752.111615	-0.236830
752.801625	-0.209570
753.491636	-0.179560
754.181647	-0.147720
754.871657	-0.115960
755.561668	-0.086600
756.251679	-0.061640
756.941689	-0.042350
757.631700	-0.029130
758.321711	-0.021580
759.011721	-0.019170
759.701732	-0.021850
760.391743	-0.030310
761.081753	-0.045910
761.771764	-0.069900
762.461775	-0.102330
763.151785	-0.141930
763.841796	-0.187190
764.531806	-0.237200
765.221817	-0.291610
765.911828	-0.350080
766.601838	-0.411320
767.291849	-0.473040
767.981860	-0.533100
768.671870	-0.590230
769.361881	-0.643710
770.051892	-0.691780
770.741902	-0.725740
771.431913	-0.720150
772.121924	-0.675970
772.811934	-0.640930
773.501945	-0.620320
774.191956	-0.605850
774.881966	-0.598980
775.571977	-0.597820
776.261988	-0.576780
776.951998	-0.530220
777.642009	-0.475070
778.332020	-0.418890
779.022030	-0.363720
779.712041	-0.313280
780.402052	-0.278570
781.092062	-0.265930
781.782073	-0.256900
782.472084	-0.241090
783.162094	-0.221470
783.852105	-0.199940
784.542115	-0.177570
785.232126	-0.161670
785.922137	-0.155100
786.612147	-0.148810
787.302158	-0.138160
787.992169	-0.122620
788.682179	-0.103830
789.372190	-0.084390
790.062201	-0.065220
790.752211	-0.045580
791.442222	-0.024790
792.132233	-0.004700
792.822243	0.009220
793.512254	0.014720
794.202265	0.014790
794.892275	0.012090
795.582286	0.007570
796.272297	0.001600
796.962307	-0.004850
797.652318	-0.008080
798.342329	-0.000670
799.032339	0.018290
799.722350	0.039370
800.412361	0.058200
801.102371	0.075930
801.792382	0.094070
802.482393	0.113140
803.172403	0.129740
803.862414	0.141950
804.552425	0.153560
805.242435	0.165770
805.932446	0.181270
806.622456	0.204730
807.312467	0.228490
808.002478	0.230420
808.692488	0.216770
809.382499	0.201330
810.072510	0.187920
810.762520	0.176500
811.452531	0.166370
812.142542	0.156970
812.832552	0.148160
813.522563	0.140310
814.212574	0.134030
814.902584	0.129760
815.592595	0.127700
816.282606	0.127660
816.972616	0.129170
817.662627	0.131490
818.352638	0.133950
819.042648	0.136160
819.732659	0.137940
820.422670	0.139100
821.112680	0.139380
821.802691	0.138480
822.492702	0.136290
823.182712	0.133060
823.872723	0.129440
824.562734	0.126440
825.252744	0.125050
825.942755	0.126020
826.632765	0.129720
827.322776	0.136140
828.012787	0.144940
828.702797	0.155440
829.392808	0.166680
830.082819	0.177620
830.772829	0.187420
831.462840	0.195580
832.152851	0.202020
832.842861	0.207010
833.532872	0.211140
834.222883	0.215250
834.912893	0.220230
835.602904	0.226910
836.292915	0.235900
836.982925	0.247710
837.672936	0.262770
838.362947	0.281440
839.052957	0.303620
839.742968	0.326210
840.432979	0.337700
841.122989	0.334250
841.813000	0.332290
842.503011	0.335320
843.193021	0.341180
843.883032	0.350970
844.573043	0.364800
845.263053	0.366190
845.953064	0.339600
846.643075	0.310040
847.333085	0.294590
848.023096	0.285350
848.713106	0.275890
849.403117	0.265280
850.093128	0.252940
850.783138	0.238270
851.473149	0.227510
852.163160	0.228210
852.853170	0.232370
853.543181	0.232940
854.233192	0.228790
854.923202	0.220350
855.613213	0.208210
856.303224	0.193160
856.993234	0.176530
857.683245	0.160110
858.373256	0.145500
859.063266	0.133600
859.753277	0.124650
860.443288	0.118470
861.133298	0.114610
861.823309	0.112370
862.513320	0.110970
863.203330	0.109740
863.893341	0.108320
864.583352	0.106580
865.273362	0.104380
865.963373	0.101510
866.653384	0.097630
867.343394	0.092360
868.033405	0.085450
868.723415	0.076920
869.413426	0.067110
870.103437	0.056760
870.793447	0.046840
871.483458	0.038350
872.173469	0.032060
872.863479	0.028500
873.553490	0.027910
874.243501	0.030370
874.933511	0.035800
875.623522	0.043980
876.313533	0.054450
877.003543	0.066520
877.693554	0.079230
878.383565	0.091530
879.073575	0.102470
879.763586	0.111390
880.453597	0.117850
881.143607	0.121660
881.833618	0.122730
882.523629	0.121050
883.213639	0.116640
883.903650	0.109580
884.593661	0.100060
885.283671	0.088640
885.973682	0.076550
886.663693	0.065900
887.353703	0.058850
888.043714	0.056300
888.733725	0.057920
889.423735	0.063290
890.113746	0.072600
890.803756	0.086630
891.493767	0.106090
892.183778	0.130750
892.873788	0.159090
893.563799	0.187580
894.253810	0.206940
894.943820	0.204820
895.633831	0.189970
896.323842	0.179060
897.013852	0.172850
897.703863	0.168150
898.393874	0.163080
899.083884	0.155320
899.773895	0.145910
900.463906	0.137810
901.153916	0.131260
901.843927	0.126160
902.533938	0.123480
903.223948	0.124630
903.913959	0.128490
904.603970	0.131590
905.293980	0.131730
905.983991	0.128780
906.674002	0.123910
907.364012	0.118990
908.054023	0.115700
908.744034	0.114980
909.434044	0.117310
910.124055	0.123100
910.814065	0.132680
911.504076	0.146010
912.194087	0.162580
912.884097	0.181690
913.574108	0.202640
914.264119	0.224680
914.954129	0.247000
915.644140	0.268760
916.334151	0.289270
917.024161	0.307910
917.714172	0.323620
918.404183	0.332600
919.094193	0.327770
919.784204	0.312420
920.474215	0.298080
921.164225	0.286680
921.854236	0.276710
922.544247	0.267210
923.234257	0.254240
923.924268	0.234910
924.614279	0.215280
925.304289	0.199790
925.994300	0.188960
926.684311	0.182400
927.374321	0.179750
928.064332	0.180710
928.754343	0.184840
929.444353	0.191630
930.134364	0.200630
930.824375	0.211680
931.514385	0.224290
932.204396	0.236310
932.894406	0.244560
933.584417	0.249900
934.274428	0.254850
934.964438	0.260280
935.654449	0.266520
936.344460	0.272260
937.034470	0.272100
937.724481	0.263220
938.414492	0.248590
939.104502	0.230590
939.794513	0.209790
940.484524	0.186870
941.174534	0.167240
941.864545	0.166520
942.554556	0.183360
943.244566	0.194710
943.934577	0.198850
944.624588	0.200260
945.314598	0.199720
946.004609	0.197110
946.694620	0.205930
947.384630	0.233230
948.074641	0.258430
948.764652	0.280680
949.454662	0.302170
950.144673	0.324770
950.834684	0.352190
951.524694	0.385350
952.214705	0.407690
952.904715	0.401810
953.594726	0.376540
954.284737	0.343620
954.974747	0.308310
955.664758	0.275810
956.354769	0.250560
957.044779	0.228470
957.734790	0.205360
958.424801	0.180760
959.114811	0.153830
959.804822	0.124370
960.494833	0.100550
961.184843	0.091690
961.874854	0.092530
962.564865	0.094590
963.254875	0.087700
963.944886	0.057320
964.634897	0.011340
965.324907	-0.029620
966.014918	-0.064500
966.704929	-0.097000
967.394939	-0.127880
968.084950	-0.157980
968.774961	-0.194750
969.464971	-0.241330
970.154982	-0.285450
970.844993	-0.315080
971.535003	-0.332270
972.225014	-0.346660
972.915024	-0.361990
973.605035	-0.378890
974.295046	-0.399050
974.985056	-0.421330
975.675067	-0.432460
976.365078	-0.423460
977.055088	-0.402000
977.745099	-0.374990
978.435110	-0.345090
979.125120	-0.316580
979.815131	-0.307630
980.505142	-0.348730
981.195152	-0.409940
981.885163	-0.450120
982.575174	-0.477120
983.265184	-0.501090
983.955195	-0.525520
984.645206	-0.551300
985.335216	-0.578370
986.025227	-0.604040
986.715238	-0.627730
987.405248	-0.650090
988.095259	-0.673940
988.785270	-0.707920
989.475280	-0.764340
990.165291	-0.820950
990.855302	-0.818050
991.545312	-0.762440
992.235323	-0.687850
992.925334	-0.608100
993.615344	-0.528580
994.305355	-0.457970
994.995365	-0.405060
995.685376	-0.359840
996.375387	-0.311640
997.065397	-0.259830
997.755408	-0.201200
998.445419	-0.131180
999.135429	-0.071440
999.825440	-0.049010
1000.515451	-0.048940
1001.205461	-0.055410
1001.895472	-0.063530
1002.585483	-0.072190
1003.275493	-0.081640
1003.965504	-0.095070
1004.655515	-0.124310
1005.345525	-0.185470
1006.035536	-0.264220
1006.725547	-0.335650
1007.415557	-0.399180
1008.105568	-0.460390
1008.795579	-0.522040
1009.485589	-0.581440
1010.175600	-0.610950
1010.865611	-0.616690
1011.555621	-0.627300
1012.245632	-0.639610
1012.935643	-0.655100
1013.625653	-0.682880
1014.315664	-0.733430
1015.005674	-0.774820
1015.695685	-0.750490
1016.385696	-0.681220
1017.075706	-0.600860
1017.765717	-0.527710
1018.455728	-0.486580
1019.145738	-0.477810
1019.835749	-0.464970
1020.525760	-0.441060
1021.215770	-0.410500
1021.905781	-0.367080
1022.595792	-0.302040
1023.285802	-0.258230
1023.975813	-0.264620
1024.665824	-0.289280
1025.355834	-0.316160
1026.045845	-0.342310
1026.735856	-0.367260
1027.425866	-0.389850
1028.115877	-0.403730
1028.805888	-0.388800
1029.495898	-0.332650
1030.185909	-0.271400
1030.875920	-0.224860
1031.565930	-0.185570
1032.255941	-0.147660
1032.945952	-0.109000
1033.635962	-0.065900
1034.325973	-0.013260
1035.015984	0.024130
1035.705994	0.044120
1036.396005	0.066000
1037.086015	0.090540
1037.776026	0.117710
1038.466037	0.153520
1039.156047	0.205480
1039.846058	0.244470
1040.536069	0.246380
1041.226079	0.236210
1041.916090	0.227150
1042.606101	0.221200
1043.296111	0.218070
1043.986122	0.217280
1044.676133	0.218460
1045.366143	0.221410
1046.056154	0.226150
1046.746165	0.232650
1047.436175	0.239930
1048.126186	0.243900
1048.816197	0.239490
1049.506207	0.230070
1050.196218	0.221000
1050.886229	0.213210
1051.576239	0.206950
1052.266250	0.200660
1052.956261	0.186850
1053.646271	0.163130
1054.336282	0.136040
1055.026293	0.109790
1055.716303	0.085530
1056.406314	0.063460
1057.096324	0.043550
1057.786335	0.025810
1058.476346	0.010310
1059.166356	-0.002740
1059.856367	-0.013050
1060.546378	-0.020380
1061.236388	-0.024630
1061.926399	-0.025870
1062.616410	-0.024450
1063.306420	-0.021050
1063.996431	-0.016650
1064.686442	-0.012290
1065.376452	-0.008670
1066.066463	-0.005860
1066.756474	-0.003380
1067.446484	-0.000450
1068.136495	0.003720
1068.826506	0.009600
1069.516516	0.017270
1070.206527	0.026340
1070.896538	0.036040
1071.586548	0.045350
1072.276559	0.053340
1072.966570	0.059450
1073.656580	0.063970
1074.346591	0.068560
1075.036602	0.075530
1075.726612	0.085910
1076.416623	0.099200
1077.106634	0.114940
1077.796644	0.133320
1078.486655	0.154870
1079.176665	0.178940
1079.866676	0.203290
1080.556687	0.225940
1081.246697	0.246390
1081.936708	0.265060
1082.626719	0.282750
1083.316729	0.300040
1084.006740	0.316720
1084.696751	0.331620
1085.386761	0.343540
1086.076772	0.352200
1086.766783	0.357870
1087.456793	0.360560
1088.146804	0.359950
1088.836815	0.355990
1089.526825	0.349580
1090.216836	0.342030
1090.906847	0.333960
1091.596857	0.325190
1092.286868	0.315330
1092.976879	0.304180
1093.666889	0.291980
1094.356900	0.279290
1095.046911	0.266740
1095.736921	0.254710
1096.426932	0.243040
1097.116943	0.231090
1097.806953	0.218120
1098.496964	0.203630
1099.186974	0.187570
1099.876985	0.170440
1100.566996	0.153120
1101.257006	0.136630
1101.947017	0.121770
1102.637028	0.108940
1103.327038	0.098170
1104.017049	0.089170
1104.707060	0.081490
1105.397070	0.074700
1106.087081	0.068540
1106.777092	0.063010
1107.467102	0.058260
1108.157113	0.054370
1108.847124	0.051160
1109.537134	0.048200
1110.227145	0.044990
1110.917156	0.041200
1111.607166	0.036940
1112.297177	0.032790
1112.987188	0.029530
1113.677198	0.027900
1114.367209	0.028310
1115.057220	0.030760
1115.747230	0.034750
1116.437241	0.039250
1117.127252	0.042900
1117.817262	0.044450
1118.507273	0.043090
1119.197283	0.038430
1119.887294	0.030610
1120.577305	0.020540
1121.267315	0.010230
1121.957326	0.001980
1122.647337	-0.003000
1123.337347	-0.004590
1124.027358	-0.002820
1124.717369	0.002510
1125.407379	0.011510
1126.097390	0.023630
1126.787401	0.037590
1127.477411	0.052080
1128.167422	0.066020
1128.857433	0.078550
1129.547443	0.088990
1130.237454	0.096920
1130.927465	0.102180
1131.617475	0.104900
1132.307486	0.105650
1132.997497	0.105510
1133.687507	0.105850
1134.377518	0.107850
1135.067529	0.112290
1135.757539	0.119580
1136.447550	0.129910
1137.137561	0.143370
1137.827571	0.159950
1138.517582	0.179170
1139.207593	0.198440
1139.897603	0.210110
1140.587614	0.209850
1141.277624	0.206900
1141.967635	0.206300
1142.657646	0.208080
1143.347656	0.213560
1144.037667	0.219380
1144.727678	0.211690
1145.417688	0.189560
1146.107699	0.162900
1146.797710	0.136520
1147.487720	0.111870
1148.177731	0.089750
1148.867742	0.070980
1149.557752	0.056210
1150.247763	0.045640
1150.937774	0.039080
1151.627784	0.036330
1152.317795	0.037310
1153.007806	0.041760
1153.697816	0.048840
1154.387827	0.057070
1155.077838	0.065000
1155.767848	0.071710
1156.457859	0.077000
1157.147870	0.081200
1157.837880	0.085030
1158.527891	0.089280
1159.217902	0.094520
1159.907912	0.100690
1160.597923	0.106870
1161.287933	0.111740
1161.977944	0.114240
1162.667955	0.113810
1163.357965	0.110230
1164.047976	0.103510
1164.737987	0.094290
1165.427997	0.084090
1166.118008	0.074920
1166.808019	0.068330
1167.498029	0.065120
1168.188040	0.065680
1168.878051	0.070220
1169.568061	0.078790
1170.258072	0.090490
1170.948083	0.100680
1171.638093	0.099640
1172.328104	0.087870
1173.018115	0.076420
1173.708125	0.067680
1174.398136	0.060110
1175.088147	0.052100
1175.778157	0.040610
1176.468168	0.026150
1177.158179	0.014220
1177.848189	0.007160
1178.538200	0.005040
1179.228211	0.007840
1179.918221	0.015580
1180.608232	0.026580
1181.298243	0.032410
1181.988253	0.026960
1182.678264	0.020920
1183.368274	0.018210
1184.058285	0.017680
1184.748296	0.019310
1185.438306	0.018870
1186.128317	0.009580
1186.818328	-0.000990
1187.508338	-0.006840
1188.198349	-0.007420
1188.888360	-0.003190
1189.578370	0.005500
1190.268381	0.018410
1190.958392	0.035010
1191.648402	0.053870
1192.338413	0.072410
1193.028424	0.088120
1193.718434	0.100170
1194.408445	0.108860
1195.098456	0.114340
1195.788466	0.115960
1196.478477	0.112290
1197.168488	0.102090
1197.858498	0.085320
1198.548509	0.063330
1199.238520	0.038920
1199.928530	0.015960
1200.618541	-0.004030
1201.308552	-0.022340
1201.998562	-0.039870
1202.688573	-0.056400
1203.378583	-0.071000
1204.068594	-0.083800
1204.758605	-0.103750
1205.448615	-0.134100
1206.138626	-0.163760
1206.828637	-0.191460
1207.518647	-0.218440
1208.208658	-0.244680
1208.898669	-0.270230
1209.588679	-0.303710
1210.278690	-0.346050
1210.968701	-0.387550
1211.658711	-0.427610
1212.348722	-0.468880
1213.038733	-0.515800
1213.728743	-0.565950
1214.418754	-0.597350
1215.108765	-0.596110
1215.798775	-0.574220
1216.488786	-0.544150
1217.178797	-0.511490
1217.868807	-0.478740
1218.558818	-0.447560
1219.248829	-0.418990
1219.938839	-0.391530
1220.628850	-0.362550
1221.318861	-0.332640
1222.008871	-0.302870
1222.698882	-0.273870
1223.388893	-0.245600
1224.078903	-0.215350
1224.768914	-0.180260
1225.458924	-0.143320
1226.148935	-0.111040
1226.838946	-0.100390
1227.528956	-0.145000
