0.000000	0.250320
0.690035	0.224250
1.380069	0.199210
2.070104	0.174840
2.760138	0.151310
3.450173	0.129470
4.140207	0.110450
4.830242	0.095110
5.520276	0.083850
6.210311	0.076660
6.900345	0.073150
7.590380	0.072530
8.280414	0.073760
8.970449	0.075970
9.660484	0.078650
10.350518	0.081370
11.040553	0.083530
11.730587	0.084370
12.420622	0.083110
13.110656	0.079290
13.800691	0.072860
14.490725	0.064340
15.180760	0.054910
15.870794	0.046250
16.560829	0.040150
17.250863	0.037940
17.940898	0.040220
18.630933	0.047050
19.320967	0.058070
20.011002	0.072370
20.701036	0.088360
21.391071	0.104030
22.081105	0.117690
22.771140	0.128380
23.461174	0.135830
24.151209	0.140270
24.841243	0.142230
25.531278	0.142440
26.221312	0.141800
26.911347	0.141210
27.601382	0.141570
28.291416	0.143580
28.981451	0.147620
29.671485	0.153610
30.361520	0.160810
31.051554	0.167950
31.741589	0.173560
32.431623	0.176580
33.121658	0.176610
33.811692	0.173960
34.501727	0.169560
35.191761	0.164570
35.881796	0.159780
36.571830	0.154990
37.261865	0.149230
37.951900	0.141390
38.641934	0.130830
39.331969	0.117690
40.022003	0.102930
40.712038	0.088180
41.402072	0.075100
42.092107	0.064820
42.782141	0.057720
43.472176	0.053450
44.162210	0.051160
44.852245	0.049700
45.542279	0.048020
46.232314	0.045410
46.922349	0.041850
47.612383	0.038090
48.302418	0.035520
48.992452	0.035620
49.682487	0.039460
50.372521	0.047570
51.062556	0.060010
51.752590	0.076340
52.442625	0.095530
53.132659	0.115950
53.822694	0.135730
54.512728	0.153140
55.202763	0.166730
55.892798	0.175390
56.582832	0.178500
57.272867	0.175970
57.962901	0.168010
58.652936	0.155140
59.342970	0.138440
60.033005	0.119890
60.723039	0.102020
61.413074	0.086810
62.103108	0.075180
62.793143	0.067050
63.483177	0.061640
64.173212	0.057760
64.863247	0.054220
65.553281	0.050200
66.243316	0.045300
66.933350	0.039530
67.623385	0.033130
68.313419	0.026530
69.003454	0.020320
69.693488	0.015150
70.383523	0.011570
71.073557	0.009940
71.763592	0.010350
72.453626	0.012700
73.143661	0.016890
73.833696	0.022950
74.523730	0.031060
75.213765	0.041360
75.903799	0.053630
76.593834	0.067030
77.283868	0.080140
77.973903	0.091400
78.663937	0.099700
79.353972	0.104570
80.044006	0.106260
80.734041	0.105610
81.424075	0.103930
82.114110	0.102470
82.804145	0.101760
83.494179	0.101260
84.184214	0.099570
84.874248	0.094950
85.564283	0.085990
86.254317	0.072100
86.944352	0.054260
87.634386	0.035300
88.324421	0.018150
89.014455	0.003970
89.704490	-0.007040
90.394524	-0.014350
91.084559	-0.016950
91.774594	-0.014270
92.464628	-0.007000
93.154663	0.003760
93.844697	0.017590
94.534732	0.034720
95.224766	0.055700
95.914801	0.081180
96.604835	0.111650
97.294870	0.147310
97.984904	0.188070
98.674939	0.233790
99.364973	0.284350
100.055008	0.339430
100.745043	0.398140
101.435077	0.458390
102.125112	0.513780
102.815146	0.544140
103.505181	0.521830
104.195215	0.471390
104.885250	0.433630
105.575284	0.408240
106.265319	0.387580
106.955353	0.368290
107.645388	0.341810
108.335422	0.304960
109.025457	0.264950
109.715491	0.225610
110.405526	0.187320
111.095561	0.148830
111.785595	0.108170
112.475630	0.063710
113.165664	0.013320
113.855699	-0.049250
114.545733	-0.129720
115.235768	-0.216500
115.925802	-0.299220
116.615837	-0.378920
117.305871	-0.457340
117.995906	-0.536340
118.685940	-0.620000
119.375975	-0.706550
120.066010	-0.789480
120.756044	-0.866670
121.446079	-0.937820
122.136113	-0.999980
122.826148	-1.036990
123.516182	-1.007830
124.206217	-0.921690
124.896251	-0.851780
125.586286	-0.804100
126.276320	-0.764300
126.966355	-0.729740
127.656389	-0.695150
128.346424	-0.642320
129.036459	-0.576140
129.726493	-0.509480
130.416528	-0.445720
131.106562	-0.384900
131.796597	-0.326670
132.486631	-0.270920
133.176666	-0.217890
133.866700	-0.168170
134.556735	-0.122470
135.246769	-0.081410
135.936804	-0.045370
136.626838	-0.014540
137.316873	0.011100
138.006908	0.031790
138.696942	0.048100
139.386977	0.060920
140.077011	0.071370
140.767046	0.080660
141.457080	0.089760
142.147115	0.099250
142.837149	0.109270
143.527184	0.119630
144.217218	0.129950
144.907253	0.139560
145.597287	0.146910
146.287322	0.148660
146.977357	0.141950
147.667391	0.128940
148.357426	0.113560
149.047460	0.097150
149.737495	0.079380
150.427529	0.058450
151.117564	0.030740
151.807598	-0.005600
152.497633	-0.049070
153.187667	-0.098330
153.877702	-0.153060
154.567736	-0.213330
155.257771	-0.279590
155.947806	-0.352700
156.637840	-0.432500
157.327875	-0.511120
158.017909	-0.577470
158.707944	-0.638570
159.397978	-0.701300
160.088013	-0.774280
160.778047	-0.878680
161.468082	-0.999600
162.158116	-1.040980
162.848151	-1.002870
163.538185	-0.936810
164.228220	-0.861990
164.918255	-0.782740
165.608289	-0.700400
166.298324	-0.616040
166.988358	-0.530960
167.678393	-0.446670
168.368427	-0.364550
169.058462	-0.285650
169.748496	-0.210610
170.438531	-0.139860
171.128565	-0.074160
171.818600	-0.017230
172.508634	0.019000
173.198669	0.028260
173.888703	0.032600
174.578738	0.043940
175.268773	0.059240
175.958807	0.076360
176.648842	0.092520
177.338876	0.100450
178.028911	0.101290
178.718945	0.103200
179.408980	0.109690
180.099014	0.121270
180.789049	0.136990
181.479083	0.151680
182.169118	0.154750
182.859152	0.148710
183.549187	0.144340
184.239222	0.143060
184.929256	0.144850
185.619291	0.149450
186.309325	0.146530
186.999360	0.129400
187.689394	0.110980
188.379429	0.099310
189.069463	0.095690
189.759498	0.099890
190.449532	0.111770
191.139567	0.131780
191.829601	0.161020
192.519636	0.199000
193.209671	0.238710
193.899705	0.273400
194.589740	0.304870
195.279774	0.336550
195.969809	0.372040
196.659843	0.410360
197.349878	0.432850
198.039912	0.424720
198.729947	0.397050
199.419981	0.362740
200.110016	0.327930
200.800050	0.295310
201.490085	0.266100
202.180120	0.240880
202.870154	0.220020
203.560189	0.203730
204.250223	0.192240
204.940258	0.185840
205.630292	0.184580
206.320327	0.188340
207.010361	0.196980
207.700396	0.210320
208.390430	0.227590
209.080465	0.246820
209.770499	0.265580
210.460534	0.282160
211.150569	0.296040
211.840603	0.307630
212.530638	0.317930
213.220672	0.328220
213.910707	0.339730
214.600741	0.353180
215.290776	0.367620
215.980810	0.378160
216.670845	0.378090
217.360879	0.370170
218.050914	0.361400
218.740948	0.353260
219.430983	0.344780
220.121018	0.333970
220.811052	0.316320
221.501087	0.293810
222.191121	0.276380
222.881156	0.263580
223.571190	0.252410
224.261225	0.241870
224.951259	0.232520
225.641294	0.226630
226.331328	0.224350
227.021363	0.220830
227.711397	0.212800
228.401432	0.200340
229.091467	0.184720
229.781501	0.167450
230.471536	0.150020
231.161570	0.133730
231.851605	0.119440
232.541639	0.107550
233.231674	0.098090
233.921708	0.090820
234.611743	0.085300
235.301777	0.080960
235.991812	0.077140
236.681846	0.073140
237.371881	0.068270
238.061916	0.062030
238.751950	0.054170
239.441985	0.044750
240.132019	0.034180
240.822054	0.023080
241.512088	0.012190
242.202123	0.002220
242.892157	-0.006230
243.582192	-0.012760
244.272226	-0.017210
244.962261	-0.019630
245.652295	-0.020290
246.342330	-0.019540
247.032364	-0.017780
247.722399	-0.015300
248.412434	-0.012230
249.102468	-0.008450
249.792503	-0.003500
250.482537	0.003320
251.172572	0.012930
251.862606	0.026230
252.552641	0.043750
253.242675	0.064010
253.932710	0.081230
254.622744	0.090750
255.312779	0.096360
256.002813	0.101720
256.692848	0.107630
257.382883	0.113480
258.072917	0.113630
258.762952	0.100790
259.452986	0.081860
260.143021	0.067070
260.833055	0.058900
261.523090	0.056560
262.213124	0.059370
262.903159	0.067620
263.593193	0.082240
264.283228	0.103110
264.973262	0.127800
265.663297	0.152130
266.353332	0.172030
267.043366	0.185380
267.733401	0.192470
268.423435	0.194530
269.113470	0.192160
269.803504	0.185030
270.493539	0.172840
271.183573	0.157080
271.873608	0.141160
272.563642	0.127920
273.253677	0.118500
273.943711	0.112890
274.633746	0.110610
275.323781	0.111050
276.013815	0.113670
276.703850	0.118260
277.393884	0.125020
278.083919	0.134500
278.773953	0.147280
279.463988	0.163730
280.154022	0.183730
280.844057	0.206330
281.534091	0.229610
282.224126	0.251110
282.914160	0.268820
283.604195	0.281670
284.294230	0.289150
284.984264	0.290920
285.674299	0.286760
286.364333	0.276680
287.054368	0.260950
287.744402	0.239800
288.434437	0.213400
289.124471	0.181930
289.814506	0.145840
290.504540	0.106210
291.194575	0.065090
291.884609	0.025270
292.574644	-0.010770
293.264679	-0.041520
293.954713	-0.066260
294.644748	-0.084470
295.334782	-0.095680
296.024817	-0.099590
296.714851	-0.096230
297.404886	-0.085940
298.094920	-0.069230
298.784955	-0.046990
299.474989	-0.021080
300.165024	0.005490
300.855058	0.029910
301.545093	0.050770
302.235128	0.067700
302.925162	0.080450
303.615197	0.088930
304.305231	0.093970
304.995266	0.097390
305.685300	0.100640
306.375335	0.104030
307.065369	0.106960
307.755404	0.108610
308.445438	0.108330
309.135473	0.105760
309.825507	0.100850
310.515542	0.093760
311.205576	0.084810
311.895611	0.074570
312.585646	0.064000
313.275680	0.054420
313.965715	0.047160
314.655749	0.043160
315.345784	0.042770
316.035818	0.045710
316.725853	0.050940
317.415887	0.056840
318.105922	0.061690
318.795956	0.064590
319.485991	0.065940
320.176025	0.067300
320.866060	0.070600
321.556095	0.077390
322.246129	0.088500
322.936164	0.103860
323.626198	0.121770
324.316233	0.138600
325.006267	0.150920
325.696302	0.157810
326.386336	0.160000
327.076371	0.158230
327.766405	0.153120
328.456440	0.146210
329.146474	0.140310
329.836509	0.137860
330.526544	0.139550
331.216578	0.144650
331.906613	0.151750
332.596647	0.159360
333.286682	0.166390
333.976716	0.172190
334.666751	0.176300
335.356785	0.178290
336.046820	0.178630
336.736854	0.179870
337.426889	0.184400
338.116923	0.191230
338.806958	0.198880
339.496993	0.207160
340.187027	0.217250
340.877062	0.232450
341.567096	0.254810
342.257131	0.273380
342.947165	0.273040
343.637200	0.262200
344.327234	0.252220
345.017269	0.244340
345.707303	0.237450
346.397338	0.230670
347.087372	0.221120
347.777407	0.203600
348.467442	0.178490
349.157476	0.149600
349.847511	0.117000
350.537545	0.081920
351.227580	0.046730
351.917614	0.012060
352.607649	-0.022440
353.297683	-0.057190
353.987718	-0.093460
354.677752	-0.132920
355.367787	-0.172940
356.057821	-0.212560
356.747856	-0.252610
357.437891	-0.294420
358.127925	-0.338070
358.817960	-0.375390
359.507994	-0.390120
360.198029	-0.396310
360.888063	-0.414820
361.578098	-0.438410
362.268132	-0.461790
362.958167	-0.484100
363.648201	-0.504340
364.338236	-0.522420
365.028270	-0.546050
365.718305	-0.583960
366.408340	-0.628880
367.098374	-0.668030
367.788409	-0.687970
368.478443	-0.683170
369.168478	-0.667990
369.858512	-0.654360
370.548547	-0.643560
371.238581	-0.636400
371.928616	-0.632680
372.618650	-0.618360
373.308685	-0.580450
373.998719	-0.528790
374.688754	-0.473440
375.378789	-0.417590
376.068823	-0.361940
376.758858	-0.306890
377.448892	-0.253300
378.138927	-0.202890
378.828961	-0.158130
379.518996	-0.121190
380.209030	-0.092600
380.899065	-0.071520
381.589099	-0.057040
382.279134	-0.049160
382.969168	-0.048860
383.659203	-0.057240
384.349237	-0.073960
385.039272	-0.096280
385.729307	-0.120010
386.419341	-0.141520
387.109376	-0.158780
387.799410	-0.171160
388.489445	-0.178690
389.179479	-0.181800
389.869514	-0.181530
390.559548	-0.179600
391.249583	-0.177970
391.939617	-0.178270
392.629652	-0.181550
393.319686	-0.188500
394.009721	-0.199570
394.699756	-0.214980
395.389790	-0.234680
396.079825	-0.258410
396.769859	-0.285620
397.459894	-0.315460
398.149928	-0.346820
398.839963	-0.378620
399.529997	-0.409850
400.220032	-0.439590
400.910066	-0.466930
401.600101	-0.491030
402.290135	-0.511240
402.980170	-0.527040
403.670205	-0.537870
404.360239	-0.542980
405.050274	-0.541360
405.740308	-0.532060
406.430343	-0.514960
407.120377	-0.490750
407.810412	-0.460100
408.500446	-0.422940
409.190481	-0.378300
409.880515	-0.324850
410.570550	-0.261770
411.260584	-0.190500
411.950619	-0.121020
412.640654	-0.078020
413.330688	-0.056100
414.020723	-0.026280
414.710757	0.011630
415.400792	0.053060
416.090826	0.099300
416.780861	0.153570
417.470895	0.182340
418.160930	0.165620
418.850964	0.144710
419.540999	0.126180
420.231033	0.108360
420.921068	0.089480
421.611103	0.067730
422.301137	0.046170
422.991172	0.037840
423.681206	0.049030
424.371241	0.070960
425.061275	0.093430
425.751310	0.105590
426.441344	0.102630
427.131379	0.095680
427.821413	0.091770
428.511448	0.090240
429.201482	0.090200
429.891517	0.090220
430.581552	0.084620
431.271586	0.071910
431.961621	0.060960
432.651655	0.060960
433.341690	0.076280
434.031724	0.102540
434.721759	0.132390
435.411793	0.162710
436.101828	0.193570
436.791862	0.226410
437.481897	0.261730
438.171931	0.294510
438.861966	0.319190
439.552001	0.334960
440.242035	0.342560
440.932070	0.342350
441.622104	0.334640
442.312139	0.320740
443.002173	0.303360
443.692208	0.285620
444.382242	0.269840
445.072277	0.257010
445.762311	0.247040
446.452346	0.239000
447.142380	0.231590
447.832415	0.223740
448.522449	0.215160
449.212484	0.206330
449.902519	0.197980
450.592553	0.190330
451.282588	0.182430
451.972622	0.172370
452.662657	0.158440
453.352691	0.139840
454.042726	0.116320
454.732760	0.087580
455.422795	0.053360
456.112829	0.014070
456.802864	-0.028860
457.492898	-0.072760
458.182933	-0.110940
458.872968	-0.124290
459.563002	-0.095050
460.253037	-0.053840
460.943071	-0.025520
461.633106	-0.004760
462.323140	0.014530
463.013175	0.036760
463.703209	0.065770
464.393244	0.095130
465.083278	0.118390
465.773313	0.135270
466.463347	0.146770
467.153382	0.153850
467.843417	0.157410
468.533451	0.158470
469.223486	0.158250
469.913520	0.158100
470.603555	0.159300
471.293589	0.162630
471.983624	0.167680
472.673658	0.172570
473.363693	0.175070
474.053727	0.174000
474.743762	0.169330
475.433796	0.161840
476.123831	0.153040
476.813866	0.145210
477.503900	0.140520
478.193935	0.140310
478.883969	0.145100
479.574004	0.154590
480.264038	0.167320
480.954073	0.181250
481.644107	0.194850
482.334142	0.207610
483.024176	0.219560
483.714211	0.230850
484.404245	0.241330
485.094280	0.250520
485.784315	0.257660
486.474349	0.261900
487.164384	0.262530
487.854418	0.259110
488.544453	0.251590
489.234487	0.240360
489.924522	0.226330
490.614556	0.210930
491.304591	0.195670
491.994625	0.181560
492.684660	0.168520
493.374694	0.155380
494.064729	0.140530
494.754764	0.122640
495.444798	0.100870
496.134833	0.074840
496.824867	0.044560
497.514902	0.010480
498.204936	-0.026640
498.894971	-0.065890
499.585005	-0.106140
500.275040	-0.146010
500.965074	-0.184070
501.655109	-0.219110
502.345143	-0.250340
503.035178	-0.277340
503.725213	-0.299910
504.415247	-0.318060
505.105282	-0.331850
505.795316	-0.341320
506.485351	-0.346500
507.175385	-0.347500
507.865420	-0.344550
508.555454	-0.338030
509.245489	-0.328450
509.935523	-0.316310
510.625558	-0.301850
511.315592	-0.284930
512.005627	-0.264940
512.695661	-0.241030
513.385696	-0.212490
514.075731	-0.178990
514.765765	-0.140560
515.455800	-0.097490
516.145834	-0.050640
516.835869	-0.001900
517.525903	0.045930
518.215938	0.090190
518.905972	0.129240
519.596007	0.162380
520.286041	0.189310
520.976076	0.209820
521.666110	0.223840
522.356145	0.231580
523.046180	0.233680
523.736214	0.231060
524.426249	0.224800
525.116283	0.215980
525.806318	0.205500
526.496352	0.193820
527.186387	0.180850
527.876421	0.166000
528.566456	0.148550
529.256490	0.128440
529.946525	0.109070
530.636559	0.101360
531.326594	0.110120
532.016629	0.121610
532.706663	0.129530
533.396698	0.135220
534.086732	0.139470
534.776767	0.145760
535.466801	0.166660
536.156836	0.200700
536.846870	0.227110
537.536905	0.244200
538.226939	0.257600
538.916974	0.270140
539.607008	0.283620
540.297043	0.297830
540.987078	0.303650
541.677112	0.290320
542.367147	0.262900
543.057181	0.231270
543.747216	0.200680
544.437250	0.173380
545.127285	0.150420
545.817319	0.132210
546.507354	0.118810
547.197388	0.110030
547.887423	0.105410
548.577457	0.104120
549.267492	0.105160
549.957527	0.107660
550.647561	0.111040
551.337596	0.115070
552.027630	0.119800
552.717665	0.125450
553.407699	0.132300
554.097734	0.139890
554.787768	0.143660
555.477803	0.127010
556.167837	0.077740
556.857872	0.024560
557.547906	-0.016500
558.237941	-0.051670
558.927976	-0.085940
559.618010	-0.121160
560.308045	-0.155360
560.998079	-0.169160
561.688114	-0.170940
562.378148	-0.175060
563.068183	-0.179450
563.758217	-0.185040
564.448252	-0.197660
565.138286	-0.224970
565.828321	-0.240870
566.518355	-0.214760
567.208390	-0.173040
567.898425	-0.132660
568.588459	-0.096010
569.278494	-0.061330
569.968528	-0.025820
570.658563	0.011350
571.348597	0.049390
572.038632	0.087750
572.728666	0.127230
573.418701	0.171140
574.108735	0.222520
574.798770	0.279430
575.488804	0.338420
576.178839	0.397680
576.868874	0.455160
577.558908	0.506300
578.248943	0.548370
578.938977	0.586500
579.629012	0.625030
580.319046	0.664030
581.009081	0.702610
581.699115	0.738830
582.389150	0.760770
583.079184	0.745430
583.769219	0.705730
584.459253	0.663530
585.149288	0.622480
585.839322	0.582020
586.529357	0.541680
587.219392	0.501610
587.909426	0.462550
588.599461	0.424000
589.289495	0.383880
589.979530	0.338690
590.669564	0.282720
591.359599	0.213520
592.049633	0.136530
592.739668	0.056210
593.429702	-0.026100
594.119737	-0.109140
594.809771	-0.187440
595.499806	-0.252480
596.189841	-0.311120
596.879875	-0.369210
597.569910	-0.427180
598.259944	-0.485500
598.949979	-0.543950
599.640013	-0.597040
600.330048	-0.640680
601.020082	-0.682430
601.710117	-0.725490
602.400151	-0.769410
603.090186	-0.813280
603.780220	-0.852680
604.470255	-0.865760
605.160290	-0.840480
605.850324	-0.819440
606.540359	-0.806070
607.230393	-0.796150
607.920428	-0.795560
608.610462	-0.806040
609.300497	-0.796070
609.990531	-0.757450
610.680566	-0.711370
611.370600	-0.665690
612.060635	-0.620930
612.750669	-0.576270
613.440704	-0.531060
614.130739	-0.485310
614.820773	-0.439680
615.510808	-0.395350
616.200842	-0.353440
616.890877	-0.314700
617.580911	-0.279270
618.270946	-0.246740
618.960980	-0.216060
619.651015	-0.185950
620.341049	-0.156160
621.031084	-0.131350
621.721118	-0.120670
622.411153	-0.118570
623.101188	-0.114560
623.791222	-0.107240
624.481257	-0.093070
625.171291	-0.067120
625.861326	-0.051990
626.551360	-0.077660
627.241395	-0.129180
627.931429	-0.190350
628.621464	-0.256630
629.311498	-0.327110
630.001533	-0.401350
630.691567	-0.478870
631.381602	-0.559110
632.071637	-0.641490
632.761671	-0.725570
633.451706	-0.811090
634.141740	-0.897990
634.831775	-0.986040
635.521809	-1.073170
636.211844	-1.147620
636.901878	-1.173910
637.591913	-1.148860
638.281947	-1.134210
638.971982	-1.138910
639.662016	-1.154050
640.352051	-1.186300
641.042086	-1.230610
641.732120	-1.230980
642.422155	-1.180820
643.112189	-1.113820
643.802224	-1.042920
644.492258	-0.970070
645.182293	-0.894930
645.872327	-0.816860
646.562362	-0.736510
647.252396	-0.660510
647.942431	-0.594020
648.632465	-0.527640
649.322500	-0.458220
650.012534	-0.382670
650.702569	-0.289930
651.392604	-0.190940
652.082638	-0.132100
652.772673	-0.096240
653.462707	-0.061490
654.152742	-0.024610
654.842776	0.013080
655.532811	0.049660
656.222845	0.083090
656.912880	0.111400
657.602914	0.133010
658.292949	0.147250
658.982983	0.154260
659.673018	0.154340
660.363053	0.147380
661.053087	0.133240
661.743122	0.114610
662.433156	0.102620
663.123191	0.103740
663.813225	0.107600
664.503260	0.109430
665.193294	0.110150
665.883329	0.110810
666.573363	0.114610
667.263398	0.130590
667.953432	0.151170
668.643467	0.156580
669.333502	0.156570
670.023536	0.157230
670.713571	0.159620
671.403605	0.166370
672.093640	0.177900
672.783674	0.178010
673.473709	0.157580
674.163743	0.131560
674.853778	0.108630
675.543812	0.090060
676.233847	0.075370
676.923881	0.063990
677.613916	0.055640
678.303951	0.050410
678.993985	0.048730
679.684020	0.051180
680.374054	0.058290
681.064089	0.070040
681.754123	0.084550
682.444158	0.097440
683.134192	0.105610
683.824227	0.109910
684.514261	0.111740
685.204296	0.111030
685.894330	0.106780
686.584365	0.100610
687.274400	0.101140
687.964434	0.107070
688.654469	0.112720
689.344503	0.116540
690.034538	0.115650
690.724572	0.110470
691.414607	0.118690
692.104641	0.150070
692.794676	0.189020
693.484710	0.223900
694.174745	0.250800
694.864779	0.269330
695.554814	0.280910
696.244849	0.287140
696.934883	0.288620
697.624918	0.284840
698.314952	0.274880
699.004987	0.258710
699.695021	0.237590
700.385056	0.212760
701.075090	0.184640
701.765125	0.153100
702.455159	0.117970
703.145194	0.080440
703.835228	0.049200
704.525263	0.052180
705.215298	0.094850
705.905332	0.130050
706.595367	0.150200
707.285401	0.164920
707.975436	0.177820
708.665470	0.194510
709.355505	0.221090
710.045539	0.248650
710.735574	0.270670
711.425608	0.286550
712.115643	0.296750
712.805677	0.301730
713.495712	0.301890
714.185747	0.297610
714.875781	0.289360
715.565816	0.277800
716.255850	0.263800
716.945885	0.248450
717.635919	0.232830
718.325954	0.217800
719.015988	0.203980
719.706023	0.191870
720.396057	0.182110
721.086092	0.175600
721.776126	0.173230
722.466161	0.175520
723.156195	0.182640
723.846230	0.194480
724.536265	0.210190
725.226299	0.227050
725.916334	0.240300
726.606368	0.246000
727.296403	0.243840
727.986437	0.235480
728.676472	0.221860
729.366506	0.202500
730.056541	0.176110
730.746575	0.142940
731.436610	0.107950
732.126644	0.078440
732.816679	0.057320
733.506714	0.042930
734.196748	0.033340
734.886783	0.028090
735.576817	0.028530
736.266852	0.036940
736.956886	0.053670
737.646921	0.075830
738.336955	0.099610
739.026990	0.122010
739.717024	0.140710
740.407059	0.154180
741.097093	0.162020
741.787128	0.164640
742.477163	0.162410
743.167197	0.155390
743.857232	0.143650
744.547266	0.128090
745.237301	0.110780
745.927335	0.094080
746.617370	0.079740
747.307404	0.068600
747.997439	0.060730
748.687473	0.055580
749.377508	0.052010
750.067542	0.048510
750.757577	0.043710
751.447612	0.036860
