0.000000	-0.118710
0.690018	-0.133510
1.380036	-0.162580
2.070055	-0.200790
2.760073	-0.239620
3.450091	-0.271630
4.140109	-0.292180
4.830128	-0.307530
5.520146	-0.324100
6.210164	-0.342320
6.900182	-0.362570
7.590200	-0.385900
8.280219	-0.406050
8.970237	-0.412910
9.660255	-0.410310
10.350273	-0.403920
11.040292	-0.394990
11.730310	-0.383330
12.420328	-0.368660
13.110346	-0.350840
13.800364	-0.329720
14.490383	-0.305190
15.180401	-0.277310
15.870419	-0.246320
16.560437	-0.212650
17.250456	-0.177180
17.940474	-0.143150
18.630492	-0.120130
19.320510	-0.114040
20.010529	-0.111240
20.700547	-0.104250
21.390565	-0.094090
22.080583	-0.079490
22.770601	-0.061640
23.460620	-0.056590
24.150638	-0.070600
24.840656	-0.093140
25.530674	-0.118530
26.220693	-0.145720
26.910711	-0.174850
27.600729	-0.206220
28.290747	-0.239960
28.980765	-0.275850
29.670784	-0.313090
30.360802	-0.350240
31.050820	-0.385720
31.740838	-0.418460
32.430857	-0.447810
33.120875	-0.473100
33.810893	-0.492990
34.500911	-0.503310
35.190929	-0.492720
35.880948	-0.454460
36.570966	-0.408850
37.260984	-0.369210
37.951002	-0.332980
38.641021	-0.297390
39.331039	-0.261040
40.021057	-0.220000
40.711075	-0.167900
41.401093	-0.119800
42.091112	-0.095020
42.781130	-0.074880
43.471148	-0.050560
44.161166	-0.023490
44.851185	0.006400
45.541203	0.041020
46.231221	0.073070
46.921239	0.091360
47.611258	0.103560
48.301276	0.116110
48.991294	0.129820
49.681312	0.144110
50.371330	0.158200
51.061349	0.171400
51.751367	0.183110
52.441385	0.192870
53.131403	0.200320
53.821422	0.205270
54.511440	0.207640
55.201458	0.207480
55.891476	0.204960
56.581494	0.200410
57.271513	0.194270
57.961531	0.187020
58.651549	0.179030
59.341567	0.170530
60.031586	0.161650
60.721604	0.152550
61.411622	0.143800
62.101640	0.136390
62.791658	0.131360
63.481677	0.129130
64.171695	0.129710
64.861713	0.133200
65.551731	0.140020
66.241750	0.150610
66.931768	0.164800
67.621786	0.180830
68.311804	0.193410
69.001822	0.193280
69.691841	0.179510
70.381859	0.163570
71.071877	0.150690
71.761895	0.139520
72.451914	0.128510
73.141932	0.118440
73.831950	0.122290
74.521968	0.147060
75.211987	0.169070
75.902005	0.188750
76.592023	0.205000
77.282041	0.207010
77.972059	0.185150
78.662078	0.185860
79.352096	0.242570
80.042114	0.319560
80.732132	0.397060
81.422151	0.471090
82.112169	0.541070
82.802187	0.606550
83.492205	0.665440
84.182223	0.708630
84.872242	0.708360
85.562260	0.641870
86.252278	0.557530
86.942296	0.494090
87.632315	0.443290
88.322333	0.394920
89.012351	0.345200
89.702369	0.292270
90.392387	0.237130
91.082406	0.182150
91.772424	0.127150
92.462442	0.070570
93.152460	0.010740
93.842479	-0.048320
94.532497	-0.095050
95.222515	-0.127910
95.912533	-0.153570
96.602551	-0.175080
97.292570	-0.192710
97.982588	-0.206320
98.672606	-0.216120
99.362624	-0.222390
100.052643	-0.225230
100.742661	-0.224640
101.432679	-0.220910
102.122697	-0.214830
102.812715	-0.207390
103.502734	-0.199300
104.192752	-0.190870
104.882770	-0.181760
105.572788	-0.170250
106.262807	-0.153330
106.952825	-0.131030
107.642843	-0.107010
108.332861	-0.083100
109.022880	-0.059330
109.712898	-0.035040
110.402916	-0.007780
111.092934	0.024110
111.782952	0.057820
112.472971	0.090180
113.162989	0.119840
113.853007	0.146120
114.543025	0.168430
115.233044	0.186260
115.923062	0.199300
116.613080	0.207470
117.303098	0.210740
117.993116	0.208990
118.683135	0.202070
119.373153	0.189860
120.063171	0.172450
120.753189	0.150220
121.443208	0.123820
122.133226	0.094270
122.823244	0.062850
123.513262	0.030830
124.203280	-0.000890
124.893299	-0.031960
125.583317	-0.062410
126.273335	-0.092480
126.963353	-0.122410
127.653372	-0.152320
128.343390	-0.182180
129.033408	-0.211800
129.723426	-0.240550
130.413444	-0.266350
131.103463	-0.285640
131.793481	-0.298810
132.483499	-0.310840
133.173517	-0.323630
133.863536	-0.336750
134.553554	-0.349390
135.243572	-0.360060
135.933590	-0.368620
136.623609	-0.377340
137.313627	-0.387060
138.003645	-0.396600
138.693663	-0.404390
139.383681	-0.409480
140.073700	-0.411640
140.763718	-0.410750
141.453736	-0.406440
142.143754	-0.398020
142.833773	-0.384130
143.523791	-0.361900
144.213809	-0.329530
144.903827	-0.291430
145.593845	-0.252820
146.283864	-0.214780
146.973882	-0.176510
147.663900	-0.137250
148.353918	-0.097370
149.043937	-0.057870
149.733955	-0.018100
150.423973	0.024350
151.113991	0.072010
151.804009	0.118020
152.494028	0.145200
153.184046	0.153130
153.874064	0.152650
154.564082	0.149350
155.254101	0.144590
155.944119	0.138460
156.634137	0.130710
157.324155	0.121100
158.014173	0.110270
158.704192	0.104060
159.394210	0.118820
160.084228	0.147630
160.774246	0.167710
161.464265	0.181240
162.154283	0.189490
162.844301	0.185190
163.534319	0.179250
164.224338	0.208830
164.914356	0.255160
165.604374	0.299910
166.294392	0.340640
166.984410	0.377630
167.674429	0.410780
168.364447	0.438660
169.054465	0.456290
169.744483	0.454420
170.434502	0.434000
171.124520	0.409950
171.814538	0.388230
172.504556	0.367560
173.194574	0.346480
173.884593	0.324030
174.574611	0.302430
175.264629	0.292890
175.954647	0.289340
176.644666	0.284480
177.334684	0.278420
178.024702	0.269880
178.714720	0.255590
179.404738	0.238390
180.094757	0.239710
180.784775	0.267530
181.474793	0.299930
182.164811	0.316720
182.854830	0.318940
183.544848	0.319510
184.234866	0.322490
184.924884	0.327410
185.614902	0.335090
186.304921	0.345030
186.994939	0.346970
187.684957	0.336730
188.374975	0.323550
189.064994	0.312660
189.755012	0.305210
190.445030	0.301050
191.135048	0.298470
191.825066	0.294060
192.515085	0.286700
193.205103	0.278150
193.895121	0.269360
194.585139	0.260120
195.275158	0.249860
195.965176	0.238660
196.655194	0.227970
197.345212	0.218090
198.035231	0.208580
198.725249	0.199320
199.415267	0.191610
200.105285	0.187780
200.795303	0.186950
201.485322	0.185960
202.175340	0.183160
202.865358	0.178260
203.555376	0.171390
204.245395	0.162760
204.935413	0.152540
205.625431	0.140870
206.315449	0.127990
207.005467	0.114820
207.695486	0.104230
208.385504	0.099440
209.075522	0.098460
209.765540	0.097680
210.455559	0.096510
211.145577	0.095620
211.835595	0.095690
212.525613	0.095430
213.215631	0.090690
213.905650	0.083360
214.595668	0.075690
215.285686	0.069130
215.975704	0.065860
216.665723	0.063150
217.355741	0.047930
218.045759	0.018820
218.735777	-0.013330
219.425795	-0.042820
220.115814	-0.068070
220.805832	-0.088590
221.495850	-0.104090
222.185868	-0.114490
222.875887	-0.119940
223.565905	-0.120720
224.255923	-0.117120
224.945941	-0.109320
225.635960	-0.097500
226.325978	-0.082080
227.015996	-0.063740
227.706014	-0.043220
228.396032	-0.021060
229.086051	0.002320
229.776069	0.026380
230.466087	0.050030
231.156105	0.071980
231.846124	0.091410
232.536142	0.108140
233.226160	0.122170
233.916178	0.133350
234.606196	0.141660
235.296215	0.147810
235.986233	0.153080
236.676251	0.158620
237.366269	0.164900
238.056288	0.171650
238.746306	0.178100
239.436324	0.183170
240.126342	0.185970
240.816360	0.186000
241.506379	0.183120
242.196397	0.177400
242.886415	0.169230
243.576433	0.159510
244.266452	0.149570
244.956470	0.140610
245.646488	0.132420
246.336506	0.120130
247.026524	0.096620
247.716543	0.068330
248.406561	0.042710
249.096579	0.019420
249.786597	-0.001570
250.476616	-0.020140
251.166634	-0.043810
251.856652	-0.081610
252.546670	-0.127470
253.236689	-0.170370
253.926707	-0.196110
254.616725	-0.195500
255.306743	-0.186420
255.996761	-0.183020
256.686780	-0.184090
257.376798	-0.188530
258.066816	-0.197240
258.756834	-0.201690
259.446853	-0.190120
260.136871	-0.169430
260.826889	-0.147340
261.516907	-0.126080
262.206925	-0.106960
262.896944	-0.093950
263.586962	-0.092030
264.276980	-0.096550
264.966998	-0.099950
265.657017	-0.101430
266.347035	-0.101590
267.037053	-0.100720
267.727071	-0.103000
268.417089	-0.112740
269.107108	-0.126620
269.797126	-0.141270
270.487144	-0.155770
271.177162	-0.169940
271.867181	-0.183540
272.557199	-0.196160
273.247217	-0.207270
273.937235	-0.216190
274.627253	-0.222310
275.317272	-0.225150
276.007290	-0.224440
276.697308	-0.220030
277.387326	-0.211770
278.077345	-0.199500
278.767363	-0.183220
279.457381	-0.164280
280.147399	-0.147430
280.837417	-0.136250
281.527436	-0.127160
282.217454	-0.117520
282.907472	-0.106720
283.597490	-0.094090
284.287509	-0.082880
284.977527	-0.080920
285.667545	-0.087210
286.357563	-0.095710
287.047582	-0.103290
287.737600	-0.108490
288.427618	-0.110330
289.117636	-0.108410
289.807654	-0.102960
290.497673	-0.094340
291.187691	-0.082580
291.877709	-0.067430
292.567727	-0.049000
293.257746	-0.028390
293.947764	-0.007360
294.637782	0.012730
295.327800	0.031190
296.017818	0.047830
296.707837	0.062640
297.397855	0.075600
298.087873	0.086550
298.777891	0.095140
299.467910	0.100860
300.157928	0.103010
300.847946	0.100740
301.537964	0.094000
302.227982	0.087070
302.918001	0.084070
303.608019	0.082540
304.298037	0.080280
304.988055	0.075450
305.678074	0.066930
306.368092	0.063030
307.058110	0.076820
307.748128	0.101500
308.438146	0.122650
309.128165	0.132420
309.818183	0.133560
310.508201	0.132740
311.198219	0.132360
311.888238	0.132240
312.578256	0.131610
313.268274	0.128050
313.958292	0.116700
314.648311	0.100930
315.338329	0.092140
316.028347	0.088410
316.718365	0.085510
317.408383	0.082010
318.098402	0.075940
318.788420	0.066200
319.478438	0.062710
320.168456	0.077780
320.858475	0.105330
321.548493	0.136310
322.238511	0.166770
322.928529	0.194740
323.618547	0.218440
324.308566	0.236310
324.998584	0.247730
325.688602	0.253470
326.378620	0.254840
327.068639	0.252560
327.758657	0.246410
328.448675	0.235500
329.138693	0.219080
329.828711	0.197760
330.518730	0.173670
331.208748	0.149220
331.898766	0.126310
332.588784	0.106160
333.278803	0.089440
333.968821	0.076460
334.658839	0.067400
335.348857	0.062510
336.038875	0.062020
336.728894	0.064880
337.418912	0.066660
338.108930	0.064230
338.798948	0.060160
339.488967	0.056370
340.178985	0.053600
340.869003	0.051760
341.559021	0.046360
342.249040	0.032610
342.939058	0.013690
343.629076	-0.006630
344.319094	-0.027390
345.009112	-0.048730
345.699131	-0.070880
346.389149	-0.093940
347.079167	-0.117840
347.769185	-0.142370
348.459204	-0.167220
349.149222	-0.192060
349.839240	-0.216540
350.529258	-0.240240
351.219276	-0.262630
351.909295	-0.283060
352.599313	-0.300870
353.289331	-0.315500
353.979349	-0.326560
354.669368	-0.333860
355.359386	-0.337350
356.049404	-0.337120
356.739422	-0.333320
357.429440	-0.326250
358.119459	-0.316310
358.809477	-0.303990
359.499495	-0.289980
360.189513	-0.275880
360.879532	-0.265710
361.569550	-0.263180
362.259568	-0.264810
362.949586	-0.266240
363.639604	-0.267020
364.329623	-0.267800
365.019641	-0.269890
365.709659	-0.276780
366.399677	-0.288370
367.089696	-0.292820
367.779714	-0.285530
368.469732	-0.273990
369.159750	-0.262500
369.849768	-0.251330
370.539787	-0.239860
371.229805	-0.226790
371.919823	-0.208210
372.609841	-0.180320
373.299860	-0.154470
373.989878	-0.133720
374.679896	-0.112520
375.369914	-0.090360
376.059933	-0.067730
376.749951	-0.045270
377.439969	-0.024430
378.129987	-0.004530
378.820005	0.016780
379.510024	0.039480
380.200042	0.062810
380.890060	0.086190
381.580078	0.109290
382.270097	0.131970
382.960115	0.153990
383.650133	0.174120
384.340151	0.190540
385.030169	0.204640
385.720188	0.218680
386.410206	0.233590
387.100224	0.251610
387.790242	0.273890
388.480261	0.288920
389.170279	0.285000
389.860297	0.268920
390.550315	0.247960
391.240333	0.225040
391.930352	0.202540
392.620370	0.183310
393.310388	0.167920
394.000406	0.154510
394.690425	0.141820
395.380443	0.129740
396.070461	0.119190
396.760479	0.112040
397.450497	0.108570
398.140516	0.106690
398.830534	0.105150
399.520552	0.104500
400.210570	0.106210
400.900589	0.111300
401.590607	0.119870
402.280625	0.131670
402.970643	0.146800
403.660662	0.165800
404.350680	0.189130
405.040698	0.215390
405.730716	0.236610
406.420734	0.240620
407.110753	0.234930
407.800771	0.232420
408.490789	0.233160
409.180807	0.234900
409.870826	0.236580
410.560844	0.235600
411.250862	0.229190
411.940880	0.223040
412.630898	0.218560
413.320917	0.214620
414.010935	0.210040
414.700953	0.204300
415.390971	0.201470
416.080990	0.208390
416.771008	0.222930
417.461026	0.238780
418.151044	0.252630
418.841062	0.263170
419.531081	0.269830
420.221099	0.272440
420.911117	0.271020
421.601135	0.265530
422.291154	0.255790
422.981172	0.241650
423.671190	0.223850
424.361208	0.206010
425.051226	0.193240
425.741245	0.184560
426.431263	0.176490
427.121281	0.167980
427.811299	0.158750
428.501318	0.150210
429.191336	0.147830
429.881354	0.152990
430.571372	0.160270
431.261391	0.165900
431.951409	0.168680
432.641427	0.168430
433.331445	0.165180
434.021463	0.159040
434.711482	0.150270
435.401500	0.139420
436.091518	0.127790
436.781536	0.118650
437.471555	0.118150
438.161573	0.127520
438.851591	0.138950
439.541609	0.148800
440.231627	0.157730
440.921646	0.166540
441.611664	0.176900
442.301682	0.191110
442.991700	0.208080
443.681719	0.225920
444.371737	0.244520
445.061755	0.264430
445.751773	0.286200
446.441791	0.310130
447.131810	0.335540
447.821828	0.357960
448.511846	0.365810
449.201864	0.357670
449.891883	0.349560
450.581901	0.345860
451.271919	0.345380
451.961937	0.349420
452.651955	0.353210
453.341974	0.341110
454.031992	0.313420
454.722010	0.280360
455.412028	0.246470
456.102047	0.213280
456.792065	0.183490
457.482083	0.164650
458.172101	0.161710
458.862119	0.163050
459.552138	0.160580
460.242156	0.155560
460.932174	0.149230
461.622192	0.143360
462.312211	0.143750
463.002229	0.149030
463.692247	0.151950
464.382265	0.150410
465.072284	0.144740
465.762302	0.135490
466.452320	0.123110
467.142338	0.108300
467.832356	0.092350
468.522375	0.076880
469.212393	0.062780
469.902411	0.048580
470.592429	0.030570
471.282448	0.008290
471.972466	-0.015280
472.662484	-0.038860
473.352502	-0.062710
474.042520	-0.087860
474.732539	-0.116900
475.422557	-0.150860
476.112575	-0.176110
476.802593	-0.182210
477.492612	-0.184090
478.182630	-0.188740
478.872648	-0.195770
479.562666	-0.206630
480.252684	-0.222820
480.942703	-0.231670
481.632721	-0.221530
482.322739	-0.203460
483.012757	-0.185580
483.702776	-0.169340
484.392794	-0.154190
485.082812	-0.139160
485.772830	-0.123150
486.462848	-0.105030
487.152867	-0.084050
487.842885	-0.061550
488.532903	-0.041370
489.222921	-0.023900
489.912940	-0.006910
490.602958	0.011150
491.292976	0.032070
491.982994	0.053350
492.673013	0.063370
493.363031	0.058970
494.053049	0.046960
494.743067	0.031490
495.433085	0.014180
496.123104	-0.003290
496.813122	-0.018970
497.503140	-0.032030
498.193158	-0.042830
498.883177	-0.051770
499.573195	-0.058590
500.263213	-0.062520
500.953231	-0.063350
501.643249	-0.062150
502.333268	-0.060100
503.023286	-0.057490
503.713304	-0.053990
504.403322	-0.049280
505.093341	-0.043460
505.783359	-0.037520
506.473377	-0.033050
507.163395	-0.031420
507.853413	-0.033140
508.543432	-0.038350
509.233450	-0.047280
509.923468	-0.059820
510.613486	-0.074250
511.303505	-0.087640
511.993523	-0.098540
512.683541	-0.107160
513.373559	-0.113750
514.063577	-0.118100
514.753596	-0.120340
515.443614	-0.122060
516.133632	-0.125660
516.823650	-0.132560
517.513669	-0.143120
518.203687	-0.157160
518.893705	-0.173450
519.583723	-0.187430
520.273742	-0.191810
520.963760	-0.188430
521.653778	-0.184920
522.343796	-0.182820
523.033814	-0.181030
523.723833	-0.178360
524.413851	-0.172670
525.103869	-0.165010
525.793887	-0.159700
526.483906	-0.156640
527.173924	-0.154890
527.863942	-0.154310
528.553960	-0.155670
529.243978	-0.160890
529.933997	-0.169270
530.624015	-0.168440
531.314033	-0.159810
532.004051	-0.152440
532.694070	-0.146840
533.384088	-0.144150
534.074106	-0.147940
534.764124	-0.151780
535.454142	-0.137430
536.144161	-0.110810
536.834179	-0.082810
537.524197	-0.056300
538.214215	-0.031380
538.904234	-0.007710
539.594252	0.014640
540.284270	0.032980
540.974288	0.039310
541.664306	0.034290
542.354325	0.031010
543.044343	0.031490
543.734361	0.035770
544.424379	0.049620
545.114398	0.070860
545.804416	0.066020
546.494434	0.028570
547.184452	-0.020520
547.874470	-0.071210
548.564489	-0.120040
549.254507	-0.165530
549.944525	-0.207340
550.634543	-0.245590
551.324562	-0.280100
552.014580	-0.310120
552.704598	-0.334590
553.394616	-0.353160
554.084635	-0.366550
554.774653	-0.375980
555.464671	-0.382500
556.154689	-0.386520
556.844707	-0.387020
557.534726	-0.381290
558.224744	-0.369310
558.914762	-0.354950
559.604780	-0.340430
560.294799	-0.326090
560.984817	-0.311440
561.674835	-0.293410
562.364853	-0.268390
563.054871	-0.239200
563.744890	-0.210790
564.434908	-0.185430
565.124926	-0.163730
565.814944	-0.145790
566.504963	-0.131620
567.194981	-0.121200
567.884999	-0.114430
568.575017	-0.111090
569.265035	-0.110830
569.955054	-0.113150
570.645072	-0.117540
571.335090	-0.123460
572.025108	-0.130340
572.715127	-0.137540
573.405145	-0.144270
574.095163	-0.149670
574.785181	-0.152990
575.475199	-0.153830
576.165218	-0.152200
576.855236	-0.148600
577.545254	-0.143990
578.235272	-0.139740
578.925291	-0.137100
579.615309	-0.136540
580.305327	-0.137210
580.995345	-0.137050
581.685364	-0.134340
582.375382	-0.128750
583.065400	-0.120490
583.755418	-0.109360
584.445436	-0.094660
585.135455	-0.075930
585.825473	-0.053910
586.515491	-0.030150
587.205509	-0.005820
587.895528	0.018930
588.585546	0.045440
589.275564	0.076080
589.965582	0.111160
590.655600	0.148000
591.345619	0.184710
592.035637	0.220720
592.725655	0.253870
593.415673	0.274430
594.105692	0.279600
594.795710	0.286110
595.485728	0.295520
596.175746	0.310800
596.865764	0.341570
597.555783	0.377940
598.245801	0.375550
598.935819	0.337670
599.625837	0.290920
600.315856	0.245300
601.005874	0.203230
601.695892	0.165640
602.385910	0.133060
603.075928	0.105480
603.765947	0.082450
604.455965	0.063460
605.145983	0.048330
605.836001	0.037110
606.526020	0.029570
607.216038	0.024730
607.906056	0.021040
608.596074	0.017200
609.286093	0.012730
609.976111	0.009000
610.666129	0.010800
611.356147	0.021160
612.046165	0.034160
612.736184	0.045710
613.426202	0.056070
614.116220	0.065740
614.806238	0.076500
615.496257	0.091670
616.186275	0.110090
616.876293	0.128790
617.566311	0.147210
618.256329	0.165880
618.946348	0.185200
619.636366	0.204950
620.326384	0.224030
621.016402	0.240910
621.706421	0.254710
622.396439	0.265370
623.086457	0.273040
623.776475	0.277530
624.466493	0.278530
625.156512	0.276180
625.846530	0.271330
626.536548	0.264890
627.226566	0.257270
627.916585	0.248470
628.606603	0.238760
629.296621	0.230120
629.986639	0.226820
630.676657	0.229280
631.366676	0.233050
632.056694	0.236340
632.746712	0.239540
633.436730	0.243670
634.126749	0.250680
634.816767	0.259050
635.506785	0.264180
636.196803	0.266030
636.886821	0.265870
637.576840	0.264300
638.266858	0.260330
638.956876	0.250650
639.646894	0.233210
640.336913	0.210880
641.026931	0.187890
641.716949	0.166700
642.406967	0.148250
643.096986	0.132760
643.787004	0.120260
644.477022	0.110620
645.167040	0.103530
645.857058	0.098460
646.547077	0.094740
647.237095	0.091820
647.927113	0.089270
648.617131	0.086810
649.307150	0.084290
649.997168	0.081630
650.687186	0.078760
651.377204	0.075550
652.067222	0.071770
652.757241	0.067060
653.447259	0.061080
654.137277	0.053600
654.827295	0.044640
655.517314	0.034650
656.207332	0.024450
656.897350	0.015040
657.587368	0.007290
658.277386	0.001730
658.967405	-0.001460
659.657423	-0.002380
660.347441	-0.001370
661.037459	0.001110
661.727478	0.004650
662.417496	0.009100
663.107514	0.014630
663.797532	0.021650
664.487550	0.030650
665.177569	0.042120
665.867587	0.056460
666.557605	0.073710
667.247623	0.092190
667.937642	0.106780
668.627660	0.115150
669.317678	0.121970
670.007696	0.129660
670.697715	0.138710
671.387733	0.149420
672.077751	0.157230
672.767769	0.155140
673.457787	0.146570
674.147806	0.137170
674.837824	0.128970
675.527842	0.122380
676.217860	0.117590
676.907879	0.114910
677.597897	0.114810
678.287915	0.117640
678.977933	0.123500
679.667951	0.132230
680.357970	0.143460
681.047988	0.156430
681.738006	0.169780
682.428024	0.181900
683.118043	0.191620
683.808061	0.198400
684.498079	0.202140
685.188097	0.203010
685.878115	0.201360
686.568134	0.197480
687.258152	0.191380
687.948170	0.182750
688.638188	0.171240
689.328207	0.156690
690.018225	0.139150
690.708243	0.118960
691.398261	0.096950
692.088279	0.074630
692.778298	0.053730
693.468316	0.035520
694.158334	0.020560
694.848352	0.009040
695.538371	0.000880
696.228389	-0.004290
696.918407	-0.007280
697.608425	-0.009200
698.298444	-0.011120
698.988462	-0.013840
699.678480	-0.017870
700.368498	-0.023490
701.058516	-0.030850
701.748535	-0.039960
702.438553	-0.050810
703.128571	-0.063290
703.818589	-0.077170
704.508608	-0.092110
705.198626	-0.107650
705.888644	-0.123200
706.578662	-0.138120
707.268680	-0.151820
707.958699	-0.163820
708.648717	-0.173840
709.338735	-0.181810
710.028753	-0.187930
710.718772	-0.192700
711.408790	-0.196830
712.098808	-0.201040
712.788826	-0.205740
713.478844	-0.210690
714.168863	-0.215050
714.858881	-0.217700
715.548899	-0.217790
716.238917	-0.214890
716.928936	-0.208810
717.618954	-0.199530
718.308972	-0.187340
718.998990	-0.172950
719.689008	-0.157420
720.379027	-0.141820
721.069045	-0.127020
721.759063	-0.113570
722.449081	-0.101760
723.139100	-0.091610
723.829118	-0.082990
724.519136	-0.075630
725.209154	-0.069220
725.899172	-0.063530
726.589191	-0.058420
727.279209	-0.053870
727.969227	-0.049830
728.659245	-0.046200
729.349264	-0.042820
730.039282	-0.039450
730.729300	-0.035830
731.419318	-0.031700
732.109337	-0.026830
732.799355	-0.020910
733.489373	-0.013590
734.179391	-0.004550
734.869409	0.006420
735.559428	0.019180
736.249446	0.033010
736.939464	0.046650
737.629482	0.058650
738.319501	0.068050
739.009519	0.074410
739.699537	0.077550
740.389555	0.077400
741.079573	0.074130
741.769592	0.068280
742.459610	0.060530
743.149628	0.051380
743.839646	0.040960
744.529665	0.029200
745.219683	0.016040
745.909701	0.001630
746.599719	-0.013430
747.289737	-0.027860
747.979756	-0.039820
748.669774	-0.047830
749.359792	-0.051610
750.049810	-0.051700
750.739829	-0.048480
751.429847	-0.041780
752.119865	-0.031110
752.809883	-0.016420
753.499901	0.001280
754.189920	0.020350
754.879938	0.039520
755.569956	0.057990
756.259974	0.075300
756.949993	0.091050
757.640011	0.104880
758.330029	0.116520
759.020047	0.125820
759.710066	0.132770
760.400084	0.137550
761.090102	0.140470
761.780120	0.141940
762.470138	0.142300
763.160157	0.141680
763.850175	0.140020
764.540193	0.137200
765.230211	0.133220
765.920230	0.128350
766.610248	0.123070
767.300266	0.118100
767.990284	0.114090
768.680302	0.111150
769.370321	0.106620
770.060339	0.091460
770.750357	0.061330
771.440375	0.029330
772.130394	0.001210
772.820412	-0.023630
773.510430	-0.043130
774.200448	-0.060230
774.890466	-0.094060
775.580485	-0.147770
776.270503	-0.208160
776.960521	-0.268460
777.650539	-0.326640
778.340558	-0.382020
779.030576	-0.434370
779.720594	-0.483630
780.410612	-0.529720
781.100630	-0.572580
781.790649	-0.612000
782.480667	-0.646680
783.170685	-0.671690
783.860703	-0.682410
784.550722	-0.687470
785.240740	-0.694880
785.930758	-0.704370
786.620776	-0.716350
787.310795	-0.732450
788.000813	-0.743260
788.690831	-0.734110
789.380849	-0.709720
790.070867	-0.677970
790.760886	-0.641810
791.450904	-0.602310
792.140922	-0.560230
792.830940	-0.516490
793.520959	-0.472220
794.210977	-0.428450
794.900995	-0.385710
795.591013	-0.343900
796.281031	-0.302530
796.971050	-0.261030
797.661068	-0.219500
798.351086	-0.180410
799.041104	-0.147660
799.731123	-0.119380
800.421141	-0.091220
801.111159	-0.062230
801.801177	-0.032470
802.491195	-0.002970
803.181214	0.022090
803.871232	0.040660
804.561250	0.056310
805.251268	0.071780
805.941287	0.086830
806.631305	0.097020
807.321323	0.092090
808.011341	0.070850
808.701359	0.048340
809.391378	0.030020
810.081396	0.014630
810.771414	0.002880
811.461432	-0.008350
812.151451	-0.033070
812.841469	-0.073920
813.531487	-0.120770
814.221505	-0.167190
814.911524	-0.209950
815.601542	-0.247550
816.291560	-0.280810
816.981578	-0.311450
817.671596	-0.340400
818.361615	-0.367530
819.051633	-0.391740
819.741651	-0.411960
820.431669	-0.428850
821.121688	-0.444090
821.811706	-0.458610
822.501724	-0.472040
823.191742	-0.481320
823.881760	-0.475540
824.571779	-0.439510
825.261797	-0.389040
825.951815	-0.347090
826.641833	-0.311840
827.331852	-0.278180
828.021870	-0.243540
828.711888	-0.205910
829.401906	-0.166980
830.091924	-0.130680
830.781943	-0.096810
831.471961	-0.063300
832.161979	-0.028790
832.851997	0.007020
833.542016	0.043830
834.232034	0.080420
834.922052	0.114010
835.612070	0.144440
836.302088	0.174580
836.992107	0.207390
837.682125	0.248810
838.372143	0.298110
839.062161	0.326870
839.752180	0.320430
840.442198	0.297430
841.132216	0.270730
841.822234	0.243980
842.512252	0.217920
843.202271	0.192660
843.892289	0.168630
844.582307	0.147550
845.272325	0.132560
845.962344	0.124360
846.652362	0.119580
847.342380	0.115700
848.032398	0.112150
848.722417	0.109510
849.412435	0.111020
850.102453	0.121190
850.792471	0.139680
851.482489	0.162480
852.172508	0.185920
852.862526	0.206680
853.552544	0.221740
854.242562	0.230550
854.932581	0.235190
855.622599	0.237560
856.312617	0.238140
857.002635	0.235960
857.692653	0.228760
858.382672	0.215220
859.072690	0.197350
859.762708	0.178290
860.452726	0.159920
861.142745	0.142850
861.832763	0.127080
862.522781	0.112350
863.212799	0.098380
863.902817	0.085140
864.592836	0.073050
865.282854	0.062870
865.972872	0.055320
866.662890	0.050760
867.352909	0.049340
868.042927	0.051160
868.732945	0.056150
869.422963	0.063850
870.112981	0.073270
870.803000	0.083210
871.493018	0.092610
872.183036	0.100790
872.873054	0.107490
873.563073	0.112850
874.253091	0.117360
874.943109	0.121750
875.633127	0.126690
876.323146	0.132590
877.013164	0.139330
877.703182	0.146310
878.393200	0.152590
879.083218	0.157250
879.773237	0.159620
880.463255	0.159310
881.153273	0.156200
881.843291	0.150330
882.533310	0.142000
883.223328	0.131630
883.913346	0.119820
884.603364	0.107210
885.293382	0.094440
885.983401	0.082030
886.673419	0.070450
887.363437	0.060160
888.053455	0.051700
888.743474	0.045650
889.433492	0.042530
890.123510	0.042660
890.813528	0.046170
891.503546	0.053040
892.193565	0.062950
892.883583	0.074840
893.573601	0.086770
894.263619	0.096680
894.953638	0.103510
895.643656	0.107120
896.333674	0.107600
897.023692	0.105040
897.713710	0.099830
898.403729	0.093250
899.093747	0.087060
899.783765	0.082650
900.473783	0.080650
901.163802	0.081190
901.853820	0.084110
902.543838	0.089040
903.233856	0.095310
903.923875	0.101860
904.613893	0.107390
905.303911	0.110790
905.993929	0.111410
906.683947	0.108990
907.373966	0.103620
908.063984	0.095980
908.754002	0.087590
909.444020	0.080400
910.134039	0.075780
910.824057	0.074270
911.514075	0.075880
912.204093	0.080270
912.894111	0.086450
913.584130	0.092740
914.274148	0.097480
914.964166	0.099670
915.654184	0.099040
916.344203	0.095800
917.034221	0.090610
917.724239	0.084600
918.414257	0.079030
919.104275	0.074940
919.794294	0.072800
920.484312	0.072470
921.174330	0.073170
921.864348	0.073800
922.554367	0.073290
923.244385	0.071050
923.934403	0.067170
924.624421	0.062350
925.314439	0.057900
926.004458	0.055360
926.694476	0.055780
927.384494	0.057600
928.074512	0.057290
928.764531	0.054870
929.454549	0.052160
930.144567	0.050540
930.834585	0.050630
931.524603	0.047870
932.214622	0.034780
932.904640	0.013390
933.594658	-0.011120
934.284676	-0.036680
934.974695	-0.062780
935.664713	-0.089010
936.354731	-0.114720
937.044749	-0.139130
937.734768	-0.161580
938.424786	-0.181720
939.114804	-0.199580
939.804822	-0.215680
940.494840	-0.231010
941.184859	-0.246730
941.874877	-0.263620
942.564895	-0.281720
943.254913	-0.300310
943.944932	-0.318160
944.634950	-0.334030
945.324968	-0.347080
946.014986	-0.356880
946.705004	-0.363250
947.395023	-0.366230
948.085041	-0.365990
948.775059	-0.362850
949.465077	-0.357170
950.155096	-0.349170
950.845114	-0.338980
951.535132	-0.326610
952.225150	-0.312100
952.915168	-0.295520
953.605187	-0.277020
954.295205	-0.256850
954.985223	-0.235510
955.675241	-0.214390
956.365260	-0.197280
957.055278	-0.188570
957.745296	-0.185380
958.435314	-0.182260
959.125332	-0.178270
959.815351	-0.173960
960.505369	-0.170580
961.195387	-0.171300
961.885405	-0.175650
962.575424	-0.178460
963.265442	-0.177160
963.955460	-0.171680
964.645478	-0.162410
965.335497	-0.149710
966.025515	-0.134180
966.715533	-0.117270
967.405551	-0.101270
968.095569	-0.088150
968.785588	-0.078810
969.475606	-0.073470
970.165624	-0.072260
970.855642	-0.075130
971.545661	-0.081060
972.235679	-0.087700
972.925697	-0.092660
973.615715	-0.094940
974.305733	-0.094390
974.995752	-0.090750
975.685770	-0.083400
976.375788	-0.071630
977.065806	-0.055440
977.755825	-0.035670
978.445843	-0.013600
979.135861	0.009290
979.825879	0.031500
980.515897	0.051870
981.205916	0.069700
981.895934	0.084610
982.585952	0.096390
983.275970	0.104970
983.965989	0.110450
984.656007	0.113030
985.346025	0.112770
986.036043	0.109680
986.726061	0.103920
987.416080	0.096170
988.106098	0.087880
988.796116	0.080830
989.486134	0.076290
990.176153	0.074840
990.866171	0.076620
991.556189	0.081050
992.246207	0.086090
992.936226	0.089350
993.626244	0.090010
994.316262	0.088260
995.006280	0.084090
995.696298	0.077140
996.386317	0.067820
997.076335	0.058400
997.766353	0.051480
998.456371	0.048270
999.146390	0.048990
999.836408	0.053600
1000.526426	0.062070
1001.216444	0.074240
1001.906462	0.089780
1002.596481	0.108310
1003.286499	0.129290
1003.976517	0.151140
1004.666535	0.169230
1005.356554	0.180140
1006.046572	0.188670
1006.736590	0.198300
1007.426608	0.209330
1008.116626	0.222330
1008.806645	0.235080
1009.496663	0.239640
1010.186681	0.235630
1010.876699	0.228770
1011.566718	0.221110
1012.256736	0.212090
1012.946754	0.200710
1013.636772	0.186320
1014.326790	0.168780
1015.016809	0.148040
1015.706827	0.124130
1016.396845	0.097470
1017.086863	0.069440
1017.776882	0.042160
1018.466900	0.017310
1019.156918	-0.004390
1019.846936	-0.022920
1020.536954	-0.038510
1021.226973	-0.051700
1021.916991	-0.063390
1022.607009	-0.074720
1023.297027	-0.086580
1023.987046	-0.099420
1024.677064	-0.113320
1025.367082	-0.128220
1026.057100	-0.144050
1026.747119	-0.160700
1027.437137	-0.177940
1028.127155	-0.195390
1028.817173	-0.212550
1029.507191	-0.228910
1030.197210	-0.244050
1030.887228	-0.257680
1031.577246	-0.269630
1032.267264	-0.279760
1032.957283	-0.287930
1033.647301	-0.293880
1034.337319	-0.297310
1035.027337	-0.297990
1035.717355	-0.295800
1036.407374	-0.290760
1037.097392	-0.283030
1037.787410	-0.272980
1038.477428	-0.261190
1039.167447	-0.248350
1039.857465	-0.235100
1040.547483	-0.221860
1041.237501	-0.208880
1041.927519	-0.196360
1042.617538	-0.184520
1043.307556	-0.173680
1043.997574	-0.164220
1044.687592	-0.156440
1045.377611	-0.150520
1046.067629	-0.146450
1046.757647	-0.144040
1047.447665	-0.142950
1048.137683	-0.142800
1048.827702	-0.143240
1049.517720	-0.144120
1050.207738	-0.145470
1050.897756	-0.147550
1051.587775	-0.150700
1052.277793	-0.155260
1052.967811	-0.161400
1053.657829	-0.168840
1054.347848	-0.176660
1055.037866	-0.183390
1055.727884	-0.187660
1056.417902	-0.188850
1057.107920	-0.186800
1057.797939	-0.181440
1058.487957	-0.172760
1059.177975	-0.161430
1059.867993	-0.149340
1060.558012	-0.138750
1061.248030	-0.131000
1061.938048	-0.126430
1062.628066	-0.124990
1063.318084	-0.126590
1064.008103	-0.130890
1064.698121	-0.137110
1065.388139	-0.144180
1066.078157	-0.151290
1066.768176	-0.158060
1067.458194	-0.164400
1068.148212	-0.170380
1068.838230	-0.176110
1069.528248	-0.181570
1070.218267	-0.186070
1070.908285	-0.186930
1071.598303	-0.181310
1072.288321	-0.172160
1072.978340	-0.163280
1073.668358	-0.155200
1074.358376	-0.147620
1075.048394	-0.139180
1075.738412	-0.126740
1076.428431	-0.110670
1077.118449	-0.094400
1077.808467	-0.079230
1078.498485	-0.064830
1079.188504	-0.050450
1079.878522	-0.035370
1080.568540	-0.019050
1081.258558	-0.001370
1081.948577	0.017200
1082.638595	0.035620
1083.328613	0.052700
1084.018631	0.067680
1084.708649	0.080270
1085.398668	0.090500
1086.088686	0.098700
1086.778704	0.105530
1087.468722	0.111690
1088.158741	0.117370
1088.848759	0.122070
1089.538777	0.124990
1090.228795	0.125440
1090.918813	0.123000
1091.608832	0.117480
1092.298850	0.108980
1092.988868	0.097830
1093.678886	0.084620
1094.368905	0.070210
1095.058923	0.055580
1095.748941	0.041780
1096.438959	0.029700
1097.128977	0.020030
1097.818996	0.013130
1098.509014	0.009150
1099.199032	0.008020
1099.889050	0.009500
1100.579069	0.013080
1101.269087	0.017970
1101.959105	0.023320
1102.649123	0.028480
1103.339141	0.033230
1104.029160	0.037900
1104.719178	0.043280
1105.409196	0.050260
1106.099214	0.059560
1106.789233	0.071610
1107.479251	0.086610
1108.169269	0.104650
1108.859287	0.125660
1109.549305	0.149410
1110.239324	0.175350
1110.929342	0.202190
1111.619360	0.226570
1112.309378	0.244320
1112.999397	0.256510
1113.689415	0.267310
1114.379433	0.278260
1115.069451	0.289450
1115.759470	0.299670
1116.449488	0.304670
1117.139506	0.301910
1117.829524	0.294430
1118.519542	0.284950
1119.209561	0.273830
1119.899579	0.260630
1120.589597	0.245030
1121.279615	0.227040
1121.969634	0.207030
1122.659652	0.185830
1123.349670	0.164750
1124.039688	0.145190
1124.729706	0.128140
1125.419725	0.114070
1126.109743	0.103060
1126.799761	0.094960
1127.489779	0.089350
1128.179798	0.085640
1128.869816	0.083070
1129.559834	0.080950
1130.249852	0.078890
1130.939870	0.076910
1131.629889	0.075330
1132.319907	0.074530
1133.009925	0.074650
1133.699943	0.075530
1134.389962	0.076740
1135.079980	0.077830
1135.769998	0.078680
1136.460016	0.079570
1137.150034	0.081060
1137.840053	0.083700
1138.530071	0.087740
1139.220089	0.093050
1139.910107	0.099010
1140.600126	0.104770
1141.290144	0.109450
1141.980162	0.112480
1142.670180	0.113580
1143.360199	0.112810
1144.050217	0.110470
1144.740235	0.107080
1145.430253	0.103330
1146.120271	0.099960
1146.810290	0.097560
1147.500308	0.096410
1148.190326	0.096370
1148.880344	0.096930
1149.570363	0.097350
1150.260381	0.096990
1150.950399	0.095590
1151.640417	0.093350
1152.330435	0.090770
1153.020454	0.088410
1153.710472	0.086540
1154.400490	0.085030
1155.090508	0.083410
1155.780527	0.081080
1156.470545	0.077540
1157.160563	0.072420
1157.850581	0.065440
1158.540599	0.056450
1159.230618	0.045370
1159.920636	0.032290
1160.610654	0.017550
1161.300672	0.001780
1161.990691	-0.014180
1162.680709	-0.029500
1163.370727	-0.043640
1164.060745	-0.056510
1164.750763	-0.068410
1165.440782	-0.079940
1166.130800	-0.091750
1166.820818	-0.104330
1167.510836	-0.117870
1168.200855	-0.132310
1168.890873	-0.147370
1169.580891	-0.162630
1170.270909	-0.177550
1170.960928	-0.191430
1171.650946	-0.203340
1172.340964	-0.212260
1173.030982	-0.217390
1173.721000	-0.218500
1174.411019	-0.215790
1175.101037	-0.209520
1175.791055	-0.199780
1176.481073	-0.186690
1177.171092	-0.170860
1177.861110	-0.153510
1178.551128	-0.136160
1179.241146	-0.120120
1179.931164	-0.106270
1180.621183	-0.095180
1181.311201	-0.087110
1182.001219	-0.082130
1182.691237	-0.080190
1183.381256	-0.081110
1184.071274	-0.084540
1184.761292	-0.089930
1185.451310	-0.096550
1186.141328	-0.103700
1186.831347	-0.110720
1187.521365	-0.117070
1188.211383	-0.122310
1188.901401	-0.126140
1189.591420	-0.128480
1190.281438	-0.129430
1190.971456	-0.129220
1191.661474	-0.128080
1192.351492	-0.126070
1193.041511	-0.122960
1193.731529	-0.118340
1194.421547	-0.111760
1195.111565	-0.103040
1195.801584	-0.092490
1196.491602	-0.081130
1197.181620	-0.070530
1197.871638	-0.062090
1198.561656	-0.056550
1199.251675	-0.054130
1199.941693	-0.054960
1200.631711	-0.058990
1201.321729	-0.065840
1202.011748	-0.074640
1202.701766	-0.084440
1203.391784	-0.094560
1204.081802	-0.104600
1204.771821	-0.114170
1205.461839	-0.122710
1206.151857	-0.129410
1206.841875	-0.133470
1207.531893	-0.134290
1208.221912	-0.131570
1208.911930	-0.125190
1209.601948	-0.115090
1210.291966	-0.101330
1210.981985	-0.084300
1211.672003	-0.064900
1212.362021	-0.044560
1213.052039	-0.024850
1213.742057	-0.007100
1214.432076	0.007930
1215.122094	0.019920
1215.812112	0.028770
1216.502130	0.034490
1217.192149	0.037260
1217.882167	0.037370
1218.572185	0.035160
1219.262203	0.030900
1219.952221	0.024710
1220.642240	0.016700
1221.332258	0.006970
1222.022276	-0.004290
1222.712294	-0.016700
1223.402313	-0.029540
1224.092331	-0.041640
1224.782349	-0.051660
1225.472367	-0.058770
1226.162385	-0.062760
1226.852404	-0.063630
1227.542422	-0.061350
