0.000000	-0.069810
0.690027	-0.082900
1.380055	-0.097190
2.070082	-0.112300
2.760110	-0.127740
3.450137	-0.143050
4.140165	-0.158010
4.830192	-0.172710
5.520220	-0.187190
6.210247	-0.200470
6.900275	-0.207100
7.590302	-0.194120
8.280330	-0.161390
8.970357	-0.129480
9.660385	-0.103830
10.350412	-0.080640
11.040439	-0.057710
11.730467	-0.033090
12.420494	-0.001050
13.110522	0.036000
13.800549	0.055940
14.490577	0.067480
15.180604	0.080710
15.870632	0.095760
16.560659	0.112960
17.250687	0.135280
17.940714	0.163160
18.630742	0.176470
19.320769	0.159390
20.010797	0.137790
20.700824	0.125840
21.390852	0.119180
22.080879	0.113720
22.770906	0.108100
23.460934	0.101500
24.150961	0.094620
24.840989	0.093450
25.531016	0.101440
26.221044	0.113040
26.911071	0.123740
27.601099	0.132240
28.291126	0.138400
28.981154	0.142350
29.671181	0.144230
30.361209	0.144110
31.051236	0.142020
31.741264	0.137880
32.431291	0.131560
33.121318	0.123080
33.811346	0.112840
34.501373	0.101820
35.191401	0.091490
35.881428	0.083130
36.571456	0.077410
37.261483	0.074550
37.951511	0.074690
38.641538	0.077710
39.331566	0.082980
40.021593	0.089320
40.711621	0.095520
41.401648	0.100710
42.091676	0.104490
42.781703	0.106740
43.471731	0.107550
44.161758	0.107190
44.851785	0.106010
45.541813	0.104420
46.231840	0.102750
46.921868	0.101190
47.611895	0.099790
48.301923	0.098440
48.991950	0.096970
49.681978	0.095290
50.372005	0.093560
51.062033	0.092220
51.752060	0.091900
52.442088	0.093190
53.132115	0.096510
53.822143	0.101990
54.512170	0.109530
55.202197	0.118750
55.892225	0.129130
56.582252	0.140010
57.272280	0.150750
57.962307	0.160660
58.652335	0.169090
59.342362	0.175450
60.032390	0.179280
60.722417	0.180270
61.412445	0.178250
62.102472	0.173180
62.792500	0.165120
63.482527	0.154290
64.172555	0.141200
64.862582	0.126900
65.552609	0.113150
66.242637	0.101900
66.932664	0.094190
67.622692	0.090040
68.312719	0.089190
69.002747	0.091710
69.692774	0.097770
70.382802	0.106730
71.072829	0.116560
71.762857	0.125010
72.452884	0.130820
73.142912	0.133860
73.832939	0.134680
74.522967	0.134380
75.212994	0.134290
75.903022	0.135460
76.593049	0.138240
77.283076	0.142250
77.973104	0.146610
78.663131	0.150350
79.353159	0.152920
80.043186	0.154440
80.733214	0.155670
81.423241	0.157650
82.113269	0.161260
82.803296	0.166910
83.493324	0.174310
84.183351	0.182460
84.873379	0.189940
85.563406	0.195580
86.253434	0.198750
86.943461	0.199280
87.633488	0.197360
88.323516	0.193580
89.013543	0.188970
89.703571	0.184700
90.393598	0.181660
91.083626	0.180360
91.773653	0.180990
92.463681	0.183500
93.153708	0.187590
93.843736	0.192750
94.533763	0.198390
95.223791	0.204020
95.913818	0.209450
96.603846	0.214880
97.293873	0.220800
97.983900	0.227580
98.673928	0.234430
99.363955	0.236620
100.053983	0.227300
100.744010	0.211420
101.434038	0.197390
102.124065	0.185490
102.814093	0.174050
103.504120	0.161120
104.194148	0.145020
104.884175	0.128720
105.574203	0.115420
106.264230	0.104990
106.954258	0.096330
107.644285	0.088300
108.334313	0.080000
109.024340	0.070770
109.714367	0.060280
110.404395	0.048450
111.094422	0.034940
111.784450	0.016710
112.474477	-0.017570
113.164505	-0.077600
113.854532	-0.143790
114.544560	-0.201810
115.234587	-0.255200
115.924615	-0.307780
116.614642	-0.361280
117.304670	-0.417640
117.994697	-0.470660
118.684725	-0.508600
119.374752	-0.542200
120.064779	-0.575860
120.754807	-0.610600
121.444834	-0.650390
122.134862	-0.702200
122.824889	-0.754300
123.514917	-0.773090
124.204944	-0.764710
124.894972	-0.747000
125.584999	-0.725030
126.275027	-0.699080
126.965054	-0.668900
127.655082	-0.634560
128.345109	-0.596240
129.035137	-0.553960
129.725164	-0.507570
130.415192	-0.457140
131.105219	-0.403220
131.795246	-0.346780
132.485274	-0.288900
133.175301	-0.230950
133.865329	-0.176620
134.555356	-0.137500
135.245384	-0.125240
135.935411	-0.121270
136.625439	-0.109480
137.315466	-0.092890
138.005494	-0.074480
138.695521	-0.054990
139.385549	-0.039170
140.075576	-0.034610
140.765604	-0.039770
141.455631	-0.052880
142.145658	-0.076090
142.835686	-0.106350
143.525713	-0.137960
144.215741	-0.168860
144.905768	-0.199440
145.595796	-0.230410
146.285823	-0.260980
146.975851	-0.277830
147.665878	-0.271790
148.355906	-0.268530
149.045933	-0.268790
149.735961	-0.270640
150.425988	-0.276810
151.116016	-0.293020
151.806043	-0.313030
152.496070	-0.296270
153.186098	-0.241270
153.876125	-0.192270
154.566153	-0.154910
155.256180	-0.119630
155.946208	-0.083540
156.636235	-0.046320
157.326263	-0.007060
158.016290	0.033630
158.706318	0.068240
159.396345	0.093270
160.086373	0.115710
160.776400	0.140080
161.466428	0.167090
162.156455	0.194020
162.846483	0.206430
163.536510	0.179300
164.226537	0.139040
164.916565	0.115280
165.606592	0.100820
166.296620	0.092810
166.986647	0.096040
167.676675	0.093190
168.366702	0.062000
169.056730	0.021490
169.746757	-0.016870
170.436785	-0.051390
171.126812	-0.082320
171.816840	-0.110090
172.506867	-0.135120
173.196895	-0.157780
173.886922	-0.178370
174.576949	-0.197070
175.266977	-0.213900
175.957004	-0.228710
176.647032	-0.241280
177.337059	-0.251440
178.027087	-0.259180
178.717114	-0.264610
179.407142	-0.268000
180.097169	-0.269590
180.787197	-0.269470
181.477224	-0.267340
182.167252	-0.262630
182.857279	-0.254570
183.547307	-0.242660
184.237334	-0.228740
184.927361	-0.219140
185.617389	-0.214380
186.307416	-0.209490
186.997444	-0.203230
187.687471	-0.194850
188.377499	-0.183650
189.067526	-0.176380
189.757554	-0.187800
190.447581	-0.212460
191.137609	-0.226650
191.827636	-0.222780
192.517664	-0.214730
193.207691	-0.209450
193.897719	-0.206520
194.587746	-0.206540
195.277774	-0.210750
195.967801	-0.209410
196.657828	-0.191560
197.347856	-0.168540
198.037883	-0.149080
198.727911	-0.134680
199.417938	-0.125060
200.107966	-0.119770
200.797993	-0.118440
201.488021	-0.120300
202.178048	-0.123700
202.868076	-0.126600
203.558103	-0.127590
204.248131	-0.126140
204.938158	-0.122300
205.628186	-0.116640
206.318213	-0.110400
207.008240	-0.104870
207.698268	-0.099460
208.388295	-0.091470
209.078323	-0.081350
209.768350	-0.071090
210.458378	-0.061620
211.148405	-0.053400
211.838433	-0.043860
212.528460	-0.027760
213.218488	-0.007950
213.908515	0.010370
214.598543	0.025910
215.288570	0.039210
215.978598	0.051150
216.668625	0.062530
217.358653	0.073630
218.048680	0.083900
218.738707	0.092320
219.428735	0.098070
220.118762	0.100600
220.808790	0.099330
221.498817	0.094060
222.188845	0.087020
222.878872	0.082530
223.568900	0.080850
224.258927	0.080050
224.948955	0.079240
225.638982	0.078440
226.329010	0.080190
227.019037	0.089500
227.709065	0.107180
228.399092	0.129500
229.089119	0.152570
229.779147	0.171110
230.469174	0.180150
231.159202	0.183930
231.849229	0.188510
232.539257	0.194630
233.229284	0.201870
233.919312	0.208960
234.609339	0.211250
235.299367	0.208250
235.989394	0.205580
236.679422	0.206130
237.369449	0.210360
238.059477	0.218270
238.749504	0.229760
239.439531	0.243840
240.129559	0.256280
240.819586	0.262120
241.509614	0.264720
242.199641	0.268050
242.889669	0.272900
243.579696	0.280500
244.269724	0.288820
244.959751	0.287440
245.649779	0.274890
246.339806	0.259100
247.029834	0.243980
247.719861	0.230470
248.409889	0.218820
249.099916	0.209150
249.789944	0.201570
250.479971	0.196080
251.169998	0.192490
251.860026	0.190370
252.550053	0.189030
253.240081	0.187680
253.930108	0.185790
254.620136	0.183330
255.310163	0.180870
256.000191	0.179340
256.690218	0.179600
257.380246	0.182150
258.070273	0.187190
258.760301	0.194530
259.450328	0.203570
260.140356	0.213250
260.830383	0.222270
261.520410	0.229490
262.210438	0.234160
262.900465	0.236000
263.590493	0.234990
264.280520	0.231340
264.970548	0.225510
265.660575	0.218240
266.350603	0.210340
267.040630	0.202380
267.730658	0.194500
268.420685	0.186470
269.110713	0.177910
269.800740	0.168570
270.490768	0.158520
271.180795	0.148300
271.870822	0.138740
272.560850	0.130700
273.250877	0.124720
273.940905	0.120960
274.630932	0.119090
275.320960	0.118280
276.010987	0.117400
276.701015	0.115410
277.391042	0.111790
278.081070	0.106610
278.771097	0.100480
279.461125	0.094250
280.151152	0.088680
280.841180	0.084130
281.531207	0.080450
282.221235	0.077110
282.911262	0.073610
283.601289	0.069840
284.291317	0.066270
284.981344	0.063670
285.671372	0.062720
286.361399	0.063710
287.051427	0.066380
287.741454	0.069930
288.431482	0.073220
289.121509	0.075200
289.811537	0.075270
290.501564	0.073430
291.191592	0.070340
291.881619	0.067260
292.571647	0.065710
293.261674	0.066850
293.951701	0.071190
294.641729	0.078750
295.331756	0.089190
296.021784	0.101780
296.711811	0.115310
297.401839	0.128330
298.091866	0.139780
298.781894	0.149250
299.471921	0.156860
300.161949	0.163010
300.851976	0.168180
301.542004	0.172750
302.232031	0.177090
302.922059	0.181640
303.612086	0.186960
304.302114	0.193490
304.992141	0.201280
305.682168	0.209690
306.372196	0.217520
307.062223	0.223510
307.752251	0.226700
308.442278	0.226370
309.132306	0.221770
309.822333	0.212120
310.512361	0.196820
311.202388	0.177100
311.892416	0.160540
312.582443	0.152490
313.272471	0.145480
313.962498	0.136380
314.652526	0.123100
315.342553	0.099670
316.032580	0.074670
316.722608	0.076320
317.412635	0.095900
318.102663	0.117830
318.792690	0.138000
319.482718	0.155920
320.172745	0.171510
320.862773	0.183930
321.552800	0.190020
322.242828	0.185860
322.932855	0.175340
323.622883	0.165060
324.312910	0.156060
325.002938	0.147570
325.692965	0.138310
326.382992	0.125590
327.073020	0.110050
327.763047	0.095930
328.453075	0.085030
329.143102	0.077110
329.833130	0.071390
330.523157	0.066900
331.213185	0.062560
331.903212	0.057320
332.593240	0.050320
333.283267	0.040930
333.973295	0.028750
334.663322	0.013470
335.353350	-0.005190
336.043377	-0.027470
336.733405	-0.052900
337.423432	-0.077580
338.113459	-0.094200
338.803487	-0.105710
339.493514	-0.118460
340.183542	-0.133240
340.873569	-0.151650
341.563597	-0.174720
342.253624	-0.189720
342.943652	-0.185130
343.633679	-0.171210
344.323707	-0.157170
345.013734	-0.146130
345.703762	-0.138680
346.393789	-0.134400
347.083817	-0.132730
347.773844	-0.133330
348.463871	-0.135880
349.153899	-0.139460
349.843926	-0.142730
350.533954	-0.145100
351.223981	-0.147110
351.914009	-0.149720
352.604036	-0.153630
353.294064	-0.158900
353.984091	-0.164880
354.674119	-0.170490
355.364146	-0.174560
356.054174	-0.176290
356.744201	-0.175350
357.434229	-0.171760
358.124256	-0.165810
358.814284	-0.157950
359.504311	-0.148540
360.194338	-0.137570
360.884366	-0.124620
361.574393	-0.109140
362.264421	-0.090860
362.954448	-0.069860
363.644476	-0.046540
364.334503	-0.021770
365.024531	0.003090
365.714558	0.026530
366.404586	0.047580
367.094613	0.065870
367.784641	0.081500
368.474668	0.094850
369.164696	0.106320
369.854723	0.116180
370.544750	0.124540
371.234778	0.131440
371.924805	0.136870
372.614833	0.140800
373.304860	0.143070
373.994888	0.143520
374.684915	0.142040
375.374943	0.138690
376.064970	0.133820
376.754998	0.128060
377.445025	0.122190
378.135053	0.116880
378.825080	0.112370
379.515108	0.108450
380.205135	0.104690
380.895162	0.100920
381.585190	0.097680
382.275217	0.096120
382.965245	0.097180
383.655272	0.101200
384.345300	0.108110
385.035327	0.117550
385.725355	0.128510
386.415382	0.139150
387.105410	0.147730
387.795437	0.153340
388.485465	0.155850
389.175492	0.155600
389.865520	0.153450
390.555547	0.150550
391.245575	0.147880
391.935602	0.145810
392.625629	0.144220
393.315657	0.142830
394.005684	0.141370
394.695712	0.139860
395.385739	0.138650
396.075767	0.138280
396.765794	0.139310
397.455822	0.142080
398.145849	0.146640
398.835877	0.152690
399.525904	0.159680
400.215932	0.166890
400.905959	0.173650
401.595987	0.179460
402.286014	0.183890
402.976041	0.186560
403.666069	0.186890
404.356096	0.184150
405.046124	0.177600
405.736151	0.166710
406.426179	0.151260
407.116206	0.131240
407.806234	0.106590
408.496261	0.077130
409.186289	0.042690
409.876316	0.003340
410.566344	-0.040210
411.256371	-0.086470
411.946399	-0.133470
412.636426	-0.179350
413.326453	-0.222660
414.016481	-0.261930
414.706508	-0.293660
415.396536	-0.306960
416.086563	-0.284690
416.776591	-0.238260
417.466618	-0.197110
418.156646	-0.164330
418.846673	-0.134300
419.536701	-0.104450
420.226728	-0.078790
420.916756	-0.094220
421.606783	-0.151810
422.296811	-0.201070
422.986838	-0.246470
423.676866	-0.286780
424.366893	-0.308060
425.056920	-0.294380
425.746948	-0.295070
426.436975	-0.393280
427.127003	-0.556860
427.817030	-0.736780
428.507058	-0.908960
429.197085	-1.037990
429.887113	-1.097890
430.577140	-1.145080
431.267168	-1.216940
431.957195	-1.302860
432.647223	-1.392560
433.337250	-1.484600
434.027278	-1.587030
434.717305	-1.645450
435.407332	-1.581500
436.097360	-1.500030
436.787387	-1.420990
437.477415	-1.342430
438.167442	-1.263890
438.857470	-1.185330
439.547497	-1.106760
440.237525	-1.028240
440.927552	-0.952540
441.617580	-0.899230
442.307607	-0.850170
442.997635	-0.792720
443.687662	-0.734020
444.377690	-0.675200
445.067717	-0.616310
445.757745	-0.556500
446.447772	-0.487050
447.137799	-0.383240
447.827827	-0.331690
448.517854	-0.322390
449.207882	-0.315310
449.897909	-0.307440
450.587937	-0.299220
451.277964	-0.292130
451.967992	-0.288850
452.658019	-0.288550
453.348047	-0.278540
454.038074	-0.253400
454.728102	-0.222550
455.418129	-0.191570
456.108157	-0.161240
456.798184	-0.130950
457.488211	-0.099880
458.178239	-0.067440
458.868266	-0.034080
459.558294	-0.002530
460.248321	0.024690
460.938349	0.049360
461.628376	0.073690
462.318404	0.098430
463.008431	0.123520
463.698459	0.145590
464.388486	0.159660
465.078514	0.167360
465.768541	0.173090
466.458569	0.178850
467.148596	0.185070
467.838623	0.191640
468.528651	0.198310
469.218678	0.204720
469.908706	0.210420
470.598733	0.214920
471.288761	0.217790
471.978788	0.218790
472.668816	0.217850
473.358843	0.215160
474.048871	0.211160
474.738898	0.206390
475.428926	0.201410
476.118953	0.196470
476.808981	0.191520
477.499008	0.186140
478.189036	0.179820
478.879063	0.172060
479.569090	0.162590
480.259118	0.151460
480.949145	0.139140
481.639173	0.126550
482.329200	0.114890
483.019228	0.105220
483.709255	0.098230
484.399283	0.094250
485.089310	0.093450
485.779338	0.095850
486.469365	0.101330
487.159393	0.109640
487.849420	0.120520
488.539448	0.133690
489.229475	0.148870
489.919502	0.165650
490.609530	0.183330
491.299557	0.200870
491.989585	0.217070
492.679612	0.230960
493.369640	0.242030
494.059667	0.250090
494.749695	0.255180
495.439722	0.257480
496.129750	0.257450
496.819777	0.255690
497.509805	0.252510
498.199832	0.247750
498.889860	0.240820
499.579887	0.231130
500.269914	0.218230
500.959942	0.201770
501.649969	0.181460
502.339997	0.157130
503.030024	0.129350
503.720052	0.101830
504.410079	0.084200
505.100107	0.077670
505.790134	0.071300
506.480162	0.062120
507.170189	0.049650
507.860217	0.031420
508.550244	0.014330
509.240272	0.016900
509.930299	0.036250
510.620327	0.060780
511.310354	0.085620
512.000381	0.108860
512.690409	0.129260
513.380436	0.146200
514.070464	0.159710
514.760491	0.170020
515.450519	0.177090
516.140546	0.180680
516.830574	0.180790
517.520601	0.178020
518.210629	0.173220
518.900656	0.167010
519.590684	0.159710
520.280711	0.151680
520.970739	0.143410
521.660766	0.135590
522.350793	0.128790
523.040821	0.123340
523.730848	0.119210
524.420876	0.116000
525.110903	0.113210
525.800931	0.110450
526.490958	0.107790
527.180986	0.105690
527.871013	0.104810
528.561041	0.105730
529.251068	0.108750
529.941096	0.113840
530.631123	0.120630
531.321151	0.128490
532.011178	0.136650
532.701206	0.144520
533.391233	0.151790
534.081260	0.158470
534.771288	0.164710
535.461315	0.170570
536.151343	0.175820
536.841370	0.179870
537.531398	0.182070
538.221425	0.181920
538.911453	0.179180
539.601480	0.173860
540.291508	0.166180
540.981535	0.156670
541.671563	0.146150
542.361590	0.135710
543.051618	0.126630
543.741645	0.120210
544.431672	0.117240
545.121700	0.117910
545.811727	0.122030
546.501755	0.129360
547.191782	0.139400
547.881810	0.151070
548.571837	0.162730
549.261865	0.172990
549.951892	0.181340
550.641920	0.188110
551.331947	0.194080
552.021975	0.199790
552.712002	0.204890
553.402030	0.208310
554.092057	0.209260
554.782084	0.207560
555.472112	0.203540
556.162139	0.198040
556.852167	0.192520
557.542194	0.188470
558.232222	0.186780
558.922249	0.187770
559.612277	0.191060
560.302304	0.195210
560.992332	0.198010
561.682359	0.197670
562.372387	0.193410
563.062414	0.185080
563.752442	0.172770
564.442469	0.156710
565.132497	0.137280
565.822524	0.114950
566.512551	0.090250
567.202579	0.063590
567.892606	0.035350
568.582634	0.005860
569.272661	-0.024340
569.962689	-0.054460
570.652716	-0.083540
571.342744	-0.110710
572.032771	-0.135290
572.722799	-0.156720
573.412826	-0.174530
574.102854	-0.188410
574.792881	-0.198320
575.482909	-0.204470
576.172936	-0.207130
576.862963	-0.206570
577.552991	-0.203060
578.243018	-0.197210
578.933046	-0.190030
579.623073	-0.182630
580.313101	-0.175770
581.003128	-0.169580
581.693156	-0.163620
582.383183	-0.157060
583.073211	-0.149120
583.763238	-0.139360
584.453266	-0.127750
585.143293	-0.114520
585.833321	-0.100190
586.523348	-0.085300
587.213376	-0.070240
587.903403	-0.055110
588.593430	-0.040140
589.283458	-0.027650
589.973485	-0.027170
590.663513	-0.050150
591.353540	-0.082650
592.043568	-0.108620
592.733595	-0.129760
593.423623	-0.149820
594.113650	-0.170770
594.803678	-0.194320
595.493705	-0.215910
596.183733	-0.232020
596.873760	-0.245530
597.563788	-0.258630
598.253815	-0.274280
598.943842	-0.294360
599.633870	-0.308640
600.323897	-0.300280
601.013925	-0.272510
601.703952	-0.236650
602.393980	-0.198360
603.084007	-0.159660
603.774035	-0.121550
604.464062	-0.085050
605.154090	-0.051380
605.844117	-0.021710
606.534145	0.003490
607.224172	0.024510
607.914200	0.041780
608.604227	0.055410
609.294254	0.065150
609.984282	0.071030
610.674309	0.074190
611.364337	0.076680
612.054364	0.080440
612.744392	0.086680
613.434419	0.096050
614.124447	0.108890
614.814474	0.124780
615.504502	0.141270
616.194529	0.155180
616.884557	0.166800
617.574584	0.177790
618.264612	0.188720
618.954639	0.199270
619.644667	0.207620
620.334694	0.211700
621.024721	0.212350
621.714749	0.211020
622.404776	0.207770
623.094804	0.202050
623.784831	0.193570
624.474859	0.182700
625.164886	0.170770
625.854914	0.159570
626.544941	0.150270
627.234969	0.143270
627.924996	0.138740
628.615024	0.136830
629.305051	0.137270
629.995079	0.139160
630.685106	0.141620
631.375133	0.144380
632.065161	0.147540
632.755188	0.151160
633.445216	0.155010
634.135243	0.158790
634.825271	0.162380
635.515298	0.166070
636.205326	0.170500
636.895353	0.176350
637.585381	0.183940
638.275408	0.193150
638.965436	0.203320
639.655463	0.213480
640.345491	0.222680
641.035518	0.230220
641.725545	0.235670
642.415573	0.238440
643.105600	0.236670
643.795628	0.227060
644.485655	0.209640
645.175683	0.189200
645.865710	0.168500
646.555738	0.147380
647.245765	0.124810
647.935793	0.099210
648.625820	0.071120
649.315848	0.046890
650.005875	0.025440
650.695903	0.003860
651.385930	-0.018400
652.075958	-0.042070
652.765985	-0.066640
653.456012	-0.086210
654.146040	-0.098040
654.836067	-0.107630
655.526095	-0.117540
656.216122	-0.127090
656.906150	-0.135600
657.596177	-0.143030
658.286205	-0.149610
658.976232	-0.155480
659.666260	-0.161260
660.356287	-0.168400
661.046315	-0.178390
661.736342	-0.191790
662.426370	-0.208690
663.116397	-0.229980
663.806424	-0.259010
664.496452	-0.298100
665.186479	-0.341810
665.876507	-0.385070
666.566534	-0.427580
667.256562	-0.470120
667.946589	-0.513820
668.636617	-0.560660
669.326644	-0.610110
670.016672	-0.651870
670.706699	-0.669090
671.396727	-0.665010
672.086754	-0.659530
672.776782	-0.658320
673.466809	-0.660200
674.156837	-0.667550
674.846864	-0.680720
675.536891	-0.679390
676.226919	-0.652140
676.916946	-0.612350
677.606974	-0.568980
678.297001	-0.525090
678.987029	-0.481940
679.677056	-0.440130
680.367084	-0.399730
681.057111	-0.360400
681.747139	-0.321320
682.437166	-0.281420
683.127194	-0.240280
683.817221	-0.200420
684.507249	-0.165180
685.197276	-0.132120
685.887303	-0.098620
686.577331	-0.063570
687.267358	-0.025390
687.957386	0.012710
688.647413	0.039220
689.337441	0.053360
690.027468	0.061930
690.717496	0.067970
691.407523	0.072330
692.097551	0.075680
692.787578	0.078990
693.477606	0.083380
694.167633	0.089890
694.857661	0.099040
695.547688	0.110070
696.237715	0.120730
696.927743	0.129260
697.617770	0.135600
698.307798	0.140090
698.997825	0.142360
699.687853	0.141370
700.377880	0.136530
701.067908	0.131720
701.757935	0.133350
702.447963	0.139430
703.137990	0.146040
703.828018	0.152280
704.518045	0.158100
705.208073	0.164820
705.898100	0.176070
706.588128	0.191660
707.278155	0.207380
707.968182	0.221160
708.658210	0.232840
709.348237	0.242740
710.038265	0.251370
710.728292	0.259260
711.418320	0.267030
712.108347	0.275280
712.798375	0.284630
713.488402	0.295500
714.178430	0.307590
714.868457	0.317790
715.558485	0.320570
716.248512	0.318300
716.938540	0.316700
717.628567	0.316730
718.318594	0.319340
719.008622	0.324950
719.698649	0.324460
720.388677	0.309570
721.078704	0.286520
721.768732	0.260880
722.458759	0.234250
723.148787	0.207210
723.838814	0.180530
724.528842	0.155250
725.218869	0.132320
725.908897	0.112280
726.598924	0.095390
727.288952	0.081930
727.978979	0.072230
728.669006	0.066570
729.359034	0.065060
730.049061	0.067600
730.739089	0.073910
731.429116	0.083660
732.119144	0.096550
732.809171	0.112110
733.499199	0.129430
734.189226	0.147080
734.879254	0.163710
735.569281	0.178570
736.259309	0.191610
736.949336	0.203170
737.639364	0.213700
738.329391	0.223170
739.019419	0.230720
739.709446	0.235220
740.399473	0.236340
741.089501	0.234430
741.779528	0.229730
742.469556	0.222000
743.159583	0.210980
743.849611	0.197590
744.539638	0.184100
745.229666	0.172640
745.919693	0.164270
746.609721	0.159270
747.299748	0.157490
747.989776	0.158340
748.679803	0.160550
749.369831	0.162240
750.059858	0.161780
750.749885	0.158500
751.439913	0.152730
