0.000000	-0.704930
0.690012	-0.742000
1.380024	-0.738850
2.070036	-0.712820
2.760048	-0.694480
3.450060	-0.684270
4.140071	-0.679440
4.830083	-0.685260
5.520095	-0.699450
6.210107	-0.686900
6.900119	-0.638520
7.590131	-0.576170
8.280143	-0.510370
8.970155	-0.444330
9.660167	-0.383460
10.350179	-0.339970
11.040190	-0.311600
11.730202	-0.279790
12.420214	-0.242300
13.110226	-0.201550
13.800238	-0.155640
14.490250	-0.106550
15.180262	-0.071710
15.870274	-0.052050
16.560286	-0.037130
17.250298	-0.023980
17.940310	-0.012660
18.630321	-0.003210
19.320333	0.004680
20.010345	0.011660
20.700357	0.018600
21.390369	0.026440
22.080381	0.035990
22.770393	0.047590
23.460405	0.060990
24.150417	0.075330
24.840429	0.089160
25.530440	0.101040
26.220452	0.110360
26.910464	0.117400
27.600476	0.122580
28.290488	0.125970
28.980500	0.127460
29.670512	0.127250
30.360524	0.126060
31.050536	0.124510
31.740548	0.122850
32.430560	0.121180
33.120571	0.119720
33.810583	0.118800
34.500595	0.118710
35.190607	0.119610
35.880619	0.121410
36.570631	0.123890
37.260643	0.126690
37.950655	0.129440
38.640667	0.131830
39.330679	0.133670
40.020690	0.135050
40.710702	0.136320
41.400714	0.138150
42.090726	0.141370
42.780738	0.146710
43.470750	0.153840
44.160762	0.158940
44.850774	0.158490
45.540786	0.156250
46.230798	0.154920
46.920810	0.154960
47.610821	0.157180
48.300833	0.158010
48.990845	0.147490
49.680857	0.130120
50.370869	0.114690
51.060881	0.102740
51.750893	0.093630
52.440905	0.086960
53.130917	0.082930
53.820929	0.081850
54.510940	0.083190
55.200952	0.085410
55.890964	0.087290
56.580976	0.088330
57.270988	0.088400
57.961000	0.087370
58.651012	0.085180
59.341024	0.082020
60.031036	0.078590
60.721048	0.075880
61.411060	0.074500
62.101071	0.074580
62.791083	0.076020
63.481095	0.078490
64.171107	0.081190
64.861119	0.083130
65.551131	0.083750
66.241143	0.083260
66.931155	0.082360
67.621167	0.081870
68.311179	0.082480
69.001190	0.084670
69.691202	0.088770
70.381214	0.094860
71.071226	0.102570
71.761238	0.110510
72.451250	0.116710
73.141262	0.120050
73.831274	0.120710
74.521286	0.119120
75.211298	0.115320
75.901310	0.109560
76.591321	0.103210
77.281333	0.098370
77.971345	0.096220
78.661357	0.097020
79.351369	0.100580
80.041381	0.105940
80.731393	0.111060
81.421405	0.114070
82.111417	0.114270
82.801429	0.111620
83.491440	0.106150
84.181452	0.098150
84.871464	0.088520
85.561476	0.078630
86.251488	0.069550
86.941500	0.061790
87.631512	0.055500
88.321524	0.050800
89.011536	0.047850
89.701548	0.046900
90.391560	0.048200
91.081571	0.051910
91.771583	0.057920
92.461595	0.065670
93.151607	0.074010
93.841619	0.081530
94.531631	0.087210
95.221643	0.090570
95.911655	0.091460
96.601667	0.089900
97.291679	0.086280
97.981690	0.081370
98.671702	0.076040
99.361714	0.070870
100.051726	0.066170
100.741738	0.062150
101.431750	0.059120
102.121762	0.057430
102.811774	0.057300
103.501786	0.058760
104.191798	0.061510
104.881810	0.064970
105.571821	0.068420
106.261833	0.071250
106.951845	0.073210
107.641857	0.074510
108.331869	0.075680
109.021881	0.077420
109.711893	0.080310
110.401905	0.084630
111.091917	0.090250
111.781929	0.096570
112.471940	0.102490
113.161952	0.106890
113.851964	0.108980
114.541976	0.108460
115.231988	0.105310
115.922000	0.099800
116.612012	0.092700
117.302024	0.085310
117.992036	0.078980
118.682048	0.074550
119.372060	0.072330
120.062071	0.072210
120.752083	0.073810
121.442095	0.076590
122.132107	0.079960
122.822119	0.083510
123.512131	0.086920
124.202143	0.089920
124.892155	0.092140
125.582167	0.093110
126.272179	0.092380
126.962190	0.089700
127.652202	0.085090
128.342214	0.078960
129.032226	0.072070
129.722238	0.065380
130.412250	0.059660
131.102262	0.055290
131.792274	0.052200
132.482286	0.050030
133.172298	0.048380
133.862310	0.047140
134.552321	0.046640
135.242333	0.047500
135.932345	0.050210
136.622357	0.054170
137.312369	0.057580
138.002381	0.059420
138.692393	0.060160
139.382405	0.060240
140.072417	0.059350
140.762429	0.056640
141.452440	0.052020
142.142452	0.047120
142.832464	0.043450
143.522476	0.041500
144.212488	0.041370
144.902500	0.043160
145.592512	0.047050
146.282524	0.053240
146.972536	0.061920
147.662548	0.073200
148.352560	0.086860
149.042571	0.101410
149.732583	0.112880
150.422595	0.118230
151.112607	0.120410
151.802619	0.122480
152.492631	0.124790
153.182643	0.126780
153.872655	0.126820
154.562667	0.123600
155.252679	0.119540
155.942690	0.117750
156.632702	0.119410
157.322714	0.124740
158.012726	0.133080
158.702738	0.141130
159.392750	0.145160
160.082762	0.146940
160.772774	0.148860
161.462786	0.151100
162.152798	0.153220
162.842810	0.153930
163.532821	0.152720
164.222833	0.151590
164.912845	0.151260
165.602857	0.151730
166.292869	0.153310
166.982881	0.155820
167.672893	0.157180
168.362905	0.155260
169.052917	0.150240
169.742929	0.143860
170.432940	0.138120
171.122952	0.134540
171.812964	0.133950
172.502976	0.136820
173.192988	0.143680
173.883000	0.155160
174.573012	0.171530
175.263024	0.190910
175.953036	0.209010
176.643048	0.224810
177.333059	0.239950
178.023071	0.255300
178.713083	0.271360
179.403095	0.286980
180.093107	0.296810
180.783119	0.297780
181.473131	0.292480
182.163143	0.283060
182.853155	0.270350
183.543167	0.254700
184.233179	0.236150
184.923190	0.214570
185.613202	0.190030
186.303214	0.162970
186.993226	0.133960
187.683238	0.103380
188.373250	0.071420
189.063262	0.038090
189.753274	0.003280
190.443286	-0.033220
191.133298	-0.071670
191.823309	-0.112220
192.513321	-0.154960
193.203333	-0.200000
193.893345	-0.247420
194.583357	-0.297210
195.273369	-0.349320
195.963381	-0.403780
196.653393	-0.460780
197.343405	-0.520450
198.033417	-0.581340
198.723429	-0.637980
199.413440	-0.689920
200.103452	-0.742850
200.793464	-0.797250
201.483476	-0.852890
202.173488	-0.912690
202.863500	-0.984080
203.553512	-1.027100
204.243524	-0.990160
204.933536	-0.933210
205.623548	-0.875160
206.313559	-0.817190
207.003571	-0.759800
207.693583	-0.703970
208.383595	-0.649560
209.073607	-0.589910
209.763619	-0.516870
210.453631	-0.440000
211.143643	-0.377100
211.833655	-0.327970
212.523667	-0.280950
213.213679	-0.232220
213.903690	-0.181440
214.593702	-0.125370
215.283714	-0.061630
215.973726	-0.009100
216.663738	0.015120
217.353750	0.023560
218.043762	0.025870
218.733774	0.024410
219.423786	0.019640
220.113798	0.011620
220.803809	0.000350
221.493821	-0.014240
222.183833	-0.032090
222.873845	-0.052960
223.563857	-0.076310
224.253869	-0.101240
224.943881	-0.126310
225.633893	-0.149820
226.323905	-0.170480
227.013917	-0.187810
227.703929	-0.201880
228.393940	-0.212790
229.083952	-0.220550
229.773964	-0.225530
230.463976	-0.228860
231.153988	-0.232150
231.844000	-0.236670
232.534012	-0.242990
233.224024	-0.251100
233.914036	-0.260700
234.604048	-0.271340
235.294059	-0.282520
235.984071	-0.293780
236.674083	-0.304580
237.364095	-0.313700
238.054107	-0.318290
238.744119	-0.315400
239.434131	-0.307080
240.124143	-0.297550
240.814155	-0.288090
241.504167	-0.278330
242.194179	-0.267010
242.884190	-0.252170
243.574202	-0.234910
244.264214	-0.218810
244.954226	-0.205410
245.644238	-0.194400
246.334250	-0.184820
247.024262	-0.175500
247.714274	-0.165160
248.404286	-0.152610
249.094298	-0.137110
249.784309	-0.119560
250.474321	-0.103290
251.164333	-0.089710
251.854345	-0.076940
252.544357	-0.064050
253.234369	-0.051180
253.924381	-0.038990
254.614393	-0.028480
255.304405	-0.019810
255.994417	-0.012480
256.684429	-0.006450
257.374440	-0.001430
258.064452	0.003020
258.754464	0.007010
259.444476	0.010270
260.134488	0.013340
260.824500	0.018450
261.514512	0.027160
262.204524	0.039330
262.894536	0.054100
263.584548	0.070500
264.274559	0.087550
264.964571	0.104500
265.654583	0.120970
266.344595	0.136890
267.034607	0.152420
267.724619	0.167700
268.414631	0.182790
269.104643	0.197330
269.794655	0.210110
270.484667	0.219760
271.174679	0.226430
271.864690	0.231360
272.554702	0.235200
273.244714	0.237840
273.934726	0.238310
274.624738	0.235050
275.314750	0.227550
276.004762	0.216880
276.694774	0.204600
277.384786	0.193260
278.074798	0.186970
278.764809	0.185910
279.454821	0.185740
280.144833	0.184790
280.834845	0.183360
281.524857	0.182450
282.214869	0.184170
282.904881	0.187490
283.594893	0.188360
284.284905	0.185620
284.974917	0.179610
285.664929	0.170720
286.354940	0.159660
287.044952	0.148040
287.734964	0.137890
288.424976	0.130470
289.114988	0.126100
289.805000	0.124680
290.495012	0.125920
291.185024	0.129190
291.875036	0.133530
292.565048	0.137900
293.255059	0.141680
293.945071	0.144640
294.635083	0.146830
295.325095	0.148380
296.015107	0.149310
296.705119	0.149560
297.395131	0.148910
298.085143	0.147160
298.775155	0.144130
299.465167	0.139870
300.155179	0.134680
300.845190	0.129150
301.535202	0.124010
302.225214	0.119930
302.915226	0.117310
303.605238	0.116280
304.295250	0.116670
304.985262	0.118050
305.675274	0.119770
306.365286	0.121080
307.055298	0.121300
307.745309	0.119950
308.435321	0.116890
309.125333	0.112340
309.815345	0.106820
310.505357	0.101110
311.195369	0.095920
311.885381	0.091660
312.575393	0.088340
313.265405	0.085620
313.955417	0.083040
314.645429	0.080260
315.335440	0.077100
316.025452	0.073540
316.715464	0.069640
317.405476	0.065560
318.095488	0.061580
318.785500	0.058180
319.475512	0.055920
320.165524	0.055310
320.855536	0.056680
321.545548	0.060090
322.235559	0.065160
322.925571	0.070960
323.615583	0.076220
324.305595	0.079810
324.995607	0.081100
325.685619	0.079890
326.375631	0.076290
327.065643	0.070910
327.755655	0.064940
328.445667	0.059900
329.135679	0.057000
329.825690	0.056790
330.515702	0.059400
331.205714	0.064620
331.895726	0.071880
332.585738	0.080160
333.275750	0.088140
333.965762	0.094680
334.655774	0.099120
335.345786	0.101250
336.035798	0.101200
336.725809	0.099440
337.415821	0.096730
338.105833	0.093940
338.795845	0.091800
339.485857	0.090610
340.175869	0.090220
340.865881	0.090030
341.555893	0.089290
342.245905	0.087440
342.935917	0.084360
343.625929	0.080540
344.315940	0.076880
345.005952	0.074320
345.695964	0.073500
346.385976	0.074670
347.075988	0.077710
347.766000	0.082180
348.456012	0.087390
349.146024	0.092530
349.836036	0.096800
350.526048	0.099510
351.216059	0.100140
351.906071	0.098440
352.596083	0.094330
353.286095	0.088040
353.976107	0.080260
354.666119	0.072240
355.356131	0.065490
356.046143	0.061110
356.736155	0.059590
357.426167	0.061060
358.116179	0.065500
358.806190	0.072820
359.496202	0.082670
360.186214	0.094320
360.876226	0.106630
361.566238	0.118210
362.256250	0.127790
362.946262	0.134750
363.636274	0.139050
364.326286	0.140780
365.016298	0.139930
365.706309	0.136560
366.396321	0.131110
367.086333	0.124380
367.776345	0.117090
368.466357	0.109590
369.156369	0.102160
369.846381	0.095170
370.536393	0.089130
371.226405	0.084480
371.916417	0.081410
372.606429	0.079810
373.296440	0.079270
373.986452	0.079240
374.676464	0.079450
375.366476	0.080190
376.056488	0.082180
376.746500	0.086140
377.436512	0.092570
378.126524	0.101590
378.816536	0.112230
379.506548	0.121880
380.196559	0.128450
380.886571	0.132340
381.576583	0.134570
382.266595	0.135300
382.956607	0.133800
383.646619	0.129100
384.336631	0.122190
385.026643	0.115950
385.716655	0.112240
386.406667	0.111490
387.096679	0.113570
387.786690	0.118180
388.476702	0.124910
389.166714	0.133210
389.856726	0.142520
390.546738	0.152490
391.236750	0.163030
391.926762	0.174170
392.616774	0.185920
393.306786	0.197530
393.996798	0.205190
394.686809	0.202060
395.376821	0.192080
396.066833	0.184250
396.756845	0.178940
397.446857	0.175260
398.136869	0.172840
398.826881	0.166870
399.516893	0.153980
400.206905	0.139290
400.896917	0.126080
401.586929	0.114690
402.276940	0.104810
402.966952	0.096180
403.656964	0.088860
404.346976	0.083190
405.036988	0.079650
405.727000	0.078610
406.417012	0.080290
407.107024	0.084720
407.797036	0.091790
408.487048	0.101080
409.177059	0.111770
409.867071	0.122820
410.557083	0.133170
411.247095	0.142010
411.937107	0.148880
412.627119	0.153580
413.317131	0.156070
414.007143	0.156460
414.697155	0.154910
415.387167	0.151710
416.077179	0.147180
416.767190	0.141730
417.457202	0.135840
418.147214	0.130100
418.837226	0.125060
419.527238	0.120580
420.217250	0.113670
420.907262	0.098820
421.597274	0.079450
422.287286	0.061490
422.977298	0.045440
423.667309	0.032420
424.357321	0.023700
425.047333	0.009650
425.737345	-0.021770
426.427357	-0.064530
427.117369	-0.111190
427.807381	-0.159450
428.497393	-0.208660
429.187405	-0.256260
429.877417	-0.292480
430.567429	-0.315990
431.257440	-0.344170
431.947452	-0.377650
432.637464	-0.414120
433.327476	-0.457570
434.017488	-0.513140
434.707500	-0.557360
435.397512	-0.571160
436.087524	-0.572800
436.777536	-0.569360
437.467548	-0.559370
438.157559	-0.544910
438.847571	-0.529370
439.537583	-0.514050
440.227595	-0.500040
440.917607	-0.488890
441.607619	-0.476730
442.297631	-0.453070
442.987643	-0.418700
443.677655	-0.380250
444.367667	-0.340390
445.057679	-0.299590
445.747690	-0.257980
446.437702	-0.216060
447.127714	-0.174900
447.817726	-0.135680
448.507738	-0.098960
449.197750	-0.064770
449.887762	-0.033250
450.577774	-0.004860
451.267786	0.019770
451.957798	0.040240
452.647809	0.056600
453.337821	0.069080
454.027833	0.077980
454.717845	0.083550
455.407857	0.086040
456.097869	0.085740
456.787881	0.083290
457.477893	0.079900
458.167905	0.077010
458.857917	0.075550
459.547929	0.075590
460.237940	0.076410
460.927952	0.076880
461.617964	0.075960
462.307976	0.073060
462.997988	0.068020
463.688000	0.061160
464.378012	0.053240
465.068024	0.045210
465.758036	0.037620
466.448048	0.030220
467.138059	0.022150
467.828071	0.012400
468.518083	0.000200
469.208095	-0.014970
469.898107	-0.033440
470.588119	-0.055420
471.278131	-0.080930
471.968143	-0.109830
472.658155	-0.141920
473.348167	-0.177020
474.038179	-0.215000
474.728190	-0.255320
475.418202	-0.295070
476.108214	-0.324800
476.798226	-0.341540
477.488238	-0.358570
478.178250	-0.379340
478.868262	-0.405420
479.558274	-0.446420
480.248286	-0.498160
480.938298	-0.512970
481.628309	-0.487780
482.318321	-0.449200
483.008333	-0.407050
483.698345	-0.363140
484.388357	-0.317670
485.078369	-0.270830
485.768381	-0.224070
486.458393	-0.180370
487.148405	-0.140100
487.838417	-0.100730
488.528429	-0.061010
489.218440	-0.020150
489.908452	0.021790
490.598464	0.059230
491.288476	0.085800
491.978488	0.104000
492.668500	0.117850
493.358512	0.128720
494.048524	0.136610
494.738536	0.141150
495.428548	0.143070
496.118559	0.145460
496.808571	0.149750
497.498583	0.154680
498.188595	0.159460
498.878607	0.164000
499.568619	0.169530
500.258631	0.178920
500.948643	0.188480
501.638655	0.191090
502.328667	0.188530
503.018678	0.184080
503.708690	0.178880
504.398702	0.173060
505.088714	0.166620
505.778726	0.160310
506.468738	0.154960
507.158750	0.150410
507.848762	0.146330
508.538774	0.143060
509.228786	0.142440
509.918798	0.145370
510.608809	0.149240
511.298821	0.151610
511.988833	0.152020
512.678845	0.151030
513.368857	0.149520
514.058869	0.148590
514.748881	0.149420
515.438893	0.151390
516.128905	0.151910
516.818917	0.151090
517.508928	0.150380
518.198940	0.151370
518.888952	0.154990
519.578964	0.155030
520.268976	0.145450
520.958988	0.132640
521.649000	0.121370
522.339012	0.112330
523.029024	0.105030
523.719036	0.098730
524.409048	0.092700
525.099059	0.086450
525.789071	0.080000
526.479083	0.073980
527.169095	0.069370
527.859107	0.066980
528.549119	0.067350
529.239131	0.070730
529.929143	0.076670
530.619155	0.083510
531.309167	0.089240
531.999178	0.093020
532.689190	0.095000
533.379202	0.095340
534.069214	0.094000
534.759226	0.091480
535.449238	0.089230
536.139250	0.088750
536.829262	0.090640
537.519274	0.094770
538.209286	0.100700
538.899298	0.107780
539.589309	0.115210
540.279321	0.122160
540.969333	0.128030
541.659345	0.132510
542.349357	0.135620
543.039369	0.137620
543.729381	0.138760
544.419393	0.138950
545.109405	0.137650
545.799417	0.134160
546.489428	0.128190
547.179440	0.120510
547.869452	0.112890
548.559464	0.106440
549.249476	0.101120
549.939488	0.096890
550.629500	0.094180
551.319512	0.093620
552.009524	0.095240
552.699536	0.098450
553.389548	0.103020
554.079559	0.109110
554.769571	0.116790
555.459583	0.125800
556.149595	0.135440
556.839607	0.144650
557.529619	0.152300
558.219631	0.157620
558.909643	0.160230
559.599655	0.160090
560.289667	0.157370
560.979678	0.152480
561.669690	0.145990
562.359702	0.138610
563.049714	0.130930
563.739726	0.123270
564.429738	0.115740
565.119750	0.108280
565.809762	0.100840
566.499774	0.093430
567.189786	0.086120
567.879798	0.078980
568.569809	0.072020
569.259821	0.065210
569.949833	0.058510
570.639845	0.052050
571.329857	0.046180
572.019869	0.041460
572.709881	0.038470
573.399893	0.037610
574.089905	0.039050
574.779917	0.042690
575.469928	0.048140
576.159940	0.054700
576.849952	0.061490
577.539964	0.067750
578.229976	0.073060
578.919988	0.077350
579.610000	0.080830
580.300012	0.083760
580.990024	0.086310
581.680036	0.088480
582.370048	0.090070
583.060059	0.090700
583.750071	0.089990
584.440083	0.087750
585.130095	0.084150
585.820107	0.079900
586.510119	0.076030
587.200131	0.073470
587.890143	0.072740
588.580155	0.074020
589.270167	0.077150
589.960178	0.081700
590.650190	0.087080
591.340202	0.092840
592.030214	0.098830
592.720226	0.105050
593.410238	0.111410
594.100250	0.117580
594.790262	0.123020
595.480274	0.127090
596.170286	0.129250
596.860298	0.129100
597.550309	0.126480
598.240321	0.121360
598.930333	0.113910
599.620345	0.104490
600.310357	0.093690
601.000369	0.082340
601.690381	0.071330
602.380393	0.061480
603.070405	0.053480
603.760417	0.047890
604.450428	0.045130
605.140440	0.045470
605.830452	0.049040
606.520464	0.055980
607.210476	0.066460
607.900488	0.080260
608.590500	0.095030
609.280512	0.104470
609.970524	0.107010
610.660536	0.108920
611.350548	0.112250
612.040559	0.116660
612.730571	0.121720
613.420583	0.124310
614.110595	0.121540
614.800607	0.116740
615.490619	0.112810
616.180631	0.110160
616.870643	0.108530
617.560655	0.107680
618.250667	0.107580
618.940678	0.108370
619.630690	0.110170
620.320702	0.112880
621.010714	0.116060
621.700726	0.119050
622.390738	0.121160
623.080750	0.122020
623.770762	0.121680
624.460774	0.120610
625.150786	0.119490
625.840798	0.118960
626.530809	0.119380
627.220821	0.120770
627.910833	0.122890
628.600845	0.125420
629.290857	0.128040
629.980869	0.130540
630.670881	0.132910
631.360893	0.135350
632.050905	0.138180
632.740917	0.141770
633.430928	0.146380
634.120940	0.151990
634.810952	0.158320
635.500964	0.164820
636.190976	0.170880
636.880988	0.175980
637.571000	0.179850
638.261012	0.182480
638.951024	0.183990
639.641036	0.184560
640.331048	0.184270
641.021059	0.183010
641.711071	0.180560
642.401083	0.176660
643.091095	0.171170
643.781107	0.164250
644.471119	0.156420
645.161131	0.148590
645.851143	0.141800
646.541155	0.136920
647.231167	0.134470
647.921178	0.134660
648.611190	0.137340
649.301202	0.141950
649.991214	0.147470
650.681226	0.152680
651.371238	0.156550
652.061250	0.158490
652.751262	0.158390
653.441274	0.156500
654.131286	0.153470
654.821298	0.150210
655.511309	0.147620
656.201321	0.146450
656.891333	0.147120
657.581345	0.149570
658.271357	0.151850
658.961369	0.146190
659.651381	0.123970
660.341393	0.096410
661.031405	0.073200
661.721417	0.053230
662.411428	0.037220
663.101440	0.025950
663.791452	0.005960
664.481464	-0.032400
665.171476	-0.079500
665.861488	-0.128810
666.551500	-0.178830
667.241512	-0.229350
667.931524	-0.280450
668.621536	-0.332190
669.311548	-0.384310
670.001559	-0.435610
670.691571	-0.484260
671.381583	-0.530360
672.071595	-0.575520
672.761607	-0.620420
673.451619	-0.664880
674.141631	-0.708070
674.831643	-0.748210
675.521655	-0.783160
676.211667	-0.808300
676.901678	-0.802790
677.591690	-0.751290
678.281702	-0.697740
678.971714	-0.660630
679.661726	-0.631220
680.351738	-0.607620
681.041750	-0.594360
681.731762	-0.576640
682.421774	-0.532500
683.111786	-0.476700
683.801798	-0.420550
684.491809	-0.366360
685.181821	-0.314990
685.871833	-0.268730
686.561845	-0.230470
687.251857	-0.197910
687.941869	-0.166050
688.631881	-0.133490
689.321893	-0.100200
690.011905	-0.066290
690.701917	-0.034930
691.391928	-0.010540
692.081940	0.008690
692.771952	0.026140
693.461964	0.042920
694.151976	0.058950
694.841988	0.073790
695.532000	0.086980
696.222012	0.098120
696.912024	0.106910
697.602036	0.112990
698.292048	0.115680
698.982059	0.113610
699.672071	0.105330
700.362083	0.091770
701.052095	0.075590
701.742107	0.058220
702.432119	0.039870
703.122131	0.019900
703.812143	-0.003500
704.502155	-0.031670
705.192167	-0.063590
705.882178	-0.097750
706.572190	-0.133680
707.262202	-0.171570
707.952214	-0.211770
708.642226	-0.254540
709.332238	-0.299860
710.022250	-0.347030
710.712262	-0.394370
711.402274	-0.439950
712.092286	-0.482960
712.782298	-0.523420
713.472309	-0.561230
714.162321	-0.595770
714.852333	-0.625860
715.542345	-0.648470
716.232357	-0.654980
716.922369	-0.640950
717.612381	-0.622720
718.302393	-0.608660
718.992405	-0.597260
719.682417	-0.589350
720.372428	-0.586720
721.062440	-0.577890
721.752452	-0.546440
722.442464	-0.498510
723.132476	-0.444050
723.822488	-0.386930
724.512500	-0.329900
725.202512	-0.276610
725.892524	-0.226450
726.582536	-0.176220
727.272548	-0.125230
727.962559	-0.073380
728.652571	-0.020010
729.342583	0.033000
730.032595	0.071910
730.722607	0.086980
731.412619	0.090610
732.102631	0.091530
732.792643	0.091950
733.482655	0.092190
734.172667	0.092150
734.862678	0.090880
735.552690	0.087730
736.242702	0.085340
736.932714	0.085350
737.622726	0.087410
738.312738	0.091290
739.002750	0.097430
739.692762	0.106080
740.382774	0.115610
741.072786	0.123450
741.762798	0.128150
742.452809	0.129400
743.142821	0.127370
743.832833	0.122930
744.522845	0.118020
745.212857	0.114720
745.902869	0.113820
746.592881	0.115040
747.282893	0.118100
747.972905	0.122900
748.662917	0.128880
749.352928	0.134460
750.042940	0.137770
750.732952	0.138160
751.422964	0.136940
