0.000000	-0.059240
0.690027	-0.030640
1.380055	0.001500
2.070082	0.034700
2.760110	0.069000
3.450137	0.105250
4.140165	0.143410
4.830192	0.173190
5.520220	0.177870
6.210247	0.173440
6.900275	0.172090
7.590302	0.172490
8.280330	0.173300
8.970357	0.174310
9.660384	0.168770
10.350412	0.152270
11.040439	0.130780
11.730467	0.108000
12.420494	0.085210
13.110522	0.063260
13.800549	0.042710
14.490577	0.022700
15.180604	0.002820
15.870632	-0.016250
16.560659	-0.034690
17.250687	-0.053460
17.940714	-0.073610
18.630742	-0.093590
19.320769	-0.105230
20.010796	-0.102930
20.700824	-0.094570
21.390851	-0.091190
22.080879	-0.095690
22.770906	-0.103440
23.460934	-0.110950
24.150961	-0.117850
24.840989	-0.124690
25.531016	-0.131750
26.221044	-0.137880
26.911071	-0.141670
27.601099	-0.144470
28.291126	-0.147740
28.981153	-0.155530
29.671181	-0.174680
30.361208	-0.194140
31.051236	-0.180890
31.741263	-0.145930
32.431291	-0.110900
33.121318	-0.081490
33.811346	-0.057890
34.501373	-0.039490
35.191401	-0.025720
35.881428	-0.016150
36.571456	-0.010620
37.261483	-0.009580
37.951510	-0.013750
38.641538	-0.023460
39.331565	-0.038590
40.021593	-0.059030
40.711620	-0.085100
41.401648	-0.117280
42.091675	-0.155470
42.781703	-0.198500
43.471730	-0.244550
44.161758	-0.291850
44.851785	-0.339110
45.541813	-0.385600
46.231840	-0.431070
46.921868	-0.475630
47.611895	-0.519530
48.301922	-0.562240
48.991950	-0.597740
49.681977	-0.605190
50.372005	-0.579050
51.062032	-0.556810
51.752060	-0.546640
52.442087	-0.543700
53.132115	-0.554060
53.822142	-0.576740
54.512170	-0.563410
55.202197	-0.504820
55.892225	-0.436000
56.582252	-0.370800
57.272279	-0.311280
57.962307	-0.257060
58.652334	-0.207720
59.342362	-0.163120
60.032389	-0.123250
60.722417	-0.088010
61.412444	-0.058790
62.102472	-0.040590
62.792499	-0.033730
63.482527	-0.029210
64.172554	-0.022910
64.862582	-0.015300
65.552609	-0.007170
66.242636	-0.001550
66.932664	-0.002040
67.622691	-0.004970
68.312719	-0.006110
69.002746	-0.005130
69.692774	-0.003090
70.382801	-0.001050
71.072829	0.000330
71.762856	0.001060
72.452884	0.001660
73.142911	0.002990
73.832939	0.005830
74.522966	0.010680
75.212994	0.017780
75.903021	0.027230
76.593048	0.039220
77.283076	0.054190
77.973103	0.072760
78.663131	0.095600
79.353158	0.123460
80.043186	0.157000
80.733213	0.195840
81.423241	0.234810
82.113268	0.265450
82.803296	0.290440
83.493323	0.315510
84.183351	0.343540
84.873378	0.379400
85.563405	0.418910
86.253433	0.432770
86.943460	0.413440
87.633488	0.380470
88.323515	0.345290
89.013543	0.311630
89.703570	0.280750
90.393598	0.253220
91.083625	0.229430
91.773653	0.209830
92.463680	0.194980
93.153708	0.185210
93.843735	0.180340
94.533762	0.179970
95.223790	0.183890
95.913817	0.192120
96.603845	0.204170
97.293872	0.218330
97.983900	0.231970
98.673927	0.242710
99.363955	0.249210
100.053982	0.251010
100.744010	0.248150
101.434037	0.240800
102.124065	0.229260
102.814092	0.213960
103.504120	0.195260
104.194147	0.173080
104.884174	0.146940
105.574202	0.116500
106.264229	0.081860
106.954257	0.043720
107.644284	0.003620
108.334312	-0.036060
109.024339	-0.072890
109.714367	-0.105070
110.404394	-0.131770
111.094422	-0.154740
111.784449	-0.179120
112.474477	-0.207240
113.164504	-0.237170
113.854531	-0.267720
114.544559	-0.299290
115.234586	-0.333970
115.924614	-0.372340
116.614641	-0.409470
117.304669	-0.441180
117.994696	-0.466830
118.684724	-0.486590
119.374751	-0.500150
120.064779	-0.505520
120.754806	-0.497630
121.444834	-0.473080
122.134861	-0.439610
122.824888	-0.405860
123.514916	-0.373230
124.204943	-0.340790
124.894971	-0.307400
125.584998	-0.272610
126.275026	-0.238240
126.965053	-0.205940
127.655081	-0.176820
128.345108	-0.153360
129.035136	-0.139050
129.725163	-0.134970
130.415191	-0.139160
131.105218	-0.149410
131.795246	-0.164600
132.485273	-0.182800
133.175300	-0.196390
133.865328	-0.199290
134.555355	-0.200030
135.245383	-0.203330
135.935410	-0.212360
136.625438	-0.236750
137.315465	-0.270710
138.005493	-0.266260
138.695520	-0.219370
139.385548	-0.158600
140.075575	-0.095740
140.765603	-0.035120
141.455630	0.015490
142.145657	0.046250
142.835685	0.065070
143.525712	0.085710
144.215740	0.110040
144.905767	0.139310
145.595795	0.176760
146.285822	0.207900
146.975850	0.207990
147.665877	0.186550
148.355905	0.159210
149.045932	0.131430
149.735960	0.104550
150.425987	0.078820
151.116014	0.054180
151.806042	0.030370
152.496069	0.006970
153.186097	-0.016520
153.876124	-0.040470
154.566152	-0.064010
155.256179	-0.079950
155.946207	-0.063760
156.636234	-0.000240
157.326262	0.066690
158.016289	0.115520
158.706317	0.156010
159.396344	0.195250
160.086371	0.235630
160.776399	0.277510
161.466426	0.318450
162.156454	0.357690
162.846481	0.396490
163.536509	0.438530
164.226536	0.491030
164.916564	0.552030
165.606591	0.586650
166.296619	0.576680
166.986646	0.542970
167.676674	0.499790
168.366701	0.451110
169.056729	0.398010
169.746756	0.341280
170.436783	0.282080
171.126811	0.222230
171.816838	0.163890
172.506866	0.108830
173.196893	0.058090
173.886921	0.012210
174.576948	-0.028280
175.266976	-0.061920
175.957003	-0.083340
176.647031	-0.080380
177.337058	-0.048780
178.027086	-0.008240
178.717113	0.027650
179.407140	0.060420
180.097168	0.093880
180.787195	0.131440
181.477223	0.174780
182.167250	0.219380
182.857278	0.264040
183.547305	0.312500
184.237333	0.370320
184.927360	0.429620
185.617388	0.457750
186.307415	0.444560
186.997443	0.409730
187.687470	0.367220
188.377497	0.322120
189.067525	0.276480
189.757552	0.231560
190.447580	0.188410
191.137607	0.147850
191.827635	0.110490
192.517662	0.076690
193.207690	0.046590
193.897717	0.020190
194.587745	-0.002560
195.277772	-0.021730
195.967800	-0.037120
196.657827	-0.048080
197.347855	-0.053490
198.037882	-0.052380
198.727909	-0.044640
199.417937	-0.030830
200.107964	-0.011330
200.797992	0.014170
201.488019	0.046400
202.178047	0.085470
202.868074	0.128090
203.558102	0.164100
204.248129	0.186650
204.938157	0.203540
205.628184	0.220880
206.318212	0.239980
207.008239	0.262370
207.698266	0.283860
208.388294	0.288640
209.078321	0.273190
209.768349	0.248490
210.458376	0.221540
211.148404	0.194560
211.838431	0.168200
212.528459	0.142660
213.218486	0.118180
213.908514	0.095220
214.598541	0.074550
215.288569	0.057110
215.978596	0.043700
216.668623	0.034870
217.358651	0.030920
218.048678	0.032000
218.738706	0.038080
219.428733	0.048880
220.118761	0.063840
220.808788	0.082200
221.498816	0.103040
222.188843	0.125330
222.878871	0.147890
223.568898	0.169550
224.258926	0.189260
224.948953	0.206270
225.638981	0.220120
226.329008	0.230610
227.019035	0.237640
227.709063	0.241110
228.399090	0.240810
229.089118	0.236400
229.779145	0.227520
230.469173	0.213800
231.159200	0.195270
231.849228	0.173730
232.539255	0.154860
233.229283	0.143490
233.919310	0.136730
234.609338	0.130900
235.299365	0.125060
235.989392	0.119920
236.679420	0.119700
237.369447	0.129110
238.059475	0.144770
238.749502	0.160770
239.439530	0.174510
240.129557	0.185470
240.819585	0.193860
241.509612	0.200170
242.199640	0.205110
242.889667	0.209510
243.579695	0.214210
244.269722	0.219570
244.959749	0.223880
245.649777	0.221020
246.339804	0.206900
247.029832	0.188930
247.719859	0.172540
248.409887	0.157250
249.099914	0.141730
249.789942	0.124030
250.479969	0.103450
251.169997	0.085230
251.860024	0.071500
252.550052	0.061020
253.240079	0.053040
253.930107	0.047050
254.620134	0.041120
255.310161	0.033320
256.000189	0.024300
256.690216	0.014730
257.380244	0.004250
258.070271	-0.008280
258.760299	-0.022790
259.450326	-0.035460
260.140354	-0.042700
260.830381	-0.044980
261.520409	-0.047580
262.210436	-0.059540
262.900464	-0.081520
263.590491	-0.105050
264.280518	-0.126740
264.970546	-0.147570
265.660573	-0.168870
266.350601	-0.191550
267.040628	-0.213960
267.730656	-0.233880
268.420683	-0.253220
269.110711	-0.272850
269.800738	-0.293560
270.490766	-0.315270
271.180793	-0.332930
271.870821	-0.344180
272.560848	-0.356910
273.250875	-0.375190
273.940903	-0.398700
274.630930	-0.425710
275.320958	-0.453520
276.010985	-0.478920
276.701013	-0.499720
277.391040	-0.515480
278.081068	-0.526620
278.771095	-0.533330
279.461123	-0.535570
280.151150	-0.533850
280.841178	-0.529640
281.531205	-0.524210
282.221233	-0.517440
282.911260	-0.508270
283.601287	-0.495690
284.291315	-0.478950
284.981342	-0.457510
285.671370	-0.431370
286.361397	-0.403300
287.051425	-0.384720
287.741452	-0.388460
288.431480	-0.401410
289.121507	-0.410150
289.811535	-0.415340
290.501562	-0.418490
291.191590	-0.421990
291.881617	-0.433540
292.571644	-0.453460
293.261672	-0.474160
293.951699	-0.492600
294.641727	-0.509000
295.331754	-0.524230
296.021782	-0.538610
296.711809	-0.549590
297.401837	-0.550350
298.091864	-0.541410
298.781892	-0.531950
299.471919	-0.524760
300.161947	-0.520110
300.851974	-0.519100
301.542001	-0.514900
302.232029	-0.494350
302.922056	-0.461100
303.612084	-0.423590
304.302111	-0.384560
304.992139	-0.344100
305.682166	-0.301800
306.372194	-0.258220
307.062221	-0.217850
307.752249	-0.188200
308.442276	-0.165240
309.132304	-0.140990
309.822331	-0.114320
310.512359	-0.084230
311.202386	-0.051170
311.892413	-0.027450
312.582441	-0.020270
313.272468	-0.019580
313.962496	-0.018820
314.652523	-0.016780
315.342551	-0.013710
316.032578	-0.009620
316.722606	-0.002470
317.412633	0.014020
318.102661	0.043050
318.792688	0.076530
319.482716	0.108920
320.172743	0.139480
320.862770	0.167180
321.552798	0.195920
322.242825	0.240470
322.932853	0.306530
323.622880	0.384660
324.312908	0.466680
325.002935	0.545290
325.692963	0.597880
326.382990	0.569160
327.073018	0.461570
327.763045	0.370670
328.453073	0.312440
329.143100	0.265990
329.833127	0.223030
330.523155	0.179590
331.213182	0.118650
331.903210	0.046290
332.593237	-0.023920
333.283265	-0.091020
333.973292	-0.156140
334.663320	-0.219290
335.353347	-0.276700
336.043375	-0.320960
336.733402	-0.349230
337.423430	-0.365240
338.113457	-0.372770
338.803485	-0.373460
339.493512	-0.367840
340.183539	-0.356130
340.873567	-0.338520
341.563594	-0.315310
342.253622	-0.287060
342.943649	-0.254830
343.633677	-0.220220
344.323704	-0.185250
345.013732	-0.151940
345.703759	-0.121930
346.393787	-0.096410
347.083814	-0.076130
347.773842	-0.061520
348.463869	-0.052760
349.153896	-0.049790
349.843924	-0.052380
350.533951	-0.060160
351.223979	-0.072520
351.914006	-0.088590
352.604034	-0.107310
353.294061	-0.127830
353.984089	-0.149660
354.674116	-0.172640
355.364144	-0.196640
356.054171	-0.221240
356.744199	-0.245510
357.434226	-0.268160
358.124253	-0.287870
358.814281	-0.303770
359.504308	-0.315450
360.194336	-0.322760
360.884363	-0.325770
361.574391	-0.324670
362.264418	-0.319850
362.954446	-0.311790
363.644473	-0.301460
364.334501	-0.291870
365.024528	-0.287510
365.714556	-0.287890
366.404583	-0.289330
367.094611	-0.290400
367.784638	-0.290590
368.474665	-0.291310
369.164693	-0.299610
369.854720	-0.321390
370.544748	-0.352950
371.234775	-0.388420
371.924803	-0.421770
372.614830	-0.441290
373.304858	-0.443200
373.994885	-0.443730
374.684913	-0.449000
375.374940	-0.459210
376.064968	-0.481050
376.754995	-0.513820
377.445022	-0.517630
378.135050	-0.481730
378.825077	-0.431590
379.515105	-0.378950
380.205132	-0.326530
380.895160	-0.275150
381.585187	-0.225500
382.275215	-0.178660
382.965242	-0.136170
383.655270	-0.099370
384.345297	-0.068540
385.035325	-0.043150
385.725352	-0.022530
386.415379	-0.005620
387.105407	0.009950
387.795434	0.027190
388.485462	0.047350
389.175489	0.070440
389.865517	0.096730
390.555544	0.126970
391.245572	0.160890
391.935599	0.195750
392.625627	0.228270
393.315654	0.256720
394.005682	0.280610
394.695709	0.299740
395.385737	0.313860
396.075764	0.322560
396.765791	0.325140
397.455819	0.320840
398.145846	0.310860
398.835874	0.302600
399.525901	0.300370
400.215929	0.299480
400.905956	0.297730
401.595984	0.295250
402.286011	0.293850
402.976039	0.296630
403.666066	0.298800
404.356094	0.296440
405.046121	0.290250
405.736148	0.280900
406.426176	0.268090
407.116203	0.251910
407.806231	0.234980
408.496258	0.221130
409.186286	0.212140
409.876313	0.207750
410.566341	0.206750
411.256368	0.207490
411.946396	0.208150
412.636423	0.207260
413.326451	0.204140
414.016478	0.198880
414.706505	0.192030
415.396533	0.184300
416.086560	0.176150
416.776588	0.167540
417.466615	0.157920
418.156643	0.146520
418.846670	0.132750
419.536698	0.116460
420.226725	0.098100
420.916753	0.078830
421.606780	0.060290
422.296808	0.044110
422.986835	0.031370
423.676862	0.022470
424.366890	0.017210
425.056917	0.014740
425.746945	0.013640
426.436972	0.012240
427.127000	0.009210
427.817027	0.004110
428.507055	-0.002380
429.197082	-0.008780
429.887110	-0.013340
430.577137	-0.014780
431.267165	-0.012440
431.957192	-0.006230
432.647220	0.003390
433.337247	0.015380
434.027274	0.028200
434.717302	0.040270
435.407329	0.050350
436.097357	0.057560
436.787384	0.061400
437.477412	0.062040
438.167439	0.062120
438.857467	0.071190
439.547494	0.098300
440.237522	0.132000
440.927549	0.162330
441.617577	0.189740
442.307604	0.214840
442.997631	0.239390
443.687659	0.273670
444.377686	0.325530
445.067714	0.384710
445.757741	0.432410
446.447769	0.445890
447.137796	0.428240
447.827824	0.409730
448.517851	0.399200
449.207879	0.393870
449.897906	0.395210
450.587934	0.401430
451.277961	0.388100
451.967988	0.346290
452.658016	0.295220
453.348043	0.246150
454.038071	0.202490
454.728098	0.165170
455.418126	0.134010
456.108153	0.108610
456.798181	0.088860
457.488208	0.075200
458.178236	0.068190
458.868263	0.067870
459.558291	0.073430
460.248318	0.083650
460.938346	0.097250
461.628373	0.112930
462.318400	0.129280
463.008428	0.144910
463.698455	0.158690
464.388483	0.169910
465.078510	0.178330
465.768538	0.184080
466.458565	0.187490
467.148593	0.188940
467.838620	0.188730
468.528648	0.187010
469.218675	0.183950
469.908703	0.179800
470.598730	0.175060
471.288757	0.170370
471.978785	0.166360
472.668812	0.163340
473.358840	0.161090
474.048867	0.158780
474.738895	0.155260
475.428922	0.149420
476.118950	0.140550
476.808977	0.128550
477.499005	0.114140
478.189032	0.099060
478.879060	0.085710
479.569087	0.076090
480.259114	0.071170
480.949142	0.071160
481.639169	0.076010
482.329197	0.085470
483.019224	0.098620
483.709252	0.113680
484.399279	0.128540
485.089307	0.141670
485.779334	0.152430
486.469362	0.160930
487.159389	0.167790
487.849417	0.173920
488.539444	0.180090
489.229472	0.186050
489.919499	0.189660
490.609526	0.188210
491.299554	0.181570
491.989581	0.171490
492.679609	0.158950
493.369636	0.143470
494.059664	0.123340
494.749691	0.097730
495.439719	0.069240
496.129746	0.041680
496.819774	0.017210
497.509801	-0.003460
498.199829	-0.020170
498.889856	-0.032910
499.579883	-0.041780
500.269911	-0.046950
500.959938	-0.048680
501.649966	-0.047360
502.339993	-0.043540
503.030021	-0.038010
503.720048	-0.031860
504.410076	-0.026460
505.100103	-0.023210
505.790131	-0.023250
506.480158	-0.027320
507.170186	-0.035710
507.860213	-0.048390
508.550240	-0.065100
509.240268	-0.085450
509.930295	-0.109230
510.620323	-0.136700
511.310350	-0.168520
512.000378	-0.205350
512.690405	-0.247620
513.380433	-0.295770
514.070460	-0.350410
514.760488	-0.411870
515.450515	-0.477360
516.140543	-0.537170
516.830570	-0.588070
517.520598	-0.637590
518.210625	-0.688820
518.900652	-0.743570
519.590680	-0.803060
520.280707	-0.855830
520.970735	-0.886200
521.660762	-0.901170
522.350790	-0.911730
523.040817	-0.920810
523.730845	-0.924390
524.420872	-0.910550
525.110900	-0.875320
525.800927	-0.836010
526.490955	-0.801360
527.180982	-0.770150
527.871009	-0.742560
528.561037	-0.716440
529.251064	-0.676760
529.941092	-0.613330
530.631119	-0.537150
531.321147	-0.462630
532.011174	-0.408770
532.701202	-0.390600
533.391229	-0.385280
534.081257	-0.372190
534.771284	-0.352560
535.461312	-0.327000
536.151339	-0.292440
536.841366	-0.263650
537.531394	-0.269690
538.221421	-0.299230
538.911449	-0.329780
539.601476	-0.351240
540.291504	-0.361300
540.981531	-0.362730
541.671559	-0.359390
542.361586	-0.353320
543.051614	-0.344450
543.741641	-0.330080
544.431669	-0.306280
545.121696	-0.273520
545.811724	-0.237030
546.501751	-0.201080
547.191778	-0.167290
547.881806	-0.135600
548.571833	-0.105230
549.261861	-0.075050
549.951888	-0.044030
550.641916	-0.011640
551.331943	0.021700
552.021971	0.054520
552.711998	0.084780
553.402026	0.110740
554.092053	0.131450
554.782081	0.146530
555.472108	0.155680
556.162135	0.158610
556.852163	0.155180
557.542190	0.145770
558.232218	0.132110
558.922245	0.119250
559.612273	0.114320
560.302300	0.116840
560.992328	0.121110
561.682355	0.124990
562.372383	0.128230
563.062410	0.132150
563.752438	0.143040
564.442465	0.165510
565.132492	0.193470
565.822520	0.219320
566.512547	0.239480
567.202575	0.253330
567.892602	0.261660
568.582630	0.265240
569.272657	0.264110
569.962685	0.257570
570.652712	0.245030
571.342740	0.226910
572.032767	0.204380
572.722795	0.178360
573.412822	0.149370
574.102850	0.119130
574.792877	0.094740
575.482904	0.085060
576.172932	0.081640
576.862959	0.075170
577.552987	0.065620
578.243014	0.052340
578.933042	0.036460
579.623069	0.031360
580.313097	0.041920
581.003124	0.057250
581.693152	0.071640
582.383179	0.084040
583.073207	0.094400
583.763234	0.102500
584.453261	0.107790
585.143289	0.109440
585.833316	0.106660
586.523344	0.098990
587.213371	0.086320
587.903399	0.068800
588.593426	0.046790
589.283454	0.021050
589.973481	-0.007210
590.663509	-0.036640
591.353536	-0.066260
592.043564	-0.095740
592.733591	-0.125280
593.423618	-0.155220
594.113646	-0.185800
594.803673	-0.217050
595.493701	-0.248870
596.183728	-0.281110
596.873756	-0.313550
597.563783	-0.345420
598.253811	-0.375180
598.943838	-0.401310
599.633866	-0.423480
600.323893	-0.442100
601.013921	-0.457330
601.703948	-0.468740
602.393976	-0.475990
603.084003	-0.479760
603.774030	-0.481290
604.464058	-0.480890
605.154085	-0.477870
605.844113	-0.471390
606.534140	-0.461030
607.224168	-0.446770
607.914195	-0.428900
608.604223	-0.408150
609.294250	-0.385650
609.984278	-0.362550
610.674305	-0.339650
611.364333	-0.317610
612.054360	-0.297640
612.744387	-0.281560
613.434415	-0.270320
614.124442	-0.263390
614.814470	-0.259990
615.504497	-0.260160
616.194525	-0.264740
616.884552	-0.274230
617.574580	-0.287400
618.264607	-0.301770
618.954635	-0.314640
619.644662	-0.321520
620.334690	-0.313460
621.024717	-0.286860
621.714744	-0.254340
622.404772	-0.224330
623.094799	-0.196410
623.784827	-0.169650
624.474854	-0.141210
625.164882	-0.103800
625.854909	-0.056910
626.544937	-0.007280
627.234964	0.041090
627.924992	0.086320
628.615019	0.124170
629.305047	0.144630
629.995074	0.144360
630.685102	0.139350
631.375129	0.138670
632.065156	0.140630
632.755184	0.142840
633.445211	0.141730
634.135239	0.134950
634.825266	0.129140
635.515294	0.129850
636.205321	0.137560
636.895349	0.151690
637.585376	0.171860
638.275404	0.197920
638.965431	0.229600
639.655459	0.265460
640.345486	0.299210
641.035513	0.318900
641.725541	0.326860
642.415568	0.335370
643.105596	0.347060
643.795623	0.364450
644.485651	0.391940
645.175678	0.412120
645.865706	0.395950
646.555733	0.353870
647.245761	0.302800
647.935788	0.248770
648.625816	0.193540
649.315843	0.138090
650.005870	0.083740
650.695898	0.034350
651.385925	0.002700
652.075953	0.010040
652.765980	0.044790
653.456008	0.073190
654.146035	0.091910
654.836063	0.107560
655.526090	0.123700
656.216118	0.144660
656.906145	0.170330
657.596173	0.192660
658.286200	0.210690
658.976228	0.226000
659.666255	0.239160
660.356282	0.248940
661.046310	0.252770
661.736337	0.250690
662.426365	0.246170
663.116392	0.241490
663.806420	0.236230
664.496447	0.228920
665.186475	0.218350
665.876502	0.203700
666.566530	0.184450
667.256557	0.160700
667.946585	0.135310
668.636612	0.118200
669.326639	0.120650
670.016667	0.135090
670.706694	0.149140
671.396722	0.161330
672.086749	0.173560
672.776777	0.187970
673.466804	0.207070
674.156832	0.228020
674.846859	0.247110
675.536887	0.264240
676.226914	0.279800
676.916942	0.292100
677.606969	0.296350
678.296996	0.289630
678.987024	0.274850
679.677051	0.256120
680.367079	0.235870
681.057106	0.215480
681.747134	0.196070
682.437161	0.178570
683.127189	0.163600
683.817216	0.151290
684.507244	0.141190
685.197271	0.132330
685.887299	0.123380
686.577326	0.113120
687.267353	0.100860
687.957381	0.086650
688.647408	0.071380
689.337436	0.056690
690.027463	0.044710
690.717491	0.037570
691.407518	0.036790
692.097546	0.042940
692.787573	0.055890
693.477601	0.075320
694.167628	0.101070
694.857656	0.132860
695.547683	0.169310
696.237711	0.207240
696.927738	0.242890
697.617765	0.273960
698.307793	0.299690
698.997820	0.319810
699.687848	0.333960
700.377875	0.341800
701.067903	0.343540
701.757930	0.339980
702.447958	0.332040
703.137985	0.320310
703.828013	0.305040
704.518040	0.286400
705.208068	0.264570
705.898095	0.239850
706.588122	0.212740
707.278150	0.183870
707.968177	0.153940
708.658205	0.123830
709.348232	0.094610
710.038260	0.067630
710.728287	0.044200
711.418315	0.025140
712.108342	0.010700
712.798370	0.000890
713.488397	-0.004410
714.178425	-0.005710
714.868452	-0.004240
715.558479	-0.001770
716.248507	0.000090
716.938534	0.000630
717.628562	0.000080
718.318589	-0.000570
719.008617	-0.000030
719.698644	0.002730
720.388672	0.008160
721.078699	0.015980
721.768727	0.025170
722.458754	0.034220
723.148782	0.041630
723.838809	0.046370
724.528837	0.048060
725.218864	0.046780
725.908891	0.042960
726.598919	0.037040
727.288946	0.029190
727.978974	0.019090
728.669001	0.005950
729.359029	-0.011110
730.049056	-0.032850
730.739084	-0.059950
731.429111	-0.093050
732.119139	-0.132120
732.809166	-0.173180
733.499194	-0.207260
734.189221	-0.234510
734.879248	-0.261490
735.569276	-0.289950
736.259303	-0.320120
736.949331	-0.350310
737.639358	-0.373160
738.329386	-0.385550
739.019413	-0.394380
739.709441	-0.403370
740.399468	-0.410020
741.089496	-0.411640
741.779523	-0.409770
742.469551	-0.406770
743.159578	-0.403590
743.849605	-0.399830
744.539633	-0.392500
745.229660	-0.379040
745.919688	-0.363550
746.609715	-0.351290
747.299743	-0.344210
747.989770	-0.342600
748.679798	-0.346540
749.369825	-0.356140
750.059853	-0.371620
750.749880	-0.393050
751.439908	-0.418940
752.129935	-0.442430
752.819963	-0.456340
753.509990	-0.466200
754.200017	-0.477270
754.890045	-0.490640
755.580072	-0.507380
756.270100	-0.522880
756.960127	-0.523810
757.650155	-0.511140
758.340182	-0.496100
759.030210	-0.482480
759.720237	-0.468400
760.410265	-0.451840
761.100292	-0.433030
761.790320	-0.412940
762.480347	-0.391870
763.170374	-0.369540
763.860402	-0.346830
764.550429	-0.326450
765.240457	-0.309660
765.930484	-0.294970
766.620512	-0.279860
767.310539	-0.262270
768.000567	-0.241040
768.690594	-0.216100
769.380622	-0.188680
770.070649	-0.161250
770.760677	-0.136560
771.450704	-0.116540
772.140731	-0.102060
772.830759	-0.093480
773.520786	-0.091040
774.210814	-0.094790
774.900841	-0.102900
775.590869	-0.108370
776.280896	-0.105680
776.970924	-0.099910
777.660951	-0.094920
778.350979	-0.091470
779.041006	-0.089960
779.731034	-0.085260
780.421061	-0.068430
781.111089	-0.043660
781.801116	-0.018870
782.491143	0.003310
783.181171	0.023070
783.871198	0.041520
784.561226	0.060160
785.251253	0.080380
785.941281	0.103050
786.631308	0.127980
787.321336	0.153640
788.011363	0.177590
788.701391	0.197800
789.391418	0.213260
790.081446	0.223450
790.771473	0.227760
791.461500	0.225520
792.151528	0.216760
792.841555	0.204550
793.531583	0.197160
794.221610	0.198640
794.911638	0.202880
795.601665	0.206320
796.291693	0.208700
796.981720	0.210590
797.671748	0.216430
798.361775	0.230350
799.051803	0.246970
799.741830	0.260860
800.431857	0.270840
801.121885	0.277290
801.811912	0.280780
802.501940	0.281280
803.191967	0.276670
803.881995	0.262700
804.572022	0.240200
805.262050	0.215400
805.952077	0.190940
806.642105	0.166700
807.332132	0.141430
808.022160	0.111440
808.712187	0.076220
809.402215	0.041570
810.092242	0.011310
810.782269	-0.013720
811.472297	-0.033470
812.162324	-0.048010
812.852352	-0.057620
813.542379	-0.062760
814.232407	-0.063790
814.922434	-0.060850
815.612462	-0.053910
816.302489	-0.043120
816.992517	-0.030510
817.682544	-0.025040
818.372572	-0.039120
819.062599	-0.061840
819.752626	-0.080040
820.442654	-0.094270
821.132681	-0.104480
821.822709	-0.110320
822.512736	-0.125710
823.202764	-0.162700
823.892791	-0.207910
824.582819	-0.250020
825.272846	-0.285640
825.962874	-0.314470
826.652901	-0.337190
827.342929	-0.354390
828.032956	-0.365970
828.722983	-0.370920
829.413011	-0.368000
830.103038	-0.357020
830.793066	-0.339230
831.483093	-0.316610
832.173121	-0.291400
832.863148	-0.266190
833.553176	-0.243730
834.243203	-0.226060
834.933231	-0.213930
835.623258	-0.207330
836.313286	-0.206320
837.003313	-0.211390
837.693341	-0.223200
838.383368	-0.242040
839.073395	-0.267570
839.763423	-0.299070
840.453450	-0.335380
841.143478	-0.372540
841.833505	-0.401520
842.523533	-0.421020
843.213560	-0.439430
843.903588	-0.459830
844.593615	-0.484610
845.283643	-0.517520
845.973670	-0.545290
846.663698	-0.542300
847.353725	-0.515270
848.043752	-0.479330
848.733780	-0.440660
849.423807	-0.401730
850.113835	-0.364190
850.803862	-0.329220
851.493890	-0.297530
852.183917	-0.269390
852.873945	-0.244700
853.563972	-0.223070
854.254000	-0.204000
854.944027	-0.187220
855.634055	-0.172750
856.324082	-0.160730
857.014109	-0.151080
857.704137	-0.143210
858.394164	-0.136010
859.084192	-0.128120
859.774219	-0.118370
860.464247	-0.106030
861.154274	-0.090820
861.844302	-0.072750
862.534329	-0.051830
863.224357	-0.027930
863.914384	-0.000880
864.604412	0.029330
865.294439	0.062460
865.984467	0.097840
866.674494	0.134350
867.364521	0.170220
868.054549	0.202360
868.744576	0.224550
869.434604	0.229930
870.124631	0.223190
870.814659	0.214970
871.504686	0.208050
872.194714	0.201550
872.884741	0.193680
873.574769	0.180000
874.264796	0.159680
874.954824	0.139260
875.644851	0.122940
876.334878	0.111180
877.024906	0.103200
877.714933	0.097900
878.404961	0.093970
879.094988	0.090160
879.785016	0.085700
880.475043	0.080460
881.165071	0.074850
881.855098	0.069510
882.545126	0.065130
883.235153	0.062270
883.925181	0.061280
884.615208	0.062260
885.305235	0.065030
885.995263	0.069090
886.685290	0.073720
887.375318	0.078080
888.065345	0.081480
888.755373	0.083640
889.445400	0.084890
890.135428	0.086180
890.825455	0.088870
891.515483	0.094320
892.205510	0.103660
892.895538	0.117780
893.585565	0.137390
894.275593	0.162280
894.965620	0.188530
895.655647	0.209220
896.345675	0.225480
897.035702	0.241550
897.725730	0.258870
898.415757	0.278510
899.105785	0.298440
899.795812	0.306650
900.485840	0.293780
901.175867	0.268600
901.865895	0.247930
902.555922	0.251450
903.245950	0.273770
903.935977	0.291860
904.626004	0.303270
905.316032	0.311710
906.006059	0.318730
906.696087	0.328440
907.386114	0.344890
908.076142	0.361230
908.766169	0.373410
909.456197	0.382150
910.146224	0.388880
910.836252	0.394850
911.526279	0.400740
912.216307	0.406320
912.906334	0.410100
913.596361	0.409750
914.286389	0.403550
914.976416	0.391330
915.666444	0.373670
916.356471	0.350890
917.046499	0.322850
917.736526	0.289880
918.426554	0.254100
919.116581	0.218990
919.806609	0.187360
920.496636	0.160550
921.186664	0.138920
921.876691	0.122350
922.566719	0.110460
923.256746	0.102600
923.946773	0.097800
924.636801	0.094920
925.326828	0.092750
926.016856	0.090240
926.706883	0.086760
927.396911	0.082260
928.086938	0.077340
928.776966	0.073020
929.466993	0.070370
930.157021	0.070190
930.847048	0.072820
931.537076	0.078130
932.227103	0.085580
932.917130	0.094280
933.607158	0.103230
934.297185	0.111500
934.987213	0.118350
935.677240	0.123220
936.367268	0.125710
937.057295	0.125520
937.747323	0.122490
938.437350	0.116620
939.127378	0.108090
939.817405	0.097260
940.507433	0.084650
941.197460	0.070850
941.887487	0.056540
942.577515	0.042410
943.267542	0.029240
943.957570	0.017780
944.647597	0.008640
945.337625	0.002240
946.027652	-0.001280
946.717680	-0.002070
947.407707	-0.000550
948.097735	0.002640
948.787762	0.006710
949.477790	0.010870
950.167817	0.014460
950.857844	0.017050
951.547872	0.018500
952.237899	0.019020
952.927927	0.019130
953.617954	0.019580
954.307982	0.021120
954.998009	0.024430
955.688037	0.029890
956.378064	0.037550
957.068092	0.047130
957.758119	0.057890
958.448147	0.068750
959.138174	0.078400
959.828202	0.085600
960.518229	0.089510
961.208256	0.089740
961.898284	0.086350
962.588311	0.079850
963.278339	0.071220
963.968366	0.061720
964.658394	0.052570
965.348421	0.044490
966.038449	0.037660
966.728476	0.031920
967.418504	0.027090
968.108531	0.023270
968.798559	0.020910
969.488586	0.020630
970.178613	0.022860
970.868641	0.027290
971.558668	0.032260
972.248696	0.035150
972.938723	0.033910
973.628751	0.027900
974.318778	0.017080
975.008806	0.001160
975.698833	-0.020080
976.388861	-0.045290
977.078888	-0.070970
977.768916	-0.093730
978.458943	-0.112180
979.148970	-0.126250
979.838998	-0.136310
980.529025	-0.143360
981.219053	-0.149360
981.909080	-0.156560
982.599108	-0.166310
983.289135	-0.178650
983.979163	-0.192860
984.669190	-0.207960
985.359218	-0.223240
986.049245	-0.238560
986.739273	-0.254240
987.429300	-0.270840
988.119328	-0.288800
988.809355	-0.308330
989.499382	-0.329350
990.189410	-0.351530
990.879437	-0.374370
991.569465	-0.397280
992.259492	-0.419700
992.949520	-0.441180
993.639547	-0.461400
994.329575	-0.479950
995.019602	-0.495380
995.709630	-0.503300
996.399657	-0.498710
997.089685	-0.485480
997.779712	-0.470990
998.469739	-0.457180
999.159767	-0.443990
999.849794	-0.429810
1000.539822	-0.407940
1001.229849	-0.374420
1001.919877	-0.335450
1002.609904	-0.297170
1003.299932	-0.261900
1003.989959	-0.230160
1004.679987	-0.201830
1005.370014	-0.176500
1006.060042	-0.153460
1006.750069	-0.131840
1007.440096	-0.110800
1008.130124	-0.089770
1008.820151	-0.068520
1009.510179	-0.047090
1010.200206	-0.025580
1010.890234	-0.004020
1011.580261	0.017810
1012.270289	0.040350
1012.960316	0.064310
1013.650344	0.090440
1014.340371	0.119300
1015.030399	0.151040
1015.720426	0.185190
1016.410454	0.220680
1017.100481	0.256060
1017.790508	0.289720
1018.480536	0.319830
1019.170563	0.343360
1019.860591	0.354480
1020.550618	0.349130
1021.240646	0.334840
1021.930673	0.320250
1022.620701	0.306520
1023.310728	0.292590
1024.000756	0.276470
1024.690783	0.255510
1025.380811	0.231770
1026.070838	0.209990
1026.760865	0.191640
1027.450893	0.175990
1028.140920	0.161840
1028.830948	0.148110
1029.520975	0.134090
1030.211003	0.119570
1030.901030	0.104680
1031.591058	0.089520
1032.281085	0.073890
1032.971113	0.057200
1033.661140	0.038840
1034.351168	0.018640
1035.041195	-0.002790
1035.731222	-0.024130
1036.421250	-0.043910
1037.111277	-0.061200
1037.801305	-0.076090
1038.491332	-0.089760
1039.181360	-0.104130
1039.871387	-0.121120
1040.561415	-0.142090
1041.251442	-0.167920
1041.941470	-0.199070
1042.631497	-0.235590
1043.321525	-0.276610
1044.011552	-0.318200
1044.701580	-0.350830
1045.391607	-0.371460
1046.081634	-0.389980
1046.771662	-0.410660
1047.461689	-0.434150
1048.151717	-0.462490
1048.841744	-0.489490
1049.531772	-0.497150
1050.221799	-0.486310
1050.911827	-0.467960
1051.601854	-0.446450
1052.291882	-0.422510
1052.981909	-0.396170
1053.671937	-0.367490
1054.361964	-0.336680
1055.051991	-0.304140
1055.742019	-0.270490
1056.432046	-0.236510
1057.122074	-0.203010
1057.812101	-0.170740
1058.502129	-0.140130
1059.192156	-0.111240
1059.882184	-0.083780
1060.572211	-0.057240
1061.262239	-0.031210
1061.952266	-0.005610
1062.642294	0.019190
1063.332321	0.042290
1064.022348	0.061700
1064.712376	0.072550
1065.402403	0.066480
1066.092431	0.043450
1066.782458	0.016330
1067.472486	-0.008770
1068.162513	-0.032860
1068.852541	-0.057550
1069.542568	-0.085880
1070.232596	-0.120050
1070.922623	-0.155640
1071.612651	-0.187810
1072.302678	-0.215100
1072.992706	-0.237480
1073.682733	-0.255170
1074.372760	-0.268460
1075.062788	-0.277690
1075.752815	-0.283330
1076.442843	-0.286010
1077.132870	-0.285960
1077.822898	-0.280050
1078.512925	-0.254590
1079.202953	-0.199310
1079.892980	-0.138990
1080.583008	-0.087650
1081.273035	-0.041900
1081.963063	-0.002370
1082.653090	0.031060
1083.343117	0.080160
1084.033145	0.155810
1084.723172	0.241630
1085.413200	0.328080
1086.103227	0.412750
1086.793255	0.494770
1087.483282	0.572330
1088.173310	0.638490
1088.863337	0.676220
1089.553365	0.681700
1090.243392	0.683910
1090.933420	0.694410
1091.623447	0.710360
1092.313474	0.733960
1093.003502	0.761990
1093.693529	0.765750
1094.383557	0.735590
1095.073584	0.689790
1095.763612	0.639020
1096.453639	0.586470
1097.143667	0.533330
1097.833694	0.480400
1098.523722	0.428350
1099.213749	0.377660
1099.903777	0.328620
1100.593804	0.281420
1101.283832	0.236260
1101.973859	0.193570
1102.663886	0.154140
1103.353914	0.119110
1104.043941	0.089810
1104.733969	0.067360
1105.423996	0.052270
1106.114024	0.044370
1106.804051	0.043130
1107.494079	0.048080
1108.184106	0.058760
1108.874134	0.074100
1109.564161	0.091920
1110.254189	0.109410
1110.944216	0.124400
1111.634243	0.136070
1112.324271	0.144680
1113.014298	0.151290
1113.704326	0.157280
1114.394353	0.163980
1115.084381	0.172320
1115.774408	0.182810
1116.464436	0.195610
1117.154463	0.210760
1117.844491	0.228280
1118.534518	0.248210
1119.224546	0.270500
1119.914573	0.294750
1120.604600	0.319690
1121.294628	0.343210
1121.984655	0.363090
1122.674683	0.377970
1123.364710	0.387430
1124.054738	0.391250
1124.744765	0.388960
1125.434793	0.380020
1126.124820	0.364350
1126.814848	0.342740
1127.504875	0.316730
1128.194903	0.288100
1128.884930	0.258630
1129.574958	0.229870
1130.264985	0.202920
1130.955012	0.178490
1131.645040	0.156870
1132.335067	0.138070
1133.025095	0.121860
1133.715122	0.107860
1134.405150	0.095490
1135.095177	0.084090
1135.785205	0.072980
1136.475232	0.061540
1137.165260	0.049380
1137.855287	0.036300
1138.545315	0.022490
1139.235342	0.008650
1139.925369	-0.004020
1140.615397	-0.014090
1141.305424	-0.020480
1141.995452	-0.022700
1142.685479	-0.020730
1143.375507	-0.014840
1144.065534	-0.005740
1144.755562	0.005250
1145.445589	0.016620
1146.135617	0.027300
1146.825644	0.037020
1147.515672	0.046140
1148.205699	0.055250
1148.895726	0.064930
1149.585754	0.075430
1150.275781	0.086610
1150.965809	0.097890
1151.655836	0.108440
1152.345864	0.117450
1153.035891	0.124460
1153.725919	0.129440
1154.415946	0.132880
1155.105974	0.135710
1155.796001	0.139160
1156.486029	0.144480
1157.176056	0.152780
1157.866084	0.164880
1158.556111	0.181410
1159.246138	0.202900
1159.936166	0.229660
1160.626193	0.260460
1161.316221	0.287580
1162.006248	0.297940
1162.696276	0.299200
1163.386303	0.303790
1164.076331	0.312230
1164.766358	0.326240
1165.456386	0.346840
1166.146413	0.354460
1166.836441	0.335610
1167.526468	0.307020
1168.216495	0.279900
1168.906523	0.257000
1169.596550	0.238770
1170.286578	0.225060
1170.976605	0.215500
1171.666633	0.209490
1172.356660	0.206110
1173.046688	0.204210
1173.736715	0.202570
1174.426743	0.200220
1175.116770	0.196520
1175.806798	0.191040
1176.496825	0.183440
1177.186852	0.173370
1177.876880	0.160620
1178.566907	0.145990
1179.256935	0.134180
1179.946962	0.135200
1180.636990	0.150160
1181.327017	0.167240
1182.017045	0.181850
1182.707072	0.195560
1183.397100	0.210270
1184.087127	0.228340
1184.777155	0.249020
1185.467182	0.268160
1186.157210	0.285640
1186.847237	0.302980
1187.537264	0.321170
1188.227292	0.335930
1188.917319	0.336870
1189.607347	0.321740
1190.297374	0.297470
1190.987402	0.269320
1191.677429	0.239330
1192.367457	0.208330
1193.057484	0.177260
1193.747512	0.149410
1194.437539	0.132620
1195.127567	0.129440
1195.817594	0.129110
1196.507621	0.126430
1197.197649	0.121550
1197.887676	0.113270
1198.577704	0.104870
1199.267731	0.111480
1199.957759	0.137230
1200.647786	0.172370
1201.337814	0.211510
1202.027841	0.253710
1202.717869	0.299280
1203.407896	0.347600
1204.097924	0.394040
1204.787951	0.434220
1205.477978	0.471400
1206.168006	0.509160
1206.858033	0.551180
1207.548061	0.602510
1208.238088	0.650210
1208.928116	0.663370
1209.618143	0.646000
1210.308171	0.615180
1210.998198	0.577770
1211.688226	0.535670
1212.378253	0.489550
1213.068281	0.439930
1213.758308	0.387340
1214.448335	0.332410
1215.138363	0.275880
1215.828390	0.218620
1216.518418	0.162150
1217.208445	0.110380
1217.898473	0.072230
1218.588500	0.053300
1219.278528	0.041880
1219.968555	0.028070
1220.658583	0.012090
1221.348610	-0.004320
1222.038638	-0.018500
1222.728665	-0.026780
1223.418693	-0.031490
1224.108720	-0.038060
1224.798747	-0.049110
1225.488775	-0.066750
1226.178802	-0.100330
1226.868830	-0.181510
1227.558857	-0.325760
