0.000000	0.111370
0.690007	0.114680
1.380014	0.117710
2.070022	0.119700
2.760029	0.120150
3.450036	0.118870
4.140043	0.116030
4.830050	0.112170
5.520057	0.108240
6.210065	0.105390
6.900072	0.104580
7.590079	0.106370
8.280086	0.110930
8.970093	0.118180
9.660100	0.127590
10.350108	0.138020
11.040115	0.147880
11.730122	0.155940
12.420129	0.161580
13.110136	0.164600
13.800144	0.164960
14.490151	0.162810
15.180158	0.158640
15.870165	0.153090
16.560172	0.146600
17.250179	0.139330
17.940187	0.131380
18.630194	0.123620
19.320201	0.118410
20.010208	0.116740
20.700215	0.116420
21.390223	0.115990
22.080230	0.115250
22.770237	0.114700
23.460244	0.116400
24.150251	0.121630
24.840258	0.128040
25.530266	0.133480
26.220273	0.137450
26.910280	0.140030
27.600287	0.141340
28.290294	0.141460
28.980301	0.140430
29.670309	0.138210
30.360316	0.134750
31.050323	0.130020
31.740330	0.124210
32.430337	0.118110
33.120345	0.113050
33.810352	0.110170
34.500359	0.109750
35.190366	0.111590
35.880373	0.115310
36.570380	0.120160
37.260388	0.124900
37.950395	0.128550
38.640402	0.130610
39.330409	0.130760
40.020416	0.128850
40.710423	0.125620
41.400431	0.122740
42.090438	0.121840
42.780445	0.123620
43.470452	0.127300
44.160459	0.127370
44.850467	0.106910
45.540474	0.059180
46.230481	0.011910
46.920488	-0.025270
47.610495	-0.058300
48.300502	-0.090090
48.990510	-0.121420
49.680517	-0.160110
50.370524	-0.205770
51.060531	-0.252930
51.750538	-0.300550
52.440546	-0.348720
53.130553	-0.396160
53.820560	-0.439240
54.510567	-0.476020
55.200574	-0.508470
55.890581	-0.538510
56.580589	-0.565580
57.270596	-0.583450
57.960603	-0.575700
58.650610	-0.540500
59.340617	-0.507300
60.030624	-0.484030
60.720632	-0.464710
61.410639	-0.446570
62.100646	-0.427540
62.790653	-0.403170
63.480660	-0.374920
64.170668	-0.346850
64.860675	-0.320230
65.550682	-0.295380
66.240689	-0.273820
66.930696	-0.260930
67.620703	-0.261800
68.310711	-0.267500
69.000718	-0.269820
69.690725	-0.269800
70.380732	-0.268970
71.070739	-0.267910
71.760746	-0.268910
72.450754	-0.274990
73.140761	-0.281910
73.830768	-0.277910
74.520775	-0.253620
75.210782	-0.219040
75.900790	-0.186830
76.590797	-0.157910
77.280804	-0.130450
77.970811	-0.103510
78.660818	-0.074680
79.350825	-0.041220
80.040833	-0.006870
80.730840	0.023780
81.420847	0.048810
82.110854	0.067920
82.800861	0.082150
83.490868	0.092910
84.180876	0.101040
84.870883	0.106790
85.560890	0.111180
86.250897	0.118540
86.940904	0.131500
87.630912	0.145880
88.320919	0.159810
89.010926	0.173720
89.700933	0.188200
90.390940	0.204490
91.080947	0.221760
91.770955	0.237570
92.460962	0.252220
93.150969	0.266950
93.840976	0.282980
94.530983	0.298310
95.220991	0.305000
95.910998	0.299280
96.601005	0.285990
97.291012	0.269520
97.981019	0.251390
98.671026	0.231620
99.361034	0.209610
100.051041	0.184720
100.741048	0.156770
101.431055	0.125850
102.121062	0.091970
102.811069	0.054960
103.501077	0.015260
104.191084	-0.024780
104.881091	-0.062090
105.571098	-0.096250
106.261105	-0.128350
106.951113	-0.158860
107.641120	-0.187540
108.331127	-0.214250
109.021134	-0.240760
109.711141	-0.269280
110.401148	-0.299940
111.091156	-0.332240
111.781163	-0.366280
112.471170	-0.403120
113.161177	-0.443740
113.851184	-0.486390
114.541191	-0.528040
115.231199	-0.567090
115.921206	-0.603000
116.611213	-0.635340
117.301220	-0.662890
117.991227	-0.681240
118.681235	-0.681300
119.371242	-0.666110
120.061249	-0.651910
120.751256	-0.641790
121.441263	-0.633400
122.131270	-0.625990
122.821278	-0.617890
123.511285	-0.604570
124.201292	-0.586030
124.891299	-0.565140
125.581306	-0.542670
126.271314	-0.518340
126.961321	-0.491770
127.651328	-0.463120
128.341335	-0.435020
129.031342	-0.413920
129.721349	-0.399620
130.411357	-0.384870
131.101364	-0.368300
131.791371	-0.351040
132.481378	-0.333810
133.171385	-0.318770
133.861392	-0.307990
134.551400	-0.297830
135.241407	-0.286690
135.931414	-0.274760
136.621421	-0.262090
137.311428	-0.248790
138.001436	-0.235990
138.691443	-0.224570
139.381450	-0.213790
140.071457	-0.202800
140.761464	-0.190910
141.451471	-0.179460
142.141479	-0.173410
142.831486	-0.173190
143.521493	-0.173680
144.211500	-0.171990
144.901507	-0.167390
145.591514	-0.159750
146.281522	-0.148970
146.971529	-0.134940
147.661536	-0.117720
148.351543	-0.098190
149.041550	-0.078350
149.731558	-0.059610
150.421565	-0.041960
151.111572	-0.025120
151.801579	-0.009270
152.491586	0.005120
153.181593	0.018160
153.871601	0.030640
154.561608	0.042730
155.251615	0.053810
155.941622	0.063240
156.631629	0.070660
157.321637	0.075990
158.011644	0.079350
158.701651	0.081130
159.391658	0.081850
160.081665	0.081970
160.771672	0.081850
161.461680	0.082390
162.151687	0.087460
162.841694	0.103550
163.531701	0.125730
164.221708	0.144990
164.911715	0.161600
165.601723	0.177830
166.291730	0.196210
166.981737	0.217240
167.671744	0.234850
168.361751	0.246390
169.051759	0.253470
169.741766	0.257610
170.431773	0.259990
171.121780	0.261750
171.811787	0.263760
172.501794	0.266270
173.191802	0.268630
173.881809	0.269800
174.571816	0.269040
175.261823	0.266050
175.951830	0.260580
176.641837	0.252230
177.331845	0.240650
178.021852	0.225980
178.711859	0.209040
179.401866	0.191390
180.091873	0.175250
180.781881	0.162430
181.471888	0.153160
182.161895	0.146670
182.851902	0.142460
183.541909	0.140860
184.231916	0.143080
184.921924	0.150130
185.611931	0.161170
186.301938	0.173880
186.991945	0.186270
187.681952	0.197310
188.371959	0.206670
189.061967	0.214370
189.751974	0.220580
190.441981	0.225150
191.131988	0.226620
191.821995	0.222990
192.512003	0.216080
193.202010	0.208990
193.892017	0.202390
194.582024	0.196310
195.272031	0.190010
195.962038	0.179970
196.652046	0.164400
197.342053	0.147430
198.032060	0.132810
198.722067	0.121770
199.412074	0.114240
200.102082	0.109800
200.792089	0.108150
201.482096	0.109310
202.172103	0.113280
202.862110	0.119420
203.552117	0.126350
204.242125	0.132710
204.932132	0.137700
205.622139	0.141020
206.312146	0.142650
207.002153	0.142710
207.692160	0.141380
208.382168	0.138920
209.072175	0.135690
209.762182	0.132110
210.452189	0.128680
211.142196	0.125790
211.832204	0.123610
212.522211	0.122020
213.212218	0.120590
213.902225	0.118830
214.592232	0.116430
215.282239	0.113470
215.972247	0.110450
216.662254	0.108050
217.352261	0.106880
218.042268	0.107240
218.732275	0.109030
219.422282	0.111750
220.112290	0.114620
220.802297	0.116810
221.492304	0.117680
222.182311	0.116860
222.872318	0.114170
223.562326	0.109620
224.252333	0.103490
224.942340	0.096850
225.632347	0.091890
226.322354	0.090270
227.012361	0.091260
227.702369	0.093560
228.392376	0.096720
229.082383	0.101200
229.772390	0.108310
230.462397	0.118900
231.152405	0.131790
231.842412	0.145090
232.532419	0.157460
233.222426	0.168020
233.912433	0.176200
234.602440	0.181890
235.292448	0.185260
235.982455	0.186450
236.672462	0.185640
237.362469	0.183340
238.052476	0.180580
238.742483	0.178470
239.432491	0.177680
240.122498	0.178440
240.812505	0.180530
241.502512	0.182910
242.192519	0.183440
242.882527	0.180920
243.572534	0.176630
244.262541	0.171790
244.952548	0.166570
245.642555	0.160380
246.332562	0.152620
247.022570	0.144230
247.712577	0.136820
248.402584	0.130560
249.092591	0.124630
249.782598	0.118290
250.472605	0.111430
251.162613	0.104660
251.852620	0.098850
252.542627	0.094650
253.232634	0.092380
253.922641	0.092170
254.612649	0.093770
255.302656	0.096390
255.992663	0.098840
256.682670	0.100080
257.372677	0.099570
258.062684	0.097120
258.752692	0.092840
259.442699	0.087050
260.132706	0.080300
260.822713	0.073270
261.512720	0.066640
262.202728	0.060900
262.892735	0.056260
263.582742	0.052700
264.272749	0.050040
264.962756	0.047750
265.652763	0.044150
266.342771	0.035020
267.032778	0.017800
267.722785	-0.002190
268.412792	-0.021130
269.102799	-0.039010
269.792806	-0.055920
270.482814	-0.073670
271.172821	-0.097440
271.862828	-0.126920
272.552835	-0.156980
273.242842	-0.185000
273.932850	-0.210290
274.622857	-0.232630
275.312864	-0.251920
276.002871	-0.268080
276.692878	-0.281130
277.382885	-0.291100
278.072893	-0.298080
278.762900	-0.302230
279.452907	-0.303750
280.142914	-0.302940
280.832921	-0.300040
281.522928	-0.295180
282.212936	-0.288240
282.902943	-0.278880
283.592950	-0.266860
284.282957	-0.252100
284.972964	-0.234720
285.662972	-0.215070
286.352979	-0.193860
287.042986	-0.172290
287.732993	-0.151780
288.423000	-0.133390
289.113007	-0.117660
289.803015	-0.104770
290.493022	-0.094610
291.183029	-0.086920
291.873036	-0.081270
292.563043	-0.077110
293.253051	-0.073840
293.943058	-0.070810
294.633065	-0.067410
295.323072	-0.063150
296.013079	-0.057720
296.703086	-0.051140
297.393094	-0.043700
298.083101	-0.035950
298.773108	-0.028530
299.463115	-0.021820
300.153122	-0.015350
300.843129	-0.007760
301.533137	0.002110
302.223144	0.014320
302.913151	0.028560
303.603158	0.044800
304.293165	0.063110
304.983173	0.082700
305.673180	0.101430
306.363187	0.117510
307.053194	0.130420
307.743201	0.140140
308.433208	0.146710
309.123216	0.150320
309.813223	0.151700
310.503230	0.152060
311.193237	0.152460
311.883244	0.153580
312.573251	0.155780
313.263259	0.159320
313.953266	0.164340
314.643273	0.170790
315.333280	0.178250
316.023287	0.186000
316.713295	0.193180
317.403302	0.199120
318.093309	0.203530
318.783316	0.206540
319.473323	0.208720
320.163330	0.210840
320.853338	0.213520
321.543345	0.216950
322.233352	0.220750
322.923359	0.224200
323.613366	0.226520
324.303373	0.227170
324.993381	0.225870
325.683388	0.222610
326.373395	0.217560
327.063402	0.210950
327.753409	0.202920
328.443417	0.193410
329.133424	0.182210
329.823431	0.169130
330.513438	0.154090
331.203445	0.137230
331.893452	0.119460
332.583460	0.103850
333.273467	0.096720
333.963474	0.100290
334.653481	0.107180
335.343488	0.112850
336.033496	0.117830
336.723503	0.123310
337.413510	0.130750
338.103517	0.142660
338.793524	0.154420
339.483531	0.149290
340.173539	0.136380
340.863546	0.126120
341.553553	0.118060
342.243560	0.112210
342.933567	0.110820
343.623574	0.109580
344.313582	0.095050
345.003589	0.072030
345.693596	0.049130
346.383603	0.028470
347.073610	0.010060
347.763618	-0.006550
348.453625	-0.021910
349.143632	-0.036580
349.833639	-0.051010
350.523646	-0.065440
351.213653	-0.079730
351.903661	-0.093410
352.593668	-0.105680
353.283675	-0.115590
353.973682	-0.122620
354.663689	-0.130080
355.353696	-0.143230
356.043704	-0.159020
356.733711	-0.173460
357.423718	-0.179540
358.113725	-0.162490
358.803732	-0.141540
359.493740	-0.176640
360.183747	-0.250800
360.873754	-0.334390
361.563761	-0.419050
362.253768	-0.503210
362.943775	-0.586750
363.633783	-0.670030
364.323790	-0.753780
365.013797	-0.838680
365.703804	-0.925000
366.393811	-1.012450
367.083819	-1.100360
367.773826	-1.187460
368.463833	-1.270330
369.153840	-1.336340
369.843847	-1.347050
370.533854	-1.275970
371.223862	-1.192540
371.913869	-1.136820
372.603876	-1.094580
373.293883	-1.054820
373.983890	-1.014680
374.673897	-0.961350
375.363905	-0.883290
376.053912	-0.798240
376.743919	-0.712900
377.433926	-0.626680
378.123933	-0.537530
378.813941	-0.453670
379.503948	-0.397760
380.193955	-0.368890
380.883962	-0.352190
381.573969	-0.340640
382.263976	-0.332610
382.953984	-0.328760
383.643991	-0.330030
384.333998	-0.330770
385.024005	-0.317630
385.714012	-0.298010
386.404019	-0.281280
387.094027	-0.266930
387.784034	-0.254900
388.474041	-0.247400
389.164048	-0.240340
389.854055	-0.214900
390.544063	-0.176410
391.234070	-0.140280
391.924077	-0.107900
392.614084	-0.077420
393.304091	-0.047910
393.994098	-0.019190
394.684106	0.008240
395.374113	0.032640
396.064120	0.051380
396.754127	0.064310
397.444134	0.073630
398.134142	0.081060
398.824149	0.087370
399.514156	0.092650
400.204163	0.096130
400.894170	0.096920
401.584177	0.096100
402.274185	0.096060
402.964192	0.098320
403.654199	0.103390
404.344206	0.111470
405.034213	0.122240
405.724220	0.132660
406.414228	0.134760
407.104235	0.129160
407.794242	0.125030
408.484249	0.123460
409.174256	0.123730
409.864264	0.125760
410.554271	0.124000
411.244278	0.113910
411.934285	0.103530
412.624292	0.097210
413.314299	0.094980
414.004307	0.096210
414.694314	0.100450
415.384321	0.107310
416.074328	0.116000
416.764335	0.125220
417.454342	0.133720
418.144350	0.140910
418.834357	0.146800
419.524364	0.151750
420.214371	0.156090
420.904378	0.159700
421.594386	0.161860
422.284393	0.161720
422.974400	0.158930
423.664407	0.153590
424.354414	0.145850
425.044421	0.135870
425.734429	0.124300
426.424436	0.112590
427.114443	0.102290
427.804450	0.094220
428.494457	0.088430
429.184464	0.084540
429.874472	0.081940
430.564479	0.080150
431.254486	0.079130
431.944493	0.079250
432.634500	0.081000
433.324508	0.084750
434.014515	0.090560
434.704522	0.098090
435.394529	0.106410
436.084536	0.114180
436.774543	0.120250
437.464551	0.124070
438.154558	0.125540
438.844565	0.124850
439.534572	0.122440
440.224579	0.119130
440.914587	0.115760
441.604594	0.112820
442.294601	0.110280
442.984608	0.107800
443.674615	0.105070
444.364622	0.102010
445.054630	0.098810
445.744637	0.095770
446.434644	0.093160
447.124651	0.091010
447.814658	0.089190
448.504665	0.087540
449.194673	0.086060
449.884680	0.084990
450.574687	0.084640
451.264694	0.085180
451.954701	0.086440
452.644709	0.087980
453.334716	0.089310
454.024723	0.090140
454.714730	0.090550
455.404737	0.090940
456.094744	0.091700
456.784752	0.092970
457.474759	0.094560
458.164766	0.096060
458.854773	0.097140
459.544780	0.097730
460.234787	0.098150
460.924795	0.098920
461.614802	0.100620
462.304809	0.103640
462.994816	0.108160
463.684823	0.114140
464.374831	0.121270
465.064838	0.128990
465.754845	0.136430
466.444852	0.142630
467.134859	0.146880
467.824866	0.149080
468.514874	0.149740
469.204881	0.149920
469.894888	0.150800
470.584895	0.153370
471.274902	0.158250
471.964910	0.165350
472.654917	0.173640
473.344924	0.181360
474.034931	0.187040
474.724938	0.190040
475.414945	0.190160
476.104953	0.187390
476.794960	0.182040
477.484967	0.174930
478.174974	0.167190
478.864981	0.159710
479.554988	0.152810
480.244996	0.146490
480.935003	0.140700
481.625010	0.135630
482.315017	0.131750
483.005024	0.129640
483.695032	0.129830
484.385039	0.132640
485.075046	0.138240
485.765053	0.146650
486.455060	0.157660
487.145067	0.170790
487.835075	0.185250
488.525082	0.200080
489.215089	0.214430
489.905096	0.227760
490.595103	0.239900
491.285110	0.251000
491.975118	0.261300
492.665125	0.270930
493.355132	0.279650
494.045139	0.286990
494.735146	0.292530
495.425154	0.295960
496.115161	0.296810
496.805168	0.293920
497.495175	0.284250
498.185182	0.265260
498.875189	0.241930
499.565197	0.219310
500.255204	0.197570
500.945211	0.176430
501.635218	0.155430
502.325225	0.131620
503.015233	0.102330
503.705240	0.069310
504.395247	0.034630
505.085254	-0.001090
505.775261	-0.037020
506.465268	-0.069400
507.155276	-0.092890
507.845283	-0.111890
508.535290	-0.132360
509.225297	-0.154960
509.915304	-0.181810
510.605311	-0.214930
511.295319	-0.239570
511.985326	-0.241650
512.675333	-0.232650
513.365340	-0.222190
514.055347	-0.213050
514.745355	-0.205830
515.435362	-0.200450
516.125369	-0.196400
516.815376	-0.192860
517.505383	-0.188820
518.195390	-0.183460
518.885398	-0.176390
519.575405	-0.167720
520.265412	-0.158010
520.955419	-0.148050
521.645426	-0.138730
522.335433	-0.130900
523.025441	-0.126060
523.715448	-0.128470
524.405455	-0.144950
525.095462	-0.171800
525.785469	-0.197680
526.475477	-0.220660
527.165484	-0.242750
527.855491	-0.265240
528.545498	-0.289730
529.235505	-0.318200
529.925512	-0.337830
530.615520	-0.334150
531.305527	-0.326590
531.995534	-0.322540
532.685541	-0.320860
533.375548	-0.322690
534.065555	-0.332710
534.755563	-0.347740
535.445570	-0.338160
536.135577	-0.295800
536.825584	-0.246620
537.515591	-0.205410
538.205599	-0.170630
538.895606	-0.137350
539.585613	-0.103820
540.275620	-0.069240
540.965627	-0.032270
541.655634	0.004290
542.345642	0.030180
543.035649	0.043800
543.725656	0.051190
544.415663	0.055270
545.105670	0.056640
545.795678	0.055490
546.485685	0.052230
547.175692	0.047780
547.865699	0.043400
548.555706	0.040230
549.245713	0.038940
549.935721	0.039840
550.625728	0.043090
551.315735	0.048580
552.005742	0.055970
552.695749	0.064850
553.385756	0.074960
554.075764	0.086010
554.765771	0.097460
555.455778	0.108510
556.145785	0.118370
556.835792	0.126470
557.525800	0.132600
558.215807	0.136870
558.905814	0.139700
559.595821	0.141790
560.285828	0.143830
560.975835	0.146060
561.665843	0.148240
562.355850	0.149750
563.045857	0.149870
563.735864	0.148330
564.425871	0.146410
565.115878	0.145960
565.805886	0.146830
566.495893	0.148050
567.185900	0.149440
567.875907	0.151590
568.565914	0.155190
569.255922	0.159110
569.945929	0.161410
570.635936	0.162040
571.325943	0.162100
572.015950	0.162790
572.705957	0.164870
573.395965	0.168380
574.085972	0.172530
574.775979	0.176150
575.465986	0.178440
576.155993	0.178990
576.846001	0.177530
577.536008	0.173980
578.226015	0.168660
578.916022	0.162180
579.606029	0.154490
580.296036	0.145600
580.986044	0.136330
581.676051	0.127440
582.366058	0.120250
583.056065	0.115790
583.746072	0.108200
584.436079	0.091100
585.126087	0.069420
585.816094	0.047420
586.506101	0.025950
587.196108	0.004890
587.886115	-0.015970
588.576123	-0.036700
589.266130	-0.057180
589.956137	-0.077150
590.646144	-0.096310
591.336151	-0.114460
592.026158	-0.131660
592.716166	-0.148270
593.406173	-0.164940
594.096180	-0.182470
594.786187	-0.201610
595.476194	-0.222760
596.166201	-0.244870
596.856209	-0.264160
597.546216	-0.279140
598.236223	-0.293610
598.926230	-0.309160
599.616237	-0.325290
600.306245	-0.341600
600.996252	-0.359990
601.686259	-0.385670
602.376266	-0.414900
603.066273	-0.444180
603.756280	-0.473430
604.446288	-0.502710
605.136295	-0.532030
605.826302	-0.560750
606.516309	-0.579850
607.206316	-0.579740
607.896324	-0.581970
608.586331	-0.586170
609.276338	-0.591480
609.966345	-0.605260
610.656352	-0.648490
611.346359	-0.710450
612.036367	-0.707520
612.726374	-0.657380
613.416381	-0.599980
614.106388	-0.544970
614.796395	-0.493600
615.486402	-0.445770
616.176410	-0.401140
616.866417	-0.359230
617.556424	-0.319480
618.246431	-0.281070
618.936438	-0.243020
619.626446	-0.204440
620.316453	-0.165070
621.006460	-0.126280
621.696467	-0.091280
622.386474	-0.061550
623.076481	-0.034770
623.766489	-0.008900
624.456496	0.016630
625.146503	0.041360
625.836510	0.062220
626.526517	0.075140
627.216524	0.080770
627.906532	0.082820
628.596539	0.083920
629.286546	0.085340
629.976553	0.087550
630.666560	0.090460
631.356568	0.093640
632.046575	0.096540
632.736582	0.098910
633.426589	0.101150
634.116596	0.104140
634.806603	0.108640
635.496611	0.114940
636.186618	0.122750
636.876625	0.131130
637.566632	0.138770
638.256639	0.144570
638.946647	0.147910
639.636654	0.148690
640.326661	0.147420
641.016668	0.145280
641.706675	0.143720
642.396682	0.143810
643.086690	0.145940
643.776697	0.149990
644.466704	0.155460
645.156711	0.161580
645.846718	0.167420
646.536725	0.172120
647.226733	0.175080
647.916740	0.175920
648.606747	0.174500
649.296754	0.170750
649.986761	0.164700
650.676769	0.156480
651.366776	0.146340
652.056783	0.134720
652.746790	0.122730
653.436797	0.113620
654.126804	0.111770
654.816812	0.115070
655.506819	0.118410
656.196826	0.120750
656.886833	0.122420
657.576840	0.124410
658.266847	0.130200
658.956855	0.140650
659.646862	0.151630
660.336869	0.160590
661.026876	0.167000
661.716883	0.170960
662.406891	0.172630
663.096898	0.172220
663.786905	0.170010
664.476912	0.166370
665.166919	0.161830
665.856926	0.156970
666.546934	0.152360
667.236941	0.148340
667.926948	0.145020
668.616955	0.142230
669.306962	0.139720
669.996969	0.137330
670.686977	0.135140
671.376984	0.133490
672.066991	0.132820
672.756998	0.133470
673.447005	0.135520
674.137013	0.138650
674.827020	0.142120
675.517027	0.144940
676.207034	0.146190
676.897041	0.145320
677.587048	0.142160
678.277056	0.136800
678.967063	0.129630
679.657070	0.121380
680.347077	0.112970
681.037084	0.105300
681.727092	0.099030
682.417099	0.094590
683.107106	0.092200
683.797113	0.091960
684.487120	0.093840
685.177127	0.097630
685.867135	0.102970
686.557142	0.109270
687.247149	0.115820
687.937156	0.121910
688.627163	0.126970
689.317170	0.130600
690.007178	0.132530
690.697185	0.132590
691.387192	0.130690
692.077199	0.126850
692.767206	0.121320
693.457214	0.114580
694.147221	0.107400
694.837228	0.100610
695.527235	0.094940
696.217242	0.090810
696.907249	0.088360
697.597257	0.087480
698.287264	0.087890
698.977271	0.089260
699.667278	0.091220
700.357285	0.093470
701.047292	0.095780
701.737300	0.098080
702.427307	0.100420
703.117314	0.102930
703.807321	0.105710
704.497328	0.108740
705.187336	0.111710
705.877343	0.114080
706.567350	0.115240
707.257357	0.114750
707.947364	0.112380
708.637371	0.108260
709.327379	0.102850
710.017386	0.097000
710.707393	0.091740
711.397400	0.087950
712.087407	0.086250
712.777415	0.086920
713.467422	0.090030
714.157429	0.095460
714.847436	0.102970
715.537443	0.112150
716.227450	0.122550
716.917458	0.133780
717.607465	0.145690
718.297472	0.158360
718.987479	0.172060
719.677486	0.187080
720.367493	0.203610
721.057501	0.221620
721.747508	0.240820
722.437515	0.260530
723.127522	0.279670
723.817529	0.297050
724.507537	0.312010
725.197544	0.324460
725.887551	0.334490
726.577558	0.341990
727.267565	0.346630
727.957572	0.348070
728.647580	0.346180
729.337587	0.341050
730.027594	0.332920
730.717601	0.322060
731.407608	0.308920
732.097615	0.294320
732.787623	0.279450
733.477630	0.265600
734.167637	0.253710
734.857644	0.244210
735.547651	0.237240
736.237659	0.232670
736.927666	0.230170
737.617673	0.229250
738.307680	0.229310
738.997687	0.229640
739.687694	0.229550
740.377702	0.228560
741.067709	0.226650
741.757716	0.224320
742.447723	0.222410
743.137730	0.221710
743.827738	0.222830
744.517745	0.226070
745.207752	0.231510
745.897759	0.238990
746.587766	0.248290
747.277773	0.259160
747.967781	0.271080
748.657788	0.281040
749.347795	0.278490
750.037802	0.261780
750.727809	0.249320
751.417816	0.242510
