0.000000	-0.444680
0.690019	-0.397850
1.380038	-0.352480
2.070057	-0.305290
2.760076	-0.248060
3.450095	-0.173390
4.140114	-0.113240
4.830133	-0.116140
5.520152	-0.161140
6.210171	-0.218050
6.900190	-0.276690
7.590208	-0.334420
8.280227	-0.390480
8.970246	-0.445840
9.660265	-0.505510
10.350284	-0.573930
11.040303	-0.646090
11.730322	-0.717420
12.420341	-0.787810
13.110360	-0.857860
13.800379	-0.927070
14.490398	-0.993700
15.180417	-1.057940
15.870436	-1.121610
16.560455	-1.187280
17.250474	-1.254850
17.940493	-1.312930
18.630512	-1.346200
19.320531	-1.356200
20.010550	-1.352410
20.700569	-1.337010
21.390587	-1.295260
22.080606	-1.194540
22.770625	-1.055430
23.460644	-0.931470
24.150663	-0.822250
24.840682	-0.716900
25.530701	-0.611900
26.220720	-0.505790
26.910739	-0.394500
27.600758	-0.277650
28.290777	-0.162420
28.980796	-0.064870
29.670815	-0.013920
30.360834	0.000730
31.050853	0.022430
31.740872	0.056550
32.430891	0.097360
33.120910	0.147860
33.810929	0.208610
34.500948	0.246900
35.190966	0.253730
35.880985	0.252650
36.571004	0.252370
37.261023	0.253070
37.951042	0.253290
38.641061	0.251780
39.331080	0.247890
40.021099	0.241510
40.711118	0.233020
41.401137	0.223230
42.091156	0.213060
42.781175	0.203170
43.471194	0.193770
44.161213	0.184790
44.851232	0.176160
45.541251	0.167930
46.231270	0.160260
46.921289	0.153250
47.611308	0.146910
48.301327	0.141200
48.991345	0.136110
49.681364	0.131790
50.371383	0.128510
51.061402	0.126500
51.751421	0.125830
52.441440	0.126370
53.131459	0.127850
53.821478	0.130040
54.511497	0.132980
55.201516	0.137060
55.891535	0.142860
56.581554	0.150780
57.271573	0.160840
57.961592	0.172430
58.651611	0.184330
59.341630	0.194840
60.031649	0.202240
60.721668	0.205310
61.411687	0.203540
62.101706	0.197000
62.791724	0.185910
63.481743	0.170540
64.171762	0.151210
64.861781	0.128580
65.551800	0.103800
66.241819	0.078430
66.931838	0.054440
67.621857	0.033830
68.311876	0.017830
69.001895	0.006490
69.691914	-0.000650
70.381933	-0.003610
71.071952	-0.001810
71.761971	0.005540
72.451990	0.018520
73.142009	0.036200
73.832028	0.057460
74.522047	0.081510
75.212066	0.107800
75.902085	0.135560
76.592104	0.163620
77.282122	0.190600
77.972141	0.215310
78.662160	0.237080
79.352179	0.255560
80.042198	0.270720
80.732217	0.282750
81.422236	0.292040
82.112255	0.298990
82.802274	0.303790
83.492293	0.306540
84.182312	0.307140
84.872331	0.305110
85.562350	0.298660
86.252369	0.284470
86.942388	0.261100
87.632407	0.231930
88.322426	0.200630
89.012445	0.167980
89.702464	0.133850
90.392483	0.099300
91.082501	0.065350
91.772520	0.031270
92.462539	-0.004150
93.152558	-0.041210
93.842577	-0.074690
94.532596	-0.096160
95.222615	-0.107340
95.912634	-0.114750
96.602653	-0.121360
97.292672	-0.127710
97.982691	-0.133630
98.672710	-0.138840
99.362729	-0.143090
100.052748	-0.146300
100.742767	-0.148550
101.432786	-0.150180
102.122805	-0.151690
102.812824	-0.153490
103.502843	-0.154820
104.192862	-0.152570
104.882880	-0.144640
105.572899	-0.133920
106.262918	-0.123010
106.952937	-0.112540
107.642956	-0.102410
108.332975	-0.089350
109.022994	-0.068040
109.713013	-0.039880
110.403032	-0.009640
111.093051	0.020190
111.783070	0.048740
112.473089	0.075550
113.163108	0.100210
113.853127	0.122260
114.543146	0.141110
115.233165	0.156170
115.923184	0.167030
116.613203	0.173590
117.303222	0.176020
117.993241	0.174640
118.683259	0.170080
119.373278	0.163620
120.063297	0.157110
120.753316	0.152310
121.443335	0.150270
122.133354	0.151320
122.823373	0.155130
123.513392	0.160840
124.203411	0.166920
124.893430	0.171300
125.583449	0.171580
126.273468	0.165600
126.963487	0.152430
127.653506	0.132730
128.343525	0.107770
129.033544	0.078180
129.723563	0.043810
130.413582	0.004190
131.103601	-0.040290
131.793620	-0.086950
132.483639	-0.129950
133.173657	-0.162850
133.863676	-0.186420
134.553695	-0.206780
135.243714	-0.226780
135.933733	-0.246480
136.623752	-0.264900
137.313771	-0.279640
138.003790	-0.289490
138.693809	-0.297100
139.383828	-0.305070
140.073847	-0.314240
140.763866	-0.324710
141.453885	-0.336520
142.143904	-0.349490
142.833923	-0.362160
143.523942	-0.370940
144.213961	-0.374340
144.903980	-0.375410
145.593999	-0.376290
146.284018	-0.377650
146.974036	-0.379370
147.664055	-0.377100
148.354074	-0.364070
149.044093	-0.341080
149.734112	-0.312350
150.424131	-0.279890
151.114150	-0.244340
151.804169	-0.206310
152.494188	-0.167240
153.184207	-0.129470
153.874226	-0.095170
154.564245	-0.065140
155.254264	-0.039250
155.944283	-0.017410
156.634302	0.000060
157.324321	0.013000
158.014340	0.022330
158.704359	0.030070
159.394378	0.038040
160.084397	0.047190
160.774415	0.057690
161.464434	0.069320
162.154453	0.081600
162.844472	0.093910
163.534491	0.105410
164.224510	0.115080
164.914529	0.121850
165.604548	0.124720
166.294567	0.122790
166.984586	0.115400
167.674605	0.103620
168.364624	0.091220
169.054643	0.080540
169.744662	0.070910
170.434681	0.061620
171.124700	0.053040
171.814719	0.046700
172.504738	0.043850
173.194757	0.043630
173.884776	0.045160
174.574794	0.048580
175.264813	0.054210
175.954832	0.062140
176.644851	0.072150
177.334870	0.083810
178.024889	0.096590
178.714908	0.109940
179.404927	0.123350
180.094946	0.136210
180.784965	0.147750
181.474984	0.157320
182.165003	0.165600
182.855022	0.175650
183.545041	0.188860
184.235060	0.203260
184.925079	0.217510
185.615098	0.231380
186.305117	0.246270
186.995136	0.265650
187.685155	0.289310
188.375173	0.313040
189.065192	0.334230
189.755211	0.351780
190.445230	0.364890
191.135249	0.373130
191.825268	0.376680
192.515287	0.376040
193.205306	0.371570
193.895325	0.363360
194.585344	0.351650
195.275363	0.337200
195.965382	0.320870
196.655401	0.302870
197.345420	0.282850
198.035439	0.260400
198.725458	0.235370
199.415477	0.208130
200.105496	0.179810
200.795515	0.152690
201.485534	0.130050
202.175553	0.114510
202.865571	0.106130
203.555590	0.103170
204.245609	0.104370
204.935628	0.109820
205.625647	0.120530
206.315666	0.136980
207.005685	0.154530
207.695704	0.163230
208.385723	0.164170
209.075742	0.164070
209.765761	0.164470
210.455780	0.165140
211.145799	0.165470
211.835818	0.160630
212.525837	0.135640
213.215856	0.082760
213.905875	0.015670
214.595894	-0.054780
215.285913	-0.125670
215.975932	-0.196710
216.665950	-0.268630
217.355969	-0.343070
218.045988	-0.418540
218.736007	-0.489940
219.426026	-0.555530
220.116045	-0.615840
220.806064	-0.671160
221.496083	-0.721180
222.186102	-0.764440
222.876121	-0.793900
223.566140	-0.788030
224.256159	-0.737700
224.946178	-0.682460
225.636197	-0.641630
226.326216	-0.608260
227.016235	-0.576320
227.706254	-0.543400
228.396273	-0.510360
229.086292	-0.485590
229.776311	-0.465750
230.466329	-0.446130
231.156348	-0.426410
231.846367	-0.404690
232.536386	-0.377060
233.226405	-0.341970
233.916424	-0.318590
234.606443	-0.341980
235.296462	-0.392750
235.986481	-0.429860
236.676500	-0.456920
237.366519	-0.483480
238.056538	-0.511270
238.746557	-0.544490
239.436576	-0.595420
240.126595	-0.662700
240.816614	-0.689690
241.506633	-0.658680
242.196652	-0.603820
242.886671	-0.542070
243.576690	-0.477860
244.266708	-0.414980
244.956727	-0.360820
245.646746	-0.317350
246.336765	-0.276120
247.026784	-0.233050
247.716803	-0.187640
248.406822	-0.138420
249.096841	-0.090110
249.786860	-0.057180
250.476879	-0.038440
251.166898	-0.023490
251.856917	-0.007970
252.546936	0.008980
253.236955	0.027350
253.926974	0.046970
254.616993	0.067610
255.307012	0.088960
255.997031	0.110650
256.687050	0.132270
257.377069	0.153560
258.067088	0.174550
258.757106	0.195660
259.447125	0.217530
260.137144	0.240540
260.827163	0.263740
261.517182	0.284880
262.207201	0.302750
262.897220	0.318000
263.587239	0.331330
264.277258	0.342440
264.967277	0.349640
265.657296	0.350680
266.347315	0.345500
267.037334	0.336180
267.727353	0.324590
268.417372	0.311810
269.107391	0.298450
269.797410	0.284770
270.487429	0.270620
271.177448	0.255490
271.867467	0.238800
272.557485	0.220210
273.247504	0.199750
273.937523	0.177910
274.627542	0.155520
275.317561	0.133580
276.007580	0.113410
276.697599	0.097880
277.387618	0.093450
278.077637	0.103490
278.767656	0.118750
279.457675	0.132310
280.147694	0.144350
280.837713	0.155600
281.527732	0.167930
282.217751	0.187180
282.907770	0.216180
283.597789	0.249410
284.287808	0.279100
284.977827	0.296880
285.667846	0.301570
286.357864	0.302650
287.047883	0.305240
287.737902	0.309500
288.427921	0.315950
289.117940	0.322430
289.807959	0.319080
290.497978	0.303400
291.187997	0.282430
291.878016	0.260030
292.568035	0.237000
293.258054	0.213460
293.948073	0.189820
294.638092	0.167320
295.328111	0.148110
296.018130	0.133980
296.708149	0.125000
297.398168	0.120170
298.088187	0.118890
298.778206	0.121330
299.468225	0.127710
300.158243	0.136830
300.848262	0.145890
301.538281	0.152600
302.228300	0.156240
302.918319	0.157190
303.608338	0.156290
304.298357	0.154510
304.988376	0.152580
305.678395	0.150760
306.368414	0.148980
307.058433	0.146960
307.748452	0.144470
308.438471	0.141440
309.128490	0.137980
309.818509	0.134300
310.508528	0.130730
311.198547	0.127640
311.888566	0.125400
312.578585	0.124320
313.268604	0.124530
313.958622	0.125890
314.648641	0.127870
315.338660	0.129600
316.028679	0.130060
316.718698	0.128370
317.408717	0.124000
318.098736	0.116800
318.788755	0.107110
319.478774	0.095740
320.168793	0.083960
320.858812	0.073190
321.548831	0.064640
322.238850	0.059120
322.928869	0.057080
323.618888	0.058700
324.308907	0.063950
324.998926	0.072590
325.688945	0.084120
326.378964	0.097820
327.068983	0.112810
327.759002	0.128270
328.449020	0.143610
329.139039	0.158690
329.829058	0.173640
330.519077	0.188660
331.209096	0.203750
331.899115	0.218530
332.589134	0.232420
333.279153	0.244880
333.969172	0.255550
334.659191	0.264320
335.349210	0.271210
336.039229	0.275950
336.729248	0.277610
337.419267	0.274940
338.109286	0.267230
338.799305	0.254620
339.489324	0.237350
340.179343	0.215100
340.869362	0.187150
341.559381	0.153420
342.249399	0.118530
342.939418	0.097700
343.629437	0.096800
344.319456	0.098120
345.009475	0.095160
345.699494	0.088600
346.389513	0.076290
347.079532	0.062160
347.769551	0.067990
348.459570	0.095960
349.149589	0.129210
349.839608	0.159720
350.529627	0.185640
351.219646	0.206710
351.909665	0.222890
352.599684	0.233980
353.289703	0.239690
353.979722	0.239880
354.669741	0.234800
355.359760	0.224990
356.049778	0.211020
356.739797	0.193380
357.429816	0.172450
358.119835	0.148570
358.809854	0.121860
359.499873	0.092140
360.189892	0.059120
360.879911	0.023880
361.569930	-0.009500
362.259949	-0.038880
362.949968	-0.066620
363.639987	-0.094740
364.330006	-0.124660
365.020025	-0.155520
365.710044	-0.178510
366.400063	-0.187290
367.090082	-0.187540
367.780101	-0.184500
368.470120	-0.179420
369.160139	-0.171960
369.850157	-0.161500
370.540176	-0.147390
371.230195	-0.129140
371.920214	-0.107270
372.610233	-0.088010
373.300252	-0.093760
373.990271	-0.135100
374.680290	-0.174720
375.370309	-0.201390
376.060328	-0.223010
376.750347	-0.243280
377.440366	-0.263120
378.130385	-0.289930
378.820404	-0.334030
379.510423	-0.374420
380.200442	-0.408850
380.890461	-0.441700
381.580480	-0.476150
382.270499	-0.521480
382.960518	-0.591480
383.650537	-0.658080
384.340555	-0.658830
385.030574	-0.610340
385.720593	-0.546390
386.410612	-0.478370
387.100631	-0.408900
387.790650	-0.339290
388.480669	-0.272760
389.170688	-0.216400
389.860707	-0.173110
390.550726	-0.133970
391.240745	-0.093370
391.930764	-0.051130
392.620783	-0.006290
393.310802	0.038860
394.000821	0.070460
394.690840	0.082210
395.380859	0.082050
396.070878	0.075830
396.760897	0.065830
397.450916	0.053330
398.140934	0.039650
398.830953	0.026240
399.520972	0.014510
400.210991	0.005550
400.901010	0.000050
401.591029	-0.001650
402.281048	0.000500
402.971067	0.006320
403.661086	0.015320
404.351105	0.026570
405.041124	0.038680
405.731143	0.050140
406.421162	0.059800
407.111181	0.067230
407.801200	0.072690
408.491219	0.076990
409.181238	0.081120
409.871257	0.085830
410.561276	0.091280
411.251295	0.097080
411.941313	0.102480
412.631332	0.106830
413.321351	0.109830
414.011370	0.111670
414.701389	0.112870
415.391408	0.114060
416.081427	0.115710
416.771446	0.118010
417.461465	0.120890
418.151484	0.124160
418.841503	0.127610
419.531522	0.131050
420.221541	0.134460
420.911560	0.137950
421.601579	0.141780
422.291598	0.146130
422.981617	0.150910
423.671636	0.155640
424.361655	0.159620
425.051674	0.162310
425.741692	0.163770
426.431711	0.164870
427.121730	0.167020
427.811749	0.171580
428.501768	0.179510
429.191787	0.191360
429.881806	0.207320
430.571825	0.227020
431.261844	0.249200
431.951863	0.271730
432.641882	0.292330
433.331901	0.309620
434.021920	0.323160
434.711939	0.332820
435.401958	0.338450
436.091977	0.340050
436.781996	0.338230
437.472015	0.334160
438.162034	0.328960
438.852053	0.323140
439.542071	0.316570
440.232090	0.308670
440.922109	0.298760
441.612128	0.286380
442.302147	0.271440
442.992166	0.254250
443.682185	0.235540
444.372204	0.216230
445.062223	0.196960
445.752242	0.177600
446.442261	0.157250
447.132280	0.134820
447.822299	0.109620
448.512318	0.081470
449.202337	0.050640
449.892356	0.018010
450.582375	-0.015060
451.272394	-0.047820
451.962413	-0.085270
452.652432	-0.146740
453.342451	-0.234520
454.032469	-0.317250
454.722488	-0.390240
455.412507	-0.458860
456.102526	-0.523090
456.792545	-0.582640
457.482564	-0.655080
458.172583	-0.765340
458.862602	-0.892260
459.552621	-0.969000
460.242640	-0.929610
460.932659	-0.858250
461.622678	-0.825990
462.312697	-0.815990
463.002716	-0.813170
463.692735	-0.816310
464.382754	-0.833060
465.072773	-0.856790
465.762792	-0.815930
466.452811	-0.719280
467.142830	-0.651170
467.832848	-0.596790
468.522867	-0.539840
469.212886	-0.480170
469.902905	-0.417710
470.592924	-0.345930
471.282943	-0.255080
471.972962	-0.176750
472.662981	-0.144340
473.353000	-0.133830
474.043019	-0.130910
474.733038	-0.132640
475.423057	-0.138070
476.113076	-0.146280
476.803095	-0.156200
477.493114	-0.166310
478.183133	-0.174680
478.873152	-0.178960
479.563171	-0.175530
480.253190	-0.158890
480.943209	-0.129770
481.633227	-0.097990
482.323246	-0.067740
483.013265	-0.038110
483.703284	-0.007650
484.393303	0.025370
485.083322	0.059150
485.773341	0.088090
486.463360	0.110480
487.153379	0.127560
487.843398	0.140990
488.533417	0.152570
489.223436	0.164170
489.913455	0.177290
490.603474	0.192340
491.293493	0.208450
491.983512	0.224010
492.673531	0.237690
493.363550	0.248820
494.053569	0.257170
494.743588	0.262900
495.433606	0.266710
496.123625	0.269390
496.813644	0.271320
497.503663	0.272400
498.193682	0.272540
498.883701	0.272130
499.573720	0.272020
500.263739	0.273150
500.953758	0.276140
501.643777	0.281010
502.333796	0.286960
503.023815	0.292450
503.713834	0.295680
504.403853	0.295220
505.093872	0.290390
505.783891	0.281100
506.473910	0.267690
507.163929	0.250860
507.853948	0.231850
508.543967	0.212340
509.233986	0.194010
509.924004	0.178030
510.614023	0.164900
511.304042	0.154720
511.994061	0.147450
512.684080	0.143050
513.374099	0.141470
514.064118	0.142560
514.754137	0.145920
515.444156	0.150830
516.134175	0.156240
516.824194	0.161080
517.514213	0.164600
518.204232	0.166540
518.894251	0.167150
519.584270	0.166890
520.274289	0.166200
520.964308	0.165140
521.654327	0.163300
522.344346	0.160120
523.034365	0.155140
523.724383	0.148230
524.414402	0.139650
525.104421	0.130070
525.794440	0.120340
526.484459	0.111370
527.174478	0.103890
527.864497	0.098350
528.554516	0.094860
529.244535	0.093060
529.934554	0.092190
530.624573	0.091220
531.314592	0.089210
532.004611	0.085830
532.694630	0.081560
533.384649	0.077580
534.074668	0.075210
534.764687	0.075360
535.454706	0.078430
536.144725	0.084320
536.834744	0.092520
537.524762	0.102300
538.214781	0.113110
538.904800	0.124810
539.594819	0.137560
540.284838	0.151350
540.974857	0.165650
541.664876	0.179350
542.354895	0.191160
543.044914	0.200130
543.734933	0.205780
544.424952	0.207930
545.114971	0.206680
545.804990	0.202440
546.495009	0.195970
547.185028	0.188320
547.875047	0.180740
548.565066	0.174590
549.255085	0.171000
549.945104	0.170640
550.635123	0.173850
551.325141	0.180540
552.015160	0.189710
552.705179	0.199050
553.395198	0.205820
554.085217	0.208230
554.775236	0.205660
555.465255	0.197910
556.155274	0.184520
556.845293	0.164930
557.535312	0.139310
558.225331	0.111920
558.915350	0.093860
559.605369	0.086730
560.295388	0.080440
560.985407	0.071910
561.675426	0.059810
562.365445	0.041580
563.055464	0.027290
563.745483	0.036460
564.435502	0.062820
565.125520	0.093620
565.815539	0.124130
566.505558	0.153050
567.195577	0.179850
567.885596	0.204190
568.575615	0.225700
569.265634	0.243930
569.955653	0.258290
570.645672	0.268080
571.335691	0.272890
572.025710	0.272780
572.715729	0.268040
573.405748	0.258900
574.095767	0.245420
574.785786	0.228080
575.475805	0.208500
576.165824	0.189170
576.855843	0.172210
577.545862	0.158670
578.235881	0.148870
578.925900	0.142900
579.615918	0.140710
580.305937	0.142150
580.995956	0.147020
581.685975	0.155170
582.375994	0.166310
583.066013	0.179890
583.756032	0.194960
584.446051	0.210210
585.136070	0.224280
585.826089	0.236150
586.516108	0.245330
587.206127	0.251710
587.896146	0.255410
588.586165	0.256540
589.276184	0.255170
589.966203	0.251250
590.656222	0.244670
591.346241	0.235340
592.036260	0.223220
592.726279	0.208750
593.416297	0.194610
594.106316	0.191290
594.796335	0.213930
595.486354	0.250510
596.176373	0.280990
596.866392	0.305710
597.556411	0.328940
598.246430	0.352940
598.936449	0.380400
599.626468	0.407910
600.316487	0.420100
601.006506	0.427060
601.696525	0.434610
602.386544	0.443750
603.076563	0.459010
603.766582	0.488400
604.456601	0.516610
605.146620	0.507140
605.836639	0.470720
606.526658	0.425570
607.216676	0.376420
607.906695	0.323720
608.596714	0.267270
609.286733	0.206840
609.976752	0.142740
610.666771	0.078560
611.356790	0.029770
612.046809	0.014480
612.736828	0.009060
613.426847	-0.006420
614.116866	-0.028050
614.806885	-0.053100
615.496904	-0.079640
616.186923	-0.096810
616.876942	-0.102670
617.566961	-0.107360
618.256980	-0.114600
618.946999	-0.124010
619.637018	-0.134600
620.327037	-0.145730
621.017055	-0.157420
621.707074	-0.170310
622.397093	-0.185260
623.087112	-0.203000
623.777131	-0.223700
624.467150	-0.246590
625.157169	-0.269910
625.847188	-0.291540
626.537207	-0.309850
627.227226	-0.323780
627.917245	-0.332440
628.607264	-0.335340
629.297283	-0.336200
629.987302	-0.343980
630.677321	-0.355610
631.367340	-0.365920
632.057359	-0.373830
632.747378	-0.377500
633.437397	-0.381420
634.127416	-0.398680
634.817435	-0.423250
635.507453	-0.445270
636.197472	-0.462400
636.887491	-0.474350
637.577510	-0.479710
638.267529	-0.472530
638.957548	-0.439440
639.647567	-0.376710
640.337586	-0.306400
641.027605	-0.241940
641.717624	-0.181070
642.407643	-0.120230
643.097662	-0.057210
643.787681	0.008270
644.477700	0.070790
645.167719	0.130560
645.857738	0.189870
646.547757	0.249450
647.237776	0.310060
647.927795	0.371750
648.617814	0.428900
649.307832	0.463570
649.997851	0.463820
650.687870	0.446480
651.377889	0.427110
652.067908	0.408900
652.757927	0.391630
653.447946	0.375240
654.137965	0.358710
654.827984	0.338360
655.518003	0.314970
656.208022	0.292770
656.898041	0.272130
657.588060	0.251530
658.278079	0.229490
658.968098	0.205170
659.658117	0.178490
660.348136	0.150060
661.038155	0.121060
661.728174	0.092890
662.418193	0.066560
663.108211	0.042440
663.798230	0.020240
664.488249	-0.000720
665.178268	-0.021050
665.868287	-0.040930
666.558306	-0.059990
667.248325	-0.077480
667.938344	-0.092700
668.628363	-0.105240
669.318382	-0.115040
670.008401	-0.122430
670.698420	-0.128070
671.388439	-0.132670
672.078458	-0.136780
672.768477	-0.140570
673.458496	-0.144060
674.148515	-0.147350
674.838534	-0.150810
675.528553	-0.154970
676.218572	-0.160350
676.908590	-0.167280
677.598609	-0.175980
678.288628	-0.186660
678.978647	-0.199850
679.668666	-0.216410
680.358685	-0.237110
681.048704	-0.262350
681.738723	-0.292420
682.428742	-0.327760
683.118761	-0.368950
683.808780	-0.415610
684.498799	-0.460970
685.188818	-0.484780
685.878837	-0.489010
686.568856	-0.498100
687.258875	-0.513760
687.948894	-0.537070
688.638913	-0.578830
689.328932	-0.625470
690.018951	-0.624410
690.708969	-0.585630
691.398988	-0.535810
692.089007	-0.483010
692.779026	-0.428980
693.469045	-0.374520
694.159064	-0.320410
694.849083	-0.267380
695.539102	-0.215970
696.229121	-0.166440
696.919140	-0.118730
697.609159	-0.072530
698.299178	-0.027590
698.989197	0.015370
699.679216	0.053240
700.369235	0.082460
701.059254	0.104900
701.749273	0.125030
702.439292	0.144610
703.129311	0.163500
703.819330	0.179390
704.509349	0.188020
705.199367	0.189890
705.889386	0.190750
706.579405	0.194550
707.269424	0.202300
707.959443	0.212770
708.649462	0.221230
709.339481	0.222490
710.029500	0.218660
710.719519	0.213930
711.409538	0.209530
712.099557	0.205440
712.789576	0.198910
713.479595	0.184120
714.169614	0.161420
714.859633	0.136050
715.549652	0.110570
716.239671	0.085060
716.929690	0.058940
717.619709	0.031830
718.309728	0.004170
718.999746	-0.022280
719.689765	-0.045090
720.379784	-0.062820
721.069803	-0.075620
721.759822	-0.083990
722.449841	-0.087740
723.139860	-0.085930
723.829879	-0.077900
724.519898	-0.065120
725.209917	-0.051170
725.899936	-0.039280
726.589955	-0.031090
727.279974	-0.027160
727.969993	-0.027670
728.660012	-0.032640
729.350031	-0.041720
730.040050	-0.054210
730.730069	-0.068900
731.420088	-0.083110
732.110107	-0.090140
732.800125	-0.082930
733.490144	-0.067130
734.180163	-0.051920
734.870182	-0.038440
735.560201	-0.025190
736.250220	-0.010430
736.940239	0.007450
737.630258	0.025980
738.320277	0.042720
739.010296	0.057610
739.700315	0.070450
740.390334	0.080180
741.080353	0.086300
741.770372	0.090960
742.460391	0.096920
743.150410	0.105230
743.840429	0.115650
744.530448	0.127330
745.220467	0.139130
745.910486	0.149800
746.600504	0.158170
747.290523	0.163420
747.980542	0.165040
748.670561	0.162800
749.360580	0.156720
750.050599	0.147060
750.740618	0.134460
751.430637	0.120060
