0.000000	0.070410
0.690001	0.069520
1.380001	0.060760
2.070002	0.045930
2.760003	0.024550
3.450004	-0.008620
4.140004	-0.064650
4.830005	-0.145330
5.520006	-0.232100
6.210007	-0.314650
6.900007	-0.395000
7.590008	-0.475860
8.280009	-0.558720
8.970010	-0.640090
9.660010	-0.685050
10.350011	-0.690220
11.040012	-0.704800
11.730013	-0.727980
12.420013	-0.753630
13.110014	-0.779560
13.800015	-0.805220
14.490016	-0.831270
15.180016	-0.853110
15.870017	-0.828430
16.560018	-0.788380
17.250019	-0.753790
17.940019	-0.720230
18.630020	-0.686770
19.320021	-0.653280
20.010022	-0.619280
20.700022	-0.580990
21.390023	-0.532110
22.080024	-0.520690
22.770024	-0.536810
23.460025	-0.552690
24.150026	-0.567260
24.840027	-0.582880
25.530027	-0.606280
26.220028	-0.647370
26.910029	-0.690440
27.600030	-0.687690
28.290030	-0.642570
28.980031	-0.582770
29.670032	-0.519820
30.360033	-0.458200
31.050033	-0.404850
31.740034	-0.364870
32.430035	-0.329130
33.120036	-0.290520
33.810036	-0.249490
34.500037	-0.205770
35.190038	-0.159120
35.880039	-0.118600
36.570039	-0.090720
37.260040	-0.068510
37.950041	-0.047490
38.640042	-0.026990
39.330042	-0.007140
40.020043	0.012030
40.710044	0.030790
41.400045	0.049570
42.090045	0.068660
42.780046	0.087650
43.470047	0.105530
44.160047	0.121540
44.850048	0.135570
45.540049	0.147680
46.230050	0.157880
46.920050	0.166570
47.610051	0.174950
48.300052	0.183890
48.990053	0.192560
49.680053	0.199530
50.370054	0.204370
51.060055	0.207220
51.750056	0.207910
52.440056	0.205870
53.130057	0.200960
53.820058	0.194070
54.510059	0.186250
55.200059	0.177800
55.890060	0.168630
56.580061	0.158900
57.270062	0.149340
57.960062	0.140980
58.650063	0.134640
59.340064	0.130600
60.030065	0.128630
60.720065	0.127960
61.410066	0.127360
62.100067	0.125680
62.790068	0.122420
63.480068	0.118070
64.170069	0.113790
64.860070	0.110780
65.550070	0.109820
66.240071	0.111070
66.930072	0.114000
67.620073	0.117570
68.310073	0.120650
69.000074	0.122450
69.690075	0.122770
70.380076	0.121930
71.070076	0.120470
71.760077	0.118710
72.450078	0.116480
73.140079	0.113190
73.830079	0.108300
74.520080	0.101730
75.210081	0.093980
75.900082	0.086030
76.590082	0.078940
77.280083	0.073480
77.970084	0.069830
78.660085	0.067670
79.350085	0.066330
80.040086	0.065170
80.730087	0.063790
81.420088	0.062020
82.110088	0.059810
82.800089	0.057210
83.490090	0.054570
84.180091	0.052740
84.870091	0.052820
85.560092	0.055580
86.250093	0.061260
86.940094	0.069730
87.630094	0.080610
88.320095	0.092990
89.010096	0.105380
89.700096	0.116330
90.390097	0.125060
91.080098	0.131380
91.770099	0.135410
92.460099	0.137090
93.150100	0.136120
93.840101	0.132150
94.530102	0.125020
95.220102	0.114800
95.910103	0.101790
96.600104	0.086820
97.290105	0.071340
97.980105	0.057030
98.670106	0.045090
99.360107	0.036110
100.050108	0.030220
100.740108	0.027340
101.430109	0.027260
102.120110	0.029720
102.810111	0.034420
103.500111	0.041000
104.190112	0.048880
104.880113	0.057220
105.570114	0.064970
106.260114	0.071230
106.950115	0.075420
107.640116	0.077440
108.330117	0.077730
109.020117	0.077190
109.710118	0.076900
110.400119	0.077730
111.090119	0.079890
111.780120	0.082850
112.470121	0.085590
113.160122	0.087040
113.850122	0.086570
114.540123	0.084360
115.230124	0.081450
115.920125	0.079350
116.610125	0.079400
117.300126	0.082370
117.990127	0.088640
118.680128	0.098310
119.370128	0.111140
120.060129	0.126350
120.750130	0.142830
121.440131	0.159420
122.130131	0.175190
122.820132	0.189570
123.510133	0.202280
124.200134	0.213260
124.890134	0.222340
125.580135	0.228460
126.270136	0.228790
126.960137	0.221050
127.650137	0.207900
128.340138	0.193170
129.030139	0.178020
129.720140	0.162020
130.410140	0.143460
131.100141	0.120280
131.790142	0.093660
132.480142	0.066700
133.170143	0.040850
133.860144	0.016210
134.550145	-0.007040
135.240145	-0.026030
135.930146	-0.033960
136.620147	-0.032610
137.310148	-0.031670
138.000148	-0.033300
138.690149	-0.039120
139.380150	-0.053470
140.070151	-0.066210
140.760151	-0.051460
141.450152	-0.013500
142.140153	0.032800
142.830154	0.081740
143.520154	0.131770
144.210155	0.181750
144.900156	0.228420
145.590157	0.265550
146.280157	0.293000
146.970158	0.318790
147.660159	0.345970
148.350160	0.374750
149.040160	0.406670
149.730161	0.437500
150.420162	0.451540
151.110163	0.445940
151.800163	0.429490
152.490164	0.407070
153.180165	0.380360
153.870165	0.350140
154.560166	0.317080
155.250167	0.281990
155.940168	0.245750
156.630168	0.208910
157.320169	0.171530
158.010170	0.133310
158.700171	0.093990
159.390171	0.053730
160.080172	0.013260
160.770173	-0.026180
161.460174	-0.063300
162.150174	-0.097410
162.840175	-0.128410
163.530176	-0.156420
164.220177	-0.181580
164.910177	-0.204230
165.600178	-0.224880
166.290179	-0.243100
166.980180	-0.256330
167.670180	-0.264580
168.360181	-0.271940
169.050182	-0.280040
169.740183	-0.288960
170.430183	-0.298440
171.120184	-0.305670
171.810185	-0.307520
172.500186	-0.306590
173.190186	-0.305710
173.880187	-0.305130
174.570188	-0.303980
175.260188	-0.301160
175.950189	-0.295650
176.640190	-0.286760
177.330191	-0.274190
178.020191	-0.257960
178.710192	-0.238380
179.400193	-0.215980
180.090194	-0.191540
180.780194	-0.165930
181.470195	-0.139820
182.160196	-0.113420
182.850197	-0.086730
183.540197	-0.059790
184.230198	-0.033060
184.920199	-0.007440
185.610200	0.015970
186.300200	0.036320
186.990201	0.053150
187.680202	0.066290
188.370203	0.075650
189.060203	0.081250
189.750204	0.083410
190.440205	0.082920
191.130206	0.080920
191.820206	0.078690
192.510207	0.077380
193.200208	0.077820
193.890209	0.080330
194.580209	0.084250
195.270210	0.087610
195.960211	0.088610
196.650211	0.087010
197.340212	0.083330
198.030213	0.077610
198.720214	0.069120
199.410214	0.056880
200.100215	0.041120
200.790216	0.023630
201.480217	0.006290
202.170217	-0.009730
202.860218	-0.023840
203.550219	-0.035750
204.240220	-0.045420
204.930220	-0.052930
205.620221	-0.058480
206.310222	-0.061590
207.000223	-0.058860
207.690223	-0.042880
208.380224	-0.013950
209.070225	0.016630
209.760226	0.044490
210.450226	0.071210
211.140227	0.098530
211.830228	0.127890
212.520229	0.156790
213.210229	0.176870
213.900230	0.193590
214.590231	0.210700
215.280232	0.229190
215.970232	0.251650
216.660233	0.277910
217.350234	0.293970
218.040234	0.294270
218.730235	0.290560
219.420236	0.288750
220.110237	0.289410
220.800237	0.291830
221.490238	0.295060
222.180239	0.298250
222.870240	0.300770
223.560240	0.302220
224.250241	0.302310
224.940242	0.300080
225.630243	0.291490
226.320243	0.268210
227.010244	0.231520
227.700245	0.194410
228.390246	0.160470
229.080246	0.128370
229.770247	0.097620
230.460248	0.063830
231.150249	0.019590
231.840249	-0.030240
232.530250	-0.078270
233.220251	-0.122400
233.910252	-0.162540
234.600252	-0.198750
235.290253	-0.230830
235.980254	-0.257760
236.670255	-0.276160
237.360255	-0.281830
238.050256	-0.278900
238.740257	-0.275190
239.430258	-0.272540
240.120258	-0.270380
240.810259	-0.267570
241.500260	-0.260780
242.190260	-0.249100
242.880261	-0.237490
243.570262	-0.229180
244.260263	-0.224410
244.950263	-0.222380
245.640264	-0.221880
246.330265	-0.221400
247.020266	-0.219300
247.710266	-0.214300
248.400267	-0.207050
249.090268	-0.201690
249.780269	-0.199360
250.470269	-0.197110
251.160270	-0.194210
251.850271	-0.191070
252.540272	-0.188410
253.230272	-0.187170
253.920273	-0.186350
254.610274	-0.183820
255.300275	-0.181210
255.990275	-0.185270
256.680276	-0.199250
257.370277	-0.215700
258.060278	-0.229850
258.750278	-0.242340
259.440279	-0.254470
260.130280	-0.266970
260.820281	-0.279450
261.510281	-0.284470
262.200282	-0.282440
262.890283	-0.281090
263.580283	-0.279800
264.270284	-0.280320
264.960285	-0.289440
265.650286	-0.313520
266.340286	-0.324440
267.030287	-0.301460
267.720288	-0.267620
268.410289	-0.234700
269.100289	-0.204190
269.790290	-0.175450
270.480291	-0.147820
271.170292	-0.121190
271.860292	-0.096130
272.550293	-0.073370
273.240294	-0.053220
273.930295	-0.035560
274.620295	-0.020270
275.310296	-0.007100
276.000297	0.004720
276.690298	0.016450
277.380298	0.029180
278.070299	0.043280
278.760300	0.058630
279.450301	0.074890
280.140301	0.091380
280.830302	0.106970
281.520303	0.120430
282.210304	0.131170
282.900304	0.139240
283.590305	0.144760
284.280306	0.147700
284.970306	0.148270
285.660307	0.147330
286.350308	0.145910
287.040309	0.144400
287.730309	0.142540
288.420310	0.139810
289.110311	0.135810
289.800312	0.130290
290.490312	0.123210
291.180313	0.114800
291.870314	0.105730
292.560315	0.097390
293.250315	0.091480
293.940316	0.089000
294.630317	0.089930
295.320318	0.093930
296.010318	0.100710
296.700319	0.109650
297.390320	0.119120
298.080321	0.126880
298.770321	0.131410
299.460322	0.132130
300.150323	0.128940
300.840324	0.122170
301.530324	0.112890
302.220325	0.102990
302.910326	0.094630
303.600327	0.089380
304.290327	0.087840
304.980328	0.089950
305.670329	0.095600
306.360329	0.104730
307.050330	0.117020
307.740331	0.131320
308.430332	0.145710
309.120332	0.158290
309.810333	0.167850
310.500334	0.173860
311.190335	0.176260
311.880335	0.175180
312.570336	0.170880
313.260337	0.163830
313.950338	0.154790
314.640338	0.144640
315.330339	0.134020
316.020340	0.123260
316.710341	0.112440
317.400341	0.101580
318.090342	0.090840
318.780343	0.080550
319.470344	0.071110
320.160344	0.062920
320.850345	0.056140
321.540346	0.050570
322.230347	0.045540
322.920347	0.040100
323.610348	0.033290
324.300349	0.024440
324.990350	0.013260
325.680350	0.000040
326.370351	-0.014120
327.060352	-0.027320
327.750352	-0.037600
328.440353	-0.043940
329.130354	-0.046340
329.820355	-0.045060
330.510355	-0.040230
331.200356	-0.032260
331.890357	-0.022590
332.580358	-0.013600
333.270358	-0.007190
333.960359	-0.004170
334.650360	-0.004630
335.340361	-0.008190
336.030361	-0.013690
336.720362	-0.019080
337.410363	-0.022150
338.100364	-0.021500
338.790364	-0.016660
339.480365	-0.007620
340.170366	0.005580
340.860367	0.022760
341.550367	0.043080
342.240368	0.064610
342.930369	0.084950
343.620370	0.102480
344.310370	0.116630
345.000371	0.127310
345.690372	0.134460
346.380373	0.138150
347.070373	0.138860
347.760374	0.137380
348.450375	0.134410
349.140375	0.130370
349.830376	0.125520
350.520377	0.120260
351.210378	0.115180
351.900378	0.110960
352.590379	0.108210
353.280380	0.107210
353.970381	0.107750
354.660381	0.109090
355.350382	0.110030
356.040383	0.109360
356.730384	0.106190
357.420384	0.100030
358.110385	0.090670
358.800386	0.078050
359.490387	0.062310
360.180387	0.043660
360.870388	0.022370
361.560389	-0.001300
362.250390	-0.027080
362.940390	-0.054620
363.630391	-0.083260
364.320392	-0.111380
365.010393	-0.134790
365.700393	-0.148330
366.390394	-0.154510
367.080395	-0.159730
367.770396	-0.165700
368.460396	-0.172800
369.150397	-0.180650
369.840398	-0.182590
370.530399	-0.170860
371.220399	-0.148910
371.910400	-0.123390
372.600401	-0.098040
373.290401	-0.075140
373.980402	-0.056430
374.670403	-0.042800
375.360404	-0.034100
376.050404	-0.029690
376.740405	-0.029210
377.430406	-0.032820
378.120407	-0.040860
378.810407	-0.053230
379.500408	-0.069180
380.190409	-0.087960
380.880410	-0.109290
381.570410	-0.133210
382.260411	-0.159580
382.950412	-0.187680
383.640413	-0.216140
384.330413	-0.243470
385.020414	-0.268520
385.710415	-0.290680
386.400416	-0.309740
387.090416	-0.326020
387.780417	-0.340570
388.470418	-0.354740
389.160419	-0.369210
389.850419	-0.383450
390.540420	-0.396370
391.230421	-0.407180
391.920422	-0.415540
392.610422	-0.421170
393.300423	-0.423900
393.990424	-0.423830
394.680424	-0.421240
395.370425	-0.416050
396.060426	-0.407570
396.750427	-0.394850
397.440427	-0.377220
398.130428	-0.354580
398.820429	-0.327200
399.510430	-0.295330
400.200430	-0.259100
400.890431	-0.218810
401.580432	-0.175510
402.270433	-0.131260
402.960433	-0.088420
403.650434	-0.048780
404.340435	-0.013390
405.030436	0.017080
405.720436	0.042040
406.410437	0.061100
407.100438	0.074280
407.790439	0.082000
408.480439	0.084750
409.170440	0.082910
409.860441	0.076860
410.550442	0.067480
411.240442	0.056410
411.930443	0.045650
412.620444	0.036660
413.310445	0.030130
414.000445	0.026270
414.690446	0.025080
415.380447	0.026610
416.070447	0.030980
416.760448	0.038360
417.450449	0.048900
418.140450	0.062660
418.830450	0.079490
419.520451	0.098840
420.210452	0.119430
420.900453	0.139350
421.590453	0.156770
422.280454	0.170670
422.970455	0.180840
423.660456	0.187290
424.350456	0.190000
425.040457	0.189100
425.730458	0.185230
426.420459	0.179460
427.110459	0.172760
427.800460	0.165550
428.490461	0.157940
429.180462	0.150050
429.870462	0.142380
430.560463	0.135810
431.250464	0.131280
431.940465	0.129410
432.630465	0.130450
433.320466	0.134150
434.010467	0.139630
434.700468	0.145370
435.390468	0.149760
436.080469	0.151720
436.770470	0.151200
437.460470	0.149480
438.150471	0.148600
438.840472	0.150040
439.530473	0.154220
440.220473	0.161210
440.910474	0.171100
441.600475	0.183600
442.290476	0.197430
442.980476	0.210780
443.670477	0.222530
444.360478	0.232510
445.050479	0.241160
445.740479	0.249070
446.430480	0.256590
447.120481	0.263610
447.810482	0.269510
448.500482	0.273430
449.190483	0.274680
449.880484	0.272990
450.570485	0.268290
451.260485	0.260720
451.950486	0.250560
452.640487	0.238190
453.330488	0.223870
454.020488	0.207680
454.710489	0.189620
455.400490	0.169990
456.090491	0.149670
456.780491	0.130090
457.470492	0.112640
458.160493	0.098130
458.850493	0.086820
459.540494	0.078540
460.230495	0.072640
460.920496	0.067860
461.610496	0.062590
462.300497	0.055610
462.990498	0.046450
463.680499	0.035260
464.370499	0.022640
465.060500	0.009320
465.750501	-0.004090
466.440502	-0.017340
467.130502	-0.031020
467.820503	-0.048020
468.510504	-0.075060
469.200505	-0.114220
469.890505	-0.156290
470.580506	-0.196430
471.270507	-0.235090
471.960508	-0.272270
472.650508	-0.310360
473.340509	-0.357220
474.030510	-0.414240
474.720511	-0.475890
475.410511	-0.538910
476.100512	-0.602210
476.790513	-0.664930
477.480514	-0.723910
478.170514	-0.765780
478.860515	-0.762190
479.550516	-0.725930
480.240516	-0.702910
480.930517	-0.693700
481.620518	-0.688670
482.310519	-0.684710
483.000519	-0.679030
483.690520	-0.664860
484.380521	-0.643360
485.070522	-0.621660
485.760522	-0.599340
486.450523	-0.569350
487.140524	-0.532930
487.830525	-0.497340
488.520525	-0.463920
489.210526	-0.432900
489.900527	-0.405950
490.590528	-0.378020
491.280528	-0.337830
491.970529	-0.291910
492.660530	-0.247600
493.350531	-0.205990
494.040531	-0.166430
494.730532	-0.128050
495.420533	-0.090080
496.110534	-0.052110
496.800534	-0.014270
497.490535	0.022620
498.180536	0.057320
498.870537	0.088450
499.560537	0.114590
500.250538	0.134870
500.940539	0.151480
501.630539	0.168460
502.320540	0.186470
503.010541	0.204620
503.700542	0.223050
504.390542	0.242470
505.080543	0.261990
505.770544	0.279290
506.460545	0.294140
507.150545	0.307770
507.840546	0.321420
508.530547	0.335810
509.220548	0.350430
509.910548	0.361630
510.600549	0.363830
511.290550	0.359060
511.980551	0.353530
512.670551	0.348910
513.360552	0.345110
514.050553	0.341050
514.740554	0.330690
515.430554	0.309290
516.120555	0.283640
516.810556	0.260570
517.500557	0.241750
518.190557	0.226850
518.880558	0.215440
519.570559	0.207590
520.260560	0.203720
520.950560	0.203800
521.640561	0.207060
522.330562	0.212790
523.020563	0.220850
523.710563	0.231440
524.400564	0.244610
525.090565	0.260030
525.780565	0.276750
526.470566	0.292840
527.160567	0.304540
527.850568	0.306000
528.540568	0.294930
529.230569	0.278610
529.920570	0.263060
530.610571	0.248060
531.300571	0.231930
531.990572	0.214590
532.680573	0.200110
533.370574	0.192840
534.060574	0.192090
534.750575	0.195700
535.440576	0.202070
536.130577	0.209620
536.820577	0.216510
537.510578	0.221240
538.200579	0.222950
538.890580	0.221190
539.580580	0.215580
540.270581	0.205740
540.960582	0.191560
541.650583	0.173240
542.340583	0.151160
543.030584	0.125860
543.720585	0.099720
544.410586	0.081890
545.100586	0.082380
545.790587	0.088080
546.480588	0.088560
547.170588	0.085350
547.860589	0.078430
548.550590	0.068760
549.240591	0.069190
549.930591	0.083320
550.620592	0.100330
551.310593	0.115190
552.000594	0.127050
552.690594	0.135920
553.380595	0.142010
554.070596	0.145560
554.760597	0.146980
555.450597	0.146850
556.140598	0.145950
556.830599	0.145110
557.520600	0.145040
558.210600	0.146130
558.900601	0.148460
559.590602	0.151770
560.280603	0.155560
560.970603	0.159150
561.660604	0.161790
562.350605	0.162800
563.040606	0.161760
563.730606	0.158520
564.420607	0.153260
565.110608	0.146500
565.800609	0.139090
566.490609	0.131950
567.180610	0.125810
567.870611	0.121070
568.560611	0.117780
569.250612	0.115760
569.940613	0.114850
570.630614	0.115040
571.320614	0.116540
572.010615	0.119620
572.700616	0.124400
573.390617	0.130720
574.080617	0.138000
574.770618	0.145360
575.460619	0.151830
576.150620	0.156620
576.840620	0.159300
577.530621	0.159750
578.220622	0.158120
578.910623	0.154770
579.600623	0.150300
580.290624	0.145560
580.980625	0.141750
581.670626	0.140260
582.360626	0.142160
583.050627	0.147760
583.740628	0.156900
584.430629	0.169250
585.120629	0.184290
585.810630	0.200790
586.500631	0.216800
587.190632	0.230400
587.880632	0.240430
588.570633	0.246400
589.260634	0.248170
589.950634	0.245910
590.640635	0.240120
591.330636	0.231610
592.020637	0.221310
592.710637	0.210060
593.400638	0.198430
594.090639	0.186620
594.780640	0.174570
595.470640	0.162310
596.160641	0.150250
596.850642	0.139270
597.540643	0.130270
598.230643	0.123830
598.920644	0.120180
599.610645	0.119230
600.300646	0.120480
600.990646	0.123020
601.680647	0.125880
602.370648	0.128580
603.060649	0.131350
603.750649	0.134840
604.440650	0.139690
605.130651	0.146120
605.820652	0.153700
606.510652	0.161340
607.200653	0.167600
607.890654	0.171320
608.580655	0.171880
609.270655	0.169150
609.960656	0.163460
610.650657	0.155680
611.340657	0.147140
612.030658	0.139140
612.720659	0.132400
613.410660	0.126930
614.100660	0.122070
614.790661	0.116730
615.480662	0.109880
616.170663	0.101710
616.860663	0.095460
617.550664	0.093530
618.240665	0.093290
618.930666	0.092790
619.620666	0.091600
620.310667	0.089960
621.000668	0.091460
621.690669	0.102820
622.380669	0.121310
623.070670	0.134010
623.760671	0.136450
624.450672	0.134650
625.140672	0.132700
625.830673	0.131470
626.520674	0.131550
627.210675	0.131390
627.900675	0.123540
628.590676	0.105580
629.280677	0.083980
629.970678	0.063300
630.660678	0.045000
631.350679	0.029530
632.040680	0.016520
632.730680	0.003010
633.420681	-0.017420
634.110682	-0.044950
634.800683	-0.073160
635.490683	-0.100030
636.180684	-0.125230
636.870685	-0.148760
637.560686	-0.176610
638.250686	-0.219750
638.940687	-0.276710
639.630688	-0.334260
640.320689	-0.375550
641.010689	-0.396160
641.700690	-0.413180
642.390691	-0.434590
643.080692	-0.458970
643.770692	-0.486190
644.460693	-0.516910
645.150694	-0.542190
645.840695	-0.546540
646.530695	-0.531870
647.220696	-0.503680
647.910697	-0.464970
648.600698	-0.421780
649.290698	-0.378060
649.980699	-0.334690
650.670700	-0.291700
651.360701	-0.247620
652.050701	-0.198340
652.740702	-0.143660
653.430703	-0.088680
654.120703	-0.037120
654.810704	0.007260
655.500705	0.035080
656.190706	0.038820
656.880706	0.035040
657.570707	0.036980
658.260708	0.042430
658.950709	0.049110
659.640709	0.055840
660.330710	0.058140
661.020711	0.055010
661.710712	0.052240
662.400712	0.053040
663.090713	0.058210
663.780714	0.067890
664.470715	0.081950
665.160715	0.100080
665.850716	0.121880
666.540717	0.146820
667.230718	0.174010
667.920718	0.202090
668.610719	0.229510
669.300720	0.254880
669.990721	0.276740
670.680721	0.292360
671.370722	0.297640
672.060723	0.293340
672.750724	0.286270
673.440724	0.279630
674.130725	0.273250
674.820726	0.266340
675.510727	0.256400
676.200727	0.241410
676.890728	0.224790
677.580729	0.210600
678.270729	0.200060
678.960730	0.193150
679.650731	0.189580
680.340732	0.188570
681.030732	0.188110
681.720733	0.184710
682.410734	0.176060
683.100735	0.163100
683.790735	0.147510
684.480736	0.129750
685.170737	0.109090
685.860738	0.083340
686.550738	0.049790
687.240739	0.008210
687.930740	-0.039420
688.620741	-0.091570
689.310741	-0.147770
690.000742	-0.208230
690.690743	-0.273190
691.380744	-0.339820
692.070744	-0.397800
692.760745	-0.448720
693.450746	-0.502070
694.140747	-0.557920
694.830747	-0.616560
695.520748	-0.681060
696.210749	-0.748600
696.900750	-0.796820
697.590750	-0.817620
698.280751	-0.821240
698.970752	-0.801020
699.660752	-0.761810
700.350753	-0.724440
701.040754	-0.692660
701.730755	-0.663430
702.420755	-0.635830
703.110756	-0.611440
703.800757	-0.585720
704.490758	-0.546360
705.180758	-0.504260
705.870759	-0.465000
706.560760	-0.427730
707.250761	-0.391500
707.940761	-0.356090
708.630762	-0.323120
709.320763	-0.296030
710.010764	-0.275730
710.700764	-0.259190
711.390765	-0.243710
712.080766	-0.229670
712.770767	-0.220440
713.460767	-0.216320
714.150768	-0.212930
714.840769	-0.208510
715.530770	-0.203590
716.220770	-0.199060
716.910771	-0.195980
717.600772	-0.193640
718.290773	-0.190390
718.980773	-0.186230
719.670774	-0.181700
720.360775	-0.176880
721.050775	-0.171400
721.740776	-0.164700
722.430777	-0.156370
723.120778	-0.146360
723.810778	-0.135130
724.500779	-0.123680
725.190780	-0.113270
725.880781	-0.103940
726.570781	-0.093100
727.260782	-0.079630
727.950783	-0.065280
728.640784	-0.051300
729.330784	-0.038350
730.020785	-0.024990
730.710786	-0.005200
731.400787	0.022370
732.090787	0.051000
732.780788	0.076280
733.470789	0.097130
734.160790	0.113790
734.850790	0.126670
735.540791	0.136000
736.230792	0.142090
736.920793	0.145860
737.610793	0.149090
738.300794	0.153540
738.990795	0.159570
739.680796	0.164770
740.370796	0.165970
741.060797	0.164110
741.750798	0.161560
742.440798	0.158960
743.130799	0.155600
743.820800	0.149980
744.510801	0.142490
745.200801	0.136480
745.890802	0.133860
746.580803	0.134560
747.270804	0.138030
747.960804	0.143840
748.650805	0.151710
749.340806	0.161420
750.030807	0.172670
750.720807	0.184940
751.410808	0.197520
752.100809	0.209610
752.790810	0.220550
753.480810	0.229910
754.170811	0.237440
754.860812	0.242870
755.550813	0.245780
756.240813	0.245740
756.930814	0.242560
757.620815	0.236270
758.310816	0.226930
759.000816	0.214660
759.690817	0.199920
760.380818	0.183630
761.070819	0.166760
761.760819	0.150010
762.450820	0.133730
763.140821	0.118170
763.830821	0.103670
764.520822	0.090700
765.210823	0.079790
765.900824	0.071350
766.590824	0.065550
767.280825	0.062410
767.970826	0.061730
768.660827	0.063130
769.350827	0.066120
770.040828	0.070130
770.730829	0.074590
771.420830	0.078870
772.110830	0.082380
772.800831	0.084720
773.490832	0.085880
774.180833	0.086410
774.870833	0.087160
775.560834	0.089020
776.250835	0.092450
776.940836	0.097310
777.630836	0.102970
778.320837	0.108490
779.010838	0.113070
779.700839	0.116400
780.390839	0.118650
781.080840	0.120250
781.770841	0.121480
782.460842	0.122230
783.150842	0.122020
783.840843	0.120370
784.530844	0.117020
785.220844	0.112160
785.910845	0.106370
786.600846	0.100500
787.290847	0.095410
787.980847	0.091660
788.670848	0.089420
789.360849	0.088590
790.050850	0.088960
790.740850	0.090330
791.430851	0.092590
792.120852	0.095710
792.810853	0.099630
793.500853	0.104200
794.190854	0.109140
794.880855	0.114010
795.570856	0.118320
796.260856	0.121540
796.950857	0.123250
797.640858	0.123130
798.330859	0.121030
799.020859	0.117000
799.710860	0.111340
800.400861	0.104670
801.090862	0.097910
801.780862	0.092090
802.470863	0.088130
803.160864	0.086690
803.850865	0.088190
804.540865	0.092820
805.230866	0.100550
805.920867	0.111160
806.610868	0.124260
807.300868	0.139330
807.990869	0.155840
808.680870	0.173290
809.370870	0.191230
810.060871	0.209230
810.750872	0.226740
811.440873	0.242990
812.130873	0.257180
812.820874	0.268630
813.510875	0.276830
814.200876	0.281350
814.890876	0.281880
815.580877	0.278230
816.270878	0.270440
816.960879	0.258710
817.650879	0.243350
818.340880	0.224650
819.030881	0.203000
819.720882	0.178950
820.410882	0.153500
821.100883	0.128600
821.790884	0.107140
822.480885	0.090690
823.170885	0.077880
823.860886	0.066960
824.550887	0.057380
825.240888	0.049720
825.930888	0.045820
826.620889	0.047180
827.310890	0.052650
828.000891	0.060270
828.690891	0.069240
829.380892	0.079610
830.070893	0.091620
830.760893	0.105360
831.450894	0.120710
832.140895	0.137350
832.830896	0.154750
833.520896	0.172260
834.210897	0.189190
834.900898	0.204770
835.590899	0.218350
836.280899	0.229390
836.970900	0.237540
837.660901	0.242710
838.350902	0.245150
839.040902	0.245630
839.730903	0.245520
840.420904	0.246410
841.110905	0.249550
841.800905	0.255430
842.490906	0.263620
843.180907	0.272880
843.870908	0.281470
844.560908	0.287930
845.250909	0.291340
845.940910	0.291230
846.630911	0.287420
847.320911	0.280190
848.010912	0.270540
848.700913	0.259980
849.390914	0.250120
850.080914	0.242190
850.770915	0.236970
851.460916	0.234910
852.150916	0.236320
852.840917	0.241360
853.530918	0.249780
854.220919	0.259700
854.910919	0.265330
855.600920	0.262230
856.290921	0.255830
856.980922	0.250160
857.670922	0.245800
858.360923	0.245100
859.050924	0.246800
859.740925	0.231140
860.430925	0.188240
861.120926	0.130480
861.810927	0.066010
862.500928	-0.002570
863.190928	-0.074120
863.880929	-0.147170
864.570930	-0.219440
865.260931	-0.288740
865.950931	-0.354070
866.640932	-0.415240
867.330933	-0.472210
868.020934	-0.524990
868.710934	-0.573940
869.400935	-0.619810
870.090936	-0.662920
870.780937	-0.700940
871.470937	-0.728190
872.160938	-0.745530
872.850939	-0.761760
873.540939	-0.779760
874.230940	-0.799020
874.920941	-0.820010
875.610942	-0.839960
876.300942	-0.849400
876.990943	-0.846300
877.680944	-0.835690
878.370945	-0.820620
879.060945	-0.802710
879.750946	-0.785120
880.440947	-0.772030
881.130948	-0.763080
881.820948	-0.755210
882.510949	-0.747510
883.200950	-0.740460
883.890951	-0.735350
884.580951	-0.734110
885.270952	-0.728580
885.960953	-0.695640
886.650954	-0.652610
887.340954	-0.614300
888.030955	-0.579340
888.720956	-0.548590
889.410957	-0.527640
890.100957	-0.513490
890.790958	-0.471200
891.480959	-0.386390
892.170960	-0.287490
892.860960	-0.204490
893.550961	-0.159820
894.240962	-0.133990
894.930962	-0.101470
895.620963	-0.062080
896.310964	-0.017410
897.000965	0.038300
897.690965	0.100730
898.380966	0.132370
899.070967	0.133790
899.760968	0.129490
900.450968	0.127940
901.140969	0.130490
901.830970	0.136940
902.520971	0.146750
903.210971	0.158990
903.900972	0.172270
904.590973	0.184890
905.280974	0.195410
905.970974	0.202960
906.660975	0.207150
907.350976	0.207880
908.040977	0.205260
908.730977	0.199470
909.420978	0.190780
910.110979	0.179850
910.800980	0.168110
911.490980	0.157700
912.180981	0.150160
912.870982	0.145800
913.560983	0.144490
914.250983	0.146230
914.940984	0.150650
915.630985	0.155880
916.320985	0.159370
917.010986	0.159790
917.700987	0.156920
918.390988	0.150560
919.080988	0.140470
919.770989	0.126960
920.460990	0.111380
921.150991	0.095290
921.840991	0.079230
922.530992	0.060790
923.220993	0.030320
923.910994	-0.021190
924.600994	-0.078990
925.290995	-0.131360
925.980996	-0.179920
926.670997	-0.224720
927.360997	-0.265090
928.050998	-0.313450
928.740999	-0.383190
929.431000	-0.466460
930.121000	-0.554470
930.811001	-0.643720
931.501002	-0.728370
932.191003	-0.782590
932.881003	-0.763840
933.571004	-0.723020
934.261005	-0.714260
934.951006	-0.722340
935.641006	-0.737780
936.331007	-0.763180
937.021008	-0.785160
937.711008	-0.778510
938.401009	-0.757840
939.091010	-0.737640
939.781011	-0.720730
940.471011	-0.705160
941.161012	-0.684150
941.851013	-0.651690
942.541014	-0.614060
943.231014	-0.578200
943.921015	-0.544210
944.611016	-0.510610
945.301017	-0.476240
945.991017	-0.439510
946.681018	-0.401460
947.371019	-0.364340
948.061020	-0.327580
948.751020	-0.289360
949.441021	-0.246520
950.131022	-0.200900
950.821023	-0.168760
951.511023	-0.155380
952.201024	-0.148540
952.891025	-0.140880
953.581026	-0.130510
954.271026	-0.117300
954.961027	-0.101770
955.651028	-0.084850
956.341029	-0.067770
957.031029	-0.051690
957.721030	-0.037310
958.411031	-0.024690
959.101032	-0.013220
959.791032	-0.001940
960.481033	0.010130
961.171034	0.023500
961.861034	0.038220
962.551035	0.053930
963.241036	0.070090
963.931037	0.086070
964.621037	0.101030
965.311038	0.113980
966.001039	0.124300
966.691040	0.131970
967.381040	0.137350
968.071041	0.140780
968.761042	0.142790
969.451043	0.144470
970.141043	0.147040
970.831044	0.150810
971.521045	0.154970
972.211046	0.158210
972.901046	0.159420
973.591047	0.157930
974.281048	0.153600
974.971049	0.146960
975.661049	0.139410
976.351050	0.133120
977.041051	0.129960
977.731052	0.130600
978.421052	0.134820
979.111053	0.142360
979.801054	0.153140
980.491055	0.166780
981.181055	0.181830
981.871056	0.196270
982.561057	0.208670
983.251057	0.218620
983.941058	0.226300
984.631059	0.232090
985.321060	0.236270
986.011060	0.238880
986.701061	0.239840
987.391062	0.239220
988.081063	0.237360
988.771063	0.234950
989.461064	0.232840
990.151065	0.231840
990.841066	0.232510
991.531066	0.235120
992.221067	0.239710
992.911068	0.246130
993.601069	0.254070
994.291069	0.263010
994.981070	0.272310
995.671071	0.281230
996.361072	0.289160
997.051072	0.295630
997.741073	0.300330
998.431074	0.303050
999.121075	0.303610
999.811075	0.301830
1000.501076	0.297590
1001.191077	0.290770
1001.881078	0.281300
1002.571078	0.269150
1003.261079	0.254560
1003.951080	0.239400
1004.641080	0.231260
1005.331081	0.239600
1006.021082	0.254070
1006.711083	0.263990
1007.401083	0.270730
1008.091084	0.276010
1008.781085	0.281720
1009.471086	0.292890
1010.161086	0.307950
1010.851087	0.320990
1011.541088	0.330250
1012.231089	0.335820
1012.921089	0.338040
1013.611090	0.337320
1014.301091	0.334190
1014.991092	0.329340
1015.681092	0.323700
1016.371093	0.318190
1017.061094	0.313520
1017.751095	0.309940
1018.441095	0.307130
1019.131096	0.304280
1019.821097	0.300390
1020.511098	0.294550
1021.201098	0.286110
1021.891099	0.274790
1022.581100	0.260680
1023.271101	0.244610
1023.961101	0.228420
1024.651102	0.214240
1025.341103	0.203120
1026.031103	0.194980
1026.721104	0.189610
1027.411105	0.187160
1028.101106	0.187730
1028.791106	0.190370
1029.481107	0.193070
1030.171108	0.194130
1030.861109	0.192930
1031.551109	0.189550
1032.241110	0.184520
1032.931111	0.178600
1033.621112	0.172780
1034.311112	0.168040
1035.001113	0.165150
1035.691114	0.164480
1036.381115	0.165990
1037.071115	0.169120
1037.761116	0.172830
1038.451117	0.175740
1039.141118	0.176610
1039.831118	0.174650
1040.521119	0.169540
1041.211120	0.161400
1041.901121	0.150740
1042.591121	0.138550
1043.281122	0.126180
1043.971123	0.114970
1044.661124	0.105890
1045.351124	0.099360
1046.041125	0.095340
1046.731126	0.093320
1047.421126	0.092460
1048.111127	0.091740
1048.801128	0.090390
1049.491129	0.088110
1050.181129	0.085210
1050.871130	0.082350
1051.561131	0.080220
1052.251132	0.079100
1052.941132	0.078700
1053.631133	0.078240
1054.321134	0.076850
1055.011135	0.073970
1055.701135	0.069620
1056.391136	0.064410
1057.081137	0.059150
1057.771138	0.054250
1058.461138	0.049440
1059.151139	0.044080
1059.841140	0.037860
1060.531141	0.030900
1061.221141	0.023710
1061.911142	0.016980
