0.000000	0.160820
0.690008	0.177510
1.380015	0.197000
2.070023	0.218470
2.760030	0.238790
3.450038	0.255420
4.140046	0.268200
4.830053	0.278310
5.520061	0.287130
6.210068	0.295620
6.900076	0.303880
7.590084	0.311050
8.280091	0.315850
8.970099	0.317150
9.660107	0.314390
10.350114	0.307630
11.040122	0.297510
11.730129	0.285200
12.420137	0.272010
13.110145	0.258930
13.800152	0.246360
14.490160	0.234170
15.180167	0.222130
15.870175	0.210130
16.560183	0.198320
17.250190	0.186940
17.940198	0.176110
18.630205	0.165600
19.320213	0.154820
20.010221	0.143030
20.700228	0.129790
21.390236	0.115280
22.080243	0.100530
22.770251	0.087110
23.460259	0.076490
24.150266	0.069600
24.840274	0.066690
25.530282	0.067330
26.220289	0.070400
26.910297	0.074310
27.600304	0.077520
28.290312	0.078950
28.980320	0.078130
29.670327	0.075160
30.360335	0.070550
31.050342	0.065150
31.740350	0.059890
32.430358	0.055660
33.120365	0.053010
33.810373	0.052120
34.500380	0.052720
35.190388	0.054250
35.880396	0.056120
36.570403	0.058100
37.260411	0.060610
37.950418	0.064640
38.640426	0.071330
39.330434	0.081520
40.020441	0.095480
40.710449	0.112760
41.400457	0.132050
42.090464	0.151240
42.780472	0.167910
43.470479	0.180100
44.160487	0.186710
44.850495	0.187420
45.540502	0.182360
46.230510	0.172100
46.920517	0.157990
47.610525	0.142560
48.300533	0.129210
48.990540	0.121200
49.680548	0.120630
50.370555	0.128110
51.060563	0.143290
51.750571	0.165710
52.440578	0.195050
53.130586	0.230950
53.820593	0.272280
54.510601	0.316900
55.200609	0.361890
55.890616	0.402880
56.580624	0.430270
57.270632	0.430430
57.960639	0.410440
58.650647	0.391280
59.340654	0.376960
60.030662	0.364910
60.720670	0.353290
61.410677	0.335760
62.100685	0.307190
62.790692	0.274790
63.480700	0.244720
64.170708	0.217730
64.860715	0.192680
65.550723	0.168220
66.240730	0.143980
66.930738	0.122470
67.620746	0.106350
68.310753	0.093720
69.000761	0.081940
69.690768	0.069850
70.380776	0.057910
71.070784	0.051160
71.760791	0.055520
72.450799	0.067870
73.140807	0.082460
73.830814	0.096890
74.520822	0.110420
75.210829	0.121780
75.900837	0.128210
76.590845	0.126990
77.280852	0.118620
77.970860	0.105520
78.660867	0.089020
79.350875	0.068710
80.040883	0.043010
80.730890	0.012050
81.420898	-0.019310
82.110905	-0.045000
82.800913	-0.062180
83.490921	-0.070550
84.180928	-0.070490
84.870936	-0.062060
85.560943	-0.044960
86.250951	-0.019730
86.940959	0.009460
87.630966	0.035480
88.320974	0.055990
89.010982	0.073380
89.700989	0.089160
90.390997	0.102860
91.081004	0.112630
91.771012	0.118700
92.461020	0.125850
93.151027	0.137840
93.841035	0.154660
94.531042	0.174560
95.221050	0.195370
95.911058	0.215130
96.601065	0.232440
97.291073	0.246610
97.981080	0.257420
98.671088	0.264720
99.361096	0.268280
100.051103	0.268020
100.741111	0.265390
101.431118	0.264200
102.121126	0.267260
102.811134	0.273720
103.501141	0.282290
104.191149	0.293110
104.881157	0.307180
105.571164	0.321930
106.261172	0.327120
106.951179	0.326290
107.641187	0.326190
108.331195	0.327740
109.021202	0.332610
109.711210	0.339500
110.401217	0.335450
111.091225	0.315980
111.781233	0.292650
112.471240	0.270110
113.161248	0.246370
113.851255	0.219000
114.541263	0.187190
115.231271	0.151130
115.921278	0.110640
116.611286	0.064970
117.301293	0.014000
117.991301	-0.040190
118.681309	-0.093920
119.371316	-0.143350
120.061324	-0.185320
120.751332	-0.218410
121.441339	-0.243330
122.131347	-0.261460
122.821354	-0.273140
123.511362	-0.277600
124.201370	-0.275070
124.891377	-0.272450
125.581385	-0.276650
126.271392	-0.283970
126.961400	-0.291170
127.651408	-0.296570
128.341415	-0.299490
129.031423	-0.309210
129.721430	-0.341900
130.411438	-0.395880
131.101446	-0.461460
131.791453	-0.534610
132.481461	-0.614820
133.171468	-0.700220
133.861476	-0.779300
134.551484	-0.841990
135.241491	-0.900950
135.931499	-0.964400
136.621507	-1.042190
137.311514	-1.159520
138.001522	-1.295950
138.691529	-1.333440
139.381537	-1.281090
140.071545	-1.201310
140.761552	-1.113070
141.451560	-1.018990
142.141567	-0.918930
142.831575	-0.812490
143.521583	-0.700470
144.211590	-0.592090
144.901598	-0.514130
145.591605	-0.462720
146.281613	-0.404550
146.971621	-0.336870
147.661628	-0.256820
148.351636	-0.151360
149.041643	-0.050220
149.731651	-0.018480
150.421659	-0.030550
151.111666	-0.050630
151.801674	-0.068520
152.491682	-0.082240
153.181689	-0.091320
153.871697	-0.095730
154.561704	-0.096830
155.251712	-0.103730
155.941720	-0.144610
156.631727	-0.223570
157.321735	-0.296510
158.011742	-0.356180
158.701750	-0.405880
159.391758	-0.434760
160.081765	-0.451210
160.771773	-0.522410
161.461780	-0.648170
162.151788	-0.788010
162.841796	-0.927190
163.531803	-1.062450
164.221811	-1.191980
164.911818	-1.310200
165.601826	-1.393710
166.291834	-1.378040
166.981841	-1.238480
167.671849	-1.095620
168.361857	-1.000230
169.051864	-0.925920
169.741872	-0.856090
170.431879	-0.783290
171.121887	-0.698850
171.811895	-0.607990
172.501902	-0.516800
173.191910	-0.426660
173.881917	-0.340940
174.571925	-0.268340
175.261933	-0.215410
175.951940	-0.178300
176.641948	-0.148830
177.331955	-0.121180
178.021963	-0.092460
178.711971	-0.061710
179.401978	-0.029210
180.091986	0.004030
180.781993	0.036660
181.472001	0.067450
182.162009	0.095510
182.852016	0.119380
183.542024	0.135590
184.232032	0.142850
184.922039	0.146620
185.612047	0.150710
186.302054	0.155640
186.992062	0.161030
187.682070	0.163310
188.372077	0.157250
189.062085	0.146620
189.752092	0.138360
190.442100	0.135190
191.132108	0.137590
191.822115	0.145590
192.512123	0.159090
193.202130	0.177930
193.892138	0.201730
194.582146	0.229660
195.272153	0.259970
195.962161	0.289510
196.652168	0.313960
197.342176	0.330090
198.032184	0.337670
198.722191	0.338360
199.412199	0.333320
200.102207	0.322390
200.792214	0.304710
201.482222	0.280470
202.172229	0.252160
202.862237	0.222860
203.552245	0.194240
204.242252	0.166500
204.932260	0.139930
205.622267	0.117210
206.312275	0.101690
207.002283	0.090180
207.692290	0.078490
208.382298	0.065790
209.072305	0.052370
209.762313	0.040750
210.452321	0.035590
211.142328	0.035010
211.832336	0.032780
212.522343	0.026710
213.212351	0.019630
213.902359	0.019840
214.592366	0.033060
215.282374	0.052300
215.972382	0.070790
216.662389	0.088260
217.352397	0.106100
218.042404	0.125830
218.732412	0.147820
219.422420	0.169830
220.112427	0.191100
220.802435	0.211700
221.492442	0.229340
222.182450	0.238560
222.872458	0.238370
223.562465	0.234800
224.252473	0.232810
224.942480	0.234020
225.632488	0.238560
226.322496	0.245940
227.012503	0.255170
227.702511	0.264600
228.392518	0.272180
229.082526	0.275960
229.772534	0.274380
230.462541	0.266170
231.152549	0.251140
231.842557	0.233880
232.532564	0.223290
233.222572	0.218640
233.912579	0.214480
234.602587	0.209150
235.292595	0.202550
235.982602	0.199030
236.672610	0.207250
237.362617	0.222130
238.052625	0.232400
238.742633	0.234220
239.432640	0.227660
240.122648	0.213430
240.812655	0.191940
241.502663	0.163300
242.192671	0.127920
242.882678	0.087110
243.572686	0.043250
244.262693	0.000040
244.952701	-0.036870
245.642709	-0.062320
246.332716	-0.077580
247.022724	-0.087960
247.712732	-0.096230
248.402739	-0.102360
249.092747	-0.104230
249.782754	-0.098590
250.472762	-0.085690
251.162770	-0.069560
251.852777	-0.052250
252.542785	-0.033070
253.232792	-0.010620
253.922800	0.015890
254.612808	0.046450
255.302815	0.080040
255.992823	0.114370
256.682830	0.146440
257.372838	0.173670
258.062846	0.194570
258.752853	0.208530
259.442861	0.215380
260.132868	0.215300
260.822876	0.208920
261.512884	0.197460
262.202891	0.182660
262.892899	0.166610
263.582907	0.151380
264.272914	0.138640
264.962922	0.129400
265.652929	0.124070
266.342937	0.122430
267.032945	0.123670
267.722952	0.126510
268.412960	0.129440
269.102967	0.131160
269.792975	0.130960
270.482983	0.128680
271.172990	0.124640
271.862998	0.119210
272.553005	0.112630
273.243013	0.104730
273.933021	0.095070
274.623028	0.083020
275.313036	0.068060
276.003043	0.049840
276.693051	0.028360
277.383059	0.004350
278.073066	-0.020170
278.763074	-0.041940
279.453082	-0.058250
280.143089	-0.068510
280.833097	-0.073300
281.523104	-0.072810
282.213112	-0.066340
282.903120	-0.053150
283.593127	-0.034100
284.283135	-0.011930
284.973142	0.010520
285.663150	0.031650
286.353158	0.050950
287.043165	0.068590
287.733173	0.085150
288.423180	0.101330
289.113188	0.117700
289.803196	0.134470
290.493203	0.151470
291.183211	0.168320
291.873219	0.184670
292.563226	0.200440
293.253234	0.215720
293.943241	0.230520
294.633249	0.244370
295.323257	0.256190
296.013264	0.264670
296.703272	0.268740
297.393279	0.267720
298.083287	0.261220
298.773295	0.249030
299.463302	0.231180
300.153310	0.208030
300.843317	0.180460
301.533325	0.150480
302.223333	0.121960
302.913340	0.098800
303.603348	0.081600
304.293355	0.068780
304.983363	0.059450
305.673371	0.054350
306.363378	0.055530
307.053386	0.063910
307.743394	0.076690
308.433401	0.089730
309.123409	0.100270
309.813416	0.107080
310.503424	0.109680
311.193432	0.108060
311.883439	0.102720
312.573447	0.094770
313.263454	0.085940
313.953462	0.078210
314.643470	0.073300
315.333477	0.072310
316.023485	0.075750
316.713492	0.083740
317.403500	0.096120
318.093508	0.112620
318.783515	0.132870
319.473523	0.156420
320.163530	0.182780
320.853538	0.211330
321.543546	0.240960
322.233553	0.268940
322.923561	0.288740
323.613569	0.293350
324.303576	0.286640
324.993584	0.277420
325.683591	0.268200
326.373599	0.258040
327.063607	0.244410
327.753614	0.222000
328.443622	0.191590
329.133629	0.165130
329.823637	0.146480
330.513645	0.132720
331.203652	0.121730
331.893660	0.113280
332.583667	0.109900
333.273675	0.115520
333.963683	0.129090
334.653690	0.145260
335.343698	0.160550
336.033705	0.174090
336.723713	0.186100
337.413721	0.196950
338.103728	0.206770
338.793736	0.215430
339.483744	0.222530
340.173751	0.227670
340.863759	0.230540
341.553766	0.231060
342.243774	0.229370
342.933782	0.225870
343.623789	0.221250
344.313797	0.216520
345.003804	0.212930
345.693812	0.211710
346.383820	0.213800
347.073827	0.219530
347.763835	0.228200
348.453842	0.237770
349.143850	0.245440
349.833858	0.249020
350.523865	0.247550
351.213873	0.240680
351.903880	0.228140
352.593888	0.209800
353.283896	0.186190
353.973903	0.158470
354.663911	0.127940
355.353919	0.095880
356.043926	0.063680
356.733934	0.032960
357.423941	0.005350
358.113949	-0.017830
358.803957	-0.035720
359.493964	-0.047930
360.183972	-0.054740
360.873979	-0.057300
361.563987	-0.057800
362.253995	-0.058870
362.944002	-0.062650
363.634010	-0.070390
364.324017	-0.082640
365.014025	-0.099440
365.704033	-0.120830
366.394040	-0.148610
367.084048	-0.187650
367.774055	-0.236580
368.464063	-0.286940
369.154071	-0.335850
369.844078	-0.383180
370.534086	-0.428540
371.224094	-0.476840
371.914101	-0.539720
372.604109	-0.618210
373.294116	-0.704360
373.984124	-0.792630
374.674132	-0.874220
375.364139	-0.913020
376.054147	-0.851190
376.744154	-0.756290
377.434162	-0.704290
378.124170	-0.676070
378.814177	-0.655590
379.504185	-0.644470
380.194192	-0.641050
380.884200	-0.592070
381.574208	-0.504590
382.264215	-0.423050
382.954223	-0.348140
383.644230	-0.275820
384.334238	-0.203130
385.024246	-0.127130
385.714253	-0.051780
386.404261	0.004950
387.094269	0.036060
387.784276	0.053700
388.474284	0.067060
389.164291	0.078780
389.854299	0.089080
390.544307	0.097580
391.234314	0.103850
391.924322	0.107470
392.614329	0.107910
393.304337	0.104610
393.994345	0.097020
394.684352	0.084700
395.374360	0.067180
396.064367	0.043550
396.754375	0.010970
397.444383	-0.037820
398.134390	-0.107130
398.824398	-0.185130
399.514405	-0.261710
400.204413	-0.336630
400.894421	-0.411210
401.584428	-0.488100
402.274436	-0.572890
402.964444	-0.663160
403.654451	-0.749250
404.344459	-0.827040
405.034466	-0.896260
405.724474	-0.956550
406.414482	-1.005130
407.104489	-1.032300
407.794497	-1.017070
408.484504	-0.951770
409.174512	-0.870230
409.864520	-0.796670
410.554527	-0.730350
411.244535	-0.668190
411.934542	-0.611500
412.624550	-0.563110
413.314558	-0.521150
414.004565	-0.482170
414.694573	-0.443580
415.384580	-0.405770
416.074588	-0.374990
416.764596	-0.354060
417.454603	-0.335440
418.144611	-0.312500
418.834619	-0.283070
419.524626	-0.246820
420.214634	-0.203640
420.904641	-0.153170
421.594649	-0.095480
422.284657	-0.034830
422.974664	0.020730
423.664672	0.071460
424.354679	0.121560
425.044687	0.172100
425.734695	0.222650
426.424702	0.270720
427.114710	0.309870
427.804717	0.334080
428.494725	0.340910
429.184733	0.332730
429.874740	0.320170
430.564748	0.309010
431.254755	0.299530
431.944763	0.292000
432.634771	0.285340
433.324778	0.271500
434.014786	0.249280
434.704794	0.229120
435.394801	0.215440
436.084809	0.208130
436.774816	0.206070
437.464824	0.207720
438.154832	0.211070
438.844839	0.213820
439.534847	0.213830
440.224854	0.209500
440.914862	0.199800
441.604870	0.184240
442.294877	0.163880
442.984885	0.144610
443.674892	0.136190
444.364900	0.137030
445.054908	0.138820
445.744915	0.139370
446.434923	0.138960
447.124930	0.140230
447.814938	0.150920
448.504946	0.170240
449.194953	0.187420
449.884961	0.197520
450.574969	0.200360
451.264976	0.196770
451.954984	0.187780
452.644991	0.175020
453.334999	0.161000
454.025007	0.148220
454.715014	0.138010
455.405022	0.130240
456.095029	0.123770
456.785037	0.117190
457.475045	0.109460
458.165052	0.100390
458.855060	0.090830
459.545067	0.082520
460.235075	0.077530
460.925083	0.077600
461.615090	0.083780
462.305098	0.096500
462.995105	0.115660
463.685113	0.140020
464.375121	0.166460
465.065128	0.190710
465.755136	0.209960
466.445144	0.223490
467.135151	0.231160
467.825159	0.232260
468.515166	0.225930
469.205174	0.213010
469.895182	0.197680
470.585189	0.185640
471.275197	0.180360
471.965204	0.182280
472.655212	0.190860
473.345220	0.206020
474.035227	0.227950
474.725235	0.254870
475.415242	0.280830
476.105250	0.300040
476.795258	0.311970
477.485265	0.318350
478.175273	0.319880
478.865280	0.315290
479.555288	0.301910
480.245296	0.279160
480.935303	0.250810
481.625311	0.221540
482.315319	0.193840
483.005326	0.168240
483.695334	0.144310
484.385341	0.121360
485.075349	0.098910
485.765357	0.077050
486.455364	0.056540
487.145372	0.038540
487.835379	0.024230
488.525387	0.014530
489.215395	0.010030
489.905402	0.011000
490.595410	0.017480
491.285417	0.029200
491.975425	0.045430
492.665433	0.064630
493.355440	0.084410
494.045448	0.102010
494.735455	0.115430
495.425463	0.123750
496.115471	0.126850
496.805478	0.125210
497.495486	0.120200
498.185494	0.114220
498.875501	0.109890
499.565509	0.108930
500.255516	0.111690
500.945524	0.117260
501.635532	0.123490
502.325539	0.127450
503.015547	0.126500
503.705554	0.119280
504.395562	0.105570
505.085570	0.085480
505.775577	0.059120
506.465585	0.027070
507.155592	-0.008560
507.845600	-0.043540
508.535608	-0.072730
509.225615	-0.092760
509.915623	-0.103470
510.605630	-0.106530
511.295638	-0.103200
511.985646	-0.093470
512.675653	-0.076440
513.365661	-0.051900
514.055669	-0.021990
514.745676	0.009690
515.435684	0.040310
516.125691	0.068540
516.815699	0.093890
517.505707	0.116130
518.195714	0.135020
518.885722	0.150260
519.575729	0.161700
520.265737	0.169390
520.955745	0.173730
521.645752	0.175530
522.335760	0.175870
523.025767	0.175910
523.715775	0.176520
524.405783	0.177980
525.095790	0.179940
525.785798	0.181430
526.475805	0.181130
527.165813	0.177610
527.855821	0.169710
528.545828	0.157700
529.235836	0.145670
529.925844	0.139240
530.615851	0.137530
531.305859	0.137020
531.995866	0.136360
532.685874	0.136040
533.375882	0.140080
534.065889	0.153290
534.755897	0.172410
535.445904	0.191640
536.135912	0.208690
536.825920	0.223290
537.515927	0.235690
538.205935	0.246040
538.895942	0.254270
539.585950	0.260040
540.275958	0.262800
540.965965	0.262060
541.655973	0.257670
542.345980	0.249970
543.035988	0.239820
543.725996	0.228510
544.416003	0.217270
545.106011	0.206640
545.796019	0.196080
546.486026	0.184270
547.176034	0.169910
547.866041	0.152490
548.556049	0.132930
549.246057	0.113430
549.936064	0.096500
550.626072	0.083770
551.316079	0.076020
552.006087	0.073680
552.696095	0.076870
553.386102	0.085280
554.076110	0.098300
554.766117	0.115470
555.456125	0.136630
556.146133	0.161480
556.836140	0.188860
557.526148	0.215860
558.216155	0.238010
558.906163	0.252130
559.596171	0.258310
560.286178	0.258020
560.976186	0.251880
561.666194	0.239230
562.356201	0.219350
563.046209	0.193880
563.736216	0.167380
564.426224	0.144550
565.116232	0.128210
565.806239	0.117920
566.496247	0.107290
567.186254	0.090720
567.876262	0.071640
568.566270	0.053130
569.256277	0.034840
569.946285	0.013990
570.636292	-0.011080
571.326300	-0.032810
572.016308	-0.044790
572.706315	-0.047460
573.396323	-0.042310
574.086330	-0.030230
574.776338	-0.011870
575.466346	0.011800
576.156353	0.039220
576.846361	0.068050
577.536369	0.095380
578.226376	0.118600
578.916384	0.136100
579.606391	0.147300
580.296399	0.152410
580.986407	0.153040
581.676414	0.152630
582.366422	0.154930
583.056429	0.161950
583.746437	0.173520
584.436445	0.187860
585.126452	0.202530
585.816460	0.215590
586.506467	0.225840
587.196475	0.232430
587.886483	0.235340
588.576490	0.236340
589.266498	0.238440
589.956505	0.242970
590.646513	0.247400
591.336521	0.247570
592.026528	0.242110
592.716536	0.232330
593.406544	0.219210
594.096551	0.202350
594.786559	0.180790
595.476566	0.155180
596.166574	0.129170
596.856582	0.106770
597.546589	0.087430
598.236597	0.066140
598.926604	0.041500
599.616612	0.015810
600.306620	-0.009950
600.996627	-0.036250
601.686635	-0.064330
602.376642	-0.094990
603.066650	-0.126220
603.756658	-0.157250
604.446665	-0.188740
605.136673	-0.221440
605.826680	-0.253980
606.516688	-0.277540
607.206696	-0.288050
607.896703	-0.308350
608.586711	-0.341090
609.276719	-0.376420
609.966726	-0.411270
610.656734	-0.444870
611.346741	-0.476960
612.036749	-0.511930
612.726757	-0.556610
613.416764	-0.607120
614.106772	-0.657110
614.796779	-0.705010
615.486787	-0.750880
616.176795	-0.792460
616.866802	-0.814490
617.556810	-0.775000
618.246817	-0.674220
618.936825	-0.586020
619.626833	-0.522870
620.316840	-0.468650
621.006848	-0.417000
621.696855	-0.366480
622.386863	-0.300400
623.076871	-0.212750
623.766878	-0.128330
624.456886	-0.048750
625.146894	0.029070
625.836901	0.108310
626.526909	0.192910
627.216916	0.277670
627.906924	0.335800
628.596932	0.352010
629.286939	0.338830
629.976947	0.307010
630.666954	0.261050
631.356962	0.204720
632.046970	0.141270
632.736977	0.072210
633.426985	-0.002820
634.116992	-0.085150
634.807000	-0.174280
635.497008	-0.266270
636.187015	-0.356730
636.877023	-0.443440
637.567030	-0.525950
638.257038	-0.604640
638.947046	-0.680190
639.637053	-0.753110
640.327061	-0.821560
641.017069	-0.873290
641.707076	-0.883230
642.397084	-0.865210
643.087091	-0.855940
643.777099	-0.857050
644.467107	-0.868360
645.157114	-0.899200
645.847122	-0.929080
646.537129	-0.897920
647.227137	-0.810670
647.917145	-0.701060
648.607152	-0.583080
649.297160	-0.462960
649.987167	-0.356920
650.677175	-0.303480
651.367183	-0.296220
652.057190	-0.276770
652.747198	-0.239500
653.437205	-0.192470
654.127213	-0.130600
654.817221	-0.055120
655.507228	-0.019010
656.197236	-0.052150
656.887244	-0.112070
657.577251	-0.161420
658.267259	-0.182790
658.957266	-0.187700
659.647274	-0.193320
660.337282	-0.202580
661.027289	-0.213600
661.717297	-0.225110
662.407304	-0.232690
663.097312	-0.230510
663.787320	-0.227080
664.477327	-0.227070
665.167335	-0.229520
665.857342	-0.233900
666.547350	-0.240750
667.237358	-0.249360
667.927365	-0.254700
668.617373	-0.251730
669.307380	-0.239410
669.997388	-0.218320
670.687396	-0.188760
671.377403	-0.150760
672.067411	-0.105180
672.757419	-0.057730
673.447426	-0.020230
674.137434	0.008580
674.827441	0.037630
675.517449	0.069390
676.207457	0.107900
676.897464	0.156470
677.587472	0.191690
678.277479	0.190480
678.967487	0.171300
679.657495	0.150000
680.347502	0.131250
681.037510	0.116350
681.727517	0.105830
682.417525	0.099930
683.107533	0.098720
683.797540	0.102030
684.487548	0.109450
685.177555	0.120260
685.867563	0.133550
686.557571	0.148280
687.247578	0.163340
687.937586	0.177640
688.627594	0.190060
689.317601	0.199580
690.007609	0.205480
690.697616	0.207500
691.387624	0.205900
692.077632	0.201580
692.767639	0.196110
693.457647	0.191480
694.147654	0.189600
694.837662	0.191940
695.527670	0.199570
696.217677	0.213280
696.907685	0.233310
697.597692	0.256960
698.287700	0.276360
698.977708	0.288540
699.667715	0.298540
700.357723	0.309480
701.047730	0.323510
701.737738	0.339900
702.427746	0.345000
703.117753	0.328040
703.807761	0.298040
704.497769	0.263830
705.187776	0.228510
705.877784	0.193140
706.567791	0.158490
707.257799	0.125400
707.947807	0.094720
708.637814	0.067140
709.327822	0.043150
710.017829	0.022970
710.707837	0.006580
711.397845	-0.006290
712.087852	-0.016130
712.777860	-0.023670
713.467867	-0.029910
714.157875	-0.036020
714.847883	-0.043190
715.537890	-0.052500
716.227898	-0.064800
716.917905	-0.080270
717.607913	-0.096850
718.297921	-0.107670
718.987928	-0.107490
719.677936	-0.102170
720.367944	-0.097180
721.057951	-0.093370
721.747959	-0.090470
722.437966	-0.083980
723.127974	-0.066040
723.817982	-0.039180
724.507989	-0.011070
725.197997	0.014870
725.888004	0.037880
726.578012	0.057850
727.268020	0.074760
727.958027	0.088620
728.648035	0.099530
729.338042	0.107670
730.028050	0.113260
730.718058	0.116530
731.408065	0.117650
732.098073	0.116710
732.788080	0.113840
733.478088	0.109320
734.168096	0.103670
734.858103	0.097630
735.548111	0.091920
736.238119	0.086920
736.928126	0.082400
737.618134	0.077460
738.308141	0.070810
738.998149	0.061230
739.688157	0.047810
740.378164	0.030060
741.068172	0.007840
741.758179	-0.018490
742.448187	-0.047460
743.138195	-0.075670
743.828202	-0.098890
744.518210	-0.115660
745.208217	-0.127390
745.898225	-0.135350
746.588233	-0.139360
747.278240	-0.137120
747.968248	-0.125050
748.658255	-0.102160
749.348263	-0.071270
750.038271	-0.035980
750.728278	0.000780
751.418286	0.036350
