0.000000	0.266180
0.690004	0.262420
1.380008	0.263530
2.070012	0.267350
2.760015	0.272620
3.450019	0.272550
4.140023	0.261110
4.830027	0.246210
5.520031	0.234970
6.210035	0.229330
6.900039	0.229550
7.590043	0.233720
8.280046	0.236900
8.970050	0.237200
9.660054	0.236540
10.350058	0.236370
11.040062	0.237200
11.730066	0.236310
12.420070	0.228590
13.110074	0.217080
13.800077	0.208090
14.490081	0.203840
15.180085	0.204590
15.870089	0.210160
16.560093	0.219440
17.250097	0.225930
17.940101	0.209420
18.630104	0.164990
19.320108	0.123940
20.010112	0.092690
20.700116	0.065680
21.390120	0.042320
22.080124	0.022850
22.770128	-0.009540
23.460132	-0.072450
24.150135	-0.136700
24.840139	-0.190040
25.530143	-0.239340
26.220147	-0.288140
26.910151	-0.338010
27.600155	-0.391140
28.290159	-0.445220
28.980163	-0.485800
29.670166	-0.508490
30.360170	-0.525410
31.050174	-0.544230
31.740178	-0.567290
32.430182	-0.595490
33.120186	-0.628970
33.810190	-0.664480
34.500193	-0.695580
35.190197	-0.722620
35.880201	-0.749360
36.570205	-0.778030
37.260209	-0.811080
37.950213	-0.844010
38.640217	-0.860700
39.330221	-0.860470
40.020224	-0.853840
40.710228	-0.845530
41.400232	-0.836420
42.090236	-0.826300
42.780240	-0.814500
43.470244	-0.799940
44.160248	-0.781460
44.850251	-0.758380
45.540255	-0.730590
46.230259	-0.698100
46.920263	-0.660730
47.610267	-0.618340
48.300271	-0.571280
48.990275	-0.520680
49.680279	-0.468610
50.370282	-0.420480
51.060286	-0.388100
51.750290	-0.374790
52.440294	-0.364650
53.130298	-0.350570
53.820302	-0.333140
54.510306	-0.311040
55.200310	-0.289220
55.890313	-0.286260
56.580317	-0.302710
57.270321	-0.324880
57.960325	-0.346320
58.650329	-0.365580
59.340333	-0.382610
60.030337	-0.397780
60.720340	-0.411700
61.410344	-0.425110
62.100348	-0.438790
62.790352	-0.453450
63.480356	-0.469610
64.170360	-0.487560
64.860364	-0.506890
65.550368	-0.524330
66.240371	-0.528150
66.930375	-0.506680
67.620379	-0.477240
68.310383	-0.454820
69.000387	-0.436800
69.690391	-0.418900
70.380395	-0.396810
71.070399	-0.371140
71.760402	-0.351350
72.450406	-0.340170
73.140410	-0.335320
73.830414	-0.334650
74.520418	-0.336370
75.210422	-0.338870
75.900426	-0.341090
76.590429	-0.342880
77.280433	-0.344980
77.970437	-0.348580
78.660441	-0.354060
79.350445	-0.359480
80.040449	-0.362460
80.730453	-0.363280
81.420457	-0.363120
82.110460	-0.362340
82.800464	-0.359990
83.490468	-0.352580
84.180472	-0.336560
84.870476	-0.312470
85.560480	-0.282580
86.250484	-0.249070
86.940488	-0.214580
87.630491	-0.181530
88.320495	-0.150890
89.010499	-0.122580
89.700503	-0.096460
90.390507	-0.072150
91.080511	-0.048060
91.770515	-0.021950
92.460518	0.007140
93.150522	0.038270
93.840526	0.069690
94.530530	0.099980
95.220534	0.128620
95.910538	0.156050
96.600542	0.183240
97.290546	0.211090
97.980549	0.239650
98.670553	0.267800
99.360557	0.293610
100.050561	0.315210
100.740565	0.331410
101.430569	0.341580
102.120573	0.345300
102.810577	0.342160
103.500580	0.331950
104.190584	0.314900
104.880588	0.291870
105.570592	0.264610
106.260596	0.235780
106.950600	0.208270
107.640604	0.183960
108.330607	0.163510
109.020611	0.147120
109.710615	0.134830
110.400619	0.126270
111.090623	0.120300
111.780627	0.115520
112.470631	0.111100
113.160635	0.106880
113.850638	0.102920
114.540642	0.099150
115.230646	0.095270
115.920650	0.090870
116.610654	0.085700
117.300658	0.079790
117.990662	0.073480
118.680666	0.067350
119.370669	0.062020
120.060673	0.058040
120.750677	0.055810
121.440681	0.055520
122.130685	0.057220
122.820689	0.060860
123.510693	0.066450
124.200696	0.074200
124.890700	0.084540
125.580704	0.097980
126.270708	0.114940
126.960712	0.135640
127.650716	0.160040
128.340720	0.187760
129.030724	0.217990
129.720727	0.249440
130.410731	0.280460
131.100735	0.309410
131.790739	0.335050
132.480743	0.356790
133.170747	0.374540
133.860751	0.388660
134.550754	0.400030
135.240758	0.410070
135.930762	0.420430
136.620766	0.431910
137.310770	0.441750
138.000774	0.440650
138.690778	0.425440
139.380782	0.407880
140.070785	0.393140
140.760789	0.380740
141.450793	0.370710
142.140797	0.357600
142.830801	0.329910
143.520805	0.293200
144.210809	0.259130
144.900813	0.231420
145.590816	0.210160
146.280820	0.194810
146.970824	0.184950
147.660828	0.180120
148.350832	0.179180
149.040836	0.180110
149.730840	0.180720
150.420843	0.179480
151.110847	0.175690
151.800851	0.169180
152.490855	0.160080
153.180859	0.148770
153.870863	0.135990
154.560867	0.122970
155.250871	0.111460
155.940874	0.103130
156.630878	0.099140
157.320882	0.100120
158.010886	0.106490
158.700890	0.118690
159.390894	0.137030
160.080898	0.161500
160.770902	0.191650
161.460905	0.226670
162.150909	0.265340
162.840913	0.305780
163.530917	0.345560
164.220921	0.382420
164.910925	0.414840
165.600929	0.442070
166.290932	0.463730
166.980936	0.479630
167.670940	0.489790
168.360944	0.494430
169.050948	0.493810
169.740952	0.488150
170.430956	0.477660
171.120960	0.462570
171.810963	0.443230
172.500967	0.420140
173.190971	0.393950
173.880975	0.365270
174.570979	0.334370
175.260983	0.301170
175.950987	0.265450
176.640991	0.227440
177.330994	0.188180
178.020998	0.149640
178.711002	0.114080
179.401006	0.083190
180.091010	0.057860
180.781014	0.038510
181.471018	0.025430
182.161021	0.018780
182.851025	0.018510
183.541029	0.024250
184.231033	0.035580
184.921037	0.052080
185.611041	0.073480
186.301045	0.099550
186.991049	0.130100
187.681052	0.164920
188.371056	0.203550
189.061060	0.244660
189.751064	0.283260
190.441068	0.306600
191.131072	0.309550
191.821076	0.309240
192.511080	0.313580
193.201083	0.321390
193.891087	0.333070
194.581091	0.343880
195.271095	0.338750
195.961099	0.319310
196.651103	0.297430
197.341107	0.277610
198.031110	0.260180
198.721114	0.244450
199.411118	0.229660
200.101122	0.215310
200.791126	0.201320
201.481130	0.188000
202.171134	0.175890
202.861138	0.165350
203.551141	0.156340
204.241145	0.148340
204.931149	0.140470
205.621153	0.131920
206.311157	0.122290
207.001161	0.111970
207.691165	0.102150
208.381169	0.094510
209.071172	0.090580
209.761176	0.091320
210.451180	0.097270
211.141184	0.108720
211.831188	0.125500
212.521192	0.145460
213.211196	0.162340
213.901199	0.170390
214.591203	0.172360
215.281207	0.172710
215.971211	0.172550
216.661215	0.171060
217.351219	0.165190
218.041223	0.153100
218.731227	0.139960
219.421230	0.131300
220.111234	0.128580
220.801238	0.131570
221.491242	0.139780
222.181246	0.152580
222.871250	0.168960
223.561254	0.187830
224.251257	0.208410
224.941261	0.230520
225.631265	0.254440
226.321269	0.280680
227.011273	0.309820
227.701277	0.342160
228.391281	0.376370
229.081285	0.403940
229.771288	0.404940
230.461292	0.384360
231.151296	0.369730
231.841300	0.362940
232.531304	0.359540
233.221308	0.358930
233.911312	0.357340
234.601316	0.337980
235.291319	0.302370
235.981323	0.281780
236.671327	0.277870
237.361331	0.277450
238.051335	0.276090
238.741339	0.273300
239.431343	0.268600
240.121346	0.265460
240.811350	0.272830
241.501354	0.286940
242.191358	0.298350
242.881362	0.304510
243.571366	0.306160
244.261370	0.304760
244.951374	0.302010
245.641377	0.299490
246.331381	0.297610
247.021385	0.294970
247.711389	0.289600
248.401393	0.280580
249.091397	0.267640
249.781401	0.250550
250.471405	0.230660
251.161408	0.211210
251.851412	0.192860
252.541416	0.174820
253.231420	0.157570
253.921424	0.142440
254.611428	0.128080
255.301432	0.109300
255.991435	0.083950
256.681439	0.053820
257.371443	0.021490
258.061447	-0.010520
258.751451	-0.039420
259.441455	-0.061940
260.131459	-0.076800
260.821463	-0.089760
261.511466	-0.105840
262.201470	-0.124310
262.891474	-0.144350
263.581478	-0.166350
264.271482	-0.196130
264.961486	-0.241560
265.651490	-0.295210
266.341494	-0.352280
267.031497	-0.413150
267.721501	-0.476470
268.411505	-0.531180
269.101509	-0.567190
269.791513	-0.591260
270.481517	-0.612910
271.171521	-0.636000
271.861524	-0.660420
272.551528	-0.681020
273.241532	-0.686400
273.931536	-0.676660
274.621540	-0.665980
275.311544	-0.658840
276.001548	-0.656170
276.691552	-0.661570
277.381555	-0.664890
278.071559	-0.638890
278.761563	-0.586930
279.451567	-0.525550
280.141571	-0.461110
280.831575	-0.394830
281.521579	-0.326780
282.211583	-0.257000
282.901586	-0.185860
283.591590	-0.114590
284.281594	-0.046980
284.971598	0.008010
285.661602	0.043090
286.351606	0.067750
287.041610	0.093170
287.731613	0.120480
288.421617	0.148560
289.111621	0.175080
289.801625	0.192840
290.491629	0.197350
291.181633	0.193870
291.871637	0.186700
292.561641	0.171100
293.251644	0.134720
293.941648	0.080260
294.631652	0.025100
295.321656	-0.025830
296.011660	-0.072590
296.701664	-0.112550
297.391668	-0.153830
298.081672	-0.221010
298.771675	-0.312180
299.461679	-0.410760
300.151683	-0.509340
300.841687	-0.605780
301.531691	-0.699080
302.221695	-0.787480
302.911699	-0.864670
303.601702	-0.908700
304.291706	-0.884960
304.981710	-0.817670
305.671714	-0.764240
306.361718	-0.728300
307.051722	-0.697570
307.741726	-0.665970
308.431730	-0.628960
309.121733	-0.584160
309.811737	-0.539320
310.501741	-0.496220
311.191745	-0.453910
311.881749	-0.412130
312.571753	-0.371550
313.261757	-0.334550
313.951760	-0.300390
314.641764	-0.264760
315.331768	-0.227180
316.021772	-0.188300
316.711776	-0.148150
317.401780	-0.106670
318.091784	-0.067440
318.781788	-0.038540
319.471791	-0.014990
320.161795	0.008790
320.851799	0.032920
321.541803	0.057130
322.231807	0.080750
322.921811	0.099690
323.611815	0.114030
324.301819	0.130120
324.991822	0.147590
325.681826	0.165510
326.371830	0.184020
327.061834	0.204420
327.751838	0.227190
328.441842	0.248160
329.131846	0.263820
329.821849	0.274400
330.511853	0.281000
331.201857	0.284580
331.891861	0.285870
332.581865	0.285390
333.271869	0.283410
333.961873	0.280070
334.651877	0.276060
335.341880	0.274290
336.031884	0.280080
336.721888	0.294530
337.411892	0.312560
338.101896	0.331110
338.791900	0.350480
339.481904	0.372030
340.171908	0.396190
340.861911	0.419360
341.551915	0.439990
342.241919	0.460110
342.931923	0.483090
343.621927	0.512380
344.311931	0.538390
345.001935	0.537210
345.691938	0.508750
346.381942	0.468930
347.071946	0.426710
347.761950	0.385680
348.451954	0.347840
349.141958	0.314470
349.831962	0.286210
350.521966	0.263220
351.211969	0.245450
351.901973	0.232690
352.591977	0.224440
353.281981	0.219910
353.971985	0.218340
354.661989	0.219410
355.351993	0.223170
356.041997	0.229670
356.732000	0.238090
357.422004	0.245890
358.112008	0.249760
358.802012	0.248290
359.492016	0.242290
360.182020	0.232540
360.872024	0.218670
361.562027	0.199410
362.252031	0.174390
362.942035	0.146050
363.632039	0.117880
364.322043	0.091920
365.012047	0.068700
365.702051	0.047960
366.392055	0.029210
367.082058	0.011960
367.772062	-0.003950
368.462066	-0.018310
369.152070	-0.030470
369.842074	-0.039610
370.532078	-0.044930
371.222082	-0.045740
371.912086	-0.041540
372.602089	-0.032020
373.292093	-0.017050
373.982097	0.003250
374.672101	0.028550
375.362105	0.058170
376.052109	0.090890
376.742113	0.124860
377.432116	0.157760
378.122120	0.187300
378.812124	0.211680
379.502128	0.229850
380.192132	0.241450
380.882136	0.246600
381.572140	0.245530
382.262144	0.238570
382.952147	0.226450
383.642151	0.210820
384.332155	0.194190
385.022159	0.178990
385.712163	0.166700
386.402167	0.157720
387.092171	0.151580
387.782175	0.147240
388.472178	0.143350
389.162182	0.138790
389.852186	0.133020
390.542190	0.126210
391.232194	0.119010
391.922198	0.112260
392.612202	0.106710
393.302205	0.102840
393.992209	0.100750
394.682213	0.100150
395.372217	0.100420
396.062221	0.100780
396.752225	0.100480
397.442229	0.099110
398.132233	0.096730
398.822236	0.093850
399.512240	0.091240
400.202244	0.089540
400.892248	0.088900
401.582252	0.088820
402.272256	0.088270
402.962260	0.086160
403.652263	0.081720
404.342267	0.074930
405.032271	0.066700
405.722275	0.058780
406.412279	0.053160
407.102283	0.051370
407.792287	0.054160
408.482291	0.061760
409.172294	0.073900
409.862298	0.089630
410.552302	0.107160
411.242306	0.124200
411.932310	0.138740
412.622314	0.149480
413.312318	0.155790
414.002322	0.157400
414.692325	0.154240
415.382329	0.146360
416.072333	0.133880
416.762337	0.116890
417.452341	0.095610
418.142345	0.071210
418.832349	0.048490
419.522352	0.034910
420.212356	0.028660
420.902360	0.023000
421.592364	0.016060
422.282368	0.007440
422.972372	-0.001180
423.662376	-0.001380
424.352380	0.010560
425.042383	0.027690
425.732387	0.045210
426.422391	0.062160
427.112395	0.078710
427.802399	0.095060
428.492403	0.111170
429.182407	0.126730
429.872411	0.141270
430.562414	0.154280
431.252418	0.165350
431.942422	0.174200
432.632426	0.180620
433.322430	0.184430
434.012434	0.185380
434.702438	0.183210
435.392441	0.177690
436.082445	0.168840
436.772449	0.157030
437.462453	0.143240
438.152457	0.129160
438.842461	0.116830
439.532465	0.108040
440.222469	0.103900
440.912472	0.104930
441.602476	0.111350
442.292480	0.123070
442.982484	0.139290
443.672488	0.157830
444.362492	0.175330
445.052496	0.189020
445.742500	0.197980
446.432503	0.202510
447.122507	0.202900
447.812511	0.199390
448.502515	0.193020
449.192519	0.186050
449.882523	0.180750
450.572527	0.177980
451.262530	0.177260
451.952534	0.177520
452.642538	0.177750
453.332542	0.177430
454.022546	0.176770
454.712550	0.176560
455.402554	0.177760
456.092558	0.181060
456.782561	0.186520
457.472565	0.193360
458.162569	0.200030
458.852573	0.204690
459.542577	0.205640
460.232581	0.201580
460.922585	0.192020
461.612589	0.179420
462.302592	0.169880
462.992596	0.165120
463.682600	0.161900
464.372604	0.158530
465.062608	0.154970
465.752612	0.153770
466.442616	0.159390
467.132619	0.169820
467.822623	0.179290
468.512627	0.185430
469.202631	0.188210
469.892635	0.188190
470.582639	0.186020
471.272643	0.182180
471.962647	0.176920
472.652650	0.170300
473.342654	0.162540
474.032658	0.154810
474.722662	0.149410
475.412666	0.148360
476.102670	0.152000
476.792674	0.160000
477.482678	0.172720
478.172681	0.191420
478.862685	0.217210
479.552689	0.245920
480.242693	0.257700
480.932697	0.239440
481.622701	0.216200
482.312705	0.199670
483.002708	0.187970
483.692712	0.182950
484.382716	0.183590
485.072720	0.166800
485.762724	0.120060
486.452728	0.060720
487.142732	0.001160
487.832736	-0.051990
488.522739	-0.086930
489.212743	-0.091370
489.902747	-0.080320
490.592751	-0.073970
491.282755	-0.073000
491.972759	-0.074540
492.662763	-0.077060
493.352766	-0.073230
494.042770	-0.057870
494.732774	-0.040260
495.422778	-0.027180
496.112782	-0.019850
496.802786	-0.017920
497.492790	-0.020810
498.182794	-0.027900
498.872797	-0.038390
499.562801	-0.051810
500.252805	-0.070640
500.942809	-0.103640
501.632813	-0.152680
502.322817	-0.204240
503.012821	-0.252680
503.702825	-0.297580
504.392828	-0.335860
505.082832	-0.373030
505.772836	-0.435100
506.462840	-0.526010
507.152844	-0.627340
507.842848	-0.728700
508.532852	-0.826700
509.222855	-0.920110
509.912859	-1.008180
510.602863	-1.089760
511.292867	-1.161050
511.982871	-1.205200
512.672875	-1.173570
513.362879	-1.063110
514.052883	-0.967020
514.742886	-0.900020
515.432890	-0.842280
516.122894	-0.785880
516.812898	-0.724960
517.502902	-0.653540
518.192906	-0.581560
518.882910	-0.516940
519.572914	-0.459980
520.262917	-0.409570
520.952921	-0.364600
521.642925	-0.323980
522.332929	-0.286340
523.022933	-0.249890
523.712937	-0.212690
524.402941	-0.173230
525.092944	-0.131220
525.782948	-0.090600
526.472952	-0.068460
527.162956	-0.077470
527.852960	-0.087690
528.542964	-0.087130
529.232968	-0.079680
529.922972	-0.060630
530.612975	-0.030490
531.302979	-0.029620
531.992983	-0.064270
532.682987	-0.105190
533.372991	-0.141670
534.062995	-0.172230
534.752999	-0.196990
535.443003	-0.216540
536.133006	-0.233260
536.823010	-0.254230
537.513014	-0.286160
538.203018	-0.324160
538.893022	-0.362170
539.583026	-0.399410
540.273030	-0.436750
540.963033	-0.477310
541.653037	-0.525090
542.343041	-0.574600
543.033045	-0.618340
543.723049	-0.654700
544.413053	-0.683990
545.103057	-0.706000
545.793061	-0.719540
546.483064	-0.722970
547.173068	-0.715410
547.863072	-0.697530
548.553076	-0.670690
549.243080	-0.635900
549.933084	-0.593340
550.623088	-0.542490
551.313092	-0.482720
552.003095	-0.416020
552.693099	-0.352140
553.383103	-0.296400
554.073107	-0.242910
554.763111	-0.187810
555.453115	-0.126000
556.143119	-0.052210
556.833122	0.011750
557.523126	0.034120
558.213130	0.029990
558.903134	0.019330
559.593138	0.009350
560.283142	0.002410
560.973146	-0.000370
561.663150	0.001730
562.353153	0.009270
563.043157	0.022080
563.733161	0.036490
564.423165	0.044470
565.113169	0.045010
565.803173	0.044120
566.493177	0.043790
567.183181	0.043500
567.873184	0.041620
568.563188	0.034000
569.253192	0.023060
569.943196	0.020650
570.633200	0.025860
571.323204	0.033920
572.013208	0.042940
572.703211	0.052830
573.393215	0.065590
574.083219	0.083680
574.773223	0.103800
575.463227	0.120680
576.153231	0.132800
576.843235	0.140940
577.533239	0.146490
578.223242	0.150970
578.913246	0.155760
579.603250	0.161750
580.293254	0.169120
580.983258	0.177380
581.673262	0.185570
582.363266	0.192570
583.053269	0.197380
583.743273	0.199320
584.433277	0.198020
585.123281	0.193400
585.813285	0.185680
586.503289	0.175450
587.193293	0.163880
587.883297	0.152620
588.573300	0.143380
589.263304	0.137370
589.953308	0.135070
590.643312	0.136360
591.333316	0.140600
592.023320	0.146580
592.713324	0.152900
593.403328	0.158940
594.093331	0.165520
594.783335	0.174460
595.473339	0.187350
596.163343	0.204920
596.853347	0.227300
597.543351	0.254290
598.233355	0.285220
598.923358	0.318430
599.613362	0.351480
600.303366	0.381650
600.993370	0.406090
601.683374	0.421500
602.373378	0.425990
603.063382	0.421680
603.753386	0.412290
604.443389	0.399630
605.133393	0.383520
605.823397	0.362210
606.513401	0.333970
607.203405	0.301380
607.893409	0.270280
608.583413	0.244180
609.273417	0.223740
609.963420	0.208690
610.653424	0.198730
611.343428	0.193140
612.033432	0.190270
612.723436	0.187810
613.413440	0.183960
614.103444	0.177950
614.793447	0.169930
615.483451	0.160430
616.173455	0.149690
616.863459	0.135810
617.553463	0.113900
618.243467	0.083820
618.933471	0.051850
619.623475	0.020590
620.313478	-0.010450
621.003482	-0.042470
621.693486	-0.078870
622.383490	-0.122810
623.073494	-0.161270
623.763498	-0.185660
624.453502	-0.205020
625.143506	-0.224090
625.833509	-0.244840
626.523513	-0.270460
627.213517	-0.297590
627.903521	-0.305940
628.593525	-0.288720
629.283529	-0.259360
629.973533	-0.226250
630.663536	-0.191610
631.353540	-0.155640
632.043544	-0.118200
632.733548	-0.079330
633.423552	-0.039470
634.113556	0.000340
634.803560	0.038550
635.493564	0.073300
636.183567	0.102820
636.873571	0.125860
637.563575	0.141940
638.253579	0.151250
638.943583	0.154190
639.633587	0.151090
640.323591	0.142490
641.013595	0.129720
641.703598	0.115290
642.393602	0.101990
643.083606	0.091710
643.773610	0.085130
644.463614	0.082030
645.153618	0.081620
645.843622	0.082760
646.533625	0.084280
647.223629	0.085330
647.913633	0.085430
648.603637	0.084430
649.293641	0.082340
649.983645	0.079260
650.673649	0.075350
651.363653	0.070910
652.053656	0.066350
652.743660	0.062250
653.433664	0.059350
654.123668	0.058390
654.813672	0.060090
655.503676	0.065040
656.193680	0.073570
656.883684	0.085720
657.573687	0.101030
658.263691	0.118350
658.953695	0.135910
659.643699	0.151780
660.333703	0.164500
661.023707	0.173330
661.713711	0.178210
662.403714	0.179680
663.093718	0.179080
663.783722	0.178260
664.473726	0.179020
665.163730	0.182570
665.853734	0.189380
666.543738	0.199270
667.233742	0.211520
667.923745	0.224960
668.613749	0.238180
669.303753	0.249960
669.993757	0.259460
670.683761	0.266340
671.373765	0.270600
672.063769	0.272460
672.753772	0.272140
673.443776	0.269790
674.133780	0.265410
674.823784	0.259020
675.513788	0.250730
676.203792	0.240920
676.893796	0.230260
677.583800	0.219590
678.273803	0.209660
678.963807	0.200910
679.653811	0.193280
680.343815	0.186250
681.033819	0.179000
681.723823	0.170730
682.413827	0.161070
683.103831	0.150620
683.793834	0.141190
684.483838	0.135080
685.173842	0.133770
685.863846	0.137640
686.553850	0.146890
687.243854	0.162110
687.933858	0.184010
688.623861	0.211550
689.313865	0.236370
690.003869	0.240600
690.693873	0.226960
691.383877	0.214820
692.073881	0.207320
692.763885	0.202640
693.453889	0.199900
694.143892	0.191540
694.833896	0.170320
695.523900	0.145670
696.213904	0.125200
696.903908	0.110170
697.593912	0.100100
698.283916	0.094390
698.973920	0.092500
699.663923	0.094060
700.353927	0.098910
701.043931	0.107020
701.733935	0.118270
702.423939	0.132270
703.113943	0.148150
703.803947	0.164620
704.493950	0.180330
705.183954	0.194250
705.873958	0.205930
706.563962	0.215460
707.253966	0.223140
707.943970	0.229090
708.633974	0.233110
709.323978	0.234790
710.013981	0.233960
710.703985	0.231000
711.393989	0.226950
712.083993	0.223240
712.773997	0.221230
713.464001	0.221710
714.154005	0.224820
714.844009	0.230140
715.534012	0.237010
716.224016	0.244900
716.914020	0.253570
717.604024	0.262930
718.294028	0.272740
718.984032	0.282410
719.674036	0.291090
720.364039	0.297980
721.054043	0.302570
721.744047	0.304680
722.434051	0.304430
723.124055	0.302060
723.814059	0.297170
724.504063	0.286490
725.194067	0.258540
725.884070	0.198850
726.574074	0.122460
727.264078	0.052310
727.954082	-0.011730
728.644086	-0.075170
729.334090	-0.141560
730.024094	-0.210560
730.714098	-0.275720
731.404101	-0.333010
732.094105	-0.381720
732.784109	-0.417790
733.474113	-0.438760
734.164117	-0.452340
734.854121	-0.465670
735.544125	-0.480080
736.234128	-0.496250
736.924132	-0.513720
737.614136	-0.523410
738.304140	-0.516200
738.994144	-0.498240
739.684148	-0.477960
740.374152	-0.459470
741.064156	-0.444550
741.754159	-0.433820
742.444163	-0.427230
743.134167	-0.424340
743.824171	-0.424200
744.514175	-0.424880
745.204179	-0.423680
745.894183	-0.417930
746.584187	-0.405950
747.274190	-0.389490
747.964194	-0.376930
748.654198	-0.371560
749.344202	-0.367100
750.034206	-0.361420
750.724210	-0.355000
751.414214	-0.348540
752.104217	-0.346740
752.794221	-0.351890
753.484225	-0.355190
754.174229	-0.355640
754.864233	-0.355500
755.554237	-0.358100
756.244241	-0.364430
756.934245	-0.361000
757.624248	-0.329440
758.314252	-0.274360
759.004256	-0.208190
759.694260	-0.136930
760.384264	-0.062490
761.074268	0.014500
761.764272	0.093460
762.454275	0.171890
763.144279	0.236280
763.834283	0.244080
764.524287	0.186450
765.214291	0.140820
765.904295	0.120990
766.594299	0.111770
767.284303	0.111960
767.974306	0.115740
768.664310	0.091710
769.354314	0.043830
770.044318	-0.006560
770.734322	-0.053690
771.424326	-0.098260
772.114330	-0.142380
772.804334	-0.188320
773.494337	-0.237920
774.184341	-0.292600
774.874345	-0.353520
775.564349	-0.421580
776.254353	-0.496440
776.944357	-0.569910
777.634361	-0.621370
778.324364	-0.661330
779.014368	-0.708320
779.704372	-0.761480
780.394376	-0.825920
781.084380	-0.915160
781.774384	-1.004550
782.464388	-1.026450
783.154392	-0.999950
783.844395	-0.960510
784.534399	-0.913470
785.224403	-0.859070
785.914407	-0.801780
786.604411	-0.744420
787.294415	-0.687940
787.984419	-0.633150
788.674423	-0.577890
789.364426	-0.514680
790.054430	-0.443610
790.744434	-0.371160
791.434438	-0.299750
792.124442	-0.229050
792.814446	-0.158210
793.504450	-0.086510
794.194453	-0.014400
794.884457	0.053150
795.574461	0.106150
796.264465	0.148660
796.954469	0.192920
797.644473	0.240570
798.334477	0.292790
799.024481	0.352190
799.714484	0.404840
800.404488	0.430920
801.094492	0.441020
801.784496	0.447730
802.474500	0.454680
803.164504	0.462390
803.854508	0.470790
804.544512	0.479660
805.234515	0.488450
805.924519	0.494450
806.614523	0.485920
807.304527	0.440160
807.994531	0.370340
808.684535	0.310450
809.374539	0.260400
810.064542	0.214710
810.754546	0.172120
811.444550	0.123970
812.134554	0.060710
812.824558	-0.007620
813.514562	-0.072320
814.204566	-0.131310
814.894570	-0.183050
815.584573	-0.220480
816.274577	-0.222070
816.964581	-0.175050
817.654585	-0.119090
818.344589	-0.077010
819.034593	-0.042390
819.724597	-0.012190
820.414601	0.014700
821.104604	0.054000
821.794608	0.114440
822.484612	0.182130
823.174616	0.248040
823.864620	0.309560
824.554624	0.365760
825.244628	0.416150
825.934631	0.460470
826.624635	0.498590
827.314639	0.530330
828.004643	0.555520
828.694647	0.574140
829.384651	0.586520
830.074655	0.593520
830.764659	0.596560
831.454662	0.597580
832.144666	0.598640
832.834670	0.601380
833.524674	0.606690
834.214678	0.614420
834.904682	0.623190
835.594686	0.630440
836.284690	0.633490
836.974693	0.630910
837.664697	0.622750
838.354701	0.609480
839.044705	0.591280
839.734709	0.568230
840.424713	0.541080
841.114717	0.511410
841.804720	0.480570
842.494724	0.448930
843.184728	0.416100
843.874732	0.381630
844.564736	0.345370
845.254740	0.307650
845.944744	0.269410
846.634748	0.232280
847.324751	0.198490
848.014755	0.170060
848.704759	0.147790
849.394763	0.131280
850.084767	0.120020
850.774771	0.114060
851.464775	0.113920
852.154778	0.119710
852.844782	0.130400
853.534786	0.144100
854.224790	0.159160
854.914794	0.174520
855.604798	0.189610
856.294802	0.204140
856.984806	0.218080
857.674809	0.231590
858.364813	0.244930
859.054817	0.258210
859.744821	0.271180
860.434825	0.283210
861.124829	0.293460
861.814833	0.301220
862.504837	0.306090
863.194840	0.308000
863.884844	0.307230
864.574848	0.304180
865.264852	0.299300
865.954856	0.292910
866.644860	0.285330
867.334864	0.277030
868.024867	0.268710
868.714871	0.261180
869.404875	0.254880
870.094879	0.249430
870.784883	0.243340
871.474887	0.234600
872.164891	0.221770
872.854895	0.204260
873.544898	0.181930
874.234902	0.155040
874.924906	0.124770
875.614910	0.093610
876.304914	0.064410
876.994918	0.039130
877.684922	0.018640
878.374926	0.003120
879.064929	-0.007590
879.754933	-0.013900
880.444937	-0.016430
881.134941	-0.015790
881.824945	-0.012400
882.514949	-0.006430
883.204953	0.002190
883.894956	0.013620
884.584960	0.027960
885.274964	0.045050
885.964968	0.064380
886.654972	0.085050
887.344976	0.105970
888.034980	0.126050
888.724984	0.144480
889.414987	0.160810
890.104991	0.174820
890.794995	0.186470
891.484999	0.196090
892.175003	0.205070
892.865007	0.216460
893.555011	0.233190
894.245015	0.255230
894.935018	0.280920
895.625022	0.309490
896.315026	0.341570
897.005030	0.378270
897.695034	0.418860
898.385038	0.458380
899.075042	0.487440
899.765045	0.493130
900.455049	0.470220
901.145053	0.433470
901.835057	0.397270
902.525061	0.362990
903.215065	0.327850
903.905069	0.289100
904.595073	0.243280
905.285076	0.194110
905.975080	0.148940
906.665084	0.105740
907.355088	0.061440
908.045092	0.010770
908.735096	-0.049450
909.425100	-0.097830
910.115104	-0.109470
910.805107	-0.098040
911.495111	-0.079620
912.185115	-0.059360
912.875119	-0.038470
913.565123	-0.017520
914.255127	0.002900
914.945131	0.022190
915.635134	0.040010
916.325138	0.056470
917.015142	0.072280
917.705146	0.088550
918.395150	0.106480
919.085154	0.126980
919.775158	0.150390
920.465162	0.176160
921.155165	0.202340
921.845169	0.225620
922.535173	0.243110
923.225177	0.254320
923.915181	0.260240
924.605185	0.261550
925.295189	0.257870
925.985193	0.248390
926.675196	0.233550
927.365200	0.216100
928.055204	0.199210
928.745208	0.184540
929.435212	0.172270
930.125216	0.161810
930.815220	0.152390
931.505223	0.143580
932.195227	0.135700
932.885231	0.129830
933.575235	0.127160
934.265239	0.128500
934.955243	0.134230
935.645247	0.144390
936.335251	0.158340
937.025254	0.174200
937.715258	0.189090
938.405262	0.200400
939.095266	0.206840
939.785270	0.208230
940.475274	0.204840
941.165278	0.197270
941.855281	0.186820
942.545285	0.175720
943.235289	0.166350
943.925293	0.160320
944.615297	0.158110
945.305301	0.159400
945.995305	0.163160
946.685309	0.167830
947.375312	0.171720
948.065316	0.173490
948.755320	0.172510
949.445324	0.169040
950.135328	0.164250
950.825332	0.160000
951.515336	0.158180
952.205340	0.160120
952.895343	0.166270
953.585347	0.176100
954.275351	0.188130
954.965355	0.200140
955.655359	0.210040
956.345363	0.216450
957.035367	0.218690
957.725370	0.216590
958.415374	0.210380
959.105378	0.200640
959.795382	0.188270
960.485386	0.174400
961.175390	0.160390
961.865394	0.147590
962.555398	0.136980
963.245401	0.128520
963.935405	0.120710
964.625409	0.111050
965.315413	0.097650
966.005417	0.079850
966.695421	0.057700
967.385425	0.031470
968.075429	0.002220
968.765432	-0.027800
969.455436	-0.056110
970.145440	-0.081300
970.835444	-0.103210
971.525448	-0.122430
972.215452	-0.139890
972.905456	-0.156470
973.595459	-0.173420
974.285463	-0.195940
974.975467	-0.244470
975.665471	-0.341850
976.355475	-0.450110
977.045479	-0.539520
977.735483	-0.618910
978.425487	-0.695660
979.115490	-0.772010
979.805494	-0.854120
980.495498	-0.945970
981.185502	-1.031000
981.875506	-1.110280
982.565510	-1.188080
983.255514	-1.270850
983.945518	-1.372440
984.635521	-1.491790
985.325525	-1.564180
986.015529	-1.556260
986.705533	-1.509110
987.395537	-1.450990
988.085541	-1.390890
988.775545	-1.331780
989.465548	-1.275140
990.155552	-1.221530
990.845556	-1.169480
991.535560	-1.113660
992.225564	-1.048320
992.915568	-0.975630
993.605572	-0.900790
994.295576	-0.825600
994.985579	-0.749760
995.675583	-0.670360
996.365587	-0.582330
997.055591	-0.486760
997.745595	-0.389980
998.435599	-0.295880
999.125603	-0.205710
999.815607	-0.120460
1000.505610	-0.044630
1001.195614	0.004730
1001.885618	0.004490
1002.575622	-0.018670
1003.265626	-0.028650
1003.955630	-0.028310
1004.645634	-0.024550
1005.335637	-0.020100
1006.025641	-0.023390
1006.715645	-0.037210
1007.405649	-0.050560
1008.095653	-0.059350
1008.785657	-0.063750
1009.475661	-0.064000
1010.165665	-0.060160
1010.855668	-0.053180
1011.545672	-0.045070
1012.235676	-0.037520
1012.925680	-0.031030
1013.615684	-0.025300
1014.305688	-0.020350
1014.995692	-0.019520
1015.685696	-0.034050
1016.375699	-0.068720
1017.065703	-0.106120
1017.755707	-0.138340
1018.445711	-0.166750
1019.135715	-0.190510
1019.825719	-0.213350
1020.515723	-0.252340
1021.205726	-0.310200
1021.895730	-0.375330
1022.585734	-0.442080
1023.275738	-0.509030
1023.965742	-0.573940
1024.655746	-0.627680
1025.345750	-0.657470
1026.035754	-0.675340
1026.725757	-0.697920
1027.415761	-0.725670
1028.105765	-0.761100
1028.795769	-0.809920
1029.485773	-0.849030
1030.175777	-0.843190
1030.865781	-0.807720
1031.555784	-0.761730
1032.245788	-0.710580
1032.935792	-0.654960
1033.625796	-0.594580
1034.315800	-0.529320
1035.005804	-0.461360
1035.695808	-0.398470
1036.385812	-0.343700
1037.075815	-0.290220
1037.765819	-0.234970
1038.455823	-0.176110
1039.145827	-0.111450
1039.835831	-0.051880
1040.525835	-0.014080
1041.215839	0.009380
1041.905843	0.028270
1042.595846	0.045020
1043.285850	0.059740
1043.975854	0.072410
1044.665858	0.083300
1045.355862	0.093030
1046.045866	0.102420
1046.735870	0.112270
1047.425873	0.123250
1048.115877	0.135830
1048.805881	0.150290
1049.495885	0.166730
1050.185889	0.185000
1050.875893	0.204590
1051.565897	0.224770
1052.255901	0.244720
1052.945904	0.263840
1053.635908	0.281960
1054.325912	0.299350
1055.015916	0.316590
1055.705920	0.334390
1056.395924	0.353290
1057.085928	0.372800
1057.775932	0.388050
1058.465935	0.386480
1059.155939	0.369060
1059.845943	0.353980
1060.535947	0.344210
1061.225951	0.337250
1061.915955	0.331660
