0.000000	0.152040
0.690001	0.170460
1.380002	0.188520
2.070002	0.203910
2.760003	0.215490
3.450004	0.222900
4.140005	0.225890
4.830005	0.224110
5.520006	0.217430
6.210007	0.206000
6.900008	0.190020
7.590008	0.169600
8.280009	0.145880
8.970010	0.122920
9.660011	0.103960
10.350011	0.087460
11.040012	0.071310
11.730013	0.054280
12.420014	0.037290
13.110014	0.027820
13.800015	0.032080
14.490016	0.044470
15.180017	0.057900
15.870017	0.069220
16.560018	0.077560
17.250019	0.083280
17.940020	0.087670
18.630020	0.092570
19.320021	0.099620
20.010022	0.109800
20.700023	0.123490
21.390023	0.140430
22.080024	0.159620
22.770025	0.179380
23.460026	0.198060
24.150026	0.214550
24.840027	0.228290
25.530028	0.238950
26.220029	0.246200
26.910029	0.249590
27.600030	0.248480
28.290031	0.242050
28.980032	0.230060
29.670033	0.215630
30.360033	0.203750
31.050034	0.194050
31.740035	0.184470
32.430036	0.174610
33.120036	0.165480
33.810037	0.158740
34.500038	0.153240
35.190039	0.145310
35.880039	0.132460
36.570040	0.111350
37.260041	0.075670
37.950042	0.023830
38.640042	-0.034020
39.330043	-0.090010
40.020044	-0.143910
40.710045	-0.196880
41.400045	-0.247320
42.090046	-0.285790
42.780047	-0.313930
43.470048	-0.342980
44.160048	-0.373350
44.850049	-0.408270
45.540050	-0.453570
46.230051	-0.497840
46.920051	-0.512200
47.610052	-0.505370
48.300053	-0.496440
48.990054	-0.491710
49.680054	-0.492510
50.370055	-0.499170
51.060056	-0.510300
51.750057	-0.518510
52.440057	-0.518160
53.130058	-0.515080
53.820059	-0.513890
54.510060	-0.521280
55.200060	-0.548680
55.890061	-0.575130
56.580062	-0.547480
57.270063	-0.478470
57.960064	-0.396970
58.650064	-0.312860
59.340065	-0.229000
60.030066	-0.149140
60.720067	-0.085010
61.410067	-0.054670
62.100068	-0.045580
62.790069	-0.030360
63.480070	-0.007350
64.170070	0.020350
64.860071	0.053200
65.550072	0.080500
66.240073	0.085580
66.930073	0.077460
67.620074	0.067730
68.310075	0.059440
69.000076	0.052520
69.690076	0.046330
70.380077	0.040310
71.070078	0.034310
71.760079	0.028670
72.450079	0.024180
73.140080	0.021750
73.830081	0.022060
74.520082	0.025490
75.210082	0.032140
75.900083	0.041890
76.590084	0.054470
77.280085	0.069610
77.970085	0.087000
78.660086	0.106090
79.350087	0.125830
80.040088	0.144650
80.730088	0.160950
81.420089	0.173670
82.110090	0.182400
82.800091	0.187130
83.490092	0.188180
84.180092	0.186550
84.870093	0.183860
85.560094	0.181820
86.250095	0.181550
86.940095	0.183440
87.630096	0.187390
88.320097	0.193140
89.010098	0.200500
89.700098	0.209450
90.390099	0.220130
91.080100	0.232500
91.770101	0.246090
92.460101	0.259790
93.150102	0.272020
93.840103	0.281330
94.530104	0.286820
95.220104	0.288030
95.910105	0.284760
96.600106	0.276980
97.290107	0.264940
97.980107	0.249230
98.670108	0.230740
99.360109	0.210690
100.050110	0.190500
100.740110	0.171570
101.430111	0.154920
102.120112	0.140860
102.810113	0.128880
103.500113	0.117640
104.190114	0.105370
104.880115	0.090520
105.570116	0.072160
106.260116	0.049880
106.950117	0.023690
107.640118	-0.006190
108.330119	-0.039490
109.020119	-0.076110
109.710120	-0.116200
110.400121	-0.160080
111.090122	-0.208160
111.780123	-0.260760
112.470123	-0.317150
113.160124	-0.371220
113.850125	-0.402190
114.540126	-0.398850
115.230126	-0.394730
115.920127	-0.403260
116.610128	-0.417190
117.300129	-0.431740
117.990129	-0.445460
118.680130	-0.456600
119.370131	-0.463610
120.060132	-0.470500
120.750132	-0.477880
121.440133	-0.484600
122.130134	-0.487260
122.820135	-0.481110
123.510135	-0.476460
124.200136	-0.494430
124.890137	-0.529230
125.580138	-0.570320
126.270138	-0.614470
126.960139	-0.661170
127.650140	-0.710380
128.340141	-0.762190
129.030141	-0.816600
129.720142	-0.873210
130.410143	-0.928760
131.100144	-0.968240
131.790144	-0.978690
132.480145	-0.992290
133.170146	-1.018800
133.860147	-1.049760
134.550147	-1.087340
135.240148	-1.162300
135.930149	-1.234980
136.620150	-1.170260
137.310150	-1.065560
138.000151	-0.958050
138.690152	-0.849810
139.380153	-0.738830
140.070154	-0.624500
140.760154	-0.516540
141.450155	-0.428910
142.140156	-0.358590
142.830157	-0.296710
143.520157	-0.239780
144.210158	-0.187130
144.900159	-0.138550
145.590160	-0.093800
146.280160	-0.052650
146.970161	-0.014770
147.660162	0.020280
148.350163	0.052740
149.040163	0.082330
149.730164	0.108230
150.420165	0.129490
151.110166	0.146220
151.800166	0.161530
152.490167	0.178700
153.180168	0.197340
153.870169	0.216290
154.560169	0.235820
155.250170	0.257050
155.940171	0.278660
156.630172	0.296120
157.320172	0.307150
158.010173	0.312110
158.700174	0.311720
159.390175	0.306600
160.080175	0.297450
160.770176	0.285220
161.460177	0.271110
162.150178	0.256340
162.840178	0.241900
163.530179	0.228230
164.220180	0.215070
164.910181	0.201760
165.600181	0.187790
166.290182	0.173510
166.980183	0.160140
167.670184	0.149050
168.360185	0.140960
169.050185	0.135570
169.740186	0.131570
170.430187	0.127030
171.120188	0.120340
171.810188	0.110940
172.500189	0.099430
173.190190	0.087340
173.880191	0.076630
174.570191	0.068930
175.260192	0.065130
175.950193	0.065360
176.640194	0.069210
177.330194	0.076030
178.020195	0.085320
178.710196	0.096550
179.400197	0.109000
180.090197	0.121650
180.780198	0.133430
181.470199	0.143540
182.160200	0.151770
182.850200	0.158530
183.540201	0.164580
184.230202	0.170560
184.920203	0.176390
185.610203	0.181330
186.300204	0.184370
186.990205	0.184730
187.680206	0.182080
188.370206	0.176490
189.060207	0.168510
189.750208	0.158980
190.440209	0.148790
191.130209	0.138730
191.820210	0.129510
192.510211	0.121780
193.200212	0.116180
193.890213	0.113130
194.580213	0.112820
195.270214	0.115090
195.960215	0.119520
196.650216	0.125470
197.340216	0.132200
198.030217	0.138990
198.720218	0.145150
199.410219	0.149950
200.100219	0.152750
200.790220	0.153080
201.480221	0.150780
202.170222	0.146050
202.860222	0.139410
203.550223	0.131620
204.240224	0.123320
204.930225	0.114860
205.620225	0.106190
206.310226	0.097110
207.000227	0.087540
207.690228	0.077750
208.380228	0.068380
209.070229	0.060250
209.760230	0.054040
210.450231	0.050130
211.140231	0.048500
211.830232	0.048840
212.520233	0.050670
213.210234	0.053490
213.900234	0.057010
214.590235	0.061140
215.280236	0.065870
215.970237	0.071090
216.660237	0.076430
217.350238	0.081260
218.040239	0.084820
218.730240	0.086520
219.420240	0.086020
220.110241	0.083290
220.800242	0.078490
221.490243	0.071840
222.180244	0.063410
222.870244	0.053170
223.560245	0.041260
224.250246	0.028460
224.940247	0.016310
225.630247	0.006410
226.320248	-0.000230
227.010249	-0.003280
227.700250	-0.002820
228.390250	0.000470
229.080251	0.004960
229.770252	0.008310
230.460253	0.008410
231.150253	0.004190
231.840254	-0.002540
232.530255	-0.004560
233.220256	0.001820
233.910256	0.009980
234.600257	0.016650
235.290258	0.021810
235.980259	0.026090
236.670259	0.034390
237.360260	0.050620
238.050261	0.068900
238.740262	0.084620
239.430262	0.097260
240.120263	0.107640
240.810264	0.116880
241.500265	0.126040
242.190265	0.135790
242.880266	0.146090
243.570267	0.155970
244.260268	0.163990
244.950268	0.168980
245.640269	0.170350
246.330270	0.167820
247.020271	0.161350
247.710271	0.151180
248.400272	0.138080
249.090273	0.123130
249.780274	0.107460
250.470275	0.092080
251.160275	0.077910
251.850276	0.065750
252.540277	0.056180
253.230278	0.049610
253.920278	0.046190
254.610279	0.045700
255.300280	0.046690
255.990281	0.044240
256.680281	0.030910
257.370282	0.008420
258.060283	-0.015130
258.750284	-0.037540
259.440284	-0.059650
260.130285	-0.083230
260.820286	-0.111420
261.510287	-0.141680
262.200287	-0.168230
262.890288	-0.189820
263.580289	-0.206750
264.270290	-0.218660
264.960290	-0.224590
265.650291	-0.224300
266.340292	-0.220730
267.030293	-0.221540
267.720293	-0.233990
268.410294	-0.255260
269.100295	-0.278080
269.790296	-0.299660
270.480296	-0.319520
271.170297	-0.335630
271.860298	-0.345300
272.550299	-0.351620
273.240299	-0.357040
273.930300	-0.361780
274.620301	-0.365980
275.310302	-0.369220
276.000302	-0.370970
276.690303	-0.371680
277.380304	-0.369790
278.070305	-0.363360
278.760306	-0.354630
279.450306	-0.345500
280.140307	-0.337120
280.830308	-0.331690
281.520309	-0.329860
282.210309	-0.319910
282.900310	-0.293160
283.590311	-0.260830
284.280312	-0.231250
284.970312	-0.206460
285.660313	-0.186530
286.350314	-0.170880
287.040315	-0.158410
287.730315	-0.147280
288.420316	-0.135140
289.110317	-0.119990
289.800318	-0.100700
290.490318	-0.076820
291.180319	-0.048690
291.870320	-0.017970
292.560321	0.012400
293.250321	0.039640
293.940322	0.062450
294.630323	0.080540
295.320324	0.093720
296.010324	0.101550
296.700325	0.103610
297.390326	0.100000
298.080327	0.091510
298.770327	0.079480
299.460328	0.065900
300.150329	0.053250
300.840330	0.043610
301.530330	0.037880
302.220331	0.036220
302.910332	0.038690
303.600333	0.045290
304.290334	0.055280
304.980334	0.066950
305.670335	0.078550
306.360336	0.089490
307.050337	0.100360
307.740337	0.112340
308.430338	0.126660
309.120339	0.144160
309.810340	0.164670
310.500340	0.186070
311.190341	0.204870
311.880342	0.219400
312.570343	0.230470
313.260343	0.238940
313.950344	0.244570
314.640345	0.246190
315.330346	0.243150
316.020346	0.236880
316.710347	0.229570
317.400348	0.222330
318.090349	0.215400
318.780349	0.208710
319.470350	0.202090
320.160351	0.195350
320.850352	0.188280
321.540352	0.180780
322.230353	0.173040
322.920354	0.165620
323.610355	0.159370
324.300355	0.155120
324.990356	0.153400
325.680357	0.154360
326.370358	0.157690
327.060358	0.162670
327.750359	0.168320
328.440360	0.173570
329.130361	0.177500
329.820361	0.179350
330.510362	0.178580
331.200363	0.174860
331.890364	0.168130
332.580365	0.158610
333.270365	0.146820
333.960366	0.133550
334.650367	0.119700
335.340368	0.105920
336.030368	0.092390
336.720369	0.078370
337.410370	0.061350
338.100371	0.036830
338.790371	0.001850
339.480372	-0.040740
340.170373	-0.086500
340.860374	-0.133890
341.550374	-0.183250
342.240375	-0.233680
342.930376	-0.271460
343.620377	-0.269010
344.310377	-0.259220
345.000378	-0.262700
345.690379	-0.270830
346.380380	-0.279450
347.070380	-0.287590
347.760381	-0.294990
348.450382	-0.302260
349.140383	-0.326410
349.830383	-0.370560
350.520384	-0.407940
351.210385	-0.443510
351.900386	-0.478880
352.590386	-0.514250
353.280387	-0.549610
353.970388	-0.585010
354.660389	-0.620910
355.350389	-0.660320
356.040390	-0.690950
356.730391	-0.699880
357.420392	-0.706460
358.110392	-0.711540
358.800393	-0.715280
359.490394	-0.720250
360.180395	-0.737160
360.870396	-0.794000
361.560396	-0.886260
362.250397	-0.893080
362.940398	-0.809040
363.630399	-0.703140
364.320399	-0.601800
365.010400	-0.516540
365.700401	-0.450800
366.390402	-0.395230
367.080402	-0.340820
367.770403	-0.285440
368.460404	-0.228840
369.150405	-0.171870
369.840405	-0.121530
370.530406	-0.084330
371.220407	-0.055860
371.910408	-0.030750
372.600408	-0.007220
373.290409	0.014890
373.980410	0.035180
374.670411	0.052910
375.360411	0.067270
376.050412	0.077730
376.740413	0.084140
377.430414	0.086750
378.120414	0.086590
378.810415	0.086010
379.500416	0.087860
380.190417	0.093750
380.880417	0.104010
381.570418	0.118720
382.260419	0.137890
382.950420	0.160680
383.640420	0.184730
384.330421	0.207170
385.020422	0.226070
385.710423	0.240620
386.400423	0.250480
387.090424	0.255490
387.780425	0.255500
388.470426	0.250420
389.160427	0.240330
389.850427	0.225500
390.540428	0.206670
391.230429	0.185190
391.920430	0.163040
392.610430	0.142170
393.300431	0.123970
393.990432	0.109220
394.680433	0.098310
395.370433	0.091730
396.060434	0.091490
396.750435	0.100980
397.440436	0.118050
398.130436	0.136410
398.820437	0.154010
399.510438	0.171390
400.200439	0.189860
400.890439	0.210490
401.580440	0.229430
402.270441	0.242420
402.960442	0.249430
403.650442	0.250970
404.340443	0.246390
405.030444	0.234220
405.720445	0.214210
406.410445	0.189160
407.100446	0.163860
407.790447	0.142390
408.480448	0.126460
409.170448	0.115870
409.860449	0.110050
410.550450	0.108960
411.240451	0.113030
411.930451	0.122000
412.620452	0.134050
413.310453	0.146630
414.000454	0.158080
414.690454	0.167960
415.380455	0.176630
416.070456	0.184680
416.760457	0.192430
417.450458	0.199560
418.140458	0.205090
418.830459	0.207830
419.520460	0.206990
420.210461	0.202250
420.900461	0.193540
421.590462	0.180990
422.280463	0.165080
422.970464	0.146610
423.660464	0.126430
424.350465	0.105430
425.040466	0.085740
425.730467	0.073710
426.420467	0.074750
427.110468	0.080780
427.800469	0.084730
428.490470	0.086450
429.180470	0.085550
429.870471	0.083720
430.560472	0.091390
431.250473	0.112180
431.940473	0.138450
432.630474	0.165920
433.320475	0.193770
434.010476	0.221920
434.700476	0.250140
435.390477	0.277990
436.080478	0.304890
436.770479	0.330230
437.460479	0.353040
438.150480	0.370180
438.840481	0.370800
439.530482	0.341920
440.220482	0.300980
440.910483	0.266900
441.600484	0.238200
442.290485	0.215560
442.980486	0.203220
443.670486	0.181510
444.360487	0.119060
445.050488	0.027010
445.740489	-0.076970
446.430489	-0.186800
447.120490	-0.300170
447.810491	-0.409420
448.500492	-0.476160
449.190492	-0.437270
449.880493	-0.372230
450.570494	-0.352730
451.260495	-0.355670
451.950495	-0.374320
452.640496	-0.423800
453.330497	-0.464080
454.020498	-0.425780
454.710498	-0.351890
455.400499	-0.276370
456.090500	-0.206080
456.780501	-0.142200
457.470501	-0.085620
458.160502	-0.036390
458.850503	0.009400
459.540504	0.056750
460.230504	0.106060
460.920505	0.156220
461.610506	0.207120
462.300507	0.259670
462.990507	0.313550
463.680508	0.364780
464.370509	0.413580
465.060510	0.463560
465.750510	0.522280
466.440511	0.594490
467.130512	0.651430
467.820513	0.654600
468.510513	0.617370
469.200514	0.564030
469.890515	0.505210
470.580516	0.445280
471.270517	0.387650
471.960517	0.336310
472.650518	0.294960
473.340519	0.263970
474.030520	0.240000
474.720520	0.219980
475.410521	0.203090
476.100522	0.190100
476.790523	0.182080
477.480523	0.177890
478.170524	0.173990
478.860525	0.168060
479.550526	0.160550
480.240526	0.153250
480.930527	0.147820
481.620528	0.145200
482.310529	0.145520
483.000529	0.147980
483.690530	0.150890
484.380531	0.152290
485.070532	0.150740
485.760532	0.145790
486.450533	0.137960
487.140534	0.128530
487.830535	0.119190
488.520535	0.111370
489.210536	0.105830
489.900537	0.102610
490.590538	0.101200
491.280538	0.101110
491.970539	0.102460
492.660540	0.106040
493.350541	0.112580
494.040541	0.122210
494.730542	0.134690
495.420543	0.149420
496.110544	0.165000
496.800544	0.179410
497.490545	0.190910
498.180546	0.198660
498.870547	0.202640
499.560548	0.203280
500.250548	0.201300
500.940549	0.197620
501.630550	0.193420
502.320551	0.189950
503.010551	0.188460
503.700552	0.189970
504.390553	0.194670
505.080554	0.200070
505.770554	0.199770
506.460555	0.191280
507.150556	0.179820
507.840557	0.168530
508.530557	0.157020
509.220558	0.144130
509.910559	0.129270
510.600560	0.114240
511.290560	0.099950
511.980561	0.086070
512.670562	0.072830
513.360563	0.061340
514.050563	0.051610
514.740564	0.039770
515.430565	0.023160
516.120566	0.002720
516.810566	-0.019950
517.500567	-0.043660
518.190568	-0.067910
518.880569	-0.092880
519.570569	-0.119260
520.260570	-0.147750
520.950571	-0.178700
521.640572	-0.211700
522.330572	-0.245630
523.020573	-0.278890
523.710574	-0.310090
524.400575	-0.338500
525.090575	-0.364220
525.780576	-0.388090
526.470577	-0.411560
527.160578	-0.436360
527.850579	-0.463740
528.540579	-0.492540
529.230580	-0.515510
529.920581	-0.527320
530.610582	-0.535830
531.300582	-0.546190
531.990583	-0.560220
532.680584	-0.582180
533.370585	-0.605810
534.060585	-0.603460
534.750586	-0.572400
535.440587	-0.528910
536.130588	-0.480440
536.820588	-0.428990
537.510589	-0.375690
538.200590	-0.322060
538.890591	-0.270170
539.580591	-0.221810
540.270592	-0.177950
540.960593	-0.138870
541.650594	-0.104680
542.340594	-0.075470
543.030595	-0.051030
543.720596	-0.030360
544.410597	-0.011740
545.100597	0.006650
545.790598	0.026250
546.480599	0.047890
547.170600	0.071760
547.860600	0.097350
548.550601	0.123500
549.240602	0.148640
549.930603	0.171290
550.620603	0.190350
551.310604	0.205260
552.000605	0.215840
552.690606	0.222230
553.380607	0.224880
554.070607	0.224580
554.760608	0.222450
555.450609	0.219740
556.140610	0.217560
556.830610	0.216570
557.520611	0.216740
558.210612	0.217340
558.900613	0.217150
559.590613	0.214890
560.280614	0.209680
560.970615	0.201200
561.660616	0.189710
562.350616	0.176070
563.040617	0.161610
563.730618	0.147660
564.420619	0.134830
565.110619	0.122630
565.800620	0.109720
566.490621	0.094690
567.180622	0.076490
567.870622	0.054660
568.560623	0.029820
569.250624	0.004880
569.940625	-0.015130
570.630625	-0.027280
571.320626	-0.033200
572.010627	-0.035320
572.700628	-0.034370
573.390628	-0.029570
574.080629	-0.019890
574.770630	-0.007040
575.460631	0.004610
576.150631	0.012090
576.840632	0.014550
577.530633	0.011890
578.220634	0.003740
578.910634	-0.011760
579.600635	-0.039250
580.290636	-0.080330
580.980637	-0.127350
581.670638	-0.174320
582.360638	-0.220940
583.050639	-0.268410
583.740640	-0.318350
584.430641	-0.371710
585.120641	-0.419120
585.810642	-0.454420
586.500643	-0.486330
587.190644	-0.518330
587.880644	-0.552850
588.570645	-0.595200
589.260646	-0.641610
589.950647	-0.662530
590.640647	-0.646900
591.330648	-0.611910
592.020649	-0.568310
592.710650	-0.519190
593.400650	-0.465880
594.090651	-0.412520
594.780652	-0.368700
595.470653	-0.335460
596.160653	-0.302690
596.850654	-0.267340
597.540655	-0.229360
598.230656	-0.188430
598.920656	-0.152100
599.610657	-0.130070
600.300658	-0.115460
600.990659	-0.100880
601.680659	-0.085010
602.370660	-0.068730
603.060661	-0.053360
603.750662	-0.040200
604.440662	-0.030390
605.130663	-0.024180
605.820664	-0.017990
606.510665	-0.004130
607.200665	0.015370
607.890666	0.033930
608.580667	0.050560
609.270668	0.064520
609.960669	0.076780
610.650669	0.097650
611.340670	0.130290
612.030671	0.164360
612.720672	0.194180
613.410672	0.218470
614.100673	0.237060
614.790674	0.250090
615.480675	0.257730
616.170675	0.260220
616.860676	0.258170
617.550677	0.252980
618.240678	0.246850
618.930678	0.241940
619.620679	0.239560
620.310680	0.239850
621.000681	0.241880
621.690681	0.243970
622.380682	0.244320
623.070683	0.241580
623.760684	0.235080
624.450684	0.224780
625.140685	0.211140
625.830686	0.194930
626.520687	0.176900
627.210687	0.157440
627.900688	0.136680
628.590689	0.114640
629.280690	0.091550
629.970690	0.067940
630.660691	0.044650
631.350692	0.022710
632.040693	0.003150
632.730693	-0.013060
633.420694	-0.025000
634.110695	-0.031760
634.800696	-0.032240
635.490696	-0.024520
636.180697	-0.004090
636.870698	0.036780
637.560699	0.098780
638.250700	0.167330
638.940700	0.232450
639.630701	0.295030
640.320702	0.357090
641.010703	0.416450
641.700703	0.452960
642.390704	0.456900
643.080705	0.465820
643.770706	0.479630
644.460706	0.495530
645.150707	0.519230
645.840708	0.558600
646.530709	0.586260
647.220709	0.571770
647.910710	0.537010
648.600711	0.497110
649.290712	0.455260
649.980712	0.413080
650.670713	0.374990
651.360714	0.343490
652.050715	0.314090
652.740715	0.283640
653.430716	0.249700
654.120717	0.208520
654.810718	0.168460
655.500718	0.153460
656.190719	0.159690
656.880720	0.170090
657.570721	0.177710
658.260721	0.180940
658.950722	0.179630
659.640723	0.174070
660.330724	0.164780
661.020724	0.152670
661.710725	0.139210
662.400726	0.126170
663.090727	0.115100
663.780727	0.106950
664.470728	0.102080
665.160729	0.100450
665.850730	0.101720
666.540731	0.105280
667.230731	0.110260
667.920732	0.115690
668.610733	0.120560
669.300734	0.124030
669.990734	0.125460
670.680735	0.124490
671.370736	0.120990
672.060737	0.115120
672.750737	0.107290
673.440738	0.098140
674.130739	0.088410
674.820740	0.078840
675.510740	0.070010
676.200741	0.062330
676.890742	0.055950
677.580743	0.050800
678.270743	0.046550
678.960744	0.042680
679.650745	0.038590
680.340746	0.033700
681.030746	0.027620
681.720747	0.020250
682.410748	0.011860
683.100749	0.003140
683.790749	-0.004880
684.480750	-0.011110
685.170751	-0.014700
685.860752	-0.015130
686.550752	-0.012140
687.240753	-0.005740
687.930754	0.003880
688.620755	0.016250
689.310755	0.030520
690.000756	0.045280
690.690757	0.058740
691.380758	0.069360
692.070759	0.076310
692.760759	0.079400
693.450760	0.078830
694.140761	0.075310
694.830762	0.070250
695.520762	0.065460
696.210763	0.062220
696.900764	0.060880
697.590765	0.061020
698.280765	0.061910
698.970766	0.062950
699.660767	0.063960
700.350768	0.065230
701.040768	0.067300
701.730769	0.070690
702.420770	0.075580
703.110771	0.081600
703.800771	0.087830
704.490772	0.093040
705.180773	0.096140
705.870774	0.096410
706.560774	0.093680
707.250775	0.088280
707.940776	0.081030
708.630777	0.073060
709.320777	0.065350
710.010778	0.058390
710.700779	0.051920
711.390780	0.045210
712.080780	0.037460
712.770781	0.028410
713.460782	0.018730
714.150783	0.009880
714.840783	0.003330
715.530784	0.000020
716.220785	0.000390
716.910786	0.004570
717.600786	0.012230
718.290787	0.022410
718.980788	0.033890
719.670789	0.045610
720.360790	0.056960
721.050790	0.067680
721.740791	0.077720
722.430792	0.087130
723.120793	0.095930
723.810793	0.103970
724.500794	0.110750
725.190795	0.115540
725.880796	0.117580
726.570796	0.116420
727.260797	0.112010
727.950798	0.104770
728.640799	0.095600
729.330799	0.085800
730.020800	0.076580
730.710801	0.068640
731.400802	0.061940
732.090802	0.056000
732.780803	0.050330
733.470804	0.045060
734.160805	0.041110
734.850805	0.039880
735.540806	0.042730
736.230807	0.050400
736.920808	0.061810
737.610808	0.073760
738.300809	0.084000
738.990810	0.092680
739.680811	0.100110
740.370811	0.105550
741.060812	0.107510
741.750813	0.105730
742.440814	0.102460
743.130814	0.100000
743.820815	0.097260
744.510816	0.082970
745.200817	0.024730
745.890817	-0.087860
746.580818	-0.199530
747.270819	-0.290120
747.960820	-0.371580
748.650821	-0.451970
749.340821	-0.534290
750.030822	-0.614700
750.720823	-0.671000
751.410824	-0.718150
